   0.0115332	 0	 0
   0.0345996	 0	 0
   0.0576661	 0	 0
   0.0807325	 0	 0
    0.103799	 0	 0
    0.126865	 0	 0
    0.149932	 0	 0
    0.172998	 0	 0
    0.196065	 0	 0
    0.219131	 0	 0
    0.242198	 0	 0
    0.265264	 0	 0
     0.28833	 0	 0
    0.311397	 0	 0
    0.334463	 0	 0
     0.35753	 0	 0
    0.380596	 0	 0
    0.403663	 0	 0
    0.426729	 0	 0
    0.449795	 0	 0
    0.472862	 0	 0
    0.495928	 0	 0
    0.518995	 0	 0
    0.542061	 0	 0
    0.565128	 0	 0
    0.588194	 0	 0
     0.61126	 0	 0
    0.634327	 0	 0
    0.657393	 0	 0
     0.68046	 0	 0
    0.703526	 0	 0
    0.726593	 0	 0
    0.749659	 0	 0
    0.772725	 0	 0
    0.795792	 0	 0
    0.818858	 0	 0
    0.841925	 0	 0
    0.864991	 0	 0
    0.888058	 0	 0
    0.911124	 0.00582061	 0.00127986
     0.93419	 0.0605714	 0.00461377
    0.957257	 0.320482	 0.0096425
    0.980323	 1.01242	 0.0174398
     1.00339	 2.2776	 0.0239882
     1.02646	 3.6107	 0.0279698
     1.04952	 4.61424	 0.0281677
     1.07259	 4.93549	 0.0382914
     1.09566	 4.45759	 0.0349911
     1.11872	 3.59656	 0.0316404
     1.14179	 2.65454	 0.0249071
     1.16485	 1.79042	 0.02082
     1.18792	 1.15164	 0.0167968
     1.21099	 0.674372	 0.0115334
     1.23405	 0.361955	 0.00844873
     1.25712	 0.178348	 0.00714805
     1.28019	 0.0915425	 0.00516605
     1.30325	 0.0537125	 0.00357294
     1.32632	 0.0405627	 0.00310662
     1.34939	 0.0506449	 0.00345589
     1.37245	 0.0878746	 0.00464239
     1.39552	 0.180771	 0.00545767
     1.41859	 0.305003	 0.00740819
     1.44165	 0.470247	 0.00798434
     1.46472	 0.639192	 0.00989484
     1.48778	 0.785593	 0.00910163
     1.51085	 0.950268	 0.0142691
     1.53392	 0.977743	 0.0110815
     1.55698	 0.931437	 0.010429
     1.58005	 0.812126	 0.00992528
     1.60312	 0.649833	 0.00944544
     1.62618	 0.466588	 0.00587548
     1.64925	 0.299657	 0.00596569
     1.67232	 0.216408	 0.00535195
     1.69538	 0.189917	 0.00511394
     1.71845	 0.251261	 0.00672276
     1.74152	 0.420991	 0.00738949
     1.76458	 0.744617	 0.00845894
     1.78765	 1.21683	 0.0104847
     1.81071	 1.72421	 0.0106879
     1.83378	 2.2297	 0.0133396
     1.85685	 2.59497	 0.0142255
     1.87991	 2.72996	 0.0142614
     1.90298	 2.54677	 0.016391
     1.92605	 2.1933	 0.0133293
     1.94911	 1.69774	 0.0122414
     1.97218	 1.19765	 0.00874913
     1.99525	 0.808301	 0.0080494
     2.01831	 0.538843	 0.00798469
     2.04138	 0.43412	 0.00768968
     2.06445	 0.45912	 0.00542731
     2.08751	 0.592398	 0.00620685
     2.11058	 0.763074	 0.00678827
     2.13364	 0.909295	 0.00777788
     2.15671	 0.995416	 0.00839049
     2.17978	 0.989168	 0.00814139
     2.20284	 0.922407	 0.00789803
     2.22591	 0.785821	 0.00692219
     2.24898	 0.657655	 0.00619157
     2.27204	 0.566295	 0.00641586
     2.29511	 0.571504	 0.00652707
