   0.0128248	 0	 0
   0.0384745	 0	 0
   0.0641241	 0	 0
   0.0897737	 0	 0
    0.115423	 0	 0
    0.141073	 0	 0
    0.166723	 0	 0
    0.192372	 0	 0
    0.218022	 0	 0
    0.243672	 0	 0
    0.269321	 0	 0
    0.294971	 0	 0
     0.32062	 0	 0
     0.34627	 0	 0
     0.37192	 0	 0
    0.397569	 0	 0
    0.423219	 0	 0
    0.448869	 0	 0
    0.474518	 0	 0
    0.500168	 0	 0
    0.525818	 0	 0
    0.551467	 0	 0
    0.577117	 0	 0
    0.602767	 0	 0
    0.628416	 0	 0
    0.654066	 0	 0
    0.679715	 0	 0
    0.705365	 0	 0
    0.731015	 0	 0
    0.756664	 0	 0
    0.782314	 0	 0
    0.807964	 0	 0
    0.833613	 0	 0
    0.859263	 0	 0
    0.884913	 0.00177908	 0.000892245
    0.910562	 0.0335881	 0.00402933
    0.936212	 0.18428	 0.00848351
    0.961861	 0.590503	 0.0152733
    0.987511	 1.18806	 0.0217406
     1.01316	 1.91583	 0.0269779
     1.03881	 2.371	 0.0313332
     1.06446	 2.54638	 0.028329
     1.09011	 2.53189	 0.0320393
     1.11576	 2.36529	 0.0241625
     1.14141	 2.14412	 0.0288869
     1.16706	 1.95394	 0.0269558
     1.19271	 1.6903	 0.023104
     1.21836	 1.57867	 0.0221145
     1.24401	 1.40773	 0.0190841
     1.26966	 1.25228	 0.0195908
     1.29531	 1.09707	 0.0199274
     1.32096	 1.0362	 0.018432
     1.34661	 0.933322	 0.0169811
     1.37226	 0.874656	 0.0132367
     1.39791	 0.849859	 0.0147925
     1.42355	 0.782803	 0.0125129
      1.4492	 0.705088	 0.010473
     1.47485	 0.682368	 0.0114723
      1.5005	 0.681681	 0.0110718
     1.52615	 0.670314	 0.0112552
      1.5518	 0.674063	 0.0111597
     1.57745	 0.68323	 0.0115152
      1.6031	 0.685865	 0.0114124
     1.62875	 0.706529	 0.0103111
      1.6544	 0.724007	 0.0107117
     1.68005	 0.751124	 0.0122216
      1.7057	 0.758527	 0.0107353
     1.73135	 0.793219	 0.0102845
       1.757	 0.837432	 0.0102378
     1.78265	 0.868237	 0.00983389
      1.8083	 0.907186	 0.0103351
     1.83395	 0.915482	 0.0103654
      1.8596	 0.987825	 0.0118061
     1.88525	 1.0131	 0.0102334
      1.9109	 1.07741	 0.0101888
     1.93655	 1.08251	 0.0105746
      1.9622	 1.10602	 0.0112895
     1.98785	 1.13433	 0.0115268
      2.0135	 1.1697	 0.0126832
     2.03915	 1.18079	 0.0115425
      2.0648	 1.2107	 0.0114075
     2.09045	 1.21727	 0.0119735
      2.1161	 1.2101	 0.0115471
     2.14174	 1.17636	 0.0125078
     2.16739	 1.16469	 0.00960986
     2.19304	 1.14755	 0.011809
     2.21869	 1.1226	 0.01045
     2.24434	 1.08805	 0.00976854
     2.26999	 1.06182	 0.0105018
     2.29564	 1.07006	 0.0102982
     2.32129	 1.02466	 0.00881213
     2.34694	 0.986915	 0.00927421
     2.37259	 0.968471	 0.00778649
     2.39824	 0.961216	 0.00793429
     2.42389	 0.952131	 0.0089173
     2.44954	 0.925263	 0.00675028
     2.47519	 0.90631	 0.00803754
     2.50084	 0.869178	 0.00778587
     2.52649	 0.869106	 0.00869721
     2.55214	 0.861224	 0.00757691
