-0.335515   -0.48974   0.317723
0.46313   0.45068   0.417431
0.176106   -0.460969   0.364509
-0.0581042   -0.166489   0.184937
0.47122   0.113397   0.318669
0.083756   0.405433   -0.386515
0.339938   0.386304   0.357205
0.0950805   0.193787   -0.47688
0.12621   0.365688   0.355646
0.393639   -0.495277   0.196027
-0.19276   0.0790931   0.494845
0.241416   -0.453931   0.422129
0.0507862   -0.0893037   -0.0570262
0.370261   0.115663   -0.406042
-0.486051   0.389557   0.491174
-0.0559068   0.0351866   -0.212945
-0.37175   0.497349   0.400425
-0.17002   -0.10211   0.210859
0.491707   -0.438656   0.337577
-0.31407   -0.3781   -0.0526484
0.222484   0.0827788   -0.400296
-0.257399   0.347914   -0.057933
-0.413614   0.223019   0.0522845
0.49783   0.307152   -0.37033
0.427629   0.0341665   0.486295
-0.486593   -0.291628   0.31711
-0.0566977   0.306248   -0.0726971
-0.0104728   0.0070539   -0.330458
-0.295872   0.0464766   -0.436811
-0.378602   0.319529   0.0817725
-0.476455   -0.129859   0.428232
-0.490323   0.135337   0.0339176
0.386181   0.101676   0.35924
0.154097   0.316597   -0.352581
0.266341   -0.162182   0.221851
-0.175966   0.376447   0.012387
0.145858   0.1741   0.0252077
0.0650922   0.180223   0.267325
0.289626   0.396811   -0.461559
0.494802   0.404258   -0.354817
0.0550526   -0.0652882   0.151649
-0.141671   0.0195881   -0.153545
-0.130858   -0.436167   0.0315796
-0.304384   0.444171   -0.0784903
-0.175945   0.205998   0.0985711
0.0649821   0.0495104   0.167726
-0.143629   -0.247888   -0.205121
-0.205829   0.0174575   -0.364021
0.175606   0.425589   -0.488895
-0.498984   -0.100315   -0.164829
-0.300235   0.246324   -0.0793028
-0.304879   -0.131308   0.112462
0.0313541   0.430107   0.171373
0.051061   -0.0639976   0.0740318
-0.32545   0.380703   0.334879
-0.162549   -0.165373   -0.499271
0.00353457   -0.273997   -0.397764
-0.00241247   -0.248843   0.346247
0.16684   -0.271404   -0.12588
-0.0562892   0.476503   0.155815
0.376305   -0.153681   -0.141012
0.498282   0.2312   0.136958
0.0837387   0.408393   0.102011
0.0864129   0.297959   -0.427814
0.362451   -0.279256   -0.295489
-0.238356   -0.197532   -0.466914
-0.452551   -0.069103   0.484237
0.413388   -0.44396   0.370248
-0.437969   0.487846   0.283471
0.102169   -0.0223101   0.354201
-0.451801   -0.349925   0.0421626
-0.0749663   0.109953   -0.365249
-0.00703907   0.0811476   -0.256901
0.463336   0.499538   -0.144568
-0.294841   -0.159796   0.0309837
0.125409   -0.213059   0.0229656
0.124819   0.405588   0.445735
-0.315814   0.180136   0.0704515
-0.312943   -0.470725   -0.0708348
-0.07639   -0.142909   0.38876
-0.434974   -0.252723   0.404415
-0.131167   0.0463344   -0.252869
0.139928   0.38627   0.234896
0.12338   0.0629928   -0.0235191
-0.26354   0.0190182   -0.303711
-0.291383   -0.0194423   0.383754
-0.242136   -0.395582   -0.119466
-0.293365   -0.245955   0.107354
0.355982   -0.00651102   0.302784
0.292789   0.142243   0.0842832
-0.180125   0.284408   0.301082
0.306311   -0.0674681   0.385269
0.306584   -0.02198   0.23622
-0.375161   -0.0267481   0.206701
-0.0189983   -0.138195   0.459371
0.496515   0.017077   -0.479047
0.150014   -0.384226   0.486491
-0.24148   0.29679   -0.113968
-0.300096   -0.437427   0.393661
0.435234   0.256336   0.0576052
0.2299   0.356603   0.456976
0.377988   0.013697   0.388341
0.178471   -0.371061   0.391382
-0.174615   0.134276   0.148875
0.213991   -0.227932   0.258405
-0.473235   0.230648   0.35005
0.378611   0.0221183   -0.438484
0.307166   0.170453   0.185849
