0.493772   0.48837   0.496095
-0.330734   -0.346874   0.494584
-0.498053   -0.337481   -0.343428
-0.337348   0.484486   -0.345275
-0.168802   0.491239   0.485751
-0.0122644   -0.317509   0.493309
-0.162901   -0.332074   -0.340011
-0.00979289   -0.487099   -0.35002
0.163397   -0.487945   0.49808
0.323688   -0.337206   0.496464
0.158107   -0.31666   -0.331153
0.323418   -0.496858   -0.335229
-0.494937   -0.150982   -0.491176
-0.339909   0.00413702   -0.488522
-0.493732   -0.0040949   -0.319622
-0.327285   -0.167999   -0.350864
-0.172987   -0.161491   0.495391
-0.0049979   0.00904784   -0.492332
-0.184655   0.00891639   -0.315747
-0.00468621   -0.148535   -0.335746
0.164877   -0.166389   0.499784
0.33682   0.00450634   0.496583
0.16598   0.0203822   -0.346332
0.336642   -0.172123   -0.33659
-0.487806   0.158546   0.492223
-0.332323   0.325721   -0.49669
0.49744   0.331772   -0.332807
-0.339546   0.164144   -0.322704
-0.178882   0.16676   -0.49011
0.00896908   0.331384   -0.493195
-0.157217   0.340553   -0.332223
-0.00672121   0.175771   -0.318186
0.185817   0.16235   0.490911
0.332716   0.321361   0.498544
0.163558   0.33479   -0.33565
0.334842   0.162174   -0.323389
0.499881   -0.499931   -0.173641
-0.331181   -0.327041   -0.182491
-0.497004   -0.327468   -0.00307463
-0.344042   0.493926   0.00994562
-0.16693   -0.485377   -0.187794
-0.00433555   -0.326892   -0.170601
-0.166423   -0.344011   0.00495466
-0.00470894   -0.488309   -0.00931048
0.156575   0.4957   -0.169899
0.323673   -0.335   -0.17033
0.164873   -0.341178   -0.000420464
0.330233   -0.492556   0.00288921
-0.484227   -0.168628   -0.174616
-0.337869   0.00662159   -0.154505
-0.498253   -0.0191077   0.00197029
-0.340478   -0.169364   0.00450274
-0.177542   -0.163145   -0.173415
0.00627393   8.27601e-005   -0.164627
-0.166362   -0.0119486   0.00848841
0.00102914   -0.1737   -0.00576567
0.172975   -0.171285   -0.174836
0.336333   -0.00460696   -0.163775
0.170154   -0.0129561   0.00286702
0.326164   -0.182103   0.00822422
0.489827   0.173259   -0.156379
-0.348688   0.330583   -0.170276
0.491965   0.341835   0.0101069
-0.340555   0.170508   0.00576899
-0.165219   0.168568   -0.165138
0.00706675   0.333395   -0.164614
-0.165495   0.340905   -0.014562
0.00894422   0.169097   -0.00712217
0.169128   0.160544   -0.185904
0.333657   0.330541   -0.165478
0.158201   0.341823   0.0153511
0.334858   0.176955   0.00223651
0.495741   -0.487075   0.168315
-0.342314   -0.334122   0.159187
-0.499544   -0.329574   0.348497
-0.339346   0.499975   0.321886
-0.165049   -0.497275   0.171659
0.00365835   -0.332152   0.161108
-0.148578   -0.343454   0.327791
0.016774   -0.492999   0.317718
0.178679   -0.494554   0.162839
0.34118   -0.333156   0.181518
0.165866   -0.338603   0.341244
0.338828   -0.492537   0.337273
-0.498065   -0.167953   0.173734
-0.325582   0.00136997   0.170634
0.497773   -0.00300125   0.343883
-0.329219   -0.185988   0.317613
-0.167367   -0.172002   0.15399
0.0182279   0.000930093   0.168717
-0.175606   0.00338312   0.342453
0.00517979   -0.157077   0.327321
0.17204   -0.177382   0.175338
0.325385   -0.00531015   0.158231
0.164026   -0.000237344   0.335623
0.317989   -0.167763   0.338321
-0.491969   0.152617   0.170751
-0.33147   0.327165   0.169544
0.497378   0.333328   0.337484
-0.331258   0.158634   0.336643
-0.15447   0.168386   0.167825
0.00342491   0.336222   0.177812
-0.167526   0.317534   0.337651
0.00714651   0.170479   0.340459
0.166522   0.165578   0.16902
0.347644   0.324719   0.177528
0.175562   0.341605   0.337473
0.341375   0.165464   0.333468
