0 326.159
1 295.124
2 290.055
3 282.312
4 279.82
5 269.229
6 253.149
7 252.448
8 232.699
9 232.699
10 215.794
11 203.403
12 200.041
13 197.9
14 197.46
15 188.929
16 188.802
17 184.619
18 184.619
19 184.26
20 184.26
21 184.26
22 184.26
23 178.403
24 170.928
25 169.601
26 169.601
27 169.601
28 169.601
29 169.601
30 168.552
31 168.552
32 168.552
33 168.552
34 168.552
35 168.552
36 168.552
37 168.552
38 147.291
39 146.492
40 146.441
41 145.804
42 136.727
43 136.727
44 135.738
45 135.738
46 130.505
47 121.613
48 121.613
49 121.341
50 121.341
51 121.341
52 121.297
53 121.297
54 119.783
55 118.7
56 113.475
57 113.475
58 113.459
59 111.333
60 111.318
61 106.012
62 105.74
63 105.74
64 105.74
65 105.74
66 105.74
67 105.74
68 105.74
69 104.236
70 104.236
71 104.236
72 104.23
73 104.23
74 104.23
75 95.916
76 95.4762
77 95.4762
78 95.4762
79 89.2067
80 89.2013
81 83.367
82 83.367
83 82.9502
84 82.9502
85 82.9502
86 82.9502
87 82.9502
88 82.9502
89 82.9502
90 82.9502
91 82.9502
92 82.9502
93 82.9502
94 82.9502
95 82.9502
96 82.9502
97 82.9502
98 82.9502
99 82.9502
100 81.9619
101 81.9619
102 81.9619
103 81.9619
104 81.9619
105 81.9619
106 80.5689
107 80.5689
108 80.5689
109 80.5689
110 80.5689
111 80.5689
112 80.5689
113 80.5689
114 80.5689
115 80.5689
116 80.5689
117 80.5689
118 80.5689
119 80.5689
120 80.5689
121 80.5689
122 80.5689
123 80.5689
124 80.5689
125 80.5689
126 80.5689
127 80.5689
128 77.0268
129 77.0268
130 77.0268
131 64.5974
132 64.5974
133 62.4511
134 62.4511
135 62.4511
136 62.4511
137 62.4511
138 62.4511
139 62.4511
140 62.4511
141 62.4511
142 62.4511
143 62.4511
144 62.4511
145 62.4511
146 62.4511
147 62.4511
148 62.4511
149 62.4511
150 62.4511
151 62.4511
152 62.4511
153 62.4511
154 62.4511
155 62.4511
156 62.4511
157 62.4511
158 62.4511
159 62.4511
160 62.4511
161 62.4511
162 62.4511
163 62.4511
164 62.4511
165 62.4511
166 62.4511
167 62.4511
168 62.4511
169 62.4511
170 62.4511
171 62.4511
172 62.4511
173 62.4511
174 62.4511
175 62.4511
176 62.4511
177 62.4511
178 62.4511
179 62.4511
180 62.4511
181 62.4511
182 62.4511
183 62.4511
184 62.4511
185 62.4511
186 62.4511
187 62.4511
188 62.4511
189 62.4511
190 62.4511
191 62.4511
192 62.4511
193 62.4511
194 62.4511
195 62.4511
196 62.4511
197 62.4511
198 62.4511
199 62.4511
200 62.4511
201 62.4511
202 62.4511
203 62.4511
204 62.4511
205 62.4511
206 62.4511
207 62.4511
208 62.4511
209 62.4511
210 62.4511
211 62.4511
212 62.4511
213 62.4511
214 62.4511
215 62.4511
216 62.4511
217 62.4511
218 62.4511
219 62.4511
220 62.4511
221 62.4511
222 62.4511
223 62.4511
224 62.4511
225 62.4511
226 62.4511
227 62.4511
228 62.4511
229 62.4511
230 62.4511
231 62.4511
232 62.4511
233 62.4511
234 62.4511
235 62.4511
236 62.4511
237 62.4511
238 62.4511
239 62.4511
240 62.4511
241 62.4511
242 62.4511
243 62.4511
244 62.4511
245 62.4511
246 62.4511
247 62.4511
248 62.4511
249 62.4511
250 62.4511
251 62.4511
252 62.4511
253 62.4511
254 62.4511
255 62.4511
256 62.4511
257 62.4511
258 62.4511
259 62.4511
260 62.4511
261 62.4511
262 62.4511
263 62.4511
264 62.4511
265 62.4511
266 62.4511
267 62.4511
268 62.4511
269 62.4511
270 62.4511
271 62.4511
272 62.4511
273 62.4511
274 62.4511
275 62.4511
276 62.4511
277 62.4511
278 62.4511
279 62.4511
280 62.4511
281 62.4511
282 62.4511
283 62.4511
284 62.4511
285 62.4511
286 62.4511
287 62.4511
288 62.4511
289 62.4511
290 62.4511
291 62.4511
292 62.4511
293 62.4511
294 62.4511
295 62.4511
296 62.4511
297 62.4511
298 62.4511
299 62.4511
300 62.4511
301 62.4511
302 62.4511
303 62.4511
304 62.4511
305 62.4511
306 62.4511
307 62.4511
308 62.4511
309 62.4511
310 62.4511
311 62.4511
312 62.4511
313 62.4511
314 62.4511
315 62.4511
316 62.4511
317 62.4511
318 62.4511
319 62.4511
320 62.4511
321 62.4511
322 62.4511
323 62.4511
324 62.4511
325 62.4511
326 62.4511
327 62.4511
328 62.4511
329 62.4511
330 62.4511
331 62.4511
332 62.4511
333 62.4511
334 62.4511
335 62.4511
336 62.4511
337 62.4511
338 62.4511
339 62.4511
340 62.4511
341 62.4511
342 62.4511
343 62.4511
344 62.4511
345 62.4511
346 62.4511
347 62.4511
348 62.4511
349 62.4511
350 62.4511
351 62.4511
352 62.4511
353 62.4511
354 62.4511
355 62.4511
356 62.4511
357 62.4511
358 62.4511
359 62.4511
360 62.4511
361 62.4511
362 62.4511
363 62.4511
364 62.4511
365 62.4511
366 62.4511
367 62.4511
368 62.4511
369 62.4511
370 62.4511
371 62.4511
372 62.4511
373 62.4511
374 62.4511
375 62.4511
376 62.4511
377 62.4511
378 62.4511
379 62.4511
380 62.4511
381 62.4511
382 62.4511
383 62.4511
384 62.4511
385 62.4511
386 62.4511
387 62.4511
388 62.4511
389 62.4511
390 62.4511
391 62.4511
392 62.4511
393 62.4511
394 62.4511
395 62.4511
396 62.4511
397 62.4511
398 62.4511
399 62.4511
400 62.4511
401 62.4511
402 62.4511
403 62.4511
404 62.4511
405 62.4511
406 62.4511
407 62.4511
408 62.4511
409 62.4511
410 62.4511
411 62.4511
412 62.4511
413 62.4511
414 62.4511
415 62.4511
416 62.4511
417 62.4511
418 62.4511
419 62.4511
420 62.4511
421 62.4511
422 62.4511
423 62.4511
424 62.4511
425 62.4511
426 62.4511
427 62.4511
428 62.4511
429 62.4511
430 62.4511
431 62.4511
432 62.4511
433 62.4511
434 62.4511
435 62.4511
436 62.4511
437 62.4511
438 62.4511
439 62.4511
440 62.4511
441 62.4511
442 62.4511
443 62.4511
444 62.4511
445 62.4511
446 62.4511
447 62.4511
448 62.4511
449 62.4511
450 62.4511
451 62.4511
452 62.4511
453 62.4511
454 62.4511
455 62.4511
456 62.4511
457 62.4511
458 62.4511
459 62.4511
460 62.4511
461 62.4511
462 62.4511
463 62.4511
464 62.4511
465 62.4511
466 62.4511
467 62.4511
468 62.4511
469 62.4511
470 62.4511
471 62.4511
472 62.4511
473 62.4511
474 62.4511
475 62.4511
476 62.4511
477 62.4511
478 62.4511
479 62.4511
480 62.4511
481 62.4511
482 62.4511
483 62.4511
484 62.4511
485 62.4511
486 62.4511
487 62.4511
488 62.4511
489 62.4511
490 62.4511
491 62.4511
492 62.4511
493 62.4511
494 62.4511
495 62.4511
496 62.4511
497 62.4511
498 62.4511
499 62.4511
500 62.4511
501 62.4511
502 62.4511
503 62.4511
504 62.4511
505 62.4511
506 62.4511
507 62.4511
508 62.4511
509 62.4511
510 62.4511
511 62.4511
512 62.4511
513 62.4511
514 62.4511
515 62.4511
516 62.4511
517 62.4511
518 62.4511
519 62.4511
520 62.4511
521 62.4511
522 62.4511
523 62.4511
524 62.4511
525 62.4511
526 62.4511
527 62.4511
528 62.4511
529 62.4511
530 62.4511
531 62.4511
532 62.4511
533 62.4511
534 62.4511
535 62.4511
536 62.4511
537 62.4511
538 62.4511
539 62.4511
540 62.4511
541 62.4511
542 62.4511
543 62.4511
544 62.4511
545 62.4511
546 62.4511
547 62.4511
548 62.4511
549 62.4511
550 62.4511
551 62.4511
552 62.4511
553 62.4511
554 62.4511
555 62.4511
556 62.4511
557 62.4511
558 62.4511
559 62.4511
560 62.4511
561 62.4511
562 62.4511
563 62.4511
564 62.4511
565 62.4511
566 62.4511
567 62.4511
568 62.4511
569 62.4511
570 62.4511
571 62.4511
572 62.4511
573 62.4511
574 62.4511
575 62.4511
576 62.4511
577 62.4511
578 62.4511
579 62.4511
580 62.4511
581 62.4511
582 62.4511
583 62.4511
584 62.4511
585 62.4511
586 62.4511
587 62.4511
588 62.4511
589 62.4511
590 62.4511
591 62.4511
592 62.4511
593 62.4511
594 62.4511
595 62.4511
596 62.4511
597 62.4511
598 62.4511
599 62.4511
600 62.4511
601 62.4511
602 62.4511
603 62.4511
604 62.4511
605 62.4511
606 62.4511
607 62.4511
608 62.4511
609 62.4511
610 62.4511
611 62.4511
612 62.4511
613 62.4511
614 62.4511
615 62.4511
616 62.4511
617 62.4511
618 62.4511
619 62.4511
620 62.4511
621 62.4511
622 62.4511
623 62.4511
624 62.4511
625 62.4511
626 62.4511
627 62.4511
628 62.4511
629 62.4511
630 62.4511
631 62.4511
632 62.4511
633 62.4511
634 62.4511
635 62.4511
636 62.4511
637 62.4511
638 62.4511
639 62.4511
640 62.4511
641 62.4511
642 62.4511
643 62.4511
644 62.4511
645 62.4511
646 62.4511
647 62.4511
648 62.4511
649 62.4511
650 62.4511
651 62.4511
652 62.4511
653 62.4511
654 62.4511
655 62.4511
656 62.4511
657 62.4511
658 62.4511
659 62.4511
660 62.4511
661 62.4511
662 62.4511
663 62.4511
664 62.4511
665 62.4511
666 62.4511
667 62.4511
668 62.4511
669 62.4511
670 62.4511
671 62.4511
672 62.4511
673 62.4511
674 62.4511
675 62.4511
676 62.4511
677 62.4511
678 62.4511
679 62.4511
680 62.4511
681 62.4511
682 62.4511
683 62.4511
684 62.4511
685 62.4511
686 62.4511
687 62.4511
688 62.4511
689 62.4511
690 62.4511
691 62.4511
692 62.4511
693 62.4511
694 62.4511
695 62.4511
696 62.4511
697 62.4511
698 62.4511
699 62.4511
700 62.4511
701 62.4511
702 62.4511
703 62.4511
704 62.4511
705 62.4511
706 62.4511
707 62.4511
708 62.4511
709 62.4511
710 62.4511
711 62.4511
712 62.4511
713 62.4511
714 62.4511
715 62.4511
716 62.4511
717 62.4511
718 62.4511
719 62.4511
720 62.4511
721 62.4511
722 62.4511
723 62.4511
724 62.4511
725 62.4511
726 62.4511
727 62.4511
728 62.4511
729 62.4511
730 62.4511
731 62.4511
732 62.4511
733 62.4511
734 62.4511
735 62.4511
736 62.4511
737 62.4511
738 62.4511
739 62.4511
740 62.4511
741 62.4511
742 62.4511
743 62.4511
744 62.4511
745 62.4511
746 62.4511
747 62.4511
748 62.4511
749 62.4511
750 62.4511
751 62.4511
752 62.4511
753 62.4511
754 62.4511
755 62.4511
756 62.4511
757 62.4511
758 62.4511
759 62.4511
760 62.4511
761 62.4511
762 62.4511
763 62.4511
764 62.4511
765 62.4511
766 62.4511
767 62.4511
768 62.4511
769 62.4511
770 62.4511
771 62.4511
772 62.4511
773 62.4511
774 62.4511
775 62.4511
776 62.4511
777 62.4511
778 62.4511
779 62.4511
780 62.4511
781 62.4511
782 62.4511
783 62.4511
784 62.4511
785 62.4511
786 62.4511
787 62.4511
788 62.4511
789 62.4511
790 62.4511
791 62.4511
792 62.4511
793 62.4511
794 62.4511
795 62.4511
796 62.4511
797 62.4511
798 62.4511
799 62.4511
