1.64977
1.64929
1.64876
1.64818
1.64754
1.64686
1.64612
1.64533
1.64449
1.64359
1.64265
1.64165
1.6406
1.63949
1.63833
1.63712
1.63586
1.63454
1.63317
1.63174
1.63026
1.62873
1.62714
1.62549
1.62379
1.62204
1.62023
1.61836
1.61644
1.61446
1.61242
1.61033
1.60818
1.60597
1.60371
1.60138
1.599
1.59656
1.59407
1.59151
1.58889
1.58622
1.58349
1.58069
1.57784
1.57493
1.57196
1.56893
1.56584
1.56269
1.55948
1.55621
1.55288
1.54949
1.54604
1.54253
1.53896
1.53534
1.53165
1.52791
1.5241
1.52025
1.51633
1.51236
1.50833
1.50424
1.50011
1.49591
1.49166
1.48736
1.48301
1.4786
1.47414
1.46964
1.46508
1.46048
1.45582
1.45112
1.44638
1.44159
1.43676
1.43188
1.42697
1.42202
1.41702
1.412
1.40693
1.40183
1.3967
1.39154
1.38635
1.38113
1.37589
1.37062
1.36533
1.36001
1.35468
1.34933
1.34396
1.33857
1.33318
1.32777
1.32235
1.31693
1.3115
1.30606
1.30063
1.29519
1.28975
1.28431
1.27888
1.27345
1.26803
1.26262
1.25722
1.25183
1.24645
1.24109
1.23574
1.23041
1.2251
1.21981
1.21455
1.20931
1.20409
1.1989
1.19374
1.1886
1.1835
1.17843
1.17339
1.16838
1.16341
1.15848
1.15358
1.14872
1.14391
1.13913
1.13439
1.1297
1.12505
1.12045
1.11589
1.11138
1.10691
1.10249
1.09813
1.09381
1.08954
1.08533
1.08116
1.07705
1.073
1.06899
1.06504
1.06114
1.0573
1.05352
1.04979
1.04611
1.0425
1.03894
1.03543
1.03199
1.0286
1.02527
1.022
1.01878
1.01562
1.01252
1.00948
1.0065
1.00357
1.0007
0.997894
0.995142
0.992448
0.989811
0.987232
0.984709
0.982243
0.979833
0.97748
0.975182
0.97294
0.970753
0.968621
0.966544
0.964523
0.962555
0.960641
0.95878
0.956973
0.955218
0.953516
0.951866
0.950267
0.948719
0.947222
0.945775
0.944378
0.943031
0.941732
0.940482
0.93928
0.938126
0.93702
0.93596
0.934948
0.933982
0.933063
0.932188
0.931359
0.930574
0.929833
0.929136
0.928484
0.927873
0.927306
0.92678
0.926296
0.925853
0.925452
0.925091
0.924769
0.924487
0.924245
0.924042
0.923877
0.923749
0.923659
0.923605
0.923587
0.923606
0.923659
0.923746
0.923866
0.924019
0.924205
0.924422
0.924671
0.924949
0.925257
0.925593
0.925958
0.92635
0.926768
0.927212
0.927682
0.928175
0.928692
0.929232
0.929794
0.930376
0.930979
0.931602
0.932243
0.932903
0.93358
0.934273
0.934982
0.935706
0.936443
0.937193
0.937955
0.938728
0.939512
0.940305
0.941106
0.941916
0.942732
0.943555
0.944383
0.945214
0.94605
0.946888
0.947729
0.948571
0.949412
0.950253
0.951092
0.951928
0.952762
0.953593
0.954419
0.955239
0.956053
0.95686
0.957658
0.958447
0.959227
0.959996
0.960754
0.961499
0.96223
0.962948
0.963651
0.964338
0.965009
0.965662
0.966297
0.966913
0.967508
0.968083
0.968636
0.969167
0.969676
0.970161
0.970622
0.971058
0.971467
0.971849
0.972204
0.972531
0.97283
0.9731
0.97334
0.97355
0.973729
0.973877
0.973995
0.974081
0.974135
0.974157
0.974146
0.974103
0.974027
0.973918
0.973776
0.973601
0.973394
0.973154
0.972882
0.972577
0.972241
0.971873
0.971475
0.971046
0.970588
0.9701
0.969585
0.969042
0.968472
0.967876
0.967256
0.966611
0.965942
0.965251
0.964539
0.963807
0.963056
0.962288
0.961503
0.960703
0.959889
0.959063
0.958225
0.957377
0.95652
0.955657
0.954788
0.953915
0.953039
0.952161
0.951283
0.950407
0.949533
0.948664
0.947801
0.946944
0.946095
0.945256
0.944427
0.94361
0.942805
0.942013
0.941237
0.940475
0.93973
0.939002
0.938293
0.937602
0.93693
0.936278
0.935646
0.935035
0.934446
0.933878
0.933333
0.932809
0.932308
0.931828
0.931371
0.930937
0.930524
0.930134
0.929764
0.929416
0.929088
0.928781
0.928494
0.928225
0.927975
0.927744
0.92753
0.927333
0.927152
0.926987
0.926836
0.926699
0.926575
0.926463
0.926363
0.926272
0.926192
0.92612
0.926057
0.926001
0.925951
0.925907
0.925867
0.925831
0.925798
0.925768
0.925738
0.92571
0.925682
0.925654
0.925624
0.925593
0.92556
0.925525
0.925487
0.925445
0.925401
0.925352
0.925299
0.925242
0.925181
0.925115
0.925045
0.924971
0.924893
0.924811
0.924724
0.924633
0.92454
0.924443
0.924343
0.92424
0.924136
0.924031
0.923925
0.92382
0.923716
0.923614
0.923513
0.923416
0.923323
0.923234
0.923151
0.923074
0.923005
0.922943
0.92289
0.922848
0.922815
0.922795
0.922787
0.922794
0.922815
0.922851
0.922904
0.922974
0.923063
0.923171
0.923299
0.923447
0.923617
0.923808
0.924023
0.92426
0.924522
0.924808
0.92512
0.925458
0.925823
0.926215
0.926635
0.927084
0.92756
0.928064
0.928598
0.929161
0.929752
0.930372
0.931022
0.931701
0.932409
0.933147
0.933914
0.93471
0.935535
0.936389
0.937272
0.938183
0.939123
0.940092
0.941088
0.942113
0.943164
0.944243
0.945349
0.946481
0.947638
0.948819
0.950025
0.951255
0.952509
0.953785
0.955084
0.956404
0.957745
0.959106
0.960486
0.961886
0.963303
0.964737
0.966188
0.967654
0.969134
0.970628
0.972135
0.973654
0.975184
0.976724
0.978274
0.979833
0.981399
0.982972
0.984551
0.986135
0.987724
0.989316
0.990909
0.992504
0.994099
0.995693
0.997285
0.998874
1.00046
1.00204
1.00362
1.00519
1.00675
1.0083
1.00984
1.01137
1.01289
1.0144
1.0159
1.01738
1.01885
1.0203
1.02173
1.02315
1.02455
1.02593
1.02728
1.02862
1.02994
1.03124
1.03251
1.03376
1.03499
1.03619
1.03737
1.03852
1.03964
1.04073
1.0418
1.04283
1.04384
1.04482
1.04577
1.04669
1.04757
1.04843
1.04925
1.05004
1.0508
1.05152
1.05221
1.05287
1.0535
1.05409
1.05465
1.05517
1.05566
1.05612
1.05654
1.05693
1.05728
1.0576
1.05789
1.05814
1.05836
1.05854
1.05869
1.05881
1.0589
1.05895
1.05897
1.05896
1.05892
1.05884
1.05874
1.0586
1.05843
1.05824
1.05802
1.05776
1.05748
1.05717
1.05684
1.05647
1.05609
1.05567
1.05523
1.05477
1.05429
1.05378
1.05325
1.0527
1.05213
1.05154
1.05093
1.05031
1.04966
1.049
1.04833
1.04764
1.04694
1.04622
1.04549
1.04475
1.044
1.04325
1.04248
1.04171
1.04093
1.04014
1.03935
1.03855
1.03775
1.03695
1.03615
1.03534
1.03454
1.03373
1.03293
1.03213
1.03133
1.03054
1.02974
1.02896
1.02818
1.0274
1.02664
1.02588
1.02513
1.02439
1.02366
1.02294
1.02223
1.02154
1.02085
1.02018
1.01952
1.01888
1.01825
1.01763
1.01703
1.01645
1.01588
1.01534
1.0148
1.01429
1.01379
1.01332
1.01286
1.01242
1.01201
1.01161
1.01124
1.01088
1.01055
1.01025
1.00997
1.00971
1.00947
1.00926
1.00908
1.00892
1.0088
1.00869
1.00862
1.00857
1.00856
1.00857
1.00861
1.00868
1.00878
1.00891
1.00908
1.00927
1.0095
1.00976
1.01006
1.01039
1.01075
1.01115
1.01158
1.01205
1.01255
1.01309
1.01366
1.01427
1.01491
1.01559
1.01631
1.01706
1.01784
1.01866
1.01952
1.02041
1.02133
1.02228
1.02327
1.02429
1.02534
1.02642
1.02753
1.02866
1.02982
1.03101
1.03222
1.03346
1.03471
1.03599
1.03729
1.0386
1.03993
1.04128
1.04264
1.04401
1.04539
1.04678
1.04817
1.04957
1.05098
1.05238
1.05379
1.05519
1.05659
1.05799
1.05938
1.06076
1.06214
1.0635
1.06484
1.06618
1.0675
1.0688
1.07008
1.07134
1.07258
1.07379
1.07499
1.07615
1.07729
1.0784
1.07948
1.08053
1.08155
1.08254
1.08349
1.08441
1.08529
1.08614
1.08694
1.08771
1.08845
1.08914
1.08979
1.0904
1.09097
1.09149
1.09198
1.09242
1.09281
1.09316
1.09347
1.09373
1.09395
1.09412
1.09425
1.09433
1.09436
1.09435
1.0943
1.09419
1.09404
1.09385
1.0936
1.09331
1.09298
1.0926
1.09217
1.09169
1.09117
1.0906
1.08999
1.08933
1.08863
1.08788
1.08709
1.08626
1.08538
1.08447
1.08351
1.08252
1.08148
1.08041
1.0793
1.07816
1.07698
1.07577
1.07453
1.07325
1.07195
1.07063
1.06927
1.0679
1.0665
1.06508
1.06365
1.0622
1.06074
1.05927
1.05779
1.05631
1.05483
1.05334
1.05186
1.05038
1.04891
1.04745
1.04601
1.04458
1.04318
1.0418
1.04045
1.03912
1.03783
1.03658
1.03537
1.0342
1.03307
1.032
1.03098
1.03001
1.02909
1.02824
1.02745
1.02672
1.02606
1.02547
1.02495
1.0245
1.02412
1.02382
1.02359
1.02344
1.02337
1.02337
1.02345
1.02361
1.02385
1.02416
1.02455
1.02501
1.02555
1.02616
1.02684
1.02759
1.0284
1.02929
1.03023
1.03124
1.0323
1.03342
1.03459
1.03582
1.03709
1.0384
1.03975
1.04114
1.04256
1.04402
1.0455
1.04701
1.04854
1.05008
1.05164
1.05321
1.05479
1.05637
1.05796
1.05954
1.06112
1.06269
1.06424
1.06579
1.06732
1.06883
1.07032
1.07178
1.07322
1.07462
1.076
1.07735
1.07866
1.07993
1.08116
1.08235
1.0835
1.08461
1.08567
1.08668
1.08765
1.08856
1.08943
1.09024
1.09101
1.09171
1.09237
1.09297
1.09352
1.09401
1.09444
1.09482
1.09514
1.09541
1.09562
1.09577
1.09586
1.0959
1.09588
1.09581
1.09568
1.09549
1.09524
1.09495
1.09459
1.09418
1.09372
1.0932
1.09263
1.09201
1.09134
1.09061
1.08984
1.08901
1.08814
1.08722
1.08625
1.08523
1.08417
1.08306
1.08191
1.08072
1.07949
1.07821
1.0769
1.07554
1.07415
1.07272
1.07126
1.06977
1.06824
1.06668
1.06509
1.06348
1.06183
1.06016
1.05847
1.05676
1.05502
1.05326
