-6.19915
-6.19883
-6.1986
-6.19816
-6.19723
-6.19684
-6.19595
-6.19532
-6.19447
-6.19373
-6.19279
-6.19194
-6.19058
-6.18933
-6.18847
-6.18726
-6.18585
-6.18453
-6.18316
-6.18203
-6.18025
-6.17872
-6.17682
-6.17503
-6.17333
-6.17127
-6.16931
-6.16744
-6.16552
-6.16339
-6.1615
-6.15941
-6.15711
-6.15445
-6.15203
-6.14956
-6.14718
-6.14474
-6.14224
-6.13953
-6.13692
-6.13379
-6.13106
-6.12796
-6.12496
-6.1219
-6.11908
-6.11605
-6.11296
-6.10981
-6.10644
-6.10317
-6.09969
-6.09615
-6.0927
-6.08935
-6.08563
-6.082
-6.07801
-6.07397
-6.07017
-6.06616
-6.06194
-6.05812
-6.05409
-6.04985
-6.04571
-6.04152
-6.03712
-6.03282
-6.02846
-6.02406
-6.0196
-6.01524
-6.01039
-6.00578
-6.00128
-5.99658
-5.99168
-5.9869
-5.98206
-5.97704
-5.97197
-5.96717
-5.96218
-5.95685
-5.95178
-5.94638
-5.94125
-5.93624
-5.93105
-5.92568
-5.92059
-5.91562
-5.91048
-5.90532
-5.90014
-5.89493
-5.88956
-5.88418
-5.87878
-5.87353
-5.86811
-5.86253
-5.8568
-5.85122
-5.84563
-5.84004
-5.83445
-5.82901
-5.82373
-5.81815
-5.81303
-5.80747
-5.80222
-5.79683
-5.7919
-5.78639
-5.78119
-5.77587
-5.77056
-5.76512
-5.75985
-5.75461
-5.74954
-5.7445
-5.73934
-5.73406
-5.7288
-5.72373
-5.71869
-5.71384
-5.70887
-5.70408
-5.69934
-5.69463
-5.68996
-5.68488
-5.68015
-5.67545
-5.67081
-5.6662
-5.66179
-5.65743
-5.65327
-5.649
-5.64464
-5.64047
-5.6359
-5.63154
-5.62752
-5.62371
-5.61966
-5.61565
-5.6117
-5.60796
-5.60412
-5.60048
-5.59675
-5.59278
-5.58916
-5.5859
-5.58194
-5.5785
-5.57511
-5.57163
-5.56835
-5.56499
-5.56183
-5.55888
-5.55584
-5.55301
-5.55053
-5.54752
-5.54486
-5.5418
-5.53896
-5.53662
-5.53404
-5.53167
-5.52921
-5.52695
-5.52475
-5.5223
-5.52036
-5.51847
-5.51664
-5.51487
-5.51269
-5.51058
-5.50881
-5.5071
-5.5053
-5.50399
-5.50214
-5.50079
-5.49919
-5.4978
-5.49615
-5.49455
-5.493
-5.49166
-5.49036
-5.48926
-5.48806
-5.4869
-5.48549
-5.48428
-5.48357
-5.48246
-5.48154
-5.48036
-5.47953
-5.4789
-5.47831
-5.47746
-5.47696
-5.47635
-5.47578
-5.4751
-5.47477
-5.47418
-5.47347
-5.47311
-5.47279
-5.47251
-5.47242
-5.47221
-5.47205
-5.47207
-5.47213
-5.47238
-5.47206
-5.47238
-5.47244
-5.47267
-5.47279
-5.4731
-5.47344
-5.47365
-5.4739
-5.47418
-5.47464
-5.47513
-5.47564
-5.47603
-5.47645
-5.4769
-5.47722
-5.47786
-5.47838
-5.47892
-5.47933
-5.47991
-5.48036
-5.48053
-5.48102
-5.48168
-5.48236
-5.48275
-5.48346
-5.48418
-5.48477
-5.48537
-5.48613
-5.48675
-5.48754
-5.48833
-5.48928
-5.49054
-5.49136
-5.49188
-5.49271
-5.49354
-5.49392
-5.49491
-5.49575
-5.4969
-5.49759
-5.49843
-5.49942
-5.50026
-5.50094
-5.50192
-5.50259
-5.50342
-5.50423
-5.50458
-5.50538
-5.50632
-5.5068
-5.50772
-5.50833
-5.50892
-5.5095
-5.51022
-5.51077
-5.51115
-5.51198
-5.51263
-5.51342
-5.51388
-5.51448
-5.5149
-5.5153
-5.51613
-5.51604
-5.51637
-5.51684
-5.51727
-5.51783
-5.51836
-5.51902
-5.5195
-5.5198
-5.51992
-5.52016
-5.52037
-5.5207
-5.52085
-5.52127
-5.52135
-5.52156
-5.52143
-5.52111
-5.52107
-5.521
-5.52104
-5.52074
-5.52057
-5.52051
-5.52012
-5.51985
-5.51939
-5.51891
-5.51839
-5.51799
-5.51771
-5.51725
-5.51677
-5.5161
-5.51601
-5.51544
-5.51484
-5.51422
-5.51373
-5.51291
-5.51222
-5.51136
-5.51077
-5.51002
-5.5091
-5.50832
-5.50737
-5.5064
-5.50558
-5.50474
-5.50389
-5.50303
-5.50217
-5.501
-5.50013
-5.4994
-5.49837
-5.49764
-5.49692
-5.49635
-5.49563
-5.49461
-5.49346
-5.4923
-5.49177
-5.49109
-5.49012
-5.48947
-5.48837
-5.48775
-5.48699
-5.48624
-5.48566
-5.48495
-5.48457
-5.48389
-5.48324
-5.48231
-5.4817
-5.48111
-5.48069
-5.4803
-5.47932
-5.47867
-5.47819
-5.47803
-5.47775
-5.47734
-5.47649
-5.47612
-5.47562
-5.47499
-5.47484
-5.47455
-5.47413
-5.47388
-5.4738
-5.47374
-5.47354
-5.47336
-5.47304
-5.47274
-5.47261
-5.47278
-5.47267
-5.47257
-5.47233
-5.47225
-5.47248
-5.47242
-5.47206
-5.47216
-5.47227
-5.47238
-5.47219
-5.47216
-5.47213
-5.47225
-5.47237
-5.47235
-5.47247
-5.47229
-5.47211
-5.47222
-5.47249
-5.47245
-5.47256
-5.47252
-5.47262
-5.47242
-5.47221
-5.472
-5.47178
-5.47201
-5.47209
-5.47231
-5.47223
-5.47214
-5.47175
-5.47166
-5.47156
-5.47146
-5.47121
-5.4711
-5.47115
-5.47089
-5.47094
-5.47053
-5.47088
-5.47063
-5.47038
-5.47014
-5.47005
-5.46997
-5.46989
-5.46967
-5.46976
-5.4697
-5.46981
-5.46978
-5.46976
-5.4693
-5.46931
-5.46933
-5.46921
-5.46957
-5.46949
-5.46957
-5.46938
-5.46936
-5.46966
-5.46983
-5.47017
-5.47023
-5.47047
-5.47058
-5.47071
-5.47088
-5.47106
-5.47143
-5.47212
-5.47269
-5.47329
-5.47362
-5.47412
-5.4745
-5.47492
-5.47536
-5.47598
-5.47663
-5.47746
-5.47801
-5.4789
-5.47967
-5.48046
-5.48129
-5.48214
-5.48288
-5.48394
-5.48473
-5.4857
-5.48684
-5.48772
-5.48831
-5.48909
-5.4902
-5.49103
-5.49218
-5.49337
-5.49442
-5.4955
-5.49706
-5.49818
-5.49963
-5.5008
-5.50229
-5.50365
-5.50488
-5.50658
-5.50785
-5.50928
-5.51073
-5.51205
-5.51353
-5.51518
-5.51668
-5.51835
-5.52003
-5.52172
-5.52358
-5.52544
-5.52716
-5.52873
-5.53076
-5.53219
-5.53363
-5.53507
-5.53667
-5.53811
-5.5397
-5.54115
-5.54274
-5.54433
-5.54591
-5.54795
-5.54968
-5.55124
-5.5525
-5.55375
-5.5553
-5.55683
-5.55835
-5.55986
-5.56135
-5.56253
-5.56385
-5.56515
-5.56658
-5.568
-5.5694
-5.57063
-5.57199
-5.57363
-5.57494
-5.57685
-5.57842
-5.57952
-5.58105
-5.5821
-5.58328
-5.58458
-5.5857
-5.58679
-5.58771
-5.5889
-5.59005
-5.59118
-5.59198
-5.5929
-5.59393
-5.59479
-5.59546
-5.59625
-5.59716
-5.59789
-5.59858
-5.59924
-5.59986
-5.6006
-5.60101
-5.60138
-5.60202
-5.60263
-5.6032
-5.60389
-5.60455
-5.60487
-5.60546
-5.60571
-5.60623
-5.60642
-5.60642
-5.60654
-5.60677
-5.60667
-5.60669
-5.60668
-5.60649
-5.60641
-5.60661
-5.60587
-5.60585
-5.60551
-5.60529
-5.60518
-5.60505
-5.60474
-5.60441
-5.60405
-5.60396
-5.6037
-5.60326
-5.6028
-5.60201
-5.6018
-5.60143
-5.60088
-5.60015
-5.59956
-5.59926
-5.59863
-5.59799
-5.59763
-5.59696
-5.59627
-5.59571
-5.59515
-5.59472
-5.59414
-5.59384
-5.59323
-5.59247
-5.59185
-5.59106
-5.59043
-5.58964
-5.58899
-5.58834
-5.58739
-5.58674
-5.58624
-5.58528
-5.58448
-5.58382
-5.58302
-5.58222
-5.58143
-5.58064
-5.57985
-5.57922
-5.57875
-5.57798
-5.57738
-5.57693
-5.57619
-5.57576
-5.57489
-5.57388
-5.57288
-5.5719
-5.57122
-5.57057
-5.56962
-5.56899
-5.56838
-5.56778
-5.5675
-5.56708
-5.56668
-5.566
-5.56549
-5.56499
-5.56466
-5.56421
-5.56377
-5.56381
-5.56326
-5.56273
-5.56223
-5.56175
-5.56159
-5.56116
-5.5609
-5.56082
-5.56091
-5.56073
-5.56042
-5.56029
-5.55989
-5.55997
-5.56007
-5.56005
-5.56006
-5.56011
-5.56018
-5.56028
-5.56041
-5.56057
-5.56077
-5.561
-5.56126
-5.5614
-5.56173
-5.56179
-5.56234
-5.56292
-5.56339
-5.56359
-5.56413
-5.56485
-5.56546
-5.56596
-5.56679
-5.56765
-5.56855
-5.56919
-5.56986
-5.57086
-5.5716
-5.57268
-5.57363
-5.57401
-5.57488
-5.57593
-5.57686
-5.57812
-5.57925
-5.58056
-5.58175
-5.58311
-5.58435
-5.58576
-5.58734
-5.58863
-5.58995
-5.59128
-5.59247
-5.59368
-5.59505
-5.59673
-5.59812
-5.59967
-5.60107
-5.60247
-5.60388
-5.60528
-5.60684
-5.60809
-5.60949
-5.61043
-5.61181
-5.61363
-5.61515
-5.61649
-5.61753
-5.61869
-5.61999
-5.62067
-5.62208
-5.62317
-5.62424
-5.62558
-5.6269
-5.62819
-5.62915
-5.63023
-5.63128
-5.6326
-5.63374
-5.63454
-5.63546
-5.63634
-5.63673
-5.63784
-5.63861
-5.63949
-5.64019
-5.64084
-5.64145
-5.64187
-5.64239
-5.64287
-5.64331
-5.64386
-5.64421
-5.64482
-5.64508
-5.64545
-5.64623
-5.64651
-5.64628
-5.64647
-5.64616
-5.64625
-5.6463
-5.64615
-5.6458
-5.64556
-5.64542
-5.64524
-5.64485
-5.64442
-5.6444
-5.64388
-5.64346
-5.6427
-5.64204
-5.64149
-5.64074
-5.6398
-5.63867
-5.63794
-5.63688
-5.63577
-5.63462
-5.63344
-5.63206
-5.63095
-5.62966
-5.62923
-5.62818
-5.62693
-5.62581
-5.62451
-5.62318
-5.62168
-5.62031
-5.61891
-5.61779
-5.61636
-5.61446
-5.613
-5.61153
-5.6099
-5.60842
-5.60693
-5.60529
-5.60381
-5.60263
-5.60101
-5.59925
-5.59781
-5.59654
-5.59468
-5.5933
-5.59195
-5.59062
-5.58948
-5.58823
-5.58702
-5.5863
-5.58518
-5.58425
-5.58323
-5.58226
-5.58135
-5.58019
-5.57955
-5.57867
-5.57801
-5.57742
-5.5769
-5.57645
-5.57622
-5.57592
-5.57569
-5.57569
-5.57577
-5.57562
-5.57555
-5.57556
-5.57595
-5.57641
-5.5768
-5.57772
-5.5784
-5.57932
-5.58
-5.5806
-5.58141
-5.58245
-5.58324
-5.58425
-5.58546
-5.58673
-5.58806
-5.58943
-5.5907
-5.59231
-5.59337
-5.59476
-5.59648
-5.59809
-5.59957
-5.60093
-5.60246
-5.60461
-5.60601
-5.60789
-5.60977
-5.61135
-5.61294
-5.61407
-5.61549
-5.61676
-5.61832
-5.62016
-5.62154
-5.62275
-5.62439
-5.626
-5.62744
-5.62885
-5.63007
-5.63142
-5.63243
-5.6337
-5.63478
-5.63627
-5.63727
-5.63823
-5.63959
-5.6403
-5.64112
-5.64203
-5.6429
-5.64371
-5.64448
-5.64533
-5.64584
-5.64644
-5.64699
-5.64748
-5.64761
-5.64784
-5.64861
-5.64903
-5.64909
-5.64894
-5.64903
-5.64922
-5.64935
-5.64928
-5.64945
-5.64926
-5.64917
-5.64872
-5.64821
-5.6478
-5.64734
-5.64743
-5.64686
-5.64624
-5.64571
-5.64484
-5.64452
-5.64369
-5.64252
-5.64144
-5.64062
-5.63961
-5.6387
-5.63774
-5.63659
-5.63525
-5.63401
-5.63259
-5.63127
-5.62977
-5.62807
-5.62649
-5.62503
-5.62339
-5.62186
-5.6203
-5.61871
-5.61725
-5.61575
-5.61393
-5.61239
-5.61068
-5.60864
-5.60688
