-4.54938
-4.54953
-4.54984
-4.54999
-4.54969
-4.54999
-4.54984
-4.54999
-4.54999
-4.55014
-4.55014
-4.55029
-4.54999
-4.54984
-4.55014
-4.55014
-4.54999
-4.54999
-4.54999
-4.55029
-4.54999
-4.54999
-4.54969
-4.54953
-4.54953
-4.54923
-4.54908
-4.54908
-4.54908
-4.54893
-4.54908
-4.54908
-4.54893
-4.54848
-4.54833
-4.54817
-4.54818
-4.54818
-4.54818
-4.54802
-4.54802
-4.54757
-4.54757
-4.54727
-4.54712
-4.54697
-4.54712
-4.54712
-4.54712
-4.54712
-4.54697
-4.54697
-4.54682
-4.54666
-4.54666
-4.54682
-4.54666
-4.54666
-4.54636
-4.54606
-4.54606
-4.54591
-4.54561
-4.54576
-4.54576
-4.54561
-4.54561
-4.54561
-4.54546
-4.54546
-4.54546
-4.54546
-4.54546
-4.54561
-4.54531
-4.54531
-4.54546
-4.54546
-4.54531
-4.5453
-4.5453
-4.54515
-4.545
-4.54515
-4.54515
-4.54485
-4.54485
-4.54455
-4.54455
-4.5447
-4.5447
-4.54455
-4.5447
-4.545
-4.54515
-4.5453
-4.54546
-4.54561
-4.54561
-4.54561
-4.54561
-4.54576
-4.54576
-4.54561
-4.5453
-4.54515
-4.545
-4.54485
-4.5447
-4.5447
-4.54485
-4.5447
-4.545
-4.54485
-4.545
-4.545
-4.54545
-4.5453
-4.54545
-4.54545
-4.54545
-4.5453
-4.5453
-4.5453
-4.54545
-4.5456
-4.5456
-4.54545
-4.5453
-4.5453
-4.5453
-4.54545
-4.54545
-4.5456
-4.54576
-4.54591
-4.54606
-4.54575
-4.54575
-4.54575
-4.54575
-4.54575
-4.54591
-4.54606
-4.54636
-4.54651
-4.54651
-4.54666
-4.54636
-4.54621
-4.54636
-4.54666
-4.54666
-4.54666
-4.54666
-4.54681
-4.54681
-4.54696
-4.54696
-4.54666
-4.54666
-4.54696
-4.54651
-4.54651
-4.54651
-4.54636
-4.54636
-4.54621
-4.54621
-4.54636
-4.54636
-4.54651
-4.54696
-4.54681
-4.54696
-4.54666
-4.54651
-4.54681
-4.54681
-4.54696
-4.54696
-4.54711
-4.54727
-4.54711
-4.54742
-4.54772
-4.54802
-4.54832
-4.54817
-4.54802
-4.54817
-4.54832
-4.54832
-4.54878
-4.54863
-4.54893
-4.54893
-4.54908
-4.54893
-4.54878
-4.54863
-4.54863
-4.54863
-4.54878
-4.54878
-4.54878
-4.54847
-4.54832
-4.54863
-4.54847
-4.54847
-4.54817
-4.54817
-4.54832
-4.54847
-4.54832
-4.54847
-4.54847
-4.54847
-4.54832
-4.54847
-4.54832
-4.54802
-4.54802
-4.54802
-4.54802
-4.54817
-4.54817
-4.54817
-4.54832
-4.54847
-4.54878
-4.54847
-4.54878
-4.54878
-4.54893
-4.54893
-4.54908
-4.54923
-4.54923
-4.54923
-4.54923
-4.54938
-4.54953
-4.54968
-4.54968
-4.54968
-4.54968
-4.54953
-4.54968
-4.54968
-4.54968
-4.54953
-4.54953
-4.54938
-4.54893
-4.54878
-4.54878
-4.54878
-4.54848
-4.54848
-4.54848
-4.54833
-4.54817
-4.54817
-4.54802
-4.54802
-4.54802
-4.54817
-4.54863
-4.54863
-4.54833
-4.54833
-4.54833
-4.54787
-4.54802
-4.54802
-4.54833
-4.54818
-4.54818
-4.54833
-4.54833
-4.54818
-4.54833
-4.54818
-4.54818
-4.54818
-4.54772
-4.54772
-4.54787
-4.54757
-4.54772
-4.54757
-4.54742
-4.54727
-4.54727
-4.54712
-4.54682
-4.54697
-4.54697
-4.54712
-4.54697
-4.54697
-4.54682
-4.54667
-4.54697
-4.54636
-4.54621
-4.54621
-4.54621
-4.54636
-4.54652
-4.54682
-4.54697
-4.54697
-4.54682
-4.54682
-4.54682
-4.54697
-4.54697
-4.54727
-4.54727
-4.54742
-4.54727
-4.54697
-4.54697
-4.54697
-4.54712
-4.54697
-4.54697
-4.54712
-4.54697
-4.54697
-4.54682
-4.54667
-4.54652
-4.54651
-4.54667
-4.54667
-4.54667
-4.54651
-4.54697
-4.54697
-4.54697
-4.54697
-4.54712
-4.54697
-4.54697
-4.54682
-4.54697
-4.54697
-4.54682
-4.54682
-4.54666
-4.54651
-4.54651
-4.54651
-4.54651
-4.54651
-4.54651
-4.54621
-4.54621
-4.54636
-4.54621
-4.54636
-4.54651
-4.54681
-4.54697
-4.54681
-4.54651
-4.54621
-4.54651
-4.54666
-4.54651
-4.54666
-4.54636
-4.54651
-4.54651
-4.54651
-4.54666
-4.54666
-4.54696
-4.54696
-4.54696
-4.54666
-4.54666
-4.54666
-4.54681
-4.54696
-4.54651
-4.54636
-4.54636
-4.54666
-4.54681
-4.54681
-4.54636
-4.54636
-4.54621
-4.54591
-4.54606
-4.54606
-4.54591
-4.54591
-4.54606
-4.54621
-4.54621
-4.54621
-4.54606
-4.54591
-4.54591
-4.54621
-4.54621
-4.54621
-4.54606
-4.54606
-4.54636
-4.54636
-4.54606
-4.54621
-4.54636
-4.54651
-4.54636
-4.54636
-4.54636
-4.54651
-4.54666
-4.54666
-4.54681
-4.54666
-4.54651
-4.54666
-4.54697
-4.54697
-4.54712
-4.54712
-4.54727
-4.54712
-4.54697
-4.54681
-4.54666
-4.54697
-4.54712
-4.54742
-4.54742
-4.54742
-4.54712
-4.54712
-4.54712
-4.54712
-4.54697
-4.54697
-4.54712
-4.54697
-4.54712
-4.54681
-4.54727
-4.54712
-4.54697
-4.54681
-4.54681
-4.54681
-4.54681
-4.54666
-4.54681
-4.54681
-4.54697
-4.54696
-4.54696
-4.54651
-4.54651
-4.54651
-4.54636
-4.54666
-4.54651
-4.54651
-4.54621
-4.54606
-4.54621
-4.54621
-4.54636
-4.54621
-4.54621
-4.54606
-4.54591
-4.54576
-4.5456
-4.5456
-4.54591
-4.54606
-4.54621
-4.54606
-4.54606
-4.54591
-4.54576
-4.5456
-4.5456
-4.5456
-4.54575
-4.5456
-4.54575
-4.54575
-4.54575
-4.54575
-4.54575
-4.5456
-4.54575
-4.5456
-4.5456
-4.54575
-4.5456
-4.54515
-4.54485
-4.54485
-4.54455
-4.54455
-4.54455
-4.54439
-4.54424
-4.54455
-4.5444
-4.54455
-4.5444
-4.54455
-4.54455
-4.5444
-4.5447
-4.54455
-4.54455
-4.54455
-4.5444
-4.5444
-4.54455
-4.54455
-4.5447
-4.54485
-4.545
-4.5453
-4.5456
-4.54576
-4.54576
-4.54621
-4.54606
-4.54591
-4.54576
-4.54576
-4.54561
-4.54561
-4.54545
-4.54545
-4.54545
-4.54545
-4.54591
-4.54606
-4.54606
-4.54576
-4.54546
-4.54546
-4.54546
-4.54546
-4.54546
-4.54546
-4.54515
-4.545
-4.54485
-4.54485
-4.54485
-4.54485
-4.5447
-4.5447
-4.545
-4.545
-4.54561
-4.54591
-4.54576
-4.54606
-4.54591
-4.54591
-4.54606
-4.54606
-4.54606
-4.54591
-4.54606
-4.54621
-4.54636
-4.54621
-4.54621
-4.54636
-4.54636
-4.54621
-4.54621
-4.54636
-4.54636
-4.54636
-4.54636
-4.54636
-4.54651
-4.54636
-4.54621
-4.54636
-4.54651
-4.54667
-4.54697
-4.54727
-4.54727
-4.54757
-4.54757
-4.54787
-4.54787
-4.54772
-4.54772
-4.54787
-4.54772
-4.54772
-4.54772
-4.54757
-4.54757
-4.54787
-4.54727
-4.54742
-4.54727
-4.54727
-4.54742
-4.54757
-4.54757
-4.54757
-4.54757
-4.54787
-4.54802
-4.54802
-4.54802
-4.54772
-4.54802
-4.54818
-4.54818
-4.54802
-4.54802
-4.54833
-4.54833
-4.54833
-4.54863
-4.54863
-4.54863
-4.54878
-4.54893
-4.54923
-4.54938
-4.54984
-4.54999
-4.54999
-4.55014
-4.55014
-4.55029
-4.55029
-4.55044
-4.55059
-4.55044
-4.55059
-4.55089
-4.55074
-4.55074
-4.55089
-4.55089
-4.55089
-4.55089
-4.55089
-4.55089
-4.55104
-4.55135
-4.55135
-4.5515
-4.5518
-4.5518
-4.5521
-4.55195
-4.55165
-4.55135
-4.55104
-4.55104
-4.55104
-4.55074
-4.55074
-4.55074
-4.55074
-4.55104
-4.5512
-4.55135
-4.5512
-4.5512
-4.5512
-4.55135
-4.55135
-4.55135
-4.5518
-4.55165
-4.5515
-4.55135
-4.5512
-4.55135
-4.5512
-4.5512
-4.55135
-4.55165
-4.55165
-4.5515
-4.5515
-4.55119
-4.55135
-4.5515
-4.5515
-4.5515
-4.5515
-4.5515
-4.5515
-4.5515
-4.5515
-4.5515
-4.5515
-4.5515
-4.55135
-4.55135
-4.55104
-4.55119
-4.55135
-4.55135
-4.55104
-4.55104
-4.55119
-4.55119
-4.55104
-4.55119
-4.55135
-4.5515
-4.55135
-4.55119
-4.55135
-4.55119
-4.55135
-4.55135
-4.55074
-4.55059
-4.55059
-4.55044
-4.55059
-4.55059
-4.55074
-4.55074
-4.55089
-4.55089
-4.55104
-4.55135
-4.55135
-4.55135
-4.55135
-4.55119
-4.55104
-4.55104
-4.55135
-4.55135
-4.5515
-4.5515
-4.5515
-4.5515
-4.5515
-4.55165
-4.5515
-4.5515
-4.55105
-4.55105
-4.5515
-4.55165
-4.55165
-4.55135
-4.5512
-4.5512
-4.55059
-4.55074
-4.55059
-4.55044
-4.55059
-4.55074
-4.5509
-4.55074
-4.55074
-4.55074
-4.55105
-4.5512
-4.55105
-4.55105
-4.55105
-4.55059
-4.5509
-4.5509
-4.55105
-4.55105
-4.55105
-4.55105
-4.5509
-4.5509
-4.5509
-4.5509
-4.55105
-4.55105
-4.55135
-4.55135
-4.5515
-4.55211
-4.55226
-4.55195
-4.55211
-4.5518
-4.55196
-4.55211
-4.55211
-4.55196
-4.55196
-4.55211
-4.55226
-4.55226
-4.55226
-4.55271
-4.55271
-4.55286
-4.55271
-4.55271
-4.55286
-4.55286
-4.55271
-4.55241
-4.55256
-4.55241
-4.55226
-4.55211
-4.55195
-4.55165
-4.55165
-4.5515
-4.55226
-4.55241
-4.55241
-4.55256
-4.55256
-4.55256
-4.55241
-4.55241
-4.55241
-4.55271
-4.55271
-4.55226
-4.55226
-4.55226
-4.55211
-4.55211
-4.55211
-4.55195
-4.55195
-4.55226
-4.5521
-4.5518
-4.5518
-4.55195
-4.5515
-4.5515
-4.5515
-4.5515
-4.55165
-4.55165
-4.55165
-4.5521
-4.5521
-4.55225
-4.55225
-4.55225
-4.55225
-4.55195
-4.5521
-4.55195
-4.55195
-4.55195
-4.55195
-4.55195
-4.5521
-4.5521
-4.5521
-4.55225
-4.5524
-4.55225
-4.5521
-4.55195
-4.5521
-4.55225
-4.55225
-4.55271
-4.55286
-4.55316
-4.55316
-4.55301
-4.55301
-4.55316
-4.55301
-4.55301
-4.55316
-4.55331
-4.55346
-4.55361
-4.55362
-4.55392
-4.55362
-4.55362
-4.55392
-4.55407
-4.55407
-4.55392
-4.55392
-4.55452
-4.55437
-4.55468
-4.55498
-4.55498
-4.55498
-4.55453
-4.55437
-4.55407
-4.55407
-4.55437
-4.55422
-4.55392
-4.55407
-4.55422
-4.55422
-4.55422
-4.55407
-4.55407
-4.55377
-4.55377
-4.55362
-4.55392
-4.55377
-4.55362
-4.55392
-4.55362
-4.55347
-4.55347
-4.55347
-4.55347
-4.55347
-4.55362
-4.55347
-4.55347
-4.55347
-4.55347
-4.55317
-4.55302
-4.55347
-4.55362
-4.55347
-4.55317
-4.55317
-4.55332
-4.55347
-4.55347
-4.55377
-4.55377
-4.55392
-4.55377
-4.55362
-4.55362
-4.55362
-4.55422
-4.55423
-4.55423
-4.55438
-4.55423
-4.55468
-4.55468
-4.55438
-4.55422
-4.55438
-4.55438
-4.55453
-4.55468
-4.55468
-4.55453
-4.55453
-4.55438
-4.55438
-4.55422
-4.55392
-4.55377
-4.55377
-4.55362
-4.55362
-4.55362
-4.55362
-4.55377
-4.55392
-4.55377
-4.55392
-4.55392
-4.55362
-4.55362
