1.09943
1.09832
1.09717
1.09601
1.09482
1.09362
1.09239
1.09114
1.08986
1.08857
1.08726
1.08592
1.08457
1.08319
1.0818
1.08038
1.07894
1.07748
1.076
1.0745
1.07298
1.07143
1.06986
1.06827
1.06666
1.06502
1.06336
1.06167
1.05996
1.05823
1.05647
1.05469
1.05288
1.05104
1.04918
1.04729
1.04538
1.04345
1.04149
1.0395
1.03749
1.03546
1.03341
1.03134
1.02924
1.02713
1.025
1.02286
1.0207
1.01852
1.01634
1.01414
1.01194
1.00973
1.00752
1.00531
1.0031
1.00089
0.998697
0.99651
0.994336
0.992179
0.99004
0.987924
0.985833
0.983772
0.981742
0.979748
0.977791
0.975876
0.974005
0.972181
0.970406
0.968685
0.967018
0.965409
0.96386
0.962373
0.96095
0.959594
0.958306
0.957088
0.95594
0.954864
0.95386
0.952931
0.952077
0.951298
0.950594
0.949966
0.949414
0.948938
0.948537
0.948212
0.947962
0.947787
0.947687
0.94766
0.947706
0.947825
0.948016
0.948278
0.94861
0.949012
0.949482
0.95002
0.950624
0.951294
0.952028
0.952826
0.953685
0.954605
0.955585
0.956622
0.957716
0.958864
0.960064
0.961316
0.962616
0.963962
0.965352
0.966784
0.968254
0.969761
0.971301
0.972872
0.97447
0.976092
0.977735
0.979396
0.98107
0.982756
0.984448
0.986143
0.987836
0.989526
0.991206
0.992875
0.994528
0.996163
0.997775
0.999361
1.00092
1.00244
1.00393
1.00538
1.00679
1.00816
1.00948
1.01075
1.01197
1.01314
1.01425
1.01531
1.01631
1.01725
1.01813
1.01895
1.01972
1.02042
1.02106
1.02164
1.02216
1.02261
1.02301
1.02335
1.02363
1.02385
1.02402
1.02413
1.02419
1.0242
1.02415
1.02406
1.02393
1.02375
1.02352
1.02326
1.02297
1.02264
1.02228
1.02188
1.02147
1.02103
1.02057
1.0201
1.01961
1.01911
1.0186
1.01809
1.01757
1.01706
1.01655
1.01604
1.01555
1.01507
1.0146
1.01415
1.01372
1.01331
1.01292
1.01256
1.01222
1.01191
1.01163
1.01138
1.01116
1.01097
1.01082
1.01069
1.0106
1.01054
1.0105
1.0105
1.01053
1.01058
1.01066
1.01077
1.0109
1.01105
1.01121
1.0114
1.0116
1.01181
1.01203
1.01227
1.0125
1.01274
1.01298
1.01321
1.01345
1.01367
1.01389
1.0141
1.01429
1.01446
1.01462
1.01476
1.01487
1.01496
1.01503
1.01507
1.01508
1.01506
1.01501
1.01494
1.01483
1.01469
1.01452
1.01431
1.01407
1.0138
1.0135
1.01317
1.01281
1.01241
1.01199
1.01153
1.01105
1.01055
1.01001
1.00946
1.00887
1.00827
1.00765
1.00701
1.00635
1.00568
1.005
1.0043
1.00359
1.00288
1.00216
1.00144
1.00071
0.999984
0.999259
0.998539
0.997824
0.997116
0.996417
0.995729
0.995053
0.994392
0.993748
0.993121
0.992514
0.991928
0.991366
0.990828
0.990316
0.989832
0.989378
0.988955
0.988564
0.988207
0.987885
0.9876
0.987353
0.987145
0.986977
0.98685
0.986767
0.986727
0.986731
0.986782
0.98688
0.987025
0.987219
0.987462
0.987755
0.988099
0.988494
0.988942
0.989441
0.989994
0.990599
0.991257
0.991969
0.992735
0.993556
0.99443
0.995357
0.996338
0.997373
0.99846
0.999599
1.00079
1.00203
1.00333
1.00467
1.00606
1.0075
1.00898
1.01051
1.01209
1.0137
1.01536
1.01705
1.01879
1.02056
1.02236
1.02419
1.02606
1.02795
1.02987
1.0318
1.03377
1.03574
1.03774
1.03974
1.04176
1.04379
1.04581
1.04785
1.04988
1.0519
1.05393
1.05594
1.05794
1.05992
1.06189
1.06384
1.06577
1.06768
1.06955
1.0714
1.07321
1.07499
1.07674
1.07844
1.0801
1.08172
1.08329
1.08482
1.08629
1.08772
1.08909
1.09041
1.09167
1.09288
1.09403
1.09512
1.09615
1.09713
1.09804
1.09889
1.09968
1.10041
1.10108
1.10168
1.10223
1.10271
1.10313
1.1035
1.1038
1.10405
1.10424
1.10437
1.10445
1.10447
1.10444
1.10436
1.10423
1.10404
1.10381
1.10354
1.10321
1.10285
1.10245
1.102
1.10152
1.101
1.10044
1.09985
1.09924
1.09859
1.09791
1.09721
1.09648
1.09573
1.09496
1.09416
1.09335
1.09251
1.09166
1.09079
1.0899
1.089
1.08808
1.08715
1.0862
1.08524
1.08427
1.08328
1.08228
1.08127
1.08024
1.0792
1.07815
1.07708
1.076
1.07491
1.0738
1.07268
1.07154
1.07039
1.06922
1.06804
1.06683
1.06562
1.06438
1.06313
1.06186
1.06057
1.05927
1.05795
1.05661
1.05525
1.05387
1.05247
1.05106
1.04962
1.04817
1.04671
1.04522
1.04372
1.0422
1.04066
1.03911
1.03754
1.03596
1.03437
1.03276
1.03115
1.02952
1.02788
1.02623
1.02458
1.02292
1.02126
1.0196
1.01793
1.01626
1.0146
1.01294
1.01128
1.00963
1.008
1.00637
1.00476
1.00316
1.00158
1.00002
0.998487
0.996977
0.995493
0.99404
0.992618
0.99123
0.989879
0.988567
0.987295
0.986069
0.984888
0.983755
0.982672
0.981642
0.980666
0.979747
0.978886
0.978084
0.977344
0.976667
0.976055
0.975509
0.975031
0.97462
0.974278
0.974005
0.973803
0.973671
0.97361
0.97362
0.9737
0.973852
0.974074
0.974367
0.97473
0.975163
0.975664
0.976234
0.976871
0.977573
0.978341
0.979173
0.980067
0.981024
0.98204
0.983115
0.984248
0.985438
0.986682
0.987979
0.989328
0.990728
0.992177
0.993674
0.995215
0.996802
0.998432
1.0001
1.00182
1.00356
1.00535
1.00717
1.00902
1.01091
1.01283
1.01477
1.01675
1.01874
1.02076
1.02281
1.02487
1.02696
1.02906
1.03118
1.03331
1.03545
1.03761
1.03977
1.04194
1.04412
1.0463
1.04848
1.05066
1.05284
1.05502
1.05719
1.05936
1.06151
1.06366
1.06579
1.06791
1.07001
1.0721
1.07417
1.07621
1.07824
1.08024
1.08221
1.08416
1.08608
1.08797
1.08983
1.09166
1.09345
1.09521
1.09693
1.09862
1.10027
1.10188
1.10345
1.10498
1.10646
1.10791
1.10931
1.11067
1.11198
1.11325
1.11447
1.11565
1.11678
1.11786
1.1189
1.11989
1.12083
1.12172
1.12257
1.12337
1.12411
1.12482
1.12547
1.12608
1.12663
1.12714
1.12761
1.12802
1.12839
1.12872
1.12899
1.12922
1.1294
1.12954
1.12963
1.12968
1.12969
1.12965
1.12956
1.12944
1.12927
1.12906
1.12881
1.12851
1.12817
1.1278
1.12738
1.12692
1.12643
1.12589
1.12532
1.12471
1.12406
1.12337
1.12265
1.12189
1.12109
1.12026
1.1194
1.1185
1.11756
1.11659
1.11559
1.11455
1.11348
1.11238
1.11124
1.11007
1.10887
1.10764
1.10638
1.10509
1.10378
1.10243
1.10105
1.09965
1.09822
1.09676
1.09528
1.09377
1.09224
1.09069
1.08911
1.08751
1.0859
1.08426
1.08261
1.08095
1.07927
1.07758
1.07587
1.07416
1.07245
1.07073
1.069
1.06728
1.06556
1.06384
1.06213
1.06043
1.05874
1.05706
1.0554
1.05376
1.05215
1.05056
1.049
1.04747
1.04597
1.04451
1.0431
1.04172
1.04039
1.03911
1.03787
1.0367
1.03557
1.0345
1.0335
1.03255
1.03167
1.03085
1.0301
1.02941
1.02879
1.02824
1.02776
1.02735
1.027
1.02673
1.02652
1.02637
1.0263
1.02628
1.02633
1.02644
1.0266
1.02682
1.0271
1.02742
1.02779
1.02821
1.02867
1.02916
1.02969
1.03025
1.03083
1.03144
1.03207
1.03272
1.03338
1.03405
1.03474
1.03542
1.03611
1.03679
1.03747
1.03815
1.03881
1.03947
1.04011
1.04073
1.04134
1.04193
1.0425
1.04305
1.04357
1.04408
1.04456
1.04502
1.04545
1.04586
1.04625
1.04661
1.04695
1.04726
1.04755
1.04782
1.04807
1.04829
1.0485
1.04868
1.04885
1.049
1.04913
1.04924
1.04934
1.04943
1.0495
1.04956
1.04961
1.04964
1.04967
1.04969
1.0497
1.04971
1.0497
1.04969
1.04968
1.04966
1.04964
1.04961
1.04958
1.04955
1.04951
1.04948
1.04944
1.0494
1.04935
1.04931
1.04926
1.04921
1.04916
1.04911
1.04906
1.049
1.04894
1.04888
1.04881
1.04874
1.04867
1.04859
1.0485
1.04841
1.04831
1.0482
1.04808
1.04796
1.04783
1.04768
1.04753
1.04737
1.04719
1.047
1.0468
1.04659
1.04636
1.04611
1.04585
1.04558
1.04529
1.04498
1.04465
1.04431
1.04394
1.04356
1.04316
1.04274
1.0423
1.04184
1.04136
1.04086
1.04034
1.0398
1.03924
1.03866
1.03806
1.03744
1.0368
1.03613
1.03545
1.03475
1.03403
1.03329
1.03253
1.03175
1.03096
1.03015
1.02932
1.02848
1.02761
1.02674
1.02585
1.02495
1.02403
1.02311
1.02217
1.02122
1.02027
1.0193
1.01833
1.01735
1.01637
1.01538
1.01439
1.0134
1.01241
1.01141
1.01042
1.00944
1.00845
1.00747
1.0065
1.00554
1.00458
1.00363
1.0027
1.00177
1.00086
0.999959
0.999075
0.998207
0.997356
0.996524
0.99571
0.994916
0.994143
0.993391
0.992662
0.991955
0.991272
0.990612
0.989978
0.989368
0.988784
0.988226
0.987694
0.987189
0.986712
0.986262
0.985839
0.985444
0.985077
0.984737
0.984425
0.98414
0.983881
0.983649
0.983444
0.983265
0.983111
0.982983
0.982879
0.9828
0.982743
0.982709
0.982697
0.982706
0.982735
0.982783
0.98285
0.982934
0.983034
0.983148
0.983277
0.983419
0.983572
0.983735
0.983908
0.984088
0.984275
0.984467
0.984664
0.984863
0.985064
0.985266
0.985467
0.985668
0.985867
0.986062
0.986254
0.98644
0.986621
0.986795
0.986962
0.98712
0.987269
0.987409
0.987539
0.987659
0.987768
0.987867
0.987955
0.988031
0.988096
0.98815
0.988194
0.988228
0.988252
0.988267
0.988272
0.988268
0.988256
0.988237
0.98821
0.988177
0.988138
0.988096
0.988049
0.988
0.98795
0.987899
0.987848
0.987798
0.98775
0.987706
0.987666
0.987632
0.987605
0.987584
0.987571
0.987567
0.987573
0.987589
0.987616
0.987655
0.987707
0.987772
0.98785
0.987941
0.988046
0.988165
0.988297
0.988442
0.988602
0.988775
0.988961
0.98916
0.989371
0.989595
0.989831
0.990077
0.990334
0.990599
0.990872
0.991152
0.991439
0.991731
0.992027
0.992326
0.992627
0.992929
0.99323
0.99353
0.993827
0.99412
0.994408
0.99469
0.994964
0.99523
0.995486
0.995731
0.995963
0.996183
0.996388
0.996579
0.996753
0.996911
0.99705
0.997171
0.997274
0.997356
0.997418
0.99746
0.997479
0.997478
0.997455
0.99741
0.997343
0.997253
0.997139
0.997004
0.996845
0.996664
0.996461
0.996236
0.99599
0.995723
0.995434
0.995125
0.994797
0.994449
0.994084
0.993702
0.993304
0.992889
0.99246
0.992018
0.991563
0.991098
0.990624
0.99014
0.989649
0.989152
0.98865
0.988144
0.987637
0.987129
0.986622
0.986117
0.985617
0.985122
0.984634
0.984155
0.983685
0.983228
0.982783
0.982353
0.981938
0.981541
0.981163
0.980804
0.980466
0.98015
0.979857
0.979589
0.979346
0.979129
0.978939
0.978777
0.978644
0.978541
0.978467
0.978423
0.978411
0.978429
0.978478
0.978558
0.97867
0.978812
0.978986
0.979191
0.979426
0.979692
0.979987
0.980313
0.980666
0.981048
0.981458
0.981894
0.982355
0.982842
0.983353
0.983888
0.984446
0.985025
0.985624
0.986243
0.986881
0.987536
0.988208
0.988895
0.989597
0.990312
0.991039
0.991778
0.992527
0.993287
0.994055
0.994832
0.995617
0.996408
0.997205
0.998006
0.998812
0.999621
1.00043
1.00125
1.00206
1.00288
1.0037
1.00451
1.00533
1.00614
1.00696
1.00777
1.00858
1.00938
1.01018
1.01098
1.01177
1.01256
1.01334
1.01412
1.01489
1.01566
1.01642
1.01717
1.01792
1.01866
1.01938
1.0201
1.02081
1.02152
1.02221
1.02289
1.02355
1.02421
1.02486
1.02549
1.02611
1.02672
1.02731
1.02788
1.02845
1.02899
1.02952
1.03003
1.03052
1.031
1.03145
1.03189
1.0323
1.0327
1.03307
1.03342
1.03375
1.03405
1.03433
1.03458
1.03481
1.03502
1.03519
1.03534
1.03546
1.03555
1.03562
1.03565
1.03566
1.03563
1.03558
1.0355
1.03538
1.03524
1.03506
1.03485
1.03461
1.03433
1.03403
1.03369
1.03332
1.03292
1.03249
1.03203
1.03154
1.03102
1.03047
1.02989
1.02928
1.02864
1.02798
1.02729
1.02657
1.02583
1.02507
1.02429
1.02349
1.02267
1.02183
1.02098
1.02011
1.01923
1.01833
1.01743
1.01652
1.0156
1.01468
1.01375
1.01283
1.0119
1.01098
1.01006
1.00915
1.00825
1.00735
1.00647
1.00561
1.00476
1.00393
1.00312
1.00233
1.00156
1.00082
1.0001
0.999412
0.998751
0.99812
0.99752
0.996951
0.996416
0.995915
0.995449
0.995019
0.994625
0.994267
0.993946
0.993663
0.993417
0.99321
0.99304
0.992909
0.992815
0.99276
0.992742
0.992762
0.992819
0.992914
0.993045
0.993212
0.993415
0.993652
0.993925
0.994232
0.994572
0.994945
0.99535
0.995786
0.996254
0.996752
0.997281
0.997839
0.998426
0.999041
0.999684
1.00035
1.00105
1.00177
1.00251
1.00328
1.00408
1.00489
1.00573
1.00659
1.00747
1.00837
1.00929
1.01022
1.01118
1.01215
1.01314
1.01414
1.01515
1.01618
1.01722
1.01828
1.01934
1.02042
1.0215
1.02259
1.02368
1.02478
1.02588
1.02699
1.0281
1.02921
1.03032
1.03143
1.03254
1.03364
1.03474
1.03584
1.03693
1.03801
1.03908
1.04014
1.04119
1.04223
1.04326
1.04427
1.04527
1.04625
1.04722
1.04817
1.0491
1.05001
1.05091
1.05178
1.05264
1.05347
1.05428
1.05506
1.05583
1.05657
1.05728
1.05798
1.05864
1.05928
1.05989
1.06048
1.06104
1.06157
1.06208
1.06255
1.063
1.06342
1.06381
1.06417
1.06449
1.06479
1.06506
1.06529
1.0655
1.06567
1.0658
1.06591
1.06598
1.06602
1.06602
1.06599
1.06593
1.06583
1.06569
1.06552
1.06532
1.06507
1.0648
1.06448
1.06413
1.06374
1.06331
1.06284
1.06234
1.0618
1.06122
1.0606
1.05995
1.05925
1.05853
1.05776
1.05695
1.05611
1.05523
1.05432
1.05337
1.05239
1.05137
1.05032
1.04924
1.04812
1.04698
1.0458
1.0446
1.04337
1.04211
1.04083
1.03953
1.03821
1.03686
1.0355
1.03412
1.03273
1.03132
1.0299
1.02848
1.02704
1.0256
1.02416
1.02271
1.02127
1.01983
1.01839
1.01695
1.01552
1.0141
1.01269
1.01129
1.00991
1.00854
1.00718
1.00584
1.00452
1.00322
1.00194
1.00067
0.999431
0.998211
0.997012
0.995835
0.99468
0.993548
0.992437
0.991348
0.990282
0.989238
0.988214
0.987212
0.986231
0.985269
0.984326
0.983402
0.982495
0.981606
0.980733
0.979875
0.979032
0.978201
0.977383
0.976577
0.975781
0.974995
0.974218
0.973449
0.972687
0.971931
0.97118
0.970433
0.969689
0.968947
0.968208
0.967468
0.966728
0.965986
0.965243
0.964497
0.963749
0.962997
0.962241
0.961481
0.960715
0.959945
0.959169
0.958388
0.9576
0.956807
0.956007
0.955202
0.954391
0.953575
0.952753
0.951926
0.951095
0.95026
0.949423
0.948582
0.94774
0.946896
0.946052
0.945208
0.944366
0.943526
0.94269
0.941857
0.94103
0.94021
0.939397
0.938594
0.9378
0.937018
0.936249
0.935493
0.934753
0.934029
0.933321
0.932632
0.931962
0.931312
0.930684
0.930079
0.929498
0.92894
0.928408
0.927902
0.927422
0.92697
0.926545
0.926149
0.925781
0.925442
0.925133
0.924855
0.924607
0.924389
0.924203
0.924048
0.923924
0.923831
0.923768
0.923737
0.923738
0.923769
0.923831
0.923925
0.92405
0.924205
0.924392
0.924609
0.924856
0.925134
0.925441
0.925779
0.926147
0.926543
0.926969
0.927424
0.927907
0.928419
0.928959
0.929526
0.930122
0.930744
0.931393
0.932068
0.932768
0.933494
0.934245
0.935021
0.935821
0.936645
0.937492
0.938362
0.939254
0.940168
0.941102
0.942057
0.943032
0.944025
0.945035
0.946063
0.947108
0.948169
0.949245
0.950335
0.951439
0.952556
0.953685
0.954825
0.955975
0.957135
0.958305
0.959483
0.960669
0.961861
0.96306
0.964264
0.965473
0.966685
0.967902
0.969122
0.970344
0.971569
0.972795
0.974022
0.97525
0.976478
0.977707
0.978936
0.980164
0.981393
0.982621
0.983849
0.985076
0.986304
0.987532
0.98876
0.989987
0.991215
0.992442
0.993671
0.994899
0.996128
0.997358
0.998588
0.999819
1.00105
1.00228
1.00352
1.00475
1.00598
1.00722
1.00845
1.00969
1.01092
1.01215
1.01338
1.0146
1.01582
1.01703
1.01824
1.01944
1.02063
1.02182
1.02299
1.02414
1.02529
1.02641
1.02752
1.02861
1.02968
1.03073
1.03175
1.03275
1.03371
1.03465
1.03556
1.03643
1.03727
1.03807
1.03884
1.03956
1.04024
1.04089
1.04148
1.04203
1.04254
1.043
1.04341
1.04377
1.04408
1.04435
1.04456
1.04473
1.04484
1.04491
1.04492
1.04489
1.04481
1.04468
1.04451
1.04429
1.04403
1.04373
1.04338
1.04299
1.04257
1.04211
1.04162
1.04109
1.04054
1.03995
1.03935
1.03872
1.03807
1.0374
1.03672
1.03602
1.03532
1.0346
1.03389
1.03317
1.03245
1.03173
1.03102
1.03032
1.02963
1.02895
1.02829
1.02764
1.02702
1.02642
1.02585
1.0253
1.02478
1.0243
1.02384
1.02342
1.02304
1.02269
1.02239
1.02212
1.02189
1.02171
1.02156
1.02146
1.0214
1.02139
1.02141
1.02149
1.0216
1.02175
1.02195
1.02219
1.02246
1.02278
1.02313
1.02352
1.02394
1.0244
1.02489
1.02541
1.02596
1.02653
1.02713
1.02776
1.02841
1.02908
1.02977
1.03048
1.0312
1.03194
1.03269
1.03345
1.03423
1.03501
1.0358
1.0366
1.0374
1.03821
1.03903
1.03984
1.04066
1.04148
1.0423
1.04312
1.04394
1.04476
1.04557
1.04639
1.0472
1.048
1.04881
1.04961
1.0504
1.05119
1.05197
1.05275
1.05352
1.05429
1.05505
1.05579
1.05653
1.05727
1.05799
1.0587
1.0594
1.06008
1.06076
1.06142
1.06207
1.06271
1.06333
1.06393
1.06452
1.06509
1.06564
1.06617
1.06668
1.06716
1.06763
1.06807
1.06849
1.06888
1.06924
1.06958
1.06989
1.07016
1.07041
1.07063
1.07081
1.07096
1.07107
1.07115
1.07119
1.07119
1.07115
1.07108
1.07096
1.0708
1.0706
1.07036
1.07007
1.06974
1.06936
1.06894
1.06847
1.06796
1.0674
1.06679
1.06613
1.06542
1.06467
1.06387
1.06302
1.06213
1.06119
1.0602
1.05917
1.05809
1.05696
1.0558
1.05459
1.05333
1.05204
1.05071
1.04935
1.04794
1.0465
1.04503
1.04353
1.04201
1.04045
1.03887
1.03727
1.03565
1.03401
1.03236
1.03069
1.02902
1.02733
1.02565
1.02396
1.02227
1.02058
1.0189
1.01723
1.01557
1.01393
1.0123
1.01069
1.00911
1.00754
1.00601
1.0045
1.00302
1.00158
1.00017
0.998804
0.997475
0.996187
0.994942
0.993742
0.992589
0.991484
0.990429
0.989424
0.98847
0.98757
0.986722
0.985929
0.985192
0.98451
0.983885
0.983317
0.982806
0.982352
0.981956
0.981616
0.981333
0.981106
0.980934
0.980817
0.980754
0.980744
0.980785
0.980877
0.981017
0.981205
0.981438
0.981714
0.982031
0.982387
0.982781
0.983209
0.983669
0.984158
0.984674
0.985214
0.985775
0.986355
0.98695
0.987558
0.988175
0.988798
0.989425
0.990053
0.990679
0.991299
0.991912
0.992514
0.993102
0.993675
0.99423
0.994765
0.995277
0.995764
0.996225
0.996657
0.997059
0.99743
0.997767
0.99807
0.998337
0.998567
0.99876
0.998915
0.999031
0.999109
0.999147
0.999145
0.999104
0.999024
0.998904
0.998746
0.998549
0.998314
0.998042
0.997733
0.99739
0.997012
0.9966
0.996156
0.995681
0.995177
0.994644
0.994085
0.993499
0.99289
0.992259
0.991607
0.990938
0.990251
0.98955
0.988834
0.988108
0.987373
0.98663
0.985882
0.98513
0.984377
0.983624
0.982873
0.982127
0.981386
0.980654
0.979933
0.979224
0.97853
0.977852
0.977194
0.976556
0.975941
0.975351
0.974787
0.974251
0.973744
0.973269
0.972826
0.972418
0.972045
0.97171
0.971414
0.971157
0.970941
0.970767
0.970635
0.970547
0.970504
0.970505
0.970551
0.970642
0.970778
0.970959
0.971185
0.971454
0.971768
0.972125
0.972525
0.972965
0.973447
0.973967
0.974526
0.975121
0.975751
0.976414
0.97711
0.977835
0.978588
0.979366
0.980168
0.980992
0.981835
0.982696
0.983571
0.984459
0.985358
0.986264
0.987177
0.988092
0.989009
0.989925
0.990838
0.991745
0.992645
0.993535
0.994413
0.995277
0.996127
0.99696
0.997773
0.998567
0.99934
1.00009
1.00082
1.00152
1.00219
1.00284
1.00346
1.00405
1.00461
1.00514
1.00564
1.00611
1.00655
1.00695
1.00732
1.00767
1.00798
1.00825
1.0085
1.00871
1.00889
1.00904
1.00916
1.00925
1.00931
1.00933
1.00933
1.0093
1.00925
1.00916
1.00905
1.00892
1.00876
1.00857
1.00836
1.00814
1.00788
1.00761
1.00733
1.00702
1.00669
1.00636
1.006
1.00564
1.00526
1.00487
1.00447
1.00407
1.00366
1.00324
1.00282
1.0024
1.00198
1.00156
1.00114
1.00072
1.00031
0.999901
0.999504
0.999115
0.998736
0.998369
0.998015
0.997675
0.99735
0.997041
0.996749
0.996474
0.996219
0.995983
0.995766
0.99557
0.995395
0.99524
0.995107
0.994994
0.994901
0.994829
0.994776
0.994742
0.994727
0.99473
0.994749
0.994785
0.994836
0.9949
0.994976
0.995064
0.995162
0.995267
0.995378
0.995494
0.995612
0.99573
0.995848
0.995964
0.996074
0.996179
0.996276
0.996363
0.996438
0.996501
0.996548
0.996579
0.996591
0.996584
0.996556
0.996506
0.996433
0.996335
0.99621
0.996059
0.99588
0.995671
0.995434
0.995166
0.994867
0.994537
0.994174
0.993779
0.993353
0.992894
0.992402
0.991879
0.991324
0.990737
0.990118
0.989469
0.988789
0.988081
0.987343
0.986578
0.985786
0.984968
0.984125
0.983258
0.982369
0.98146
0.980531
0.979583
0.97862
0.977641
0.976648
0.975645
0.974631
0.973609
0.972581
0.971548
0.970513
0.969477
0.968443
0.967412
0.966385
0.965365
0.964354
0.963353
0.962364
0.96139
0.960431
0.959489
0.958568
0.957666
0.956787
0.955932
0.955102
0.954299
0.953523
0.952776
0.952059
0.951373
0.950718
0.950095
0.949506
0.948951
0.94843
0.947945
0.947494
0.94708
0.946701
0.946359
0.946052
0.945781
0.945546
0.945346
0.945181
0.945051
0.944955
0.944893
0.944862
0.944863
0.944895
0.944958
0.945049
0.945169
0.945315
0.945487
0.945684
0.945904
0.946147
0.94641
0.946693
0.946994
0.947313
0.947649
0.947998
0.948361
0.948736
0.949121
0.949515
0.949916
0.950324
0.950737
0.951153
0.951572
0.951992
0.952412
0.952831
0.953247
0.953659
0.954065
0.954466
0.95486
0.955245
0.955622
0.955988
0.956342
0.956684
0.957014
0.95733
0.957632
0.957918
0.95819
0.958446
0.958686
0.958909
0.959115
0.959304
0.959476
0.959629
0.959765
0.959882
0.959982
0.960064
0.960128
0.960175
0.960205
0.960217
0.960213
0.960192
0.960156
0.960104
0.960038
0.959957
0.959863
0.959756
0.959636
0.959504
0.959361
0.959207
0.959043
0.958869
0.958687
0.958496
0.958298
0.958092
0.957881
0.957663
0.957439
0.957211
0.956978
0.956742
0.956502
0.956258
0.956012
0.955764
0.955515
0.955264
0.955012
0.954759
0.954505
0.95425
0.953996
0.953742
0.953488
0.953235
0.952982
0.952731
0.95248
0.952232
0.951985
0.951741
0.951499
0.95126
0.951025
0.950793
0.950564
0.95034
0.950121
0.949906
0.949696
0.949491
0.949293
0.949101
0.948915
0.948737
0.948568
0.948407
0.948254
0.948111
0.947978
0.947854
0.947742
0.947642
0.947554
0.947477
0.947414
0.947363
0.947325
0.947302
0.947292
0.947296
0.947314
0.947346
0.947393
0.947454
0.94753
0.94762
0.947725
0.947845
0.947979
0.948128
0.948291
0.948467
0.948656
0.948858
0.949073
0.9493
0.949539
0.949789
0.95005
0.95032
0.9506
0.950888
0.951184
0.951488
0.951798
0.952114
0.952435
0.95276
0.953089
0.95342
0.953753
0.954087
0.954422
0.954755
0.955088
0.955418
0.955745
0.95607
0.95639
0.956704
0.957014
0.957317
0.957613
0.957901
0.958182
0.958455
0.95872
0.958976
0.959222
0.959459
0.959686
0.959903
0.960111
0.960309
0.960497
0.960676
0.960845
0.961005
0.961155
0.961297
0.961431
0.961557
0.961675
0.961786
0.961891
0.96199
0.962085
0.962176
0.962264
0.96235
0.962434
0.962518
0.962601
0.962686
0.962772
0.962862
0.962955
0.963053
0.963156
0.963265
0.963382
0.963508
0.963642
0.963786
0.96394
0.964105
0.964282
0.964472
0.964676
0.964892
0.965123
0.965369
0.965629
0.965905
0.966197
0.966505
0.966829
0.967169
0.967525
0.967896
0.968283
0.968686
0.969104
0.969538
0.969987
0.97045
0.970927
0.971418
0.971922
0.972438
0.972965
0.973504
0.974053
0.974611
0.975179
0.975755
0.976338
0.976929
0.977525
0.978127
0.978734
0.979345
0.97996
0.980577
0.981196
0.981817
0.982439
0.98306
0.983681
0.984301
0.984918
0.985534
0.986146
0.986756
0.987362
0.987965
0.988563
0.989157
0.989746
0.99033
0.990909
0.991482
0.99205
0.992612
0.993169
0.993721
0.994266
0.994805
0.995338
0.995864
0.996385
0.996899
0.997406
0.997907
0.998402
0.998891
0.999374
0.99985
1.00032
1.00078
1.00124
1.00169
1.00214
1.00258
1.00302
1.00345
1.00388
1.0043
1.00471
1.00512
1.00553
1.00593
1.00632
1.00671
1.0071
1.00748
1.00785
1.00822
1.00858
1.00894
1.00929
1.00964
1.00998
1.01032
1.01065
1.01097
1.01129
1.0116
1.01191
1.01221
1.0125
1.01279
1.01307
1.01335
1.01361
1.01387
1.01413
1.01438
1.01462
1.01486
1.01508
1.01531
1.01552
1.01573
1.01594
1.01614
1.01633
1.01652
1.0167
1.01687
1.01705
1.01721
1.01738
1.01753
1.01769
1.01784
1.01799
1.01813
1.01827
1.01841
1.01854
1.01867
1.0188
1.01893
1.01905
1.01918
1.0193
1.01941
1.01953
1.01964
1.01975
1.01986
1.01997
1.02007
1.02018
1.02028
1.02037
1.02047
1.02056
1.02064
1.02072
1.0208
1.02087
1.02094
1.021
1.02105
1.02109
1.02113
1.02115
1.02117
1.02117
1.02116
1.02114
1.0211
1.02104
1.02097
1.02089
1.02078
1.02065
1.0205
1.02033
1.02014
1.01991
1.01966
1.01939
1.01908
1.01874
1.01836
1.01795
1.01751
1.01702
1.0165
1.01594
1.01533
1.01468
1.01399
1.01325
1.01246
1.01163
1.01074
1.00981
1.00882
1.00777
1.00668
1.00552
1.00432
1.00305
1.00173
1.00036
0.998925
0.997436
0.99589
0.994289
0.992633
0.990923
0.989161
0.987349
0.985489
0.983583
0.981635
0.979648
0.977625
0.97557
0.973487
0.971381
0.969259
0.967125
0.964986
0.962848
0.960719
0.958607
0.95652
0.954465
0.952452
0.950489
0.948585
0.946749
0.944992
0.943321
0.941745
0.940275
0.938919
0.937684
0.93658
0.935611
0.934786
0.934111
0.933589
0.933225
0.933023
0.932985
0.933112
0.933404
0.93386
0.934479
0.935258
0.936193
0.937278
0.938509
0.93988
0.941383
0.943012
0.944757
0.94661
0.948563
0.950606
0.952729
0.954924
0.95718
0.959487
0.961836
0.96422
0.966628
0.969052
0.971484
0.973915
0.976338
0.978747
0.981134
0.983493
0.985819
0.988106
0.990349
0.992544
0.994686
0.996772
0.998799
1.00076
1.00266
1.00449
1.00626
1.00795
1.00957
1.01111
1.01259
1.01399
1.01531
1.01656
1.01774
1.01884
1.01986
1.02082
1.0217
1.02251
1.02324
1.02391
1.02451
1.02504
1.0255
1.0259
1.02623
1.0265
1.02671
1.02685
1.02694
1.02697
1.02695
1.02686
1.02673
1.02655
1.02631
1.02603
1.0257
1.02533
1.02491
1.02445
1.02395
1.02341
1.02283
1.02222
1.02157
1.02089
1.02017
1.01943
1.01865
1.01784
1.01701
1.01615
1.01526
1.01435
1.01342
1.01246
1.01149
1.01049
1.00947
1.00844
1.00739
1.00632
1.00523
1.00413
1.00302
1.00189
1.00075
0.9996
0.998438
0.997267
0.996085
0.994896
0.993698
0.992494
0.991284
0.99007
0.988852
0.987631
0.986407
0.985183
0.983959
0.982736
0.981515
0.980298
0.979085
0.977879
0.976679
0.975489
0.974308
0.973139
0.971983
0.97084
0.969713
0.968602
0.96751
0.966439
0.965389
0.964362
0.963361
0.962386
0.961438
0.960521
0.959635
0.958782
0.957964
0.957181
0.956437
0.955731
0.955066
0.954442
0.953861
0.953324
0.952831
0.952383
0.951981
0.951625
0.951316
0.951054
0.950839
0.95067
0.950549
0.950475
0.950447
0.950464
0.950526
0.950631
0.95078
0.95097
0.9512
0.951469
0.951775
0.952117
0.952492
0.9529
0.953338
0.953804
0.954297
0.954814
0.955353
0.955913
0.956492
0.957087
0.957698
0.958321
0.958956
0.9596
0.960251
0.960907
0.961567
0.96223
0.962892
0.963554
0.964213
0.964869
0.96552
0.966164
0.9668
0.967428
0.968046
0.968652
0.969248
0.96983
0.970399
0.970954
0.971495
0.972019
0.972527
0.973018
0.973491
0.973947
0.974384
0.974803
0.975203
0.975583
0.975944
0.976285
0.976605
0.976906
0.977186
0.977446
0.977686
0.977905
0.978104
0.978284
0.978444
0.978586
0.978709
0.978814
0.978901
0.978972
0.979026
0.979066
0.979093
0.979106
0.979106
0.979094
0.979071
0.979039
0.978999
0.97895
0.978895
0.978835
0.978771
0.978703
0.978634
0.978565
0.978495
0.978427
0.978361
0.978298
0.97824
0.978187
0.978141
0.978102
0.97807
0.978047
0.978033
0.97803
0.978037
0.978055
0.978084
0.978125
0.978178
0.978244
0.978322
0.978413
0.978517
0.978634
0.978764
0.978907
0.979062
0.97923
0.979409
0.9796
0.979802
0.980015
0.980239
0.980472
0.980716
0.980968
0.981228
0.981496
0.981772
0.982054
0.982343
0.982637
0.982937
0.983242
0.983551
0.983862
0.984177
0.984494
0.984812
0.985132
0.985453
0.985774
0.986096
0.986416
0.986735
0.987053
0.987369
0.987684
0.987997
0.988308
0.988615
0.98892
0.989221
0.989519
0.989814
0.990104
0.99039
0.990672
0.990949
0.991222
0.991491
0.991755
0.992014
0.992269
0.992519
0.992765
0.993005
0.99324
0.99347
0.993695
0.993915
0.994129
0.994339
0.994543
0.994741
0.994935
0.995124
0.995307
0.995484
0.995655
0.995821
0.995981
0.996135
0.996283
0.996424
0.996559
0.996687
0.996808
0.996921
0.997028
0.997126
0.997217
0.9973
0.997374
0.99744
0.997497
0.997544
0.997583
0.997612
0.997631
0.997639
0.997637
0.997624
0.9976
0.997564
0.997517
0.997457
0.997386
0.997301
0.997204
0.997093
0.996968
0.996829
0.996675
0.996507
0.996323
0.996124
0.995909
0.995677
0.99543
0.995166
0.994884
0.994586
0.994269
0.993935
0.993583
0.993212
0.992824
0.992417
0.991992
0.991549
0.991086
0.990606
0.990106
0.989589
0.989053
0.9885
0.98793
0.987342
0.986738
0.986118
0.985483
0.984833
0.98417
0.983494
0.982807
0.98211
0.981403
0.980689
0.979969
0.979243
0.978514
0.977784
0.977054
0.976327
0.975604
0.974889
0.974181
0.973485
0.972802
0.972134
0.971485
0.970856
0.970251
0.969671
0.969119
0.968598
0.968111
0.96766
0.967247
0.966875
0.966547
0.966265
0.966029
0.965844
0.96571
0.965629
0.965603
0.965632
0.965718
0.965861
0.966062
0.966323
0.966642
0.96702
0.967457
0.967953
0.968507
0.969117
0.969784
0.970506
0.971281
0.972108
0.972987
0.973913
0.974887
0.975904
0.976964
0.978064
0.979202
0.980374
0.981579
0.982814
0.984076
0.985362
0.98667
0.987998
0.989342
0.990701
0.992072
0.993453
0.994842
0.996236
0.997634
0.999032
1.00043
1.00182
1.00321
1.0046
1.00597
1.00734
1.0087
1.01005
1.01138
1.0127
1.01401
1.0153
1.01658
1.01784
1.01908
1.0203
1.02151
1.0227
1.02387
1.02502
1.02615
1.02727
1.02836
1.02944
1.0305
1.03153
1.03255
1.03355
1.03453
1.03549
1.03643
1.03735
1.03825
1.03914
1.04
1.04084
1.04165
1.04245
1.04323
1.04398
1.04471
1.04541
1.04609
1.04675
1.04738
1.04799
1.04857
1.04912
1.04964
1.05013
1.05059
1.05103
1.05142
1.05179
1.05212
1.05242
1.05268
1.05291
1.05309
1.05324
1.05336
1.05343
1.05346
1.05345
1.0534
1.05331
1.05317
1.05299
1.05276
1.05249
1.05218
1.05182
1.05141
1.05096
1.05046
1.04992
1.04932
1.04869
1.048
1.04727
1.04649
1.04567
1.0448
1.04389
1.04293
1.04192
1.04088
1.03979
1.03865
1.03748
1.03626
1.03501
1.03371
1.03237
1.031
1.02959
1.02815
1.02667
1.02515
1.02361
1.02203
1.02042
1.01879
1.01713
1.01544
1.01372
1.01199
1.01023
1.00845
1.00665
1.00483
1.003
1.00115
0.999291
0.997418
0.995534
0.993643
0.991744
0.98984
0.987933
0.986024
0.984114
0.982206
0.980301
0.978401
0.976507
0.974621
0.972746
0.970883
0.969034
0.9672
0.965385
0.963589
0.961815
0.960065
0.95834
0.956643
0.954975
0.95334
0.951738
0.950172
0.948644
0.947156
0.94571
0.944308
0.942952
0.941644
0.940386
0.93918
0.938029
0.936932
0.935894
0.934914
0.933996
0.933142
0.932353
0.931629
0.930973
0.930386
0.92987
0.929425
0.929053
0.928755
0.928533
0.928386
0.928318
0.928327
0.928415
0.928582
0.928828
0.929154
0.92956
0.930047
0.930614
0.931262
0.93199
0.932799
0.933688
0.934657
0.935706
0.936834
0.938039
0.939322
0.940683
0.942118
0.943628
0.945211
0.946867
0.948593
0.950388
0.95225
0.954177
0.956168
0.958219
0.96033
0.962497
0.96472
0.966994
0.969318
0.971689
0.974103
0.976558
0.979051
0.981578
0.984138
0.986726
0.989339
0.991975
0.994629
0.997298
0.999979
1.00267
1.00536
1.00806
1.01075
1.01344
1.01612
1.01878
1.02143
1.02406
1.02667
1.02925
1.0318
1.03432
1.0368
1.03925
1.04165
1.044
1.04631
1.04857
1.05077
1.05292
1.05501
1.05704
1.05901
1.06091
1.06275
1.06451
1.06621
1.06784
1.06939
1.07087
1.07227
1.0736
1.07485
1.07601
1.0771
1.07811
1.07904
1.07989
1.08066
1.08134
1.08194
1.08247
1.0829
1.08326
1.08354
1.08374
1.08386
1.08389
1.08386
1.08374
1.08355
1.08328
1.08294
1.08253
1.08205
1.0815
1.08088
1.0802
1.07945
1.07864
1.07777
1.07684
1.07586
1.07482
1.07373
1.07259
1.0714
1.07017
1.06889
1.06758
1.06623
1.06484
1.06342
1.06197
1.0605
1.059
1.05749
1.05595
1.0544
1.05284
1.05127
1.0497
1.04812
1.04654
1.04497
1.0434
1.04184
1.04029
1.03875
1.03723
1.03573
1.03426
1.03281
1.03139
1.02999
1.02863
1.02731
1.02602
1.02477
1.02357
1.02241
1.02129
1.02022
1.0192
1.01822
1.0173
1.01643
1.01562
1.01486
1.01415
1.0135
1.01291
1.01237
1.01189
1.01147
1.0111
1.01079
1.01054
1.01034
1.01019
1.0101
1.01006
1.01007
1.01014
1.01025
1.01041
1.01061
1.01087
1.01116
1.01149
1.01187
1.01228
1.01272
1.0132
1.01371
1.01424
1.01481
1.01539
1.016
1.01663
1.01727
1.01793
1.0186
1.01928
1.01996
1.02065
1.02135
1.02204
1.02272
1.0234
1.02408
1.02474
1.02539
1.02603
1.02665
1.02724
1.02782
1.02837
1.0289
1.0294
1.02987
1.03031
1.03071
1.03108
1.03141
1.0317
1.03195
1.03215
1.03231
1.03243
1.03249
1.03251
1.03248
1.03239
1.03226
1.03207
1.03182
1.03152
1.03116
1.03074
1.03026
1.02973
1.02914
1.02848
1.02777
1.02699
1.02615
1.02525
1.02429
1.02327
1.02218
1.02104
1.01983
1.01856
1.01723
1.01585
1.0144
1.0129
1.01134
1.00972
1.00805
1.00633
1.00456
1.00273
1.00086
0.998939
0.996974
0.994968
0.992921
0.990836
0.988716
0.986564
0.984381
0.98217
0.979935
0.977678
0.975404
0.973114
0.970814
0.968505
0.966192
0.963879
0.961569
0.959265
0.956973
0.954695
0.952437
0.950202
0.947995
0.945819
0.94368
0.941582
0.939529
0.937527
0.93558
0.933691
0.931865
0.930107
0.928421
0.926811
0.925281
0.923836
0.922479
0.921213
0.920042
0.91897
0.917999
0.917132
0.916372
0.915721
0.915182
0.914755
0.914443
0.914246
0.914164
0.914198
0.914347
0.914612
0.914991
0.915485
0.916091
0.916809
0.917635
0.918568
0.919605
0.920744
0.921983
0.923317
0.924743
0.926259
0.92786
0.929542
0.931303
0.933138
0.935042
0.937013
0.939046
0.941137
0.943282
0.945476
0.947716
0.949998
0.952318
0.954672
0.957056
0.959467
0.9619
0.964353
0.966822
0.969303
0.971793
0.974289
0.976788
0.979288
0.981784
0.984274
0.986756
0.989226
0.991683
0.994123
0.996545
0.998946
1.00132
1.00368
1.006
1.0083
1.01057
1.0128
1.015
1.01717
1.0193
1.02139
1.02344
1.02546
1.02743
1.02935
1.03124
1.03308
1.03487
1.03662
1.03832
1.03997
1.04157
1.04313
1.04463
1.04609
1.0475
1.04886
1.05017
1.05142
1.05263
1.05379
1.0549
1.05596
1.05697
1.05793
1.05884
1.05971
1.06053
1.0613
1.06202
1.0627
1.06333
1.06391
1.06446
1.06496
1.06541
1.06583
1.0662
1.06653
1.06683
1.06709
1.06731
1.06749
1.06764
1.06775
1.06783
1.06788
1.06789
1.06788
1.06783
1.06776
1.06765
1.06752
1.06736
1.06718
1.06697
1.06673
1.06647
1.06619
1.06588
1.06556
1.06521
1.06484
1.06445
1.06405
1.06362
1.06318
1.06272
1.06224
1.06175
1.06124
1.06071
1.06017
1.05962
1.05905
1.05847
1.05788
1.05728
1.05666
1.05603
1.05539
1.05474
1.05407
1.0534
1.05272
1.05203
1.05133
1.05063
1.04991
1.04919
1.04846
1.04773
1.04698
1.04624
1.04549
1.04473
1.04397
1.0432
1.04243
1.04166
1.04089
1.04011
1.03933
1.03856
1.03778
1.037
1.03623
1.03546
1.03469
1.03392
1.03316
1.03241
1.03166
1.03092
1.03019
1.02946
1.02876
1.02806
1.02738
1.02671
1.02607
1.02544
1.02483
1.02424
1.02368
1.02315
1.02264
1.02216
1.02171
1.02129
1.02091
1.02056
1.02025
1.01997
1.01974
1.01955
1.0194
1.01929
1.01923
1.01921
1.01924
1.01932
1.01945
1.01962
1.01985
1.02012
1.02044
1.02081
1.02123
1.02169
1.02221
1.02276
1.02337
1.02402
1.02471
1.02544
1.02621
1.02701
1.02786
1.02873
1.02964
1.03057
1.03153
1.03252
1.03352
1.03454
1.03558
1.03663
1.03769
1.03875
1.03981
1.04088
1.04194
1.043
1.04404
1.04508
1.04609
1.04709
1.04807
1.04902
1.04995
1.05084
1.0517
1.05253
1.05332
1.05407
1.05478
1.05544
1.05605
1.05661
1.05713
1.05759
1.05799
1.05834
1.05863
1.05886
1.05904
1.05915
1.05919
1.05918
1.05909
1.05895
1.05873
1.05845
1.0581
1.05769
1.0572
1.05665
1.05603
1.05534
1.05458
1.05376
1.05287
1.05191
1.05088
1.04979
1.04863
1.04741
1.04613
1.04478
1.04337
1.04191
1.04038
1.0388
1.03717
1.03548
1.03374
1.03196
1.03013
1.02825
1.02634
1.02439
1.0224
1.02039
1.01835
1.01628
1.01419
1.01209
1.00998
1.00786
1.00574
1.00361
1.0015
0.99939
0.997299
0.995229
0.993183
0.991168
0.989188
0.987248
0.985352
0.983506
0.981714
0.979979
0.978308
0.976703
0.97517
0.973711
0.972331
0.971032
0.969817
0.968689
0.96765
0.966702
0.965847
0.965084
0.964416
0.963843
0.963365
0.962981
0.96269
0.962492
0.962385
0.962369
0.962441
0.962599
0.962842
0.963166
0.96357
0.964049
0.964601
0.965223
0.965912
0.966665
0.967478
0.968349
0.969275
0.970252
0.971278
0.972349
0.973463
0.974616
0.975806
0.977029
0.978284
0.979567
0.980877
0.982211
0.983567
0.984942
0.986336
0.987745
0.989169
0.990606
0.992055
0.993513
0.994979
0.996452
0.99793
0.999413
1.0009
1.00239
1.00388
1.00537
1.00686
1.00835
1.00984
1.01132
1.01279
1.01427
1.01573
1.01719
1.01864
1.02009
1.02152
1.02295
1.02436
1.02576
1.02715
1.02853
1.0299
1.03125
1.03258
1.03391
1.03521
1.0365
1.03778
1.03904
1.04028
1.0415
1.0427
1.04389
1.04505
1.0462
1.04732
1.04842
1.0495
1.05056
1.0516
1.05262
1.05361
1.05457
1.05552
1.05643
1.05733
1.0582
1.05904
1.05986
1.06065
1.06142
1.06216
1.06287
1.06356
1.06422
1.06485
1.06546
1.06603
1.06658
1.06711
1.0676
1.06806
1.0685
1.06891
1.06929
1.06964
1.06997
1.07027
1.07053
1.07077
1.07099
1.07117
1.07133
1.07145
1.07155
1.07162
1.07167
1.07169
1.07168
1.07164
1.07157
1.07148
1.07137
1.07122
1.07105
1.07086
1.07063
1.07039
1.07012
1.06982
1.0695
1.06915
1.06879
1.06839
1.06798
1.06753
1.06707
1.06658
1.06608
1.06554
1.06499
1.06441
1.06381
1.06319
1.06255
1.06188
1.06119
1.06048
1.05975
1.059
1.05823
1.05744
1.05662
1.05579
1.05493
1.05405
1.05316
1.05224
1.0513
1.05035
1.04937
1.04838
1.04737
1.04634
1.04529
1.04423
1.04315
1.04205
1.04095
1.03983
1.0387
1.03755
1.0364
1.03524
1.03407
1.03289
1.03171
1.03052
1.02933
1.02814
1.02695
1.02577
1.02459
1.02341
1.02225
1.02109
1.01995
1.01882
1.0177
1.01661
1.01553
1.01447
1.01344
1.01244
1.01146
1.0105
1.00958
1.00869
1.00783
1.007
1.0062
1.00544
1.00472
1.00403
1.00337
1.00275
1.00216
1.00161
1.0011
1.00061
1.00016
0.999734
0.999341
0.998976
0.998637
0.998322
0.998028
0.997755
0.9975
0.997261
0.997035
0.996821
0.996614
0.996413
0.996215
0.996019
0.99582
0.995616
0.995405
0.995185
0.994952
0.994704
0.994439
0.994154
0.993849
0.993519
0.993164
0.992782
0.992371
0.99193
0.991457
0.99095
0.99041
0.989833
0.989219
0.988568
0.987879
0.987151
0.986385
0.985579
0.984734
0.98385
0.982928
0.981966
0.980967
0.979931
0.978858
0.97775
0.976607
0.975431
0.974223
0.972984
0.971715
0.970419
0.969097
0.96775
0.966381
0.964989
0.963579
0.962151
0.960708
0.959252
0.957785
0.956311
0.954831
0.953348
0.951863
0.950379
0.948898
0.947423
0.945955
0.944497
0.943052
0.941622
0.940209
0.938816
0.937444
0.936096
0.934774
0.933481
0.932218
0.930987
0.929789
0.928628
0.927504
0.926419
0.925375
0.924372
0.923414
0.9225
0.921633
0.920812
0.920041
0.919318
0.918646
0.918024
0.917453
0.916934
0.916466
0.91605
0.915686
0.915375
0.915115
0.914908
0.914753
0.91465
0.914598
0.914596
0.914644
0.914741
0.914887
0.91508
0.915321
0.915607
0.915939
0.916314
0.916732
0.917191
0.917691
0.91823
0.918806
0.919418
0.920064
0.920744
0.921456
0.922197
0.922967
0.923764
0.924587
0.925433
0.926302
0.927192
0.928101
0.929028
0.929972
0.930931
0.931905
0.932891
0.933887
0.934894
0.93591
0.936933
0.937963
0.938999
0.940039
0.941083
0.942129
0.943176
0.944225
0.945274
0.946323
0.947371
0.948419
0.949464
0.950508
0.95155
0.952589
0.953627
0.954662
0.955694
0.956725
0.957752
0.958778
0.959802
0.960824
0.961845
0.962865
0.963885
0.964905
0.965924
0.966945
0.967967
0.96899
0.970017
0.971046
0.972079
0.973116
0.974158
0.975206
0.976258
0.977317
0.978383
0.979456
0.980537
0.981627
0.982725
0.983832
0.984947
0.986072
0.987205
0.988347
0.989497
0.990656
0.991824
0.993001
0.994185
0.995377
0.996577
0.997784
0.998996
1.00021
1.00144
1.00266
1.0039
1.00513
1.00636
1.0076
1.00884
1.01007
1.01131
1.01254
1.01376
1.01498
1.0162
1.01741
1.0186
1.01979
1.02097
1.02213
1.02328
1.02441
1.02552
1.02662
1.0277
1.02876
1.0298
1.03081
1.0318
1.03277
1.03371
1.03463
1.03551
1.03637
1.0372
1.03799
1.03876
1.03949
1.04019
1.04085
1.04148
1.04208
1.04264
1.04316
1.04364
1.04409
1.0445
1.04487
1.0452
1.04549
1.04574
1.04595
1.04612
1.04626
1.04635
1.04639
1.0464
1.04637
1.04629
1.04618
1.04602
1.04582
1.04559
1.04531
1.04499
1.04463
1.04423
1.04379
1.04331
1.04279
1.04223
1.04163
1.04099
1.04032
1.03961
1.03886
1.03807
1.03724
1.03638
1.03549
1.03456
1.03359
1.03259
1.03156
1.03049
1.02939
1.02826
1.02709
1.02589
1.02467
1.02341
1.02212
1.02081
1.01946
1.01809
1.01669
1.01526
1.01381
1.01233
1.01082
1.0093
1.00774
1.00617
1.00457
1.00295
1.00131
0.999645
0.997964
0.996264
0.994546
0.992811
0.991059
0.989292
0.98751
0.985715
0.983907
0.982087
0.980256
0.978415
0.976566
0.974709
0.972845
0.970977
0.969105
0.967229
0.965352
0.963474
0.961597
0.959721
0.957849
0.955982
0.954121
0.952267
0.950422
0.948587
0.946763
0.944951
0.943152
0.941369
0.939602
0.937853
0.936123
0.934413
0.932725
0.931059
0.929418
0.927801
0.926211
0.924648
0.923113
0.921607
0.920132
0.918688
0.917276
0.915898
0.914555
0.913246
0.911974
0.910738
0.90954
0.90838
0.90726
0.90618
0.905141
0.904145
0.90319
0.902279
0.901412
0.90059
0.899813
0.899081
0.898396
0.897758
0.897167
0.896623
0.896128
0.895682
0.895285
0.894938
0.89464
0.894392
0.894194
0.894046
0.893949
0.893901
0.893903
0.893954
0.894054
0.894202
0.894397
0.894638
0.894926
0.895259
0.895635
0.896054
0.896514
0.897014
0.897551
0.898126
0.898735
0.899378
0.900052
0.900754
0.901484
0.902239
0.903017
0.903815
0.904633
0.905467
0.906315
0.907176
0.908047
0.908926
0.909813
0.910703
0.911598
0.912493
0.913389
0.914284
0.915176
0.916064
0.916948
0.917826
0.918697
0.919561
0.920417
0.921266
0.922107
0.92294
0.923765
0.924583
0.925393
0.926196
0.926993
0.927784
0.92857
0.929352
0.93013
0.930905
0.93168
0.932453
0.933228
0.934003
0.934781
0.935563
0.93635
0.937143
0.937942
0.93875
0.939565
0.940389
0.941224
0.94207
0.942926
0.943794
0.944673
0.945564
0.946468
0.947384
0.948312
0.949252
0.950204
0.951166
0.952139
0.953122
0.954115
0.955116
0.956126
0.957143
0.958167
0.959195
0.960226
0.961261
0.962298
0.963335
0.964372
0.965407
0.96644
0.967468
0.968491
0.969507
0.970516
0.971516
0.972507
0.973487
0.974455
0.97541
0.976352
0.977279
0.97819
0.979085
0.979964
0.980825
0.981669
0.982494
0.9833
0.984086
0.984853
0.9856
0.986326
0.98703
0.987714
0.988376
0.989016
0.989635
0.990233
0.99081
0.991366
0.991902
0.992417
0.992913
0.993389
0.993846
0.994283
0.994701
0.995101
0.995483
0.995847
0.996194
0.996524
0.996838
0.997136
0.997419
0.997688
0.997942
0.998184
0.998411
0.998626
0.998828
0.999018
0.999196
0.999363
0.999517
0.99966
0.999792
0.999913
1.00002
1.00012
1.00021
1.00029
1.00035
1.00041
1.00045
1.00049
1.00051
1.00052
1.00052
1.00051
1.00048
1.00045
1.00041
1.00035
1.00028
1.0002
1.00011
1.00001
0.999901
0.999777
0.999643
0.999498
0.999343
0.999178
0.999003
0.998818
0.998623
0.99842
0.998208
0.997989
0.997761
0.997527
0.997286
0.99704
0.996788
0.996531
0.996271
0.996007
0.995741
0.995474
0.995206
0.994938
0.994672
0.994409
0.994149
0.993894
0.993645
0.993403
0.99317
0.992946
0.992732
0.99253
0.992341
0.992166
0.992007
0.991865
0.991741
0.991635
0.99155
0.991485
0.991443
0.991424
0.99143
0.991461
0.991519
0.991604
0.991716
0.991858
0.99203
0.992231
0.992462
0.992723
0.993016
0.99334
0.993695
0.994082
0.9945
0.99495
0.995431
0.995942
0.996484
0.997056
0.997657
0.998287
0.998944
0.999628
1.00034
1.00107
1.00183
1.00261
1.00342
1.00424
1.00508
1.00594
1.00681
1.00771
1.00861
1.00953
1.01046
1.0114
1.01235
1.0133
1.01426
1.01522
1.01619
1.01716
1.01813
1.0191
1.02007
1.02103
1.02199
1.02294
1.02389
1.02483
1.02576
1.02668
1.02759
1.02849
1.02938
1.03026
1.03112
1.03197
1.03281
1.03363
1.03444
1.03523
1.03601
1.03677
1.03751
1.03824
1.03896
1.03965
1.04033
1.041
1.04165
1.04228
1.04289
1.04349
1.04408
1.04464
1.0452
1.04573
1.04626
1.04676
1.04726
1.04774
1.0482
1.04865
1.04909
1.04952
1.04993
1.05033
1.05072
1.05109
1.05145
1.0518
1.05214
1.05247
1.05279
1.05309
1.05338
1.05366
1.05393
1.05418
1.05443
1.05466
1.05488
1.05508
1.05528
1.05546
1.05562
1.05578
1.05591
1.05604
1.05615
1.05625
1.05633
1.0564
1.05645
1.05648
1.0565
1.05651
1.0565
1.05648
1.05644
1.05638
1.05631
1.05623
1.05613
1.05601
1.05588
1.05574
1.05559
1.05542
1.05524
1.05505
1.05484
1.05463
1.05441
1.05417
1.05393
1.05368
1.05342
1.05316
1.05289
1.05261
1.05233
1.05205
1.05176
1.05147
1.05118
1.05088
1.05059
1.05029
1.05
1.04971
1.04942
1.04913
1.04884
1.04856
1.04827
1.048
1.04773
1.04746
1.04719
1.04694
1.04668
1.04643
1.04619
1.04595
1.04572
1.04549
1.04527
1.04505
1.04484
1.04463
1.04443
1.04423
1.04404
1.04385
1.04367
1.04349
1.04332
1.04315
1.04299
1.04283
1.04268
1.04253
1.04238
1.04224
1.0421
1.04196
1.04183
1.0417
1.04157
1.04145
1.04133
1.04121
1.04109
1.04098
1.04087
1.04076
1.04065
1.04054
1.04043
