1.64872
1.64624
1.6438
1.64142
1.63908
1.6368
1.63457
1.63239
1.63027
1.62821
1.6262
1.62426
1.62237
1.62055
1.61879
1.6171
1.61547
1.6139
1.6124
1.61097
1.60961
1.60832
1.60709
1.60594
1.60486
1.60385
1.60292
1.60207
1.60129
1.60058
1.59996
1.59942
1.59896
1.59858
1.59828
1.59807
1.59794
1.5979
1.59794
1.59808
1.5983
1.59861
1.59901
1.59951
1.60009
1.60076
1.60152
1.60236
1.60329
1.60431
1.60541
1.60659
1.60786
1.6092
1.61061
1.6121
1.61366
1.61528
1.61697
1.61871
1.62051
1.62235
1.62424
1.62618
1.62815
1.63015
1.63218
1.63424
1.63631
1.6384
1.6405
1.64261
1.64473
1.64684
1.64895
1.65105
1.65314
1.65522
1.65728
1.65932
1.66134
1.66334
1.66531
1.66726
1.66918
1.67107
1.67293
1.67475
1.67655
1.67831
1.68004
1.68174
1.68341
1.68504
1.68664
1.68821
1.68974
1.69124
1.69271
1.69415
1.69556
1.69694
1.69828
1.69959
1.70087
1.70211
1.70332
1.7045
1.70564
1.70675
1.70782
1.70886
1.70986
1.71081
1.71173
1.71261
1.71345
1.71424
1.71498
1.71568
1.71633
1.71694
1.7175
1.71801
1.71847
1.71888
1.71924
1.71955
1.71981
1.72002
1.72018
1.72029
1.72035
1.72037
1.72034
1.72027
1.72016
1.72001
1.71982
1.7196
1.71934
1.71906
1.71875
1.71841
1.71805
1.71767
1.71727
1.71686
1.71644
1.71602
1.71558
1.71514
1.7147
1.71426
1.71383
1.71339
1.71296
1.71254
1.71213
1.71172
1.71132
1.71093
1.71055
1.71017
1.7098
1.70944
1.70908
1.70872
1.70836
1.70801
1.70764
1.70728
1.70691
1.70653
1.70613
1.70573
1.7053
1.70486
1.70439
1.7039
1.70338
1.70284
1.70226
1.70165
1.70101
1.70033
1.69961
1.69886
1.69808
1.69725
1.6964
1.69551
1.69458
1.69363
1.69265
1.69164
1.69061
1.68957
1.68851
1.68743
1.68636
1.68528
1.6842
1.68314
1.68209
1.68106
1.68005
1.67908
1.67814
1.67724
1.67638
1.67557
1.67482
1.67411
1.67347
1.67288
1.67235
1.67188
1.67146
1.67111
1.67081
1.67056
1.67036
1.67021
1.6701
1.67002
1.66998
1.66997
1.66998
1.67
1.67003
1.67007
1.6701
1.67012
1.67013
1.67011
1.67007
1.67
1.66989
1.66974
1.66955
1.6693
1.66901
1.66867
1.66827
1.66781
1.6673
1.66673
1.6661
1.66542
1.66468
1.66389
1.66304
1.66215
1.6612
1.66021
1.65918
1.65811
1.657
1.65586
1.65469
1.6535
1.65228
1.65105
1.64979
1.64853
1.64726
1.64598
1.64469
1.64341
1.64213
1.64085
1.63958
1.63832
1.63708
1.63584
1.63461
1.6334
1.63221
1.63103
1.62987
1.62873
1.6276
1.62648
1.62539
1.6243
1.62323
1.62217
1.62113
1.62009
1.61907
1.61805
1.61703
1.61602
1.61502
1.61401
1.61301
1.612
1.61098
1.60997
1.60894
1.60791
1.60686
1.60581
1.60475
1.60367
1.60258
1.60147
1.60035
1.59922
1.59807
1.59691
1.59573
1.59454
1.59335
1.59214
1.59092
1.58969
1.58846
1.58722
1.58598
1.58475
1.58352
1.5823
1.58109
1.57989
1.57871
1.57756
1.57643
1.57534
1.57428
1.57326
1.57228
1.57136
1.57049
1.56967
1.56893
1.56825
1.56764
1.56712
1.56668
1.56633
1.56607
1.5659
1.56584
1.56588
1.56603
1.56629
1.56666
1.56714
1.56775
1.56848
1.56932
1.57029
1.57138
1.5726
1.57394
1.5754
1.57699
1.57869
1.58052
1.58246
1.58452
1.58668
1.58896
1.59133
1.59381
1.59638
1.59904
1.60179
1.60462
1.60752
1.61049
1.61353
1.61662
1.61976
1.62295
1.62617
1.62943
1.63271
1.63601
1.63932
1.64263
1.64595
1.64925
1.65254
1.6558
1.65903
1.66223
1.66538
1.66849
1.67154
1.67453
1.67746
1.68031
1.68309
1.68578
1.68839
1.69091
1.69333
1.69565
1.69787
1.69998
1.70199
1.70388
1.70565
1.70731
1.70885
1.71027
1.71157
1.71275
1.71381
1.71475
1.71557
1.71626
1.71684
1.7173
1.71764
1.71787
1.71799
1.718
1.71791
1.71771
1.71741
1.71702
1.71653
1.71596
1.71531
1.71457
1.71376
1.71288
1.71194
1.71093
1.70987
1.70875
1.70759
1.70639
1.70515
1.70387
1.70257
1.70125
1.6999
1.69855
1.69718
1.6958
1.69443
1.69306
1.6917
1.69034
1.689
1.68768
1.68638
1.68511
1.68386
1.68264
1.68146
1.68031
1.67919
1.67812
1.67709
1.6761
1.67515
1.67425
1.67339
1.67259
1.67182
1.67111
1.67044
1.66982
1.66925
1.66872
1.66824
1.6678
1.66741
1.66705
1.66674
1.66647
1.66623
1.66602
1.66585
1.66571
1.6656
1.66552
1.66546
1.66542
1.6654
1.6654
1.66542
1.66545
1.66549
1.66553
1.66559
1.66565
1.66571
1.66577
1.66584
1.6659
1.66596
1.66601
1.66606
1.6661
1.66614
1.66616
1.66618
1.66618
1.66618
1.66616
1.66613
1.66609
1.66604
1.66597
1.66589
1.6658
1.66569
1.66558
1.66545
1.66531
1.66516
1.66499
1.66481
1.66462
1.66442
1.66421
1.66398
1.66374
1.66349
1.66323
1.66295
1.66266
1.66236
1.66205
1.66172
1.66138
1.66103
1.66066
1.66027
1.65987
1.65946
1.65903
1.65858
1.65811
1.65763
1.65713
1.65661
1.65607
1.65551
1.65493
1.65433
1.6537
1.65306
1.65239
1.6517
1.65098
1.65024
1.64948
1.64869
1.64788
1.64704
1.64618
1.6453
1.64439
1.64345
1.6425
1.64152
1.64052
1.63949
1.63845
1.63738
1.63629
1.63519
1.63406
1.63292
1.63177
1.6306
1.62942
1.62823
1.62702
1.62581
1.6246
1.62337
1.62215
1.62092
1.6197
1.61848
1.61726
1.61605
1.61485
1.61366
1.61248
1.61132
1.61018
1.60905
1.60795
1.60687
1.60582
1.6048
1.60381
1.60285
1.60192
1.60103
1.60018
1.59937
1.5986
1.59788
1.5972
1.59657
1.59598
1.59545
1.59496
1.59453
1.59415
1.59382
1.59355
1.59334
1.59318
1.59308
1.59303
1.59304
1.59311
1.59323
1.59341
1.59365
1.59394
1.59428
1.59468
1.59513
1.59563
1.59618
1.59678
1.59743
1.59812
1.59886
1.59964
1.60046
1.60132
1.60222
1.60315
1.60411
1.6051
1.60612
1.60717
1.60823
1.60932
1.61042
1.61154
1.61267
1.6138
1.61494
1.61608
1.61722
1.61836
1.61948
1.6206
1.6217
1.62278
1.62384
1.62488
1.62589
1.62687
1.62782
1.62874
1.62961
1.63044
1.63123
1.63197
1.63267
1.63331
1.63389
1.63442
1.63489
1.6353
1.63565
1.63593
1.63615
1.6363
1.63639
1.6364
1.63634
1.63621
1.63601
1.63574
1.63539
1.63498
1.63449
1.63392
1.63329
1.63259
1.63182
1.63097
1.63006
1.62908
1.62804
1.62694
1.62577
1.62455
1.62326
1.62193
1.62054
1.61911
1.61763
1.6161
1.61454
1.61294
1.61131
1.60965
1.60796
1.60625
1.60453
1.60279
1.60104
1.59928
1.59753
1.59577
1.59403
1.5923
1.59058
1.58889
1.58722
1.58558
1.58398
1.58241
1.58089
1.57942
1.578
1.57664
1.57534
1.57411
1.57295
1.57186
1.57086
1.56993
1.5691
1.56836
1.56771
1.56715
1.5667
1.56636
1.56612
1.56599
1.56597
1.56607
1.56629
1.56663
1.56709
1.56768
1.56839
1.56923
1.5702
1.5713
1.57253
1.57388
1.57537
1.57699
1.57874
1.58062
1.58262
1.58475
1.58701
1.58939
1.59189
1.5945
1.59724
1.60009
1.60305
1.60611
1.60928
1.61254
1.61589
1.61934
1.62287
1.62647
1.63015
1.63389
1.63769
1.64155
1.64545
1.64939
1.65337
1.65737
1.6614
1.66544
1.66948
1.67352
1.67755
1.68157
1.68557
1.68953
1.69347
1.69736
1.70121
1.70501
1.70875
1.71242
1.71603
1.71957
1.72303
1.72642
1.72971
1.73293
1.73605
1.73908
1.74202
1.74486
1.74761
1.75026
1.7528
1.75525
1.7576
1.75985
1.76199
1.76404
1.76599
1.76783
1.76959
1.77124
1.7728
1.77426
1.77564
1.77692
1.77811
1.77922
1.78024
1.78118
1.78203
1.78281
1.78351
1.78414
1.78469
1.78517
1.78558
1.78593
1.78621
1.78642
1.78658
1.78668
1.78672
1.7867
1.78664
1.78652
1.78635
1.78613
1.78587
1.78556
1.78521
1.78482
1.78439
1.78392
1.78341
1.78286
1.78228
1.78167
1.78102
1.78034
1.77963
1.77889
1.77812
1.77732
1.77649
1.77563
1.77474
1.77382
1.77287
1.7719
1.7709
1.76987
1.76881
1.76772
1.76661
1.76546
1.76429
1.76309
1.76186
1.7606
1.7593
1.75797
1.75661
1.75522
1.75379
1.75232
1.75082
1.74928
1.7477
1.74608
1.74442
1.74272
1.74098
1.73919
1.73736
1.73549
1.73357
1.73161
1.7296
1.72754
1.72544
1.72329
1.72109
1.71885
1.71656
1.71422
1.71183
1.70939
1.70691
1.70438
1.70181
1.69919
1.69653
1.69383
1.69108
1.68829
1.68547
1.68261
1.67971
1.67678
1.67382
1.67083
1.66781
1.66478
1.66171
1.65864
1.65554
1.65244
1.64932
1.6462
1.64308
1.63997
1.63686
1.63376
1.63067
1.62761
1.62457
1.62155
1.61857
1.61563
1.61273
1.60987
1.60707
1.60432
1.60162
1.599
1.59644
1.59396
1.59155
1.58923
1.58699
1.58484
1.58278
1.58082
1.57897
1.57721
1.57557
1.57403
1.5726
1.57129
1.57009
1.569
1.56803
1.56719
1.56646
1.56584
1.56535
1.56497
1.56471
1.56457
1.56454
1.56462
1.56481
1.56511
1.5655
1.566
1.5666
1.56729
1.56806
1.56892
1.56986
1.57088
1.57196
1.57311
1.57432
1.57559
1.57691
1.57827
1.57967
1.58111
1.58258
1.58407
1.58558
1.5871
1.58863
1.59016
1.59169
1.59321
1.59472
1.59621
1.59767
1.59911
1.60052
1.60189
1.60322
1.60451
1.60574
1.60692
1.60804
1.6091
1.61009
1.61102
1.61187
1.61264
1.61334
1.61395
1.61447
1.61491
1.61526
1.61551
1.61567
1.61574
1.6157
1.61556
1.61532
1.61498
1.61453
1.61398
1.61332
1.61256
1.61169
1.61071
1.60963
1.60843
1.60713
1.60573
1.60422
1.60261
1.60089
1.59907
1.59715
1.59514
1.59303
1.59083
1.58854
1.58616
1.58369
1.58115
1.57853
1.57583
1.57306
1.57023
1.56733
1.56438
1.56137
1.55831
1.55521
1.55207
1.54889
1.54569
1.54246
1.53921
1.53594
1.53267
1.5294
1.52612
1.52285
1.5196
1.51636
1.51315
1.50997
1.50682
1.50371
1.50064
1.49762
1.49465
1.49175
1.4889
1.48612
1.48342
1.48078
1.47823
1.47576
1.47337
1.47107
1.46886
1.46675
1.46473
1.46281
1.46099
1.45928
1.45766
1.45616
1.45475
1.45346
1.45227
1.45119
1.45022
1.44937
1.44862
1.44798
1.44745
1.44703
1.44671
1.44651
1.44642
1.44643
1.44655
1.44678
1.44711
1.44755
1.44809
1.44874
1.44948
1.45033
1.45128
1.45233
1.45348
1.45473
1.45608
1.45752
1.45905
1.46069
1.46241
1.46422
1.46613
1.46813
1.47021
1.47238
1.47463
1.47697
1.47939
1.48189
1.48447
1.48712
1.48985
1.49264
1.49551
1.49844
1.50144
1.50451
1.50763
1.5108
1.51403
1.51731
1.52064
1.52401
1.52743
1.53088
1.53437
1.53788
1.54143
1.545
1.54859
1.5522
1.55582
1.55946
1.5631
1.56675
1.57039
1.57404
1.57768
1.58131
1.58493
1.58854
1.59212
1.59569
1.59923
1.60274
1.60623
1.60968
1.6131
1.61649
1.61983
1.62314
1.6264
1.62962
1.63279
1.63591
1.63899
1.64201
1.64498
1.6479
1.65076
1.65357
1.65632
1.65902
1.66166
1.66424
1.66676
1.66922
1.67163
1.67398
1.67626
1.67849
1.68066
1.68277
1.68481
1.68681
1.68874
1.69061
1.69243
1.69418
1.69588
1.69753
1.69911
1.70064
1.70212
1.70354
1.70491
1.70622
1.70748
1.70869
1.70985
1.71095
1.71201
1.71301
1.71397
1.71488
1.71575
1.71657
1.71734
1.71807
1.71876
1.71941
1.72002
1.72059
1.72112
1.72162
1.72208
1.72251
1.72291
1.72327
1.72361
1.72392
1.72421
1.72447
1.7247
1.72492
1.72511
1.72529
1.72545
1.7256
1.72573
1.72584
1.72595
1.72605
1.72614
1.72623
1.72631
1.72639
1.72646
1.72654
1.72661
1.72669
1.72676
1.72685
1.72693
1.72702
1.72712
1.72723
1.72734
1.72747
1.7276
1.72774
1.72789
1.72806
1.72823
1.72842
1.72862
1.72883
1.72905
1.72928
1.72952
1.72978
1.73004
1.73031
1.7306
1.73089
1.7312
1.73151
1.73183
1.73215
1.73249
1.73282
1.73317
1.73352
1.73387
1.73423
1.73458
1.73494
1.73529
1.73564
1.73599
1.73633
1.73667
1.737
1.73732
1.73764
1.73794
1.73823
1.7385
1.73876
1.73901
1.73924
1.73944
1.73963
1.73979
1.73993
1.74005
1.74014
1.74019
1.74022
1.74022
1.74018
1.7401
1.73999
1.73984
1.73965
1.73942
1.73914
1.73881
1.73844
1.73802
1.73754
1.73701
1.73643
1.73579
1.73509
1.73434
1.73352
1.73265
1.73171
1.73071
1.72965
1.72852
1.72734
1.72609
1.72477
1.72339
1.72195
1.72045
1.7189
1.71728
1.71561
1.71388
1.71211
1.71029
1.70843
1.70653
1.70459
1.70262
1.70063
1.69861
1.69658
1.69454
1.69249
1.69045
1.68841
1.68639
1.68439
1.68242
1.68049
1.67859
1.67674
1.67495
1.67322
1.67155
1.66997
1.66846
1.66704
1.66572
1.66449
1.66337
1.66236
1.66146
1.66068
1.66002
1.65949
1.65908
1.6588
1.65865
1.65863
1.65875
1.659
1.65938
1.65989
1.66053
1.6613
1.66221
1.66323
1.66438
1.66565
1.66703
1.66853
1.67013
1.67183
1.67364
1.67553
1.67752
1.67958
1.68172
1.68393
1.68621
1.68854
1.69092
1.69334
1.6958
1.6983
1.70082
1.70335
1.7059
1.70846
1.71102
1.71357
1.71611
1.71864
1.72114
1.72361
1.72605
1.72846
1.73083
1.73315
1.73542
1.73764
1.73981
1.74193
1.74398
1.74597
1.7479
1.74976
1.75156
1.7533
1.75496
1.75656
1.7581
1.75957
1.76098
1.76232
1.7636
1.76481
1.76597
1.76706
1.7681
1.76908
1.77001
1.77088
1.77171
1.77249
1.77323
1.77392
1.77457
1.77519
1.77577
1.77631
1.77683
1.77731
1.77777
1.77821
1.77861
1.779
1.77937
1.77972
1.78005
1.78037
1.78067
1.78096
1.78124
1.7815
1.78175
1.78198
1.78221
1.78242
1.78262
1.78281
1.78299
1.78315
1.7833
1.78343
1.78355
1.78365
1.78374
1.78381
1.78386
1.78389
1.7839
1.78388
1.78385
1.78378
1.7837
1.78358
1.78343
1.78326
1.78305
1.78282
1.78254
1.78224
1.78189
1.78151
1.7811
1.78064
1.78015
1.77961
1.77904
1.77842
1.77776
1.77706
1.77631
1.77552
1.77469
1.77382
1.7729
1.77193
1.77092
1.76987
1.76877
1.76763
1.76645
1.76523
1.76396
1.76265
1.7613
1.7599
1.75847
1.757
1.75548
1.75393
1.75234
1.75071
1.74904
1.74734
1.74561
1.74384
1.74203
1.74019
1.73832
1.73642
1.73449
1.73253
1.73054
1.72852
1.72648
1.72441
1.72231
1.72018
1.71804
1.71586
1.71367
1.71145
1.7092
1.70694
1.70465
1.70234
1.70001
1.69766
1.69529
1.6929
1.69048
1.68805
1.6856
1.68312
1.68063
1.67812
1.67559
1.67304
1.67047
1.66788
1.66528
1.66266
1.66003
1.65738
1.65471
1.65203
1.64934
1.64664
1.64393
1.64122
1.63849
1.63577
1.63304
1.63031
1.62759
1.62487
1.62216
1.61946
1.61678
1.61411
1.61147
1.60886
1.60628
1.60374
1.60124
1.59879
1.59638
1.59403
1.59174
1.58952
1.58736
1.58528
1.58328
1.58137
1.57955
1.57782
1.57619
1.57466
1.57325
1.57194
1.57074
1.56967
1.56871
1.56787
1.56715
1.56656
1.56608
1.56573
1.5655
1.5654
1.56541
1.56553
1.56577
1.56612
1.56657
1.56713
1.56778
1.56852
1.56934
1.57024
1.57122
1.57226
1.57337
1.57453
1.57573
1.57698
1.57826
1.57957
1.5809
1.58224
1.5836
1.58495
1.58631
1.58766
1.589
1.59032
1.59162
1.5929
1.59415
1.59536
1.59654
1.59769
1.59879
1.59986
1.60088
1.60185
1.60279
1.60367
1.60451
1.6053
1.60605
1.60675
1.6074
1.60801
1.60858
1.6091
1.60959
1.61003
1.61044
1.61081
1.61115
1.61146
1.61174
1.61199
1.61222
1.61243
1.61261
1.61278
1.61294
1.61308
1.61322
1.61335
1.61347
1.6136
1.61372
1.61384
1.61398
1.61411
1.61426
1.61442
1.61458
1.61477
1.61497
1.61518
1.61541
1.61567
1.61594
1.61623
1.61654
1.61687
1.61722
1.61759
1.61798
1.61839
1.61882
1.61926
1.61971
1.62018
1.62066
1.62116
1.62166
1.62216
1.62267
1.62318
1.6237
1.6242
1.6247
1.6252
1.62568
1.62614
1.6266
1.62703
1.62744
1.62783
1.62819
1.62852
1.62882
1.62909
1.62933
1.62953
1.62968
1.6298
1.62988
1.62991
1.62989
1.62983
1.62973
1.62957
1.62937
1.62911
1.62881
1.62845
1.62805
1.62759
1.62709
1.62653
1.62593
1.62527
1.62457
1.62382
1.62303
1.62218
1.62129
1.62036
1.61938
1.61836
1.6173
1.6162
1.61506
1.61388
1.61266
1.61141
1.61012
1.6088
1.60745
1.60607
1.60466
1.60322
1.60176
1.60027
1.59876
1.59723
1.59568
1.59411
1.59253
1.59094
1.58934
1.58774
1.58613
1.58452
1.58292
1.58132
1.57973
1.57816
1.57661
1.57508
1.57357
1.57209
1.57065
1.56925
1.56789
1.56658
1.56532
1.56412
1.56297
1.56189
1.56088
1.55994
1.55907
1.55829
1.55759
1.55697
1.55644
1.55601
1.55567
1.55542
1.55528
1.55523
1.55528
1.55544
1.5557
1.55606
1.55652
1.55709
1.55776
1.55853
1.5594
1.56036
1.56143
1.56258
1.56383
1.56517
1.56659
1.56809
1.56968
1.57133
1.57307
1.57487
1.57673
1.57865
1.58063
1.58265
1.58473
1.58684
1.58899
1.59118
1.59339
1.59561
1.59786
1.60012
1.60238
1.60464
1.60691
1.60916
1.6114
1.61363
1.61583
1.61801
1.62015
1.62226
1.62433
1.62635
1.62832
1.63025
1.63211
1.63391
1.63565
1.63732
1.63891
1.64043
1.64187
1.64323
1.64451
1.6457
1.6468
1.6478
1.64872
1.64953
1.65025
1.65088
1.65139
1.65181
1.65213
1.65234
1.65245
1.65245
1.65235
1.65214
1.65183
1.65142
1.6509
1.65028
1.64956
1.64874
1.64782
1.64681
1.6457
1.6445
1.64321
1.64183
1.64036
1.63881
1.63718
1.63548
1.6337
1.63185
1.62994
1.62796
1.62592
1.62382
1.62167
1.61947
1.61722
1.61493
1.6126
1.61023
1.60783
1.6054
1.60295
1.60048
1.59798
1.59547
1.59295
1.59042
1.58788
1.58535
1.58281
1.58027
1.57774
1.57523
1.57272
1.57023
1.56776
1.56531
1.56288
1.56047
1.5581
1.55576
1.55345
1.55118
1.54895
1.54676
1.54461
1.54251
1.54046
1.53846
1.53652
1.53463
1.5328
1.53103
1.52933
1.52769
1.52613
1.52463
1.52321
1.52186
1.5206
1.51941
1.51831
1.51729
1.51636
1.51551
1.51475
1.51409
1.51351
1.51303
1.51264
1.51234
1.51214
1.51202
1.512
1.51207
1.51224
1.51249
1.51284
1.51327
1.5138
1.51441
1.5151
1.51589
1.51676
1.51771
1.51873
1.51984
1.52103
1.52229
1.52362
1.52503
1.52651
1.52806
1.52968
1.53136
1.53311
1.53492
1.5368
1.53873
1.54073
1.54278
1.54488
1.54704
1.54925
1.55151
1.55381
1.55616
1.55855
1.56098
1.56345
1.56594
1.56847
1.57102
1.57359
1.57618
1.57878
1.58138
1.58399
1.58659
1.58918
1.59175
1.5943
1.59683
1.59932
1.60177
1.60418
1.60653
1.60882
1.61105
1.61321
1.61529
1.61729
1.6192
1.62102
1.62274
1.62436
1.62587
1.62728
1.62857
1.62974
1.63079
1.63172
1.63253
1.63322
1.63378
1.63422
1.63453
1.63472
1.63478
1.63473
1.63455
1.63427
1.63387
1.63336
1.63275
1.63204
1.63124
1.63035
1.62938
1.62833
1.62721
1.62603
1.62479
1.62351
1.62218
1.62082
1.61944
1.61804
1.61662
1.61521
1.6138
1.61241
1.61104
1.60969
1.60838
1.60712
1.6059
1.60474
1.60364
1.60261
1.60165
1.60077
1.59998
1.59926
1.59864
1.59811
1.59767
1.59733
1.59709
1.59694
1.59689
1.59693
1.59707
1.59731
1.59764
1.59805
1.59856
1.59915
1.59981
1.60056
1.60137
1.60225
1.6032
1.6042
1.60525
1.60635
1.60749
1.60866
1.60986
1.61109
1.61233
1.61359
1.61485
1.61611
1.61737
1.61862
1.61985
1.62106
1.62225
1.62341
1.62453
1.62562
1.62666
1.62766
1.62862
1.62952
1.63037
1.63116
1.6319
1.63258
1.6332
1.63376
1.63426
1.6347
1.63508
1.6354
1.63566
1.63586
1.63601
1.6361
1.63614
1.63614
1.63609
1.636
1.63587
1.63571
1.63551
1.6353
1.63506
1.6348
1.63454
1.63426
1.634
1.63373
1.63348
1.63324
1.63303
1.63284
1.63269
1.63257
1.6325
1.63247
1.6325
1.63258
1.63273
1.63294
1.63321
1.63356
1.63399
1.63448
1.63506
1.63571
1.63644
1.63725
1.63814
1.63911
1.64015
1.64127
1.64245
1.64371
1.64503
1.64642
1.64786
1.64936
1.65091
1.6525
1.65413
1.65579
1.65749
1.6592
1.66093
1.66266
1.6644
1.66613
1.66786
1.66957
1.67126
1.67291
1.67453
1.67612
1.67765
1.67913
1.68056
1.68192
1.68322
1.68444
1.68559
1.68666
1.68764
1.68853
1.68934
1.69005
1.69066
1.69118
1.69159
1.69191
1.69212
1.69223
1.69224
1.69214
1.69194
1.69163
1.69122
1.69071
1.6901
1.6894
1.68859
1.68769
1.6867
1.68562
1.68446
1.68321
1.68189
1.68049
1.67902
1.67749
1.67589
1.67424
1.67253
1.67078
1.66898
1.66714
1.66527
1.66337
1.66144
1.6595
1.65754
1.65558
1.65361
1.65164
1.64967
1.64772
1.64577
1.64385
1.64194
1.64006
1.63821
1.63639
1.63461
1.63286
1.63115
1.62949
1.62787
1.6263
1.62477
1.6233
1.62188
1.6205
1.61918
1.61791
1.6167
1.61554
1.61443
1.61337
1.61236
1.61141
1.61051
1.60965
1.60885
1.6081
1.6074
1.60675
1.60614
1.60558
1.60507
1.60461
1.60419
1.60381
1.60349
1.60321
1.60297
1.60278
1.60264
1.60254
1.60249
1.60249
1.60254
1.60263
1.60278
1.60297
1.60322
1.60352
1.60387
1.60427
1.60473
1.60525
1.60582
1.60645
1.60714
1.60789
1.6087
1.60957
1.61049
1.61148
1.61253
1.61364
1.61482
1.61605
1.61734
1.61869
1.62011
1.62158
1.6231
1.62469
1.62633
1.62802
1.62977
1.63156
1.63341
1.6353
1.63725
1.63923
1.64126
1.64333
1.64544
1.64759
1.64977
1.65198
1.65422
1.65649
1.65878
1.66109
1.66343
1.66578
1.66815
1.67053
1.67292
1.67532
1.67773
1.68014
1.68255
1.68496
1.68737
1.68978
1.69218
1.69457
1.69695
1.69932
1.70167
1.70401
1.70634
1.70864
1.71092
1.71318
1.71542
1.71762
1.71981
1.72196
1.72408
1.72617
1.72823
1.73025
1.73224
1.73419
1.73609
1.73796
1.73979
1.74157
1.74331
1.74501
1.74665
1.74825
1.7498
1.75131
1.75275
1.75415
1.7555
1.75679
1.75803
1.75921
1.76034
1.76141
1.76243
1.76339
1.76429
1.76514
1.76593
1.76667
1.76734
1.76796
1.76853
1.76904
1.76949
1.76989
1.77024
1.77054
1.77079
1.77099
1.77114
1.77125
1.77131
1.77132
1.7713
1.77124
1.77113
1.771
1.77083
1.77062
1.77039
1.77013
1.76984
1.76953
1.7692
1.76885
1.76848
1.7681
1.7677
1.76729
1.76687
1.76644
1.766
1.76556
1.76511
1.76466
1.76421
1.76376
1.7633
1.76285
1.7624
1.76196
1.76151
1.76107
1.76063
1.7602
1.75978
1.75935
1.75894
1.75852
1.75812
1.75771
1.75732
1.75692
1.75653
1.75615
1.75577
1.75539
1.75501
1.75464
1.75426
1.7539
1.75353
1.75316
1.7528
1.75243
1.75207
1.75171
1.75135
1.75099
1.75063
1.75027
1.74992
1.74956
1.74921
1.74887
1.74852
1.74818
1.74784
1.74751
1.74718
1.74685
1.74653
1.74622
1.74591
1.7456
1.74531
1.74502
1.74475
1.74448
1.74423
1.74398
1.74375
1.74353
1.74332
1.74312
1.74294
1.74277
1.74262
1.74248
1.74235
1.74225
1.74215
1.74208
1.74202
1.74198
1.74195
1.74194
1.74195
1.74197
1.74201
1.74206
1.74213
1.74222
1.74231
1.74242
1.74254
1.74268
1.74282
1.74297
1.74313
1.7433
1.74347
1.74364
1.74382
1.74399
1.74417
1.74434
1.74451
1.74467
1.74483
1.74497
1.7451
1.74521
1.74531
1.74539
1.74545
1.74548
1.74549
1.74547
1.74543
1.74535
1.74524
1.74509
1.74491
1.74469
1.74443
1.74413
1.74379
1.7434
1.74297
1.74249
1.74196
1.74138
1.74076
1.74008
1.73935
1.73857
1.73774
1.73685
1.73592
1.73493
1.73389
1.73281
1.73167
1.73048
1.72925
1.72797
1.72664
1.72527
1.72386
1.72241
1.72093
1.7194
1.71785
1.71626
1.71464
1.713
1.71134
1.70965
1.70795
1.70623
1.70451
1.70277
1.70103
1.69929
1.69755
1.69582
1.69409
1.69238
1.69068
1.68901
1.68735
1.68573
1.68413
1.68256
1.68103
1.67954
1.6781
1.67669
1.67534
1.67403
1.67278
1.67159
1.67045
1.66938
1.66836
1.66741
1.66653
1.66572
1.66497
1.66429
1.66369
1.66316
1.6627
1.66231
1.662
1.66176
1.66159
1.66149
1.66147
1.66152
1.66164
1.66183
1.66209
1.66242
1.66282
1.66328
1.66381
1.66441
1.66506
1.66578
1.66655
1.66738
1.66827
1.66921
1.67021
1.67125
1.67234
1.67349
1.67467
1.6759
1.67717
1.67848
1.67983
1.68122
1.68264
1.68409
1.68558
1.6871
1.68865
1.69022
1.69183
1.69345
1.69511
1.69679
1.69849
1.70021
1.70196
1.70372
1.70551
1.70731
1.70913
1.71097
1.71282
1.71468
1.71656
1.71845
1.72036
1.72227
1.72419
1.72612
1.72806
1.73
1.73195
1.7339
1.73585
1.7378
1.73974
1.74168
1.74361
1.74554
1.74745
1.74935
1.75123
1.75309
1.75494
1.75676
1.75855
1.76031
1.76205
1.76374
1.7654
1.76702
1.76859
1.77012
1.7716
1.77303
1.7744
1.77571
1.77696
1.77815
1.77928
1.78034
1.78132
1.78223
1.78307
1.78383
1.78451
1.78511
1.78562
1.78605
1.7864
1.78665
1.78681
1.78688
1.78686
1.78675
1.78653
1.78623
1.78582
1.78532
1.78471
1.78401
1.78321
1.7823
1.7813
1.7802
1.77899
1.77768
1.77628
1.77477
1.77316
1.77145
1.76964
1.76773
1.76572
1.76361
1.76141
1.75912
1.75673
1.75425
1.75168
1.74902
1.74627
1.74344
1.74052
1.73753
1.73446
1.73131
1.72809
1.72481
1.72145
1.71804
1.71456
1.71103
1.70744
1.70381
1.70013
1.69641
1.69265
1.68885
1.68503
1.68118
1.6773
1.67341
1.66951
1.66559
1.66167
1.65775
1.65384
1.64993
1.64603
1.64215
1.63829
1.63445
1.63063
1.62685
1.62311
1.6194
1.61574
1.61212
1.60855
1.60504
1.60158
1.59818
1.59484
1.59157
1.58837
1.58524
1.58219
1.57921
1.57631
1.57349
1.57076
1.56812
1.56556
1.56309
1.56071
1.55843
1.55625
1.55415
1.55216
1.55027
1.54847
1.54678
1.54519
1.5437
1.54231
1.54103
1.53984
1.53876
1.53779
1.53691
1.53614
1.53548
1.53491
1.53444
1.53407
1.53381
1.53364
1.53356
1.53358
1.53369
1.5339
1.5342
1.53458
1.53505
1.53561
1.53625
1.53697
1.53776
1.53863
1.53958
1.54059
1.54167
1.54282
1.54403
1.54531
1.54664
1.54803
1.54947
1.55097
1.55252
1.55411
1.55574
1.55742
1.55914
1.5609
1.56269
1.56452
1.56638
1.56827
1.57019
1.57213
1.5741
1.57608
1.57809
1.58011
1.58215
1.58421
1.58628
1.58835
1.59043
1.59252
1.59461
1.59671
1.5988
1.60088
1.60296
1.60503
1.60709
1.60914
1.61117
1.61319
1.61518
1.61715
1.61909
1.621
1.62288
1.62473
1.62654
1.62832
1.63005
1.63174
1.63338
1.63497
1.63652
1.63801
1.63945
1.64084
1.64217
1.64345
1.64467
1.64583
1.64693
1.64797
1.64895
1.64987
1.65074
1.65154
1.65228
1.65296
1.65359
1.65416
1.65468
1.65514
1.65555
1.65591
1.65623
1.65649
1.65671
1.65689
1.65703
1.65712
1.65719
1.65721
1.65721
1.65717
1.65711
1.65701
1.65689
1.65675
1.65659
1.65641
1.6562
1.65598
1.65574
1.65549
1.65522
1.65493
1.65463
1.65432
1.65399
1.65365
1.6533
1.65293
1.65256
1.65217
1.65176
1.65135
1.65092
1.65048
1.65003
1.64956
1.64908
1.64859
1.64808
1.64756
1.64703
1.64649
1.64593
1.64536
1.64478
1.6442
1.6436
1.64299
1.64238
1.64176
1.64113
1.6405
1.63987
1.63925
1.63862
1.638
1.63738
1.63678
1.63618
1.63559
1.63503
1.63448
1.63395
1.63344
1.63296
1.63251
1.6321
1.63173
1.63139
1.6311
1.63085
1.63066
1.63052
1.63045
1.63043
1.63048
1.63059
1.63078
1.63105
1.63139
1.63182
1.63233
1.63292
1.63361
1.63438
1.63524
1.6362
1.63725
1.6384
1.63963
1.64097
1.64239
1.64391
1.64552
1.64722
1.64901
1.65088
1.65283
1.65486
1.65696
1.65914
1.66138
1.66369
1.66605
1.66847
1.67094
1.67344
1.67598
1.67855
1.68115
1.68377
1.6864
1.68903
1.69167
1.69429
1.69691
1.69951
1.70209
1.70463
1.70714
1.7096
1.71202
1.71439
1.7167
1.71894
1.72112
1.72322
1.72524
1.72719
1.72904
1.73081
1.73248
1.73406
1.73553
1.73691
1.73818
1.73934
1.7404
1.74134
1.74218
1.74291
1.74352
1.74402
1.74442
1.7447
1.74488
1.74495
1.74491
1.74478
1.74454
1.74422
1.7438
1.7433
1.74271
1.74205
1.74132
1.74053
1.73967
1.73876
1.73781
1.73681
1.73578
1.73472
1.73363
1.73253
1.73142
1.73031
1.72919
1.72808
1.72697
1.72588
1.72481
1.72375
1.72272
1.7217
1.72071
1.71975
1.71881
1.7179
1.71701
1.71613
1.71528
1.71445
1.71362
1.71281
1.712
1.7112
1.7104
1.70959
1.70878
1.70795
1.7071
1.70624
1.70535
1.70444
1.70349
1.70251
1.70149
1.70043
1.69933
1.69819
1.69701
1.69578
1.69451
1.69319
1.69182
1.69041
1.68896
1.68746
1.68592
1.68434
1.68273
1.68107
1.67939
1.67768
1.67593
1.67417
1.67238
1.67057
1.66875
1.66691
1.66507
1.66322
1.66136
1.65951
1.65766
1.65583
1.654
1.65219
1.65039
1.64862
1.64686
1.64514
1.64344
1.64178
1.64015
1.63855
1.63699
1.63547
1.634
1.63256
1.63117
1.62983
1.62853
1.62728
1.62608
1.62493
1.62383
1.62278
1.62178
1.62084
1.61994
1.6191
1.61831
1.61757
1.61688
1.61625
1.61566
1.61513
1.61465
1.61421
1.61383
1.61349
1.6132
1.61296
1.61277
1.61262
1.61251
1.61245
1.61244
1.61247
1.61254
1.61265
1.6128
1.61299
1.61322
1.61349
1.61379
1.61413
1.61451
1.61492
1.61537
1.61585
1.61636
1.6169
1.61748
1.61808
1.61871
1.61937
1.62006
1.62077
1.62151
1.62226
1.62304
1.62384
1.62466
1.6255
1.62636
1.62723
1.62811
1.62901
1.62991
1.63083
1.63175
1.63268
1.63362
1.63455
1.63549
1.63643
1.63736
1.63828
1.6392
1.64011
1.64101
1.6419
1.64277
1.64362
1.64445
1.64527
1.64606
1.64682
1.64756
1.64827
1.64894
1.64958
1.65019
1.65076
1.65129
1.65178
1.65223
1.65263
1.65298
1.65328
1.65353
1.65373
1.65387
1.65396
1.65399
1.65396
1.65387
1.65372
1.65351
1.65324
1.6529
1.6525
1.65203
1.6515
1.65091
1.65025
1.64953
1.64874
1.64789
1.64698
1.64602
1.64499
1.64391
1.64278
1.64159
1.64036
1.63908
1.63776
1.6364
1.63501
1.63358
1.63213
1.63065
1.62916
1.62765
1.62614
1.62463
1.62312
1.62162
1.62014
1.61867
1.61724
1.61583
1.61447
1.61315
1.61188
1.61067
1.60953
1.60845
1.60745
1.60653
1.60569
1.60494
1.60429
1.60373
1.60328
1.60293
1.60269
1.60256
1.60255
1.60265
1.60286
1.6032
1.60365
1.60422
1.60491
1.60571
1.60663
1.60766
1.6088
1.61005
1.6114
1.61286
1.61442
1.61607
1.61782
1.61965
1.62156
1.62356
1.62563
1.62777
1.62998
1.63225
1.63457
1.63695
1.63938
1.64184
1.64435
1.64689
1.64947
1.65206
1.65468
1.65732
1.65997
1.66264
1.66531
1.66798
1.67066
1.67333
1.676
1.67866
1.68131
1.68395
1.68657
1.68918
1.69177
1.69434
1.69688
1.69941
1.70191
1.70438
1.70683
1.70925
1.71164
1.71401
1.71634
1.71865
1.72092
1.72317
1.72539
1.72758
1.72973
1.73186
1.73396
1.73603
1.73807
1.74009
1.74207
1.74403
1.74596
1.74787
1.74975
1.7516
1.75343
1.75523
1.75701
1.75876
1.76049
1.7622
1.76388
1.76554
1.76717
1.76878
1.77036
1.77192
1.77346
1.77497
1.77645
1.7779
1.77933
1.78073
1.7821
1.78344
1.78475
1.78603
1.78727
1.78847
1.78964
1.79077
1.79186
1.7929
1.79391
1.79487
1.79578
1.79665
1.79746
1.79822
1.79893
1.79958
1.80018
1.80072
1.8012
1.80162
1.80198
1.80227
1.80249
1.80265
1.80275
1.80277
1.80273
1.80262
1.80243
1.80218
1.80186
1.80146
1.80099
1.80045
1.79985
1.79917
1.79842
1.79761
1.79672
1.79578
1.79476
1.79369
1.79255
1.79135
1.79009
1.78877
1.7874
1.78597
1.7845
1.78298
1.78141
1.77981
1.77816
1.77647
1.77475
1.773
1.77123
1.76943
1.76761
1.76577
1.76391
1.76204
1.76017
1.75829
1.7564
1.75452
1.75263
1.75076
1.74889
1.74703
1.74518
1.74335
1.74153
1.73973
1.73796
1.7362
1.73447
1.73276
1.73108
1.72943
1.7278
1.7262
1.72463
1.72309
1.72158
1.7201
1.71865
1.71723
1.71584
1.71448
1.71315
1.71185
1.71058
1.70934
1.70812
1.70694
1.70578
1.70465
1.70354
1.70246
1.70141
1.70038
1.69938
1.69841
1.69746
1.69654
1.69564
1.69477
1.69393
1.69311
1.69232
1.69156
1.69083
1.69012
1.68945
1.6888
1.68818
1.6876
1.68704
1.68651
1.68602
1.68556
1.68513
1.68474
1.68438
1.68405
1.68376
1.6835
1.68327
1.68308
1.68292
1.68279
1.68268
1.68261
1.68257
1.68256
1.68258
1.68261
1.68268
1.68276
1.68287
1.68299
1.68313
1.68329
1.68346
1.68363
1.68382
1.68401
1.6842
1.68439
1.68457
1.68476
1.68493
1.68509
1.68523
1.68536
1.68547
1.68555
1.68561
1.68564
1.68564
1.68561
1.68554
1.68543
1.68528
1.68509
1.68486
1.68458
1.68425
1.68388
1.68345
1.68298
1.68245
1.68187
1.68124
1.68055
1.67982
1.67903
1.67819
1.6773
1.67635
1.67536
1.67432
1.67323
1.67209
1.67091
1.66969
1.66843
1.66712
1.66578
1.66441
1.663
1.66157
1.66011
1.65862
1.65711
1.65559
1.65404
1.65249
1.65092
1.64935
1.64778
1.64621
1.64464
1.64308
1.64152
1.63999
1.63847
1.63697
1.6355
1.63406
1.63264
1.63127
1.62993
1.62863
1.62738
1.62617
1.62501
1.62391
1.62286
1.62186
1.62092
1.62004
1.61922
1.61846
1.61777
1.61714
1.61657
1.61607
1.61563
1.61526
1.61496
1.61472
1.61454
1.61442
1.61437
1.61437
1.61443
1.61455
1.61472
1.61494
1.61522
1.61554
1.61591
1.61633
1.61679
1.61729
1.61782
1.6184
1.619
1.61964
1.62032
1.62101
1.62174
1.62249
1.62327
1.62406
1.62488
1.62572
1.62657
1.62744
1.62833
1.62923
1.63015
1.63108
1.63202
1.63298
1.63394
1.63492
1.63591
1.63691
1.63792
1.63895
1.63998
1.64103
1.64208
1.64315
1.64423
1.64532
1.64643
1.64755
1.64868
1.64982
1.65098
1.65216
1.65334
1.65455
1.65576
1.657
1.65824
1.65951
1.66078
1.66208
1.66338
1.66471
1.66605
1.66741
1.66878
1.67016
1.67156
1.67297
1.6744
1.67584
1.67728
1.67875
1.68022
1.6817
1.68319
1.68469
1.6862
1.68771
1.68923
1.69075
1.69227
1.6938
1.69532
1.69684
1.69836
1.69987
1.70137
1.70287
1.70435
1.70583
1.70729
1.70874
1.71017
1.71159
1.71298
1.71436
1.71572
1.71705
1.71836
1.71964
1.7209
1.72213
1.72333
1.7245
1.72564
1.72675
1.72782
1.72886
1.72987
1.73084
1.73177
1.73267
1.73353
1.73435
1.73513
1.73587
1.73658
1.73724
1.73787
1.73845
1.739
1.73951
1.73998
1.74041
1.7408
1.74115
1.74147
1.74174
1.74198
1.74219
1.74235
1.74249
1.74258
1.74265
1.74268
1.74268
1.74264
1.74258
1.74249
1.74237
1.74223
1.74206
1.74186
1.74164
1.7414
1.74113
1.74085
1.74055
1.74023
1.7399
1.73955
1.73918
1.7388
1.73841
1.73801
1.7376
1.73718
1.73675
1.73631
1.73587
1.73543
1.73498
1.73453
1.73407
1.73362
1.73316
1.7327
1.73225
1.7318
1.73135
1.7309
1.73046
1.73002
1.72959
1.72916
1.72875
1.72834
1.72794
1.72754
1.72716
1.72679
1.72643
1.72608
1.72574
1.72541
1.7251
1.7248
1.72452
1.72425
1.724
1.72376
1.72353
1.72333
1.72314
1.72296
1.72281
1.72267
1.72255
1.72244
1.72236
1.72229
1.72224
1.72221
1.72219
1.72219
1.72221
1.72224
1.72229
1.72235
1.72243
1.72251
1.72261
1.72272
1.72283
1.72295
1.72307
1.7232
1.72332
1.72345
1.72356
1.72367
1.72378
1.72387
1.72394
1.724
1.72403
1.72405
1.72403
1.72399
1.72392
1.72381
1.72366
1.72347
1.72324
1.72296
1.72262
1.72223
1.72178
1.72127
1.72069
1.72005
1.71935
1.71856
1.71771
1.71678
1.71577
1.71468
1.71351
1.71226
1.71092
1.7095
1.70799
1.7064
1.70472
1.70296
1.70111
1.69918
1.69717
1.69507
1.6929
1.69065
1.68832
1.68592
1.68345
1.68092
1.67832
1.67566
1.67295
1.67019
1.66739
1.66455
1.66167
1.65876
1.65583
1.65288
1.64991
1.64694
1.64397
1.64101
1.63805
1.63511
1.6322
1.62931
1.62646
1.62365
1.62088
1.61816
1.6155
1.61289
1.61035
1.60787
1.60546
1.60313
1.60088
1.5987
1.59661
1.5946
1.59268
1.59084
1.5891
1.58744
1.58587
1.5844
1.58301
1.58172
1.58052
1.57941
1.57838
1.57745
1.5766
1.57585
1.57517
1.57459
1.57409
1.57367
1.57333
1.57307
1.57288
1.57278
1.57274
1.57278
1.57289
1.57307
1.57331
1.57362
1.57399
1.57442
1.5749
1.57544
1.57604
1.57668
1.57737
1.57811
1.57888
1.5797
1.58055
1.58144
1.58235
1.5833
1.58426
1.58525
1.58626
1.58729
1.58832
1.58937
1.59042
1.59148
1.59253
1.59359
1.59464
1.59568
1.59672
1.59774
1.59874
1.59972
1.60069
1.60163
1.60254
1.60343
1.60428
1.6051
1.60588
1.60663
1.60734
1.60801
1.60863
1.6092
1.60973
1.61021
1.61064
1.61101
1.61133
1.6116
1.6118
1.61195
1.61203
1.61206
1.61201
1.61191
1.61173
1.61149
1.61118
1.6108
1.61035
1.60983
1.60924
1.60857
1.60783
1.60702
1.60614
1.60517
1.60414
1.60303
1.60185
1.6006
1.59927
1.59788
1.59642
1.59489
1.5933
1.59165
1.58994
1.58818
1.58636
1.58449
1.58258
1.58063
1.57865
1.57664
1.5746
1.57255
1.57048
1.56842
1.56636
1.56431
1.56228
1.56027
1.5583
1.55638
1.55451
1.5527
1.55096
1.5493
1.54772
1.54624
1.54486
1.54359
1.54244
1.54142
1.54053
1.53977
1.53916
1.5387
1.53839
1.53823
1.53824
1.5384
1.53873
1.53923
1.53988
1.5407
1.54169
1.54283
1.54414
1.54561
1.54723
1.549
1.55093
1.553
1.55521
1.55755
1.56003
1.56264
1.56537
1.56822
1.57118
1.57425
1.57743
1.5807
1.58406
1.58752
1.59105
1.59465
1.59833
1.60207
1.60587
1.60972
1.61362
1.61755
1.62152
1.62552
1.62954
1.63358
1.63763
1.64168
1.64572
1.64976
1.65378
1.65778
1.66175
1.66569
1.66959
1.67345
1.67725
1.68101
1.6847
1.68833
1.69188
1.69537
1.69878
1.7021
1.70534
1.70849
1.71154
1.7145
1.71736
1.72013
1.72278
1.72533
1.72778
1.73012
1.73234
1.73445
1.73645
1.73834
1.74011
1.74176
1.7433
1.74472
1.74603
1.74722
1.7483
1.74926
1.75011
1.75084
1.75146
1.75197
1.75237
1.75265
1.75283
1.75291
1.75287
1.75274
1.7525
1.75216
1.75173
1.7512
1.75058
1.74987
1.74907
1.74818
1.74722
1.74617
1.74505
1.74386
1.74259
1.74126
1.73987
1.73841
1.7369
1.73534
1.73373
1.73207
1.73037
1.72863
1.72686
1.72506
1.72324
1.72139
1.71952
1.71763
1.71574
1.71383
1.71193
1.71002
1.70812
1.70622
1.70433
1.70246
1.70061
1.69877
1.69696
1.69517
1.69341
1.69168
1.68998
1.68832
1.6867
1.68512
1.68358
1.68208
1.68062
1.67921
1.67785
1.67653
1.67525
1.67403
1.67285
1.67172
1.67063
1.66959
1.66859
1.66764
1.66673
1.66586
1.66503
1.66424
1.66349
1.66277
1.66209
1.66143
1.6608
1.6602
1.65962
1.65906
1.65851
1.65798
1.65745
1.65694
1.65642
1.65591
1.6554
1.65487
1.65434
1.65379
1.65323
1.65265
1.65204
1.65141
1.65074
1.65004
1.6493
1.64852
1.6477
1.64683
1.6459
1.64492
1.64389
1.64279
1.64163
1.64041
1.63911
1.63774
1.6363
1.63478
1.63319
1.63151
1.62975
1.6279
1.62597
1.62395
1.62185
1.61965
1.61736
1.61499
1.61252
1.60996
1.60731
1.60457
1.60173
1.59881
1.5958
1.59271
1.58953
1.58627
1.58292
1.5795
1.57601
1.57245
1.56882
1.56513
1.56138
1.55758
1.55373
1.54984
1.54591
1.54195
1.53797
1.53397
1.52997
1.52595
1.52195
1.51795
1.51398
1.51003
1.50613
1.50226
1.49845
1.49469
1.49101
1.4874
1.48388
1.48045
1.47712
1.4739
1.4708
1.46782
1.46497
1.46226
1.4597
1.45728
1.45502
1.45292
1.45099
1.44923
1.44765
1.44625
1.44502
1.44399
1.44314
1.44248
1.442
1.44172
1.44163
1.44173
1.44202
1.4425
1.44317
1.44401
1.44504
1.44625
1.44763
1.44918
1.4509
1.45278
1.45481
1.457
1.45933
1.4618
1.46441
1.46715
1.47
1.47297
1.47605
1.47923
1.48251
1.48587
1.48932
1.49284
1.49643
1.50008
1.50379
1.50754
1.51134
1.51518
1.51905
1.52295
1.52687
1.5308
1.53475
1.5387
1.54265
1.5466
1.55055
1.55448
1.55841
1.56231
1.5662
1.57006
1.57389
1.5777
1.58148
1.58523
1.58894
1.59262
1.59626
1.59985
1.60341
1.60693
1.6104
1.61382
1.6172
1.62054
1.62382
1.62705
1.63023
1.63336
1.63644
1.63946
1.64243
1.64534
1.6482
1.651
1.65374
1.65642
1.65904
1.6616
1.66409
1.66652
1.66889
1.67118
1.67341
1.67557
1.67766
1.67967
1.68161
1.68348
1.68527
1.68698
1.68862
1.69017
1.69165
1.69304
1.69435
1.69557
1.69671
1.69777
1.69873
1.69961
1.7004
1.70111
1.70172
1.70224
1.70268
1.70302
1.70328
1.70344
1.70351
1.70349
1.70339
1.70319
1.70291
1.70254
1.70208
1.70154
1.70092
1.70021
1.69943
1.69856
1.69762
1.6966
1.69551
1.69435
1.69312
1.69183
1.69047
1.68906
1.68759
1.68606
1.68449
1.68286
1.68119
1.67948
1.67774
1.67596
1.67416
1.67232
1.67047
1.66859
1.6667
1.6648
1.66289
1.66098
1.65907
1.65716
1.65526
1.65337
1.65149
1.64963
1.64779
1.64597
1.64418
1.64241
1.64068
1.63898
1.63731
1.63568
1.63409
1.63253
1.63102
1.62955
1.62813
1.62675
1.62541
1.62411
1.62287
1.62166
1.6205
1.61939
1.61831
1.61728
1.6163
1.61535
1.61444
1.61357
1.61274
1.61194
1.61118
1.61045
1.60975
1.60909
1.60845
1.60784
1.60725
1.60668
1.60614
1.60562
1.60512
1.60464
1.60417
1.60372
1.60328
1.60285
1.60244
1.60203
1.60164
1.60125
1.60088
1.60051
1.60014
1.59978
1.59942
1.59907
1.59872
1.59837
1.59803
1.59768
1.59734
1.59699
1.59665
1.5963
1.59595
1.59561
1.59525
1.5949
1.59454
1.59418
1.59381
1.59344
1.59307
1.59268
1.59229
1.59188
1.59147
1.59105
1.59062
1.59018
1.58973
1.58926
1.58878
1.58828
1.58777
1.58724
1.5867
1.58614
1.58556
1.58496
1.58434
1.5837
1.58304
1.58235
1.58165
1.58092
1.58017
1.57939
1.57859
1.57777
1.57692
1.57605
1.57516
1.57424
1.57329
1.57233
1.57134
1.57032
1.56929
1.56823
1.56716
1.56606
1.56494
1.56381
1.56266
1.5615
1.56032
1.55913
1.55793
1.55672
1.55551
1.55429
1.55307
1.55185
1.55063
1.54941
1.54821
1.54701
1.54582
1.54464
1.54348
1.54234
1.54122
1.54013
1.53906
1.53802
1.53701
1.53604
1.5351
1.5342
1.53334
1.53252
1.53176
1.53104
1.53037
1.52976
1.5292
1.5287
1.52827
1.5279
1.52759
1.52736
1.52719
1.5271
1.52709
1.52716
1.52731
1.52754
1.52786
1.52827
1.52877
1.52936
1.53005
1.53084
1.53172
1.53271
1.5338
1.53499
1.53628
1.53768
1.53919
1.5408
1.54252
1.54435
1.54628
1.54833
1.55048
1.55273
1.55508
1.55754
1.56009
1.56274
1.56549
1.56833
1.57125
1.57426
1.57736
1.58053
1.58377
1.58708
1.59046
1.5939
1.59739
1.60093
1.60452
1.60814
1.6118
1.6155
1.61921
1.62295
1.6267
1.63045
1.63422
1.63798
1.64173
1.64547
1.6492
1.6529
1.65658
1.66023
1.66384
1.66741
1.67094
1.67443
1.67786
1.68124
1.68456
1.68783
1.69102
1.69416
1.69722
1.70022
1.70314
1.70599
1.70876
1.71146
1.71408
1.71662
1.71908
1.72146
1.72376
1.72598
1.72812
1.73017
1.73215
1.73405
1.73587
1.73762
1.73929
1.74088
1.7424
1.74384
1.74522
1.74653
1.74777
1.74894
1.75006
1.75111
1.7521
1.75303
1.75392
1.75475
1.75552
1.75626
1.75694
1.75758
1.75818
1.75874
1.75926
1.75974
1.76019
1.76061
1.761
1.76136
1.76168
1.76198
1.76226
1.76251
1.76274
1.76294
1.76312
1.76328
1.76342
1.76353
1.76363
1.7637
1.76375
1.76379
1.7638
1.76379
1.76376
1.7637
1.76363
1.76353
1.76342
1.76328
1.76312
1.76294
1.76273
1.7625
1.76225
1.76198
1.76168
1.76136
1.76102
1.76066
1.76028
1.75988
1.75946
1.75902
1.75856
1.75808
1.75759
1.75708
1.75656
1.75602
1.75548
1.75492
1.75436
1.75378
1.75321
1.75263
1.75205
1.75147
1.75089
1.75032
1.74976
1.74921
1.74867
1.74815
1.74763
1.74714
1.74667
1.74622
1.74579
1.74539
1.74501
1.74466
1.74435
1.74407
1.74382
1.7436
1.74342
1.74328
1.74317
1.7431
1.74307
1.74308
1.74313
1.74322
1.74334
1.7435
1.7437
1.74394
1.74421
1.74452
1.74486
1.74523
1.74564
1.74607
1.74653
1.74701
1.74752
1.74806
1.74861
1.74917
1.74976
1.75035
1.75095
1.75156
1.75218
1.75279
1.75341
1.75402
1.75462
1.75522
1.7558
1.75637
1.75692
1.75745
1.75796
1.75844
1.7589
1.75933
1.75973
1.76009
1.76042
1.76071
1.76096
1.76117
1.76134
1.76146
1.76154
1.76157
1.76155
1.76148
1.76136
1.76119
1.76096
1.76069
1.76036
1.75997
1.75953
1.75903
1.75848
1.75787
1.7572
1.75649
1.75571
1.75488
1.754
1.75306
1.75206
1.75102
1.74992
1.74877
1.74757
1.74633
1.74503
1.74369
1.74231
1.74088
1.73941
1.7379
1.73636
1.73478
1.73317
1.73154
1.72987
1.72818
1.72647
1.72474
1.72299
1.72123
1.71947
1.7177
1.71592
1.71415
1.71239
1.71064
1.70889
1.70717
1.70547
1.70379
1.70214
1.70053
1.69895
1.69741
1.69592
1.69448
1.69309
1.69175
1.69048
1.68926
1.68811
1.68703
1.68602
1.68508
1.68422
1.68343
1.68273
1.6821
1.68155
1.68108
1.6807
1.6804
1.68018
1.68004
1.67998
1.68001
1.68011
1.68028
1.68054
1.68086
1.68126
1.68172
1.68224
1.68283
1.68348
1.68418
1.68493
1.68573
1.68657
1.68744
1.68835
1.68929
1.69026
1.69125
1.69225
1.69326
1.69428
1.69531
1.69633
1.69735
1.69835
1.69934
1.70031
1.70126
1.70219
1.70308
1.70394
1.70476
1.70554
1.70628
1.70697
1.70762
1.70821
1.70876
1.70924
1.70968
1.71005
1.71037
1.71063
1.71083
1.71096
1.71103
1.71104
1.71099
1.71087
1.71069
1.71045
1.71015
1.70978
1.70935
1.70886
1.70831
1.70771
1.70704
1.70632
1.70554
1.70471
1.70382
1.70288
1.70189
1.70085
1.69976
1.69863
1.69745
1.69622
1.69495
1.69364
1.69228
1.69088
1.68945
1.68798
1.68647
1.68492
1.68334
1.68172
1.68008
1.6784
1.67669
1.67495
1.67318
1.67139
1.66957
1.66773
1.66586
1.66398
1.66207
1.66014
1.6582
1.65624
1.65427
1.65228
1.65029
1.64828
1.64627
1.64426
1.64224
