-5.1643
-5.163
-5.16152
-5.16031
-5.15922
-5.15809
-5.15664
-5.1553
-5.15408
-5.15223
-5.15094
-5.14917
-5.14752
-5.14599
-5.14442
-5.14281
-5.14133
-5.13965
-5.1381
-5.13635
-5.13428
-5.13232
-5.13078
-5.1289
-5.12745
-5.12551
-5.12384
-5.12199
-5.12012
-5.11791
-5.11568
-5.11343
-5.11115
-5.10841
-5.1064
-5.10437
-5.10188
-5.09968
-5.09732
-5.09496
-5.09275
-5.09069
-5.08833
-5.08599
-5.08395
-5.08194
-5.07949
-5.07752
-5.07558
-5.07306
-5.07089
-5.06905
-5.06726
-5.06537
-5.06353
-5.06189
-5.06047
-5.05866
-5.05722
-5.05554
-5.05409
-5.05272
-5.05143
-5.05007
-5.04879
-5.04761
-5.04681
-5.04611
-5.04535
-5.04469
-5.04382
-5.0435
-5.04312
-5.04285
-5.04267
-5.04244
-5.04245
-5.04225
-5.0423
-5.04259
-5.04297
-5.04358
-5.04397
-5.04475
-5.0453
-5.04607
-5.04691
-5.04766
-5.04877
-5.04978
-5.05084
-5.0521
-5.05309
-5.05441
-5.05576
-5.05713
-5.05882
-5.05992
-5.06101
-5.06271
-5.0638
-5.06518
-5.06639
-5.06757
-5.06888
-5.07
-5.07109
-5.07229
-5.07359
-5.07454
-5.07513
-5.07582
-5.07631
-5.07703
-5.07724
-5.07784
-5.07852
-5.07914
-5.07925
-5.07959
-5.08001
-5.08022
-5.08022
-5.08076
-5.08079
-5.08106
-5.08113
-5.08099
-5.08051
-5.08012
-5.0797
-5.07939
-5.07919
-5.07866
-5.07811
-5.07753
-5.07678
-5.07617
-5.07569
-5.07537
-5.07488
-5.0741
-5.07363
-5.07286
-5.07241
-5.07212
-5.07155
-5.07145
-5.07108
-5.07074
-5.07072
-5.07059
-5.07034
-5.06952
-5.06873
-5.06844
-5.06848
-5.06872
-5.06869
-5.06885
-5.06904
-5.06928
-5.06955
-5.06985
-5.06974
-5.07057
-5.07067
-5.0708
-5.07142
-5.07176
-5.07198
-5.07222
-5.07264
-5.07292
-5.07368
-5.074
-5.07448
-5.07484
-5.07535
-5.07603
-5.07641
-5.07665
-5.07735
-5.07776
-5.07818
-5.0789
-5.07917
-5.08005
-5.08064
-5.08123
-5.08167
-5.08257
-5.08302
-5.08362
-5.08453
-5.0853
-5.08547
-5.08594
-5.08658
-5.08677
-5.08743
-5.08809
-5.08892
-5.08946
-5.09017
-5.09104
-5.09238
-5.09313
-5.09375
-5.09439
-5.0952
-5.09573
-5.09673
-5.09791
-5.09896
-5.09988
-5.10097
-5.10224
-5.10322
-5.10408
-5.10481
-5.10617
-5.1074
-5.10835
-5.10947
-5.1103
-5.11131
-5.11233
-5.11352
-5.11443
-5.11579
-5.11702
-5.11841
-5.11951
-5.12077
-5.12202
-5.12329
-5.12455
-5.12581
-5.12707
-5.12833
-5.12942
-5.13051
-5.13189
-5.1331
-5.13415
-5.13549
-5.13635
-5.13734
-5.13831
-5.13926
-5.14018
-5.14122
-5.14208
-5.14307
-5.14417
-5.14539
-5.14628
-5.14728
-5.14824
-5.14886
-5.1499
-5.1506
-5.15126
-5.15203
-5.15275
-5.15329
-5.15379
-5.1544
-5.15466
-5.15519
-5.15553
-5.15582
-5.15608
-5.15615
-5.15634
-5.15618
-5.15599
-5.15607
-5.15611
-5.15582
-5.15579
-5.15574
-5.15566
-5.15554
-5.15556
-5.15569
-5.15596
-5.1559
-5.15612
-5.15571
-5.15574
-5.1553
-5.15515
-5.15513
-5.15494
-5.15475
-5.15454
-5.15416
-5.15363
-5.15369
-5.1533
-5.15259
-5.15233
-5.15176
-5.15135
-5.15077
-5.15035
-5.14992
-5.14934
-5.14875
-5.14832
-5.14758
-5.147
-5.14656
-5.14582
-5.14539
-5.14495
-5.14481
-5.14453
-5.14424
-5.14365
-5.14337
-5.14323
-5.14325
-5.14327
-5.14283
-5.14239
-5.14241
-5.14198
-5.14139
-5.14065
-5.13976
-5.13902
-5.13889
-5.13861
-5.13833
-5.13806
-5.13718
-5.1366
-5.13633
-5.13576
-5.1349
-5.13449
-5.13409
-5.1331
-5.13271
-5.13234
-5.13182
-5.13192
-5.13158
-5.13141
-5.13155
-5.13125
-5.13112
-5.1307
-5.13091
-5.13083
-5.13093
-5.13089
-5.13088
-5.13074
-5.13091
-5.13051
-5.13028
-5.13007
-5.12974
-5.12973
-5.12989
-5.12992
-5.13042
-5.13034
-5.13028
-5.13023
-5.13005
-5.13019
-5.13064
-5.13111
-5.13128
-5.13145
-5.13133
-5.13152
-5.1317
-5.13203
-5.13236
-5.13268
-5.13314
-5.13299
-5.13298
-5.13279
-5.13289
-5.13327
-5.13362
-5.13394
-5.13378
-5.13374
-5.13367
-5.13355
-5.1334
-5.13305
-5.13266
-5.13207
-5.13189
-5.13151
-5.13107
-5.13088
-5.13018
-5.12958
-5.12892
-5.12805
-5.12757
-5.12703
-5.12628
-5.12546
-5.12443
-5.12288
-5.12172
-5.12065
-5.11935
-5.11799
-5.11656
-5.11477
-5.11336
-5.11173
-5.10989
-5.10828
-5.10661
-5.10457
-5.10277
-5.10075
-5.09883
-5.09669
-5.09434
-5.09208
-5.08962
-5.08741
-5.08469
-5.08237
-5.07971
-5.07701
-5.07456
-5.07208
-5.06926
-5.06641
-5.06338
-5.06048
-5.05832
-5.05569
-5.05306
-5.05073
-5.04794
-5.04517
-5.04271
-5.04027
-5.03726
-5.03429
-5.03165
-5.02907
-5.02654
-5.02408
-5.02153
-5.01952
-5.0173
-5.01532
-5.01344
-5.01152
-5.00956
-5.00788
-5.00648
-5.00506
-5.00379
-5.00236
-5.00154
-5.00072
-4.99992
-4.99913
-4.99882
-4.99867
-4.9987
-4.9986
-4.99883
-4.99954
-5.00042
-5.00117
-5.00194
-5.00319
-5.0043
-5.00587
-5.00775
-5.00963
-5.01136
-5.01338
-5.01598
-5.01841
-5.02127
-5.02409
-5.02701
-5.02988
-5.03253
-5.03572
-5.03869
-5.04201
-5.04509
-5.04822
-5.05154
-5.05518
-5.05855
-5.06209
-5.06518
-5.06887
-5.0721
-5.07516
-5.0785
-5.08181
-5.08494
-5.08818
-5.09106
-5.09405
-5.09713
-5.09984
-5.10279
-5.10567
-5.10832
-5.11104
-5.11384
-5.11624
-5.11872
-5.12095
-5.1231
-5.12545
-5.12772
-5.13004
-5.13181
-5.13349
-5.13523
-5.13702
-5.13872
-5.14032
-5.14168
-5.14294
-5.14472
-5.14565
-5.14664
-5.14724
-5.14806
-5.14864
-5.14913
-5.14969
-5.15047
-5.15057
-5.15119
-5.15158
-5.15129
-5.15139
-5.15111
-5.15091
-5.15034
-5.1506
-5.1505
-5.15018
-5.14995
-5.14951
-5.149
-5.14904
-5.14856
-5.14788
-5.147
-5.1459
-5.14491
-5.14387
-5.14322
-5.14223
-5.14104
-5.1398
-5.13822
-5.13705
-5.13584
-5.13489
-5.1336
-5.13227
-5.13061
-5.12922
-5.1278
-5.12666
-5.12519
-5.12369
-5.12187
-5.12034
-5.11864
-5.11692
-5.1152
-5.11377
-5.11219
-5.11045
-5.10886
-5.10727
-5.10583
-5.10411
-5.10284
-5.10144
-5.0996
-5.09808
-5.09688
-5.09539
-5.09363
-5.09264
-5.09123
-5.08985
-5.08834
-5.08701
-5.08601
-5.08505
-5.08336
-5.08201
-5.08068
-5.07955
-5.07844
-5.07752
-5.07618
-5.07533
-5.07465
-5.07371
-5.0731
-5.07252
-5.07182
-5.07099
-5.07004
-5.06897
-5.06823
-5.06796
-5.06727
-5.06675
-5.0661
-5.06547
-5.06472
-5.06368
-5.06312
-5.06257
-5.06219
-5.06168
-5.06133
-5.06085
-5.06039
-5.06039
-5.05979
-5.05921
-5.05848
-5.05807
-5.05782
-5.05726
-5.05687
-5.05648
-5.05609
-5.05585
-5.05531
-5.05477
-5.05453
-5.05429
-5.05404
-5.05349
-5.05307
-5.05265
-5.05253
-5.05254
-5.05179
-5.05133
-5.0507
-5.05021
-5.04986
-5.04903
-5.04834
-5.04764
-5.04691
-5.04617
-5.0454
-5.04462
-5.04381
-5.04328
-5.04274
-5.04202
-5.04143
-5.04021
-5.03927
-5.03846
-5.03777
-5.03661
-5.03573
-5.03497
-5.03389
-5.03293
-5.03195
-5.03094
-5.03006
-5.029
-5.02792
-5.02651
-5.02537
-5.02421
-5.02302
-5.02196
-5.02073
-5.01916
-5.01772
-5.01625
-5.01506
-5.01353
-5.01213
-5.01041
-5.0088
-5.00718
-5.00597
-5.00459
-5.00319
-5.00161
-4.9997
-4.99776
-4.99626
-4.99473
-4.99319
-4.99162
-4.98972
-4.98796
-4.98619
-4.98424
-4.98198
-4.98046
-4.97848
-4.97664
-4.97509
-4.97279
-4.97078
-4.96892
-4.96661
-4.96476
-4.96276
-4.96093
-4.95926
-4.95745
-4.95581
-4.95404
-4.95185
-4.94998
-4.9483
-4.94681
-4.94505
-4.94334
-4.94182
-4.94081
-4.93956
-4.93821
-4.93708
-4.93572
-4.93457
-4.93381
-4.93312
-4.93252
-4.93141
-4.93084
-4.93051
-4.92983
-4.92955
-4.92908
-4.92871
-4.9286
-4.9289
-4.92916
-4.92924
-4.92958
-4.93003
-4.9306
-4.93097
-4.93146
-4.93267
-4.93368
-4.9348
-4.93587
-4.93719
-4.93891
-4.94027
-4.94157
-4.94326
-4.94457
-4.94641
-4.94803
-4.95001
-4.95236
-4.95431
-4.95646
-4.95866
-4.96105
-4.96333
-4.96563
-4.96767
-4.96988
-4.9724
-4.97479
-4.9772
-4.97945
-4.98232
-4.98473
-4.98698
-4.98938
-4.99193
-4.99461
-4.99697
-4.99932
-5.0018
-5.00396
-5.00625
-5.00806
-5.01045
-5.01266
-5.01454
-5.01655
-5.01852
-5.02092
-5.02283
-5.02501
-5.027
-5.02941
-5.03133
-5.03321
-5.03505
-5.03684
-5.03875
-5.04047
-5.04229
-5.04346
-5.04504
-5.04642
-5.0479
-5.04948
-5.05055
-5.05172
-5.05314
-5.05466
-5.05596
-5.05706
-5.05779
-5.05861
-5.05967
-5.06037
-5.061
-5.06186
-5.06235
-5.06292
-5.06358
-5.06416
-5.06437
-5.06481
-5.06502
-5.06516
-5.06523
-5.06537
-5.06543
-5.06528
-5.06519
-5.06519
-5.06481
-5.06436
-5.06354
-5.0628
-5.06215
-5.06143
-5.06079
-5.06041
-5.05936
-5.05825
-5.0571
-5.05605
-5.05481
-5.05338
-5.05237
-5.05148
-5.05027
-5.04904
-5.04796
-5.04671
-5.04532
-5.04394
-5.04258
-5.04169
-5.04068
-5.03941
-5.03818
-5.03731
-5.03636
-5.03547
-5.03497
-5.0347
-5.03423
-5.03355
-5.03284
-5.03269
-5.03267
-5.03262
-5.03286
-5.03309
-5.03332
-5.03415
-5.03483
-5.03643
-5.03743
-5.0386
-5.04008
-5.04157
-5.04338
-5.04535
-5.04749
-5.04977
-5.05222
-5.05511
-5.05785
-5.06073
-5.06375
-5.06689
-5.07029
-5.07336
-5.07668
-5.08024
-5.08374
-5.08716
-5.09049
-5.09388
-5.09762
-5.10138
-5.10487
-5.10898
-5.11264
-5.11629
-5.12053
-5.12428
-5.12801
-5.13183
-5.13576
-5.13946
-5.14295
-5.14605
-5.14952
-5.15259
-5.15555
-5.15871
-5.16191
-5.16468
-5.16747
-5.16999
-5.17206
-5.17445
-5.17593
-5.17773
-5.17967
-5.18147
-5.18295
-5.18443
-5.1856
-5.18661
-5.18715
-5.18769
-5.18821
-5.18828
-5.18849
-5.18854
-5.18829
-5.18803
-5.18748
-5.18693
-5.18639
-5.1851
-5.18459
-5.18349
-5.18227
-5.18094
-5.17918
-5.17763
-5.17567
-5.17378
-5.17165
-5.16975
-5.16778
-5.16575
-5.16398
-5.16171
-5.15942
-5.1574
-5.15538
-5.15336
-5.15104
-5.14875
-5.14694
-5.14517
-5.14285
-5.14074
-5.13855
-5.13659
-5.13472
-5.13309
-5.13202
-5.13016
-5.12902
-5.12815
-5.12711
-5.12636
-5.12558
-5.12465
-5.124
-5.1235
-5.12374
-5.12336
-5.12313
-5.12333
-5.12366
-5.12396
-5.12485
-5.12539
-5.12635
-5.12711
-5.12827
-5.12922
-5.1301
-5.13166
-5.13268
-5.13406
-5.13549
-5.13711
-5.13877
-5.14001
-5.14157
-5.14299
-5.14457
-5.146
-5.14758
-5.14914
-5.151
-5.15253
-5.1539
-5.15553
-5.15715
-5.15888
-5.16028
-5.16179
-5.16312
-5.16502
-5.16598
-5.16721
-5.16825
-5.16926
-5.17039
-5.17148
-5.17285
-5.17404
-5.17505
-5.17588
-5.17685
-5.17779
-5.17871
-5.17962
-5.18036
-5.18138
-5.18225
-5.1831
-5.18425
-5.18524
-5.18607
-5.1869
-5.18771
-5.18868
-5.18979
-5.19074
-5.19154
-5.19233
-5.19311
-5.19403
-5.19495
-5.19555
-5.19598
-5.1967
-5.19724
-5.19792
-5.19841
-5.19873
-5.19931
-5.19986
-5.20037
-5.20053
-5.20125
-5.20147
-5.20132
-5.20157
-5.2016
-5.20186
-5.2019
-5.20157
-5.201
-5.2008
-5.20036
-5.20043
-5.19996
-5.19939
-5.19872
-5.1981
-5.19767
-5.19669
-5.19545
-5.19456
-5.1931
-5.19183
-5.1903
-5.18866
-5.18691
-5.1849
-5.18293
-5.18085
-5.17867
-5.17668
-5.17384
-5.17134
-5.16876
-5.16638
-5.16315
-5.16014
-5.15765
-5.15478
-5.15168
-5.14821
-5.14498
-5.14199
-5.13879
-5.1357
-5.1318
-5.12847
-5.12495
-5.12155
-5.11798
-5.11409
-5.11034
-5.10674
-5.10298
-5.09922
-5.09578
-5.09204
-5.08863
-5.08494
-5.08159
-5.07827
-5.07438
-5.07098
-5.06779
-5.06434
-5.0611
-5.05791
-5.05478
-5.05171
-5.04916
-5.04638
-5.04336
-5.04057
-5.03754
-5.03489
-5.03232
-5.02951
-5.02678
-5.02428
-5.02231
-5.01996
-5.01768
-5.01532
-5.01319
-5.01128
-5.00914
-5.00737
-5.00552
-5.00373
-5.00215
-5.00079
-4.99933
-4.99794
-4.99644
-4.99546
-4.99407
-4.99303
-4.99204
-4.99079
-4.98974
-4.98887
-4.98805
-4.98696
-4.98635
-4.98548
-4.98448
-4.98366
-4.98286
-4.98224
-4.98134
-4.98076
-4.98004
-4.97934
-4.97851
-4.97814
-4.97733
-4.97683
-4.97649
-4.97571
-4.97478
-4.97401
-4.97324
-4.97308
-4.97247
-4.97186
-4.97125
-4.9705
-4.96974
-4.96899
-4.96823
-4.96763
-4.96718
-4.96658
-4.96613
-4.96523
-4.96494
-4.9645
-4.96377
-4.96304
-4.96247
-4.96191
-4.96151
-4.96082
-4.96045
-4.95965
-4.95947
-4.95931
-4.95873
-4.95833
-4.95811
-4.95777
-4.95748
-4.95737
-4.95731
-4.95715
-4.95719
-4.95714
-4.95745
-4.95721
-4.95795
-4.9583
-4.95857
-4.95876
-4.95948
-4.96012
-4.96084
-4.96149
-4.96236
-4.96316
-4.96388
-4.96499
-4.96601
-4.96742
-4.96859
-4.96983
-4.97144
-4.97296
-4.97439
-4.97603
-4.97773
-4.97932
-4.98065
-4.98263
-4.98449
-4.98593
-4.98755
-4.98934
-4.9916
-4.99342
-4.99555
-4.99753
-4.99921
-5.00089
-5.00286
-5.00437
-5.00601
-5.00794
-5.0097
-5.01159
-5.0133
-5.01499
-5.01665
-5.01843
-5.01974
-5.02131
-5.02316
-5.02497
-5.02676
-5.02821
-5.02964
-5.03134
-5.03256
-5.03406
-5.03553
-5.03698
-5.03871
-5.03982
-5.04151
-5.04289
-5.04425
-5.0453
-5.04649
-5.04783
-5.04916
-5.05033
-5.05136
-5.05269
-5.05402
-5.0552
-5.05655
-5.0573
-5.05881
-5.05989
-5.06098
-5.06224
-5.06351
-5.06495
-5.06642
-5.06745
-5.06866
-5.07004
-5.07144
-5.07271
-5.07431
-5.07549
-5.07714
-5.07882
-5.08006
-5.08164
-5.08324
-5.08501
-5.08681
-5.08833
-5.09002
-5.09158
-5.09346
-5.09521
-5.09744
-5.09922
-5.10087
-5.10284
-5.10467
-5.10666
-5.10867
-5.11038
-5.11179
-5.11351
-5.11524
-5.11696
-5.11884
-5.12072
-5.12259
-5.12446
-5.12631
-5.12786
-5.13
-5.13168
-5.13349
-5.13544
-5.13722
-5.13898
-5.14102
-5.14243
-5.14382
-5.14563
-5.14742
-5.14902
-5.15059
-5.15228
-5.15424
-5.15616
-5.15774
-5.15898
-5.16033
-5.16163
-5.16274
-5.16411
-5.16542
-5.16654
-5.16746
-5.16847
-5.16928
-5.17019
-5.17104
-5.17169
-5.17242
-5.17295
-5.17371
-5.17427
-5.17476
-5.17504
-5.17525
-5.17509
-5.17548
-5.17564
-5.17574
-5.17623
-5.17604
-5.17593
-5.17605
-5.17581
-5.17564
-5.17541
-5.17511
-5.17473
-5.17414
-5.17333
-5.17275
-5.1718
-5.17123
-5.1703
-5.1693
-5.16824
-5.16696
-5.16592
-5.16512
-5.16366
-5.16214
-5.16086
-5.15907
-5.15738
-5.15579
-5.1543
-5.1526
-5.15086
-5.14907
-5.14739
-5.14552
-5.1436
-5.14165
-5.13936
-5.13689
-5.13438
-5.13215
-5.13004
-5.12791
-5.1259
-5.12387
-5.12167
-5.11946
-5.11708
-5.11484
-5.11259
-5.11018
-5.10777
-5.1055
-5.10278
-5.10052
-5.09811
-5.09601
-5.09376
-5.09153
-5.08931
-5.0871
-5.08507
-5.08275
-5.08061
-5.07879
-5.0767
-5.07465
-5.07263
-5.07079
-5.0687
-5.0668
-5.06479
-5.06298
-5.06168
-5.06028
-5.05834
-5.0563
-5.05464
-5.05319
-5.05166
-5.05036
-5.04898
-5.04753
-5.04662
-5.04534
-5.04431
-5.04351
-5.04266
-5.04235
-5.042
-5.0416
-5.0413
-5.0411
-5.04101
-5.04103
-5.0413
-5.04169
-5.04188
-5.04248
-5.04274
-5.04371
-5.0448
-5.04553
-5.04652
-5.04762
-5.04881
-5.0495
-5.05074
-5.05238
-5.05411
-5.05577
-5.05707
-5.05905
-5.0611
-5.06323
-5.06558
-5.06784
-5.06985
-5.07223
-5.07435
-5.07666
-5.07902
-5.08126
-5.08368
-5.08598
-5.0883
-5.09108
-5.09342
-5.09577
-5.09812
-5.10077
-5.10311
-5.10574
-5.1082
-5.11064
-5.1129
-5.11544
-5.1178
-5.12042
-5.12285
-5.12508
-5.12728
-5.12972
-5.13151
-5.13356
-5.13524
-5.13732
-5.13919
-5.1413
-5.14321
-5.14504
-5.14652
-5.14807
-5.14957
-5.15069
-5.15175
-5.15335
-5.15458
-5.15575
-5.15669
-5.15773
-5.15854
-5.15945
-5.16044
-5.16106
-5.16178
-5.16273
-5.16303
-5.16326
-5.16359
-5.16401
-5.16438
-5.16454
-5.16465
-5.16502
-5.16518
-5.16605
-5.16597
-5.16569
-5.16537
-5.16531
-5.16535
-5.16506
-5.16488
-5.16467
-5.16411
-5.16368
-5.16321
-5.16302
-5.16249
-5.16208
-5.16165
-5.16104
-5.16041
-5.16005
-5.15968
-5.15944
-5.15887
-5.15829
-5.15784
-5.15752
-5.15689
-5.15625
-5.15559
-5.15492
-5.15424
-5.15371
-5.15317
-5.15216
-5.15176
-5.15119
-5.15048
-5.14976
-5.14873
-5.14785
-5.14712
-5.14624
-5.14506
-5.14418
-5.14345
-5.14303
-5.14246
-5.14174
-5.14072
-5.13986
-5.13915
-5.13859
-5.1379
-5.13705
-5.13652
-5.13584
-5.13516
-5.13434
-5.13368
-5.13302
-5.13222
-5.13142
-5.13078
-5.12999
-5.12921
-5.12843
-5.12766
-5.12689
-5.12643
-5.12612
-5.12551
-5.12506
-5.1243
-5.1237
-5.1231
-5.12266
-5.12161
-5.12086
-5.12041
-5.11967
-5.11892
-5.11847
-5.11756
-5.1168
-5.1162
-5.11528
-5.11482
-5.1139
-5.11343
-5.11296
-5.11234
-5.11186
-5.11107
-5.11044
-5.1098
-5.10946
-5.10866
-5.10816
-5.10721
-5.10686
-5.10606
-5.10541
-5.10461
-5.10396
-5.10362
-5.10283
-5.10219
-5.10186
-5.10139
-5.10107
-5.10016
-5.09956
-5.09882
-5.0984
-5.09769
-5.09714
-5.09646
-5.09579
-5.09545
-5.09527
-5.09482
-5.09423
-5.09383
-5.09314
-5.09248
-5.0923
-5.09215
-5.09188
-5.09178
-5.09157
-5.09138
-5.09153
-5.09156
-5.09148
-5.09173
-5.0917
-5.09141
-5.09161
-5.09184
-5.09195
-5.09224
-5.09241
-5.09247
-5.0927
-5.09296
-5.09309
-5.09326
-5.09375
-5.09411
-5.09435
-5.09475
-5.09518
-5.09563
-5.09565
-5.09598
-5.09677
-5.09698
-5.0975
-5.09817
-5.09886
-5.09925
-5.09994
-5.10048
-5.10087
-5.1014
-5.10209
-5.10246
-5.10314
-5.10365
-5.10415
-5.10463
-5.10511
-5.10556
-5.10555
-5.10598
-5.10594
-5.10633
-5.1064
-5.10705
-5.10723
-5.10769
-5.10798
-5.10825
-5.10849
-5.10887
-5.10876
-5.10894
-5.1091
-5.10924
-5.10936
-5.10931
-5.10879
-5.10885
-5.10845
-5.10863
-5.10865
-5.10866
-5.10866
-5.10834
-5.10832
-5.10844
-5.1084
-5.10852
-5.10833
-5.10829
-5.1081
-5.10822
-5.10834
-5.10833
-5.10817
-5.10802
-5.10819
-5.10823
-5.10814
-5.10852
-5.10847
-5.10891
-5.10876
-5.10895
-5.10977
-5.11003
-5.11032
-5.1105
-5.11102
-5.11128
-5.11188
-5.11207
-5.11277
-5.11335
-5.11338
-5.11421
-5.11479
-5.11572
-5.1167
-5.11773
-5.11851
-5.11934
-5.12006
-5.12084
-5.12166
-5.12299
-5.12405
-5.12547
-5.12663
-5.12829
-5.12998
-5.13141
-5.13273
-5.13469
-5.13638
-5.1378
-5.13925
-5.14072
-5.14251
-5.14403
-5.14601
-5.14771
-5.14956
-5.15098
-5.15254
-5.15441
-5.15597
-5.15768
-5.15953
-5.16152
-5.16303
-5.16468
-5.16646
-5.1682
-5.16962
-5.1713
-5.17279
-5.17409
-5.1755
-5.17701
-5.17847
-5.17973
-5.18123
-5.18221
-5.18344
-5.18445
-5.18555
-5.18627
-5.18692
-5.1881
-5.1889
-5.18962
-5.19012
-5.19052
-5.19069
-5.19093
-5.19092
-5.19083
-5.19065
-5.19067
-5.1903
-5.18984
-5.18973
-5.18907
-5.18893
-5.18808
-5.18698
-5.18624
-5.1854
-5.18431
-5.18312
-5.18168
-5.1803
-5.17882
-5.17709
-5.17557
-5.17365
-5.17164
-5.16953
-5.16763
-5.16489
-5.16296
-5.16065
-5.15855
-5.15606
-5.15319
-5.15054
-5.14827
-5.14561
-5.14243
-5.13918
-5.13617
-5.13278
-5.12964
-5.12643
-5.12332
-5.11986
-5.1165
-5.11294
-5.10949
-5.10599
-5.10247
-5.09876
-5.09518
-5.09172
-5.08825
-5.08431
-5.08066
-5.07701
-5.0732
-5.0694
-5.06575
-5.06212
-5.05851
-5.05476
-5.05119
-5.04795
-5.0443
-5.04069
-5.03696
-5.03374
-5.03057
-5.02731
-5.02425
-5.02141
-5.01849
-5.01578
-5.01285
-5.01015
-5.00738
-5.00484
-5.00224
-4.99973
-4.99701
-4.99469
-4.99231
-4.99033
-4.98845
-4.98653
-4.98471
-4.98344
-4.98153
-4.98002
-4.97863
-4.97734
-4.9763
-4.97508
-4.97411
-4.97356
-4.97311
-4.97262
-4.97178
-4.97165
-4.97178
-4.97155
-4.97143
-4.97141
-4.97149
-4.97182
-4.9721
-4.97247
-4.97278
-4.97318
-4.97367
-4.97425
-4.97491
-4.97581
-4.97648
-4.97754
-4.97822
-4.97927
-4.9807
-4.98204
-4.98345
-4.98492
-4.9863
-4.98774
-4.98923
-4.99123
-4.99312
-4.99492
-4.99645
-4.99833
-5.00024
-5.00203
-5.00401
-5.00587
-5.00774
-5.00949
-5.01171
-5.01424
-5.01648
-5.01843
-5.02068
-5.02293
-5.02488
-5.02681
-5.02874
-5.0311
-5.03344
-5.03561
-5.03775
-5.03986
-5.04178
-5.04337
-5.04522
-5.04717
-5.04908
-5.05078
-5.05289
-5.05433
-5.05572
-5.05704
-5.05845
-5.05994
-5.06136
-5.06255
-5.06367
-5.06472
-5.06553
-5.06611
-5.06692
-5.06794
-5.06858
-5.06882
-5.06974
-5.07012
-5.07041
-5.07046
-5.07073
-5.0706
-5.07069
-5.07054
-5.07076
-5.07029
-5.06988
-5.06938
-5.06865
-5.06829
-5.06755
-5.06657
-5.06566
-5.06468
-5.06392
-5.06308
-5.06187
-5.06028
-5.05893
-5.0575
-5.05616
-5.0546
-5.05298
-5.05145
-5.04971
-5.04806
-5.04636
-5.04429
-5.04188
-5.04002
-5.03811
-5.03616
-5.03401
-5.03182
-5.02944
-5.02732
-5.02517
-5.02283
-5.02047
-5.01792
-5.0158
-5.01366
-5.01135
-5.00901
-5.00651
-5.00414
-5.00176
-4.99892
-4.99683
-4.99428
-4.99188
-4.98948
-4.98694
-4.9844
-4.98202
-4.97966
-4.97715
-4.97467
-4.97221
-4.96962
-4.96736
-4.96483
-4.96232
-4.96001
-4.95759
-4.95535
-4.95301
-4.95102
-4.94908
-4.94704
-4.94535
-4.94357
-4.94201
-4.94005
-4.93861
-4.93738
-4.93578
-4.93424
-4.93247
-4.93107
-4.93005
-4.9288
-4.92764
-4.92639
-4.92553
-4.92399
-4.92329
-4.92252
-4.92183
-4.92107
-4.92053
-4.91978
-4.91941
-4.91926
-4.91875
-4.91815
-4.91809
-4.91795
-4.91743
-4.91789
-4.91797
-4.91827
-4.91863
-4.9186
-4.91894
-4.91949
-4.92009
-4.92045
-4.92131
-4.92177
-4.92273
-4.92373
-4.92463
-4.92586
-4.92683
-4.92784
-4.92872
-4.92993
-4.93101
-4.93227
-4.93324
-4.93469
-4.93585
-4.93702
-4.9382
-4.93924
-4.94013
-4.94133
-4.94253
-4.94388
-4.94508
-4.94642
-4.94761
-4.9488
-4.95013
-4.9513
-4.95246
-4.95391
-4.95491
-4.95619
-4.95731
-4.95873
-4.95967
-4.96076
-4.96184
-4.96305
-4.96411
-4.96515
-4.96603
-4.96705
-4.96806
-4.96891
-4.9699
-4.97073
-4.97171
-4.97253
-4.97333
-4.97414
-4.97539
-4.97633
-4.97756
-4.97834
-4.97896
-4.98018
-4.9811
-4.98186
-4.98261
-4.98366
-4.98441
-4.98545
-4.98664
-4.98738
-4.98871
-4.98973
-4.99045
-4.99131
-4.99186
-4.9927
-4.99369
-4.99466
-4.99517
-4.99598
-4.99677
-4.9974
-4.99846
-4.99921
-5.0001
-5.00081
-5.00121
-5.00189
-5.0027
-5.00304
-5.00366
-5.00426
-5.00483
-5.00509
-5.00577
-5.00628
-5.00661
-5.00737
-5.00796
-5.00882
-5.00921
-5.00958
-5.01008
-5.01055
-5.0107
-5.01098
-5.01124
-5.01134
-5.01156
-5.01178
-5.01198
-5.01217
-5.0122
-5.01237
-5.01254
-5.01271
-5.01303
-5.01319
-5.01352
-5.0137
-5.01404
-5.01424
-5.01461
-5.01469
-5.01509
-5.01552
-5.01551
-5.01584
-5.01634
-5.01688
-5.01715
-5.01715
-5.01794
-5.01877
-5.01918
-5.01979
-5.02074
-5.02143
-5.02231
-5.02293
-5.0239
-5.02491
-5.02582
-5.02677
-5.02821
-5.02925
-5.03093
-5.0319
-5.03321
-5.0344
-5.03564
-5.03691
-5.03822
-5.03925
-5.04063
-5.04188
-5.04317
-5.04463
-5.04597
-5.04764
-5.04918
-5.0506
-5.05203
-5.05379
-5.05526
-5.05706
-5.05886
-5.06083
-5.06221
-5.06391
-5.06546
-5.06702
-5.06874
-5.07016
-5.07189
-5.07377
-5.07536
-5.07679
-5.07853
-5.08012
-5.08185
-5.08358
-5.085
-5.08657
-5.08874
-5.09029
-5.09198
-5.09397
-5.09534
-5.097
-5.09864
-5.10026
-5.10217
-5.10301
-5.10473
-5.10598
-5.1072
-5.10885
-5.11002
-5.11177
-5.11319
-5.11488
-5.11638
-5.1177
-5.11884
-5.11994
-5.1213
-5.12263
-5.12346
-5.12471
-5.12546
-5.12678
-5.12774
-5.12867
-5.1297
-5.13053
-5.13146
-5.1319
-5.13274
-5.13339
-5.13413
-5.13468
-5.13457
-5.13518
-5.13558
-5.13593
-5.13624
-5.13649
-5.1364
-5.13686
-5.13682
-5.13674
-5.13675
-5.13642
-5.13665
-5.13667
-5.13605
-5.13583
-5.13557
-5.13542
-5.13506
-5.13437
-5.13362
-5.13299
-5.13262
-5.13205
-5.13114
-5.13019
-5.1295
-5.12907
-5.12845
-5.1281
-5.1274
-5.12652
-5.1256
-5.1248
-5.12381
-5.12263
-5.12158
-5.12033
-5.11981
-5.11896
-5.11777
-5.11641
-5.11516
-5.11434
-5.11288
-5.11155
-5.11005
-5.10867
-5.10726
-5.10583
-5.10422
-5.1026
-5.1008
-5.09913
-5.09759
-5.09603
-5.0943
-5.09286
-5.09095
-5.08916
-5.08737
-5.08571
-5.08357
-5.08188
-5.08018
-5.07861
-5.07687
-5.07497
-5.07321
-5.07128
-5.06979
-5.06784
-5.06618
-5.0645
-5.06266
-5.06096
-5.05909
-5.05721
-5.05546
-5.0534
-5.05147
-5.04922
-5.04696
-5.04468
-5.04284
-5.04113
-5.03879
-5.03674
-5.03498
-5.03274
-5.03063
-5.02849
-5.02649
-5.02447
-5.02228
-5.02006
-5.01797
-5.01586
-5.01358
-5.01127
-5.00879
-5.00659
-5.00467
-5.00182
-4.9994
-4.99711
-4.99466
-4.99188
-4.98923
-4.98672
-4.98404
-4.98165
-4.97909
-4.97636
-4.97393
-4.97148
-4.96888
-4.96611
-4.96334
-4.96056
-4.95778
-4.95515
-4.95252
-4.94958
-4.94711
-4.94433
-4.94156
-4.93895
-4.9362
-4.93346
-4.93089
-4.92832
-4.92578
-4.92325
-4.9206
-4.91887
-4.91626
-4.91367
-4.91127
-4.90874
-4.9064
-4.90394
-4.90166
-4.89927
-4.89708
-4.89462
-4.89251
-4.89044
-4.88887
-4.88691
-4.88499
-4.88313
-4.88148
-4.87959
-4.87761
-4.87569
-4.87414
-4.87267
-4.87127
-4.86994
-4.86899
-4.86798
-4.86689
-4.86575
-4.86484
-4.86403
-4.86316
-4.86225
-4.86173
-4.86087
-4.86042
-4.86023
-4.86001
-4.86005
-4.86021
-4.86019
-4.86045
-4.86144
-4.86226
-4.86276
-4.86354
-4.86446
-4.86567
-4.86701
-4.8685
-4.86997
-4.87174
-4.87394
-4.87599
-4.87802
-4.88065
-4.88327
-4.88617
-4.88935
-4.89221
-4.8952
-4.89877
-4.90215
-4.9058
-4.90925
-4.91282
-4.91663
-4.92054
-4.92423
-4.928
-4.932
-4.93606
-4.94048
-4.94436
-4.94872
-4.95313
-4.95741
-4.96201
-4.96632
-4.97048
-4.97464
-4.97893
-4.9832
-4.98775
-4.99211
-4.99657
-5.00068
-5.00533
-5.00917
-5.01338
-5.01706
-5.02111
-5.02462
-5.02803
-5.03165
-5.035
-5.0384
-5.04123
-5.04424
-5.04774
-5.05051
-5.0533
-5.05581
-5.05804
-5.06029
-5.06241
-5.06454
-5.06639
-5.06825
-5.06952
-5.07096
-5.07226
-5.07343
-5.07461
-5.07536
-5.07614
-5.07663
-5.07745
-5.07814
-5.07827
-5.07872
-5.07831
-5.07823
-5.07835
-5.07791
-5.07767
-5.07718
-5.07629
-5.07561
-5.07485
-5.07385
-5.07308
-5.07178
-5.07056
-5.06928
-5.06824
-5.067
-5.06601
-5.06453
-5.06315
-5.06174
-5.06016
-5.05839
-5.05721
-5.05587
-5.05436
-5.05255
-5.05089
-5.04923
-5.04773
-5.04625
-5.04478
-5.04348
-5.0419
-5.04035
-5.03913
-5.03779
-5.0365
-5.03508
-5.03357
-5.03254
-5.03157
-5.03049
-5.02947
-5.02849
-5.02756
-5.02684
-5.02618
-5.02541
-5.0244
-5.02375
-5.0233
-5.0226
-5.02181
-5.02137
-5.02128
-5.02125
-5.02066
-5.02028
-5.01948
-5.01949
-5.01938
-5.01993
-5.02036
-5.02023
-5.02028
-5.02021
-5.02033
-5.02048
-5.0208
-5.021
-5.02107
-5.02131
-5.02187
-5.02214
-5.02243
-5.02273
-5.02288
-5.02289
-5.02337
-5.02369
-5.02401
-5.02464
-5.02496
-5.02528
-5.02574
-5.0259
-5.02604
-5.02648
-5.02676
-5.02718
-5.02728
-5.02737
-5.0276
-5.02811
-5.02846
-5.02879
-5.0294
-5.0297
-5.02997
-5.02978
-5.03002
-5.03024
-5.03059
-5.03062
-5.03093
-5.03077
-5.03074
-5.03068
-5.03046
-5.03022
-5.03026
-5.03043
-5.03044
-5.03027
-5.03024
-5.03005
-5.02968
-5.0296
-5.02921
-5.02865
-5.02824
-5.02811
-5.02798
-5.02754
-5.02754
-5.02694
-5.02678
-5.02602
-5.02587
-5.02556
-5.02526
-5.02497
-5.02468
-5.0244
-5.02368
-5.02357
-5.02333
-5.02311
-5.0229
-5.02272
-5.02255
-5.02226
-5.02229
-5.02235
-5.02214
-5.02226
-5.0221
-5.02198
-5.02249
-5.02259
-5.02286
-5.02317
-5.02337
-5.02314
-5.02371
-5.02401
-5.02404
-5.02441
-5.02481
-5.02525
-5.02587
-5.02653
-5.02722
-5.02794
-5.0284
-5.02919
-5.02985
-5.0307
-5.03173
-5.03234
-5.03298
-5.03394
-5.03478
-5.03565
-5.03639
-5.037
-5.03809
-5.03921
-5.04019
-5.04104
-5.04222
-5.04326
-5.04462
-5.04494
-5.04604
-5.04684
-5.04781
-5.0488
-5.04995
-5.05096
-5.05198
-5.05315
-5.05449
-5.05584
-5.05719
-5.05809
-5.05914
-5.06035
-5.06156
-5.06292
-5.06412
-5.06502
-5.06607
-5.06741
-5.06845
-5.06992
-5.07124
-5.07224
-5.07322
-5.07419
-5.07529
-5.07622
-5.07728
-5.07831
-5.07947
-5.08015
-5.0811
-5.08218
-5.08276
-5.08347
-5.08444
-5.08537
-5.0858
-5.08665
-5.08731
-5.08822
-5.08924
-5.09006
-5.09083
-5.09125
-5.09161
-5.09193
-5.09203
-5.09209
-5.09224
-5.09188
-5.09176
-5.09175
-5.09137
-5.09109
-5.09091
-5.09022
-5.08993
-5.0896
-5.08891
-5.08833
-5.08771
-5.08751
-5.08712
-5.08656
-5.08627
-5.0855
-5.08503
-5.0844
-5.08392
-5.08329
-5.08283
-5.08239
-5.08182
-5.08129
-5.08081
-5.08038
-5.08031
-5.08001
-5.07978
-5.07963
-5.07988
-5.07977
-5.08007
-5.08002
-5.08069
-5.08147
-5.08177
-5.0822
-5.0829
-5.08373
-5.08469
-5.08547
-5.08682
-5.08845
-5.08959
-5.0913
-5.09327
-5.09504
-5.0969
-5.09916
-5.10165
-5.10391
-5.10639
-5.10892
-5.11106
-5.11369
-5.11605
-5.11874
-5.12144
-5.12431
-5.12748
-5.12989
-5.13244
-5.13496
-5.13732
-5.13978
-5.14222
-5.14491
-5.14725
-5.14954
-5.15178
-5.15366
-5.15592
-5.15828
-5.16042
-5.16235
-5.16435
-5.16614
-5.16786
-5.1695
-5.17138
-5.17273
-5.17416
-5.17553
-5.17668
-5.17821
-5.17952
-5.18062
-5.18181
-5.18278
-5.18353
-5.18438
-5.18532
-5.1862
-5.18687
-5.18764
-5.18806
-5.18857
-5.18858
-5.1893
-5.18967
-5.19014
-5.19027
-5.19035
-5.1904
-5.19055
-5.19052
-5.19044
-5.19094
-5.1911
-5.19107
-5.19116
-5.19076
-5.19064
-5.19048
-5.19014
-5.18978
-5.18968
-5.18925
-5.18895
-5.18861
-5.18825
-5.18801
-5.18775
-5.18791
-5.18743
-5.18708
-5.18656
-5.18585
-5.18541
-5.1848
-5.18431
-5.18395
-5.1837
-5.18313
-5.18298
-5.18204
-5.18138
-5.18053
-5.17996
-5.1792
-5.17841
-5.17699
-5.17613
-5.1751
-5.17387
-5.17247
-5.17133
-5.17032
-5.16926
-5.16803
-5.16676
-5.16546
-5.16397
-5.16246
-5.16121
-5.15978
-5.15831
-5.15697
-5.15545
-5.1542
-5.15278
-5.15147
-5.14984
-5.14819
-5.14666
-5.14511
-5.14339
-5.1415
-5.13959
-5.13782
-5.13619
-5.13469
-5.13288
-5.13121
-5.12939
-5.12756
-5.12573
-5.12405
-5.12207
-5.12024
-5.11857
-5.1163
-5.11479
-5.11269
-5.11091
-5.10914
-5.10738
-5.10549
-5.10377
-5.10192
-5.10069
-5.09903
-5.09754
-5.09592
-5.09388
-5.09216
-5.09002
-5.08895
-5.08746
-5.08554
-5.08394
-5.08237
-5.08112
-5.07989
-5.07884
-5.07751
-5.07605
-5.07476
-5.07348
-5.07238
-5.07099
-5.06992
-5.06856
-5.06752
-5.06635
-5.06503
-5.06358
-5.06244
-5.06132
-5.06005
-5.0588
-5.05772
-5.05664
-5.05558
-5.05439
-5.05336
-5.05235
-5.05136
-5.05055
-5.04975
-5.04868
-5.04779
-5.04693
-5.04625
-5.04561
-5.04456
-5.044
-5.04364
-5.04317
-5.04261
-5.0421
-5.04134
-5.04141
-5.04108
-5.04067
-5.04064
-5.04022
-5.04003
-5.04022
-5.04035
-5.04025
-5.04054
-5.04062
-5.04108
-5.04149
-5.04213
-5.04227
-5.0434
-5.04432
-5.04548
-5.04658
-5.04778
-5.04936
-5.05058
-5.05203
-5.05387
-5.05549
-5.05719
-5.05852
-5.06037
-5.06214
-5.06414
-5.06605
-5.06817
-5.06975
-5.07184
-5.07414
-5.07633
-5.07842
-5.08131
-5.08394
-5.08645
-5.08855
-5.09067
-5.09297
-5.09559
-5.09839
-5.10105
-5.10358
-5.10641
-5.10911
-5.1118
-5.1145
-5.11735
-5.1196
-5.12214
-5.12482
-5.12765
-5.13001
-5.13251
-5.1353
-5.13822
-5.14082
-5.1437
-5.14566
-5.14835
-5.15102
-5.15351
-5.15582
-5.15811
-5.16067
-5.16275
-5.16495
-5.16727
-5.16896
-5.17122
-5.17345
-5.1758
-5.17766
-5.17963
-5.18173
-5.18378
-5.18581
-5.18794
-5.19005
-5.19181
-5.19384
-5.19568
-5.19763
-5.19954
-5.20142
-5.20325
-5.2046
-5.2059
-5.20762
-5.20884
-5.21032
-5.21162
-5.21332
-5.21482
-5.21629
-5.21771
-5.21893
-5.2198
-5.22123
-5.22276
-5.22379
-5.22508
-5.22601
-5.22704
-5.22787
-5.22819
-5.22922
-5.22973
-5.23019
-5.23075
-5.2317
-5.23229
-5.23252
-5.23284
-5.23325
-5.23345
-5.23343
-5.23335
-5.23351
-5.23345
-5.23348
-5.23299
-5.23258
-5.23226
-5.23187
-5.23126
-5.23073
-5.23014
-5.22947
-5.22873
-5.22778
-5.22705
-5.22611
-5.2254
-5.22431
-5.22316
-5.22195
-5.22052
-5.21917
-5.21791
-5.21643
-5.21489
-5.2136
-5.21209
-5.21022
-5.2083
-5.20663
-5.20475
-5.20298
-5.20101
-5.1993
-5.1971
-5.19485
-5.19273
-5.19072
-5.18898
-5.18632
-5.18423
-5.18212
-5.18
-5.17787
-5.17572
-5.17297
-5.17082
-5.16837
-5.16563
-5.16364
-5.16168
-5.15957
-5.15734
-5.15528
-5.15309
-5.15094
-5.14912
-5.14703
-5.14483
-5.14283
-5.14087
-5.13925
-5.13709
-5.13528
-5.13337
-5.13182
-5.13033
-5.12889
-5.12767
-5.12591
-5.12436
-5.12318
-5.12191
-5.12055
-5.11956
-5.11879
-5.11763
-5.11669
-5.11611
-5.11544
-5.11469
-5.11414
-5.11321
-5.11279
-5.11212
-5.11135
-5.11125
-5.11089
-5.11104
-5.11124
-5.11118
-5.11101
-5.11103
-5.11109
-5.11044
-5.11026
-5.11012
-5.11031
-5.11052
-5.11046
-5.11026
-5.11068
-5.11081
-5.1108
-5.11095
-5.11125
-5.11141
-5.11187
-5.11188
-5.11172
-5.11202
-5.112
-5.11212
-5.11222
-5.11246
-5.11252
-5.11272
-5.11305
-5.1129
-5.11287
-5.11342
-5.11334
-5.11278
-5.11278
-5.11261
-5.1124
-5.11231
-5.11173
-5.11142
-5.11107
-5.11083
-5.11072
-5.11011
-5.10977
-5.10924
-5.10852
-5.10777
-5.10729
-5.10647
-5.10592
-5.10579
-5.10473
-5.10363
-5.10297
-5.10242
-5.10155
-5.10065
-5.10018
-5.09924
-5.09858
-5.09745
-5.09631
-5.09515
-5.09428
-5.09325
-5.09192
-5.09087
-5.08997
-5.08847
-5.08727
-5.08592
-5.08503
-5.08353
-5.08265
-5.08148
-5.08032
-5.07917
-5.07818
-5.07721
-5.07626
-5.07517
-5.07426
-5.07336
-5.07249
-5.07163
-5.07065
-5.06985
-5.06907
-5.06816
-5.06758
-5.06702
-5.06604
-5.06553
-5.06506
-5.06461
-5.06388
-5.06363
-5.06295
-5.06245
-5.06212
-5.06196
-5.06138
-5.06097
-5.06042
-5.0599
-5.05954
-5.05905
-5.05858
-5.05858
-5.05829
-5.05832
-5.05851
-5.05825
-5.05801
-5.05748
-5.05741
-5.05734
-5.05713
-5.05693
-5.05657
-5.05638
-5.05603
-5.05584
-5.0555
-5.05546
-5.05497
-5.05433
-5.05414
-5.0541
-5.05376
-5.05372
-5.05352
-5.05317
-5.05312
-5.05307
-5.05302
-5.05282
-5.05262
-5.05256
-5.05236
-5.05216
-5.05181
-5.05161
-5.05141
-5.05121
-5.05117
-5.05114
-5.05096
-5.05093
-5.05076
-5.0503
-5.05
-5.04986
-5.04957
-5.04915
-5.04904
-5.04879
-5.04901
-5.04894
-5.04889
-5.0487
-5.04898
-5.04897
-5.04883
-5.04886
-5.04845
-5.04837
-5.04845
-5.0484
-5.04851
-5.04865
-5.04865
-5.04928
-5.04947
-5.04999
-5.05007
-5.05032
-5.05074
-5.05087
-5.05103
-5.0515
-5.05184
-5.0519
-5.05258
-5.05297
-5.05353
-5.05427
-5.05486
-5.05532
-5.05535
-5.05599
-5.0565
-5.05702
-5.05756
-5.05796
-5.05807
-5.0585
-5.05925
-5.06
-5.06078
-5.06141
-5.06205
-5.06241
-5.06292
-5.06391
-5.06445
-5.0653
-5.06616
-5.06718
-5.06791
-5.06879
-5.06954
-5.07059
-5.07119
-5.07164
-5.07225
-5.07302
-5.07394
-5.07516
-5.07563
-5.0761
-5.07671
-5.07732
-5.07823
-5.07868
-5.07942
-5.08015
-5.08073
-5.08114
-5.08184
-5.08252
-5.08319
-5.08385
-5.08448
-5.0851
-5.08509
-5.08566
-5.08636
-5.08674
-5.08693
-5.08726
-5.0877
-5.08827
-5.08851
-5.08856
-5.08889
-5.08903
-5.08929
-5.08906
-5.08956
-5.08972
-5.0897
-5.08979
-5.08954
-5.08956
-5.08955
-5.0895
-5.08988
-5.08976
-5.08977
-5.08974
-5.08922
-5.08883
-5.08856
-5.0881
-5.08792
-5.08741
-5.08702
-5.08691
-5.08662
-5.08616
-5.08583
-5.08517
-5.08464
-5.0841
-5.08384
-5.08327
-5.08268
-5.08207
-5.08177
-5.08115
-5.08037
-5.07974
-5.07895
-5.07816
-5.07768
-5.07704
-5.07641
-5.07533
-5.07456
-5.07395
-5.07304
-5.07246
-5.07143
-5.07117
-5.07077
-5.07009
-5.06974
-5.06895
-5.06848
-5.06788
-5.06746
-5.06707
-5.067
-5.06681
-5.06664
-5.06636
-5.06595
-5.06558
-5.06553
-5.06552
-5.06524
-5.0653
-5.06493
-5.06506
-5.06552
-5.06556
-5.06564
-5.06545
-5.06545
-5.06563
-5.06585
-5.06626
-5.067
-5.06732
-5.06753
-5.06777
-5.06864
-5.06925
-5.06989
-5.07041
-5.07096
-5.07138
-5.07214
-5.07277
-5.07328
-5.07396
-5.07452
-5.07509
-5.07584
-5.07661
-5.07724
-5.07789
-5.07901
-5.08014
-5.08098
-5.08197
-5.08283
-5.08354
-5.08471
-5.08603
-5.08689
-5.08761
-5.08847
-5.08933
-5.09003
-5.09072
-5.0914
-5.09222
-5.09318
-5.09397
-5.0949
-5.09551
-5.0964
-5.09682
-5.09767
-5.09835
-5.09916
-5.09949
-5.09995
-5.10083
-5.10139
-5.10178
-5.10198
-5.10187
-5.10217
-5.10276
-5.10332
-5.1037
-5.10391
-5.10455
-5.10486
-5.105
-5.10511
-5.1052
-5.10572
-5.10562
-5.1058
-5.10566
-5.10595
-5.10638
-5.10649
-5.10658
-5.10666
-5.10673
-5.10663
-5.10728
-5.10746
-5.10748
-5.10749
-5.10765
-5.10749
-5.10748
-5.10761
-5.10744
-5.10726
-5.10753
-5.10734
-5.10729
-5.10725
-5.10719
-5.10699
-5.10693
-5.10717
-5.10725
-5.10703
-5.10635
-5.10627
-5.10589
-5.10626
-5.10601
-5.10607
-5.10612
-5.10616
-5.1065
-5.10623
-5.1061
-5.10611
-5.10597
-5.10582
-5.10566
-5.1058
-5.10593
-5.10559
-5.1054
-5.10505
-5.10454
-5.10448
-5.10425
-5.10387
-5.10363
-5.10309
-5.10299
-5.10274
-5.10218
-5.10223
-5.10197
-5.10171
-5.1013
-5.10075
-5.10066
-5.10027
-5.09989
-5.09968
-5.09933
-5.099
-5.09899
-5.09855
-5.0986
-5.09868
-5.09879
-5.09848
-5.09852
-5.09876
-5.09874
-5.09892
-5.09916
-5.09946
-5.09983
-5.10025
-5.10075
-5.10132
-5.10166
-5.10253
-5.10333
-5.10421
-5.10502
-5.10592
-5.1072
-5.10842
-5.11017
-5.11156
-5.11303
-5.11458
-5.11591
-5.11777
-5.1197
-5.12186
-5.12378
-5.12577
-5.12766
-5.12976
-5.13191
-5.1338
-5.13574
-5.13831
-5.14075
-5.14292
-5.1451
-5.14744
-5.14948
-5.15182
-5.15401
-5.15648
-5.15877
-5.16104
-5.16328
-5.16533
-5.16734
-5.1693
-5.1712
-5.1732
-5.17529
-5.17746
-5.17926
-5.18069
-5.18249
-5.18391
-5.18554
-5.18694
-5.1881
-5.18947
-5.19045
-5.19148
-5.19211
-5.19309
-5.19382
-5.19415
-5.19453
-5.19481
-5.19513
-5.19519
-5.19561
-5.19561
-5.19552
-5.19516
-5.1947
-5.19429
-5.19347
-5.19284
-5.19242
-5.19175
-5.19128
-5.19055
-5.18943
-5.18821
-5.18675
-5.1855
-5.18385
-5.18242
-5.1806
-5.1793
-5.17748
-5.17572
-5.17374
-5.17169
-5.16973
-5.1677
-5.16561
-5.16332
-5.16128
-5.15859
-5.15601
-5.1537
-5.15105
-5.14868
-5.14584
-5.14343
-5.14071
-5.13843
-5.13586
-5.13359
-5.13104
-5.12865
-5.12644
-5.1241
-5.12225
-5.11969
-5.11746
-5.11529
-5.11302
-5.11096
-5.10896
-5.10672
-5.1047
-5.1029
-5.10102
-5.09953
-5.09766
-5.09603
-5.09463
-5.09286
-5.09148
-5.09003
-5.08867
-5.0874
-5.08621
-5.0851
-5.08454
-5.0836
-5.08275
-5.08228
-5.08173
-5.08126
-5.08087
-5.08054
-5.08029
-5.07995
-5.08058
-5.08051
-5.0805
-5.08055
-5.08065
-5.08064
-5.08128
-5.08166
-5.08177
-5.08192
-5.08211
-5.08292
-5.08316
-5.08372
-5.08385
-5.0843
-5.08507
-5.08554
-5.08602
-5.08606
-5.08625
-5.08674
-5.08708
-5.08757
-5.08821
-5.08884
-5.08946
-5.08976
-5.09006
-5.09049
-5.0909
-5.0913
-5.09184
-5.09251
-5.093
-5.09318
-5.09379
-5.09423
-5.09465
-5.0952
-5.09573
-5.09564
-5.09583
-5.096
-5.096
-5.09628
-5.09685
-5.09711
-5.0969
-5.09682
-5.09674
-5.09695
-5.097
-5.09719
-5.09753
-5.09757
-5.09776
-5.0975
-5.09769
-5.09804
-5.0981
-5.09817
-5.0984
-5.09865
-5.09861
-5.09859
-5.0989
-5.09893
-5.09914
-5.09938
-5.09965
-5.09995
-5.10029
-5.10051
-5.10093
-5.10153
-5.10158
-5.10182
-5.10211
-5.10261
-5.10315
-5.10359
-5.10423
-5.10493
-5.10553
-5.10648
-5.10764
-5.10886
-5.10998
-5.111
-5.11163
-5.11291
-5.11409
-5.11562
-5.11721
-5.11884
-5.12052
-5.1221
-5.12372
-5.12538
-5.12677
-5.12835
-5.13012
-5.13192
-5.13374
-5.13559
-5.13761
-5.13995
-5.1417
-5.14391
-5.14583
-5.1476
-5.14967
-5.15189
-5.15365
-5.15554
-5.15772
-5.15959
-5.16188
-5.16384
-5.16563
-5.16753
-5.16879
-5.17077
-5.17226
-5.174
-5.17555
-5.17705
-5.17866
-5.18006
-5.1814
-5.18269
-5.18393
-5.18526
-5.18624
-5.18745
-5.18846
-5.18941
-5.1903
-5.19083
-5.19131
-5.19202
-5.19269
-5.19314
-5.19399
-5.19449
-5.19478
-5.19518
-5.19537
-5.19581
-5.19606
-5.1961
-5.19641
-5.19651
-5.19673
-5.19661
-5.19674
-5.19669
-5.19676
-5.19664
-5.19679
-5.19661
-5.1964
-5.19661
-5.1962
-5.19591
-5.19545
-5.19542
-5.19491
-5.19454
-5.194
-5.19344
-5.19317
-5.19229
-5.19184
-5.19107
-5.19076
-5.19028
-5.18979
-5.18914
-5.18833
-5.18783
-5.18716
-5.18649
-5.18597
-5.1856
-5.18463
-5.1838
-5.18313
-5.18261
-5.18224
-5.18143
-5.18092
-5.18042
-5.17992
-5.17929
-5.17865
-5.17864
-5.17818
-5.17759
-5.17731
-5.17689
-5.17664
-5.1761
-5.17574
-5.17539
-5.17491
-5.17506
-5.17477
-5.17437
-5.17398
-5.17378
-5.17345
-5.17345
-5.17348
-5.1737
-5.17334
-5.17316
-5.17332
-5.17336
-5.17313
-5.1734
-5.17339
-5.17388
-5.17455
-5.17481
-5.1754
-5.17573
-5.1761
-5.1762
-5.17649
-5.17681
-5.17717
-5.17772
-5.1786
-5.17891
-5.17925
-5.18039
-5.18109
-5.18183
-5.18275
-5.18369
-5.18451
-5.1852
-5.18606
-5.18694
-5.1883
-5.18922
-5.19015
-5.19095
-5.19221
-5.19363
-5.19462
-5.1956
-5.1966
-5.1976
-5.1989
-5.20036
-5.20166
-5.20251
-5.20335
-5.20419
-5.20518
-5.206
-5.20696
-5.20822
-5.20901
-5.20993
-5.21114
-5.21218
-5.2126
-5.21361
-5.21429
-5.21556
-5.2165
-5.21757
-5.21831
-5.21872
-5.21941
-5.22021
-5.22084
-5.22083
-5.22109
-5.22132
-5.22167
-5.22213
-5.2227
-5.22309
-5.22344
-5.22405
-5.22401
-5.22394
-5.22412
-5.2241
-5.2242
-5.22424
-5.22454
-5.22464
-5.22455
-5.2244
-5.22419
-5.22409
-5.22393
-5.22327
-5.22255
-5.22208
-5.22126
-5.22082
-5.22033
-5.21963
-5.21887
-5.21805
-5.21717
-5.21637
-5.21537
-5.21415
-5.21302
-5.21168
-5.21027
-5.20911
-5.20758
-5.20629
-5.20494
-5.20338
-5.20146
-5.19993
-5.19819
-5.19639
-5.19438
-5.19247
-5.19095
-5.18878
-5.18671
-5.18428
-5.18165
-5.17958
-5.17746
-5.1753
-5.17278
-5.17038
-5.16809
-5.16531
-5.1628
-5.16055
-5.15797
-5.15536
-5.15287
-5.15021
-5.14722
-5.14467
-5.14149
-5.1386
-5.1357
-5.13324
-5.13062
-5.12785
-5.12507
-5.12214
-5.11967
-5.1169
-5.11428
-5.11123
-5.10849
-5.10562
-5.10292
-5.10024
-5.09774
-5.09511
-5.09282
-5.0904
-5.08773
-5.08555
-5.08295
-5.08041
-5.07806
-5.07607
-5.07398
-5.07164
-5.06937
-5.06746
-5.06547
-5.0634
-5.0617
-5.05993
-5.05823
-5.05677
-5.05494
-5.05364
-5.05213
-5.05087
-5.04954
-5.04846
-5.04762
-5.04659
-5.0458
-5.04496
-5.04468
-5.04419
-5.04381
-5.04339
-5.04322
-5.04315
-5.04303
-5.04347
-5.04372
-5.04406
-5.04436
-5.04446
-5.04495
-5.04569
-5.04653
-5.04746
-5.04848
-5.04959
-5.05094
-5.05236
-5.05372
-5.055
-5.05636
-5.05809
-5.05944
-5.06145
-5.06323
-5.06521
-5.06694
-5.06858
-5.07041
-5.07244
-5.07452
-5.07647
-5.07846
-5.08049
-5.08284
-5.08506
-5.08746
-5.08958
-5.09171
-5.09385
-5.096
-5.09816
-5.10032
-5.10308
-5.10585
-5.10816
-5.11046
-5.11275
-5.11517
-5.11743
-5.11953
-5.1216
-5.1238
-5.12597
-5.12797
-5.12994
-5.13203
-5.13393
-5.13625
-5.13808
-5.13987
-5.14162
-5.14333
-5.1453
-5.14677
-5.14834
-5.15002
-5.15164
-5.15337
-5.15475
-5.15653
-5.15796
-5.15918
-5.16035
-5.16162
-5.16268
-5.16369
-5.16465
-5.16586
-5.16671
-5.16781
-5.16856
-5.16942
-5.17022
-5.17068
-5.17139
-5.1719
-5.17253
-5.17326
-5.17381
-5.17432
-5.17464
-5.17508
-5.17504
-5.17542
-5.17577
-5.17626
-5.17688
-5.17733
-5.17776
-5.17788
-5.17844
-5.17855
-5.17925
-5.17965
-5.17915
-5.17956
-5.17982
-5.18009
-5.18037
-5.18097
-5.18113
-5.18146
-5.1815
-5.18201
-5.18255
-5.18311
-5.1837
-5.184
-5.18448
-5.18484
-5.18522
-5.18562
-5.18605
-5.18666
-5.18774
-5.18839
-5.18921
-5.18945
-5.18985
-5.19103
-5.19162
-5.19238
-5.19344
-5.19421
-5.19514
-5.19577
-5.1964
-5.19748
-5.19824
-5.19916
-5.19975
-5.20049
-5.20136
-5.20205
-5.20258
-5.20307
-5.20384
-5.20427
-5.20513
-5.20534
-5.20582
-5.2064
-5.20694
-5.20728
-5.20773
-5.20783
-5.20847
-5.20846
-5.20854
-5.20857
-5.20854
-5.20845
-5.2086
-5.20839
-5.20827
-5.20778
-5.20768
-5.20737
-5.207
-5.20641
-5.20546
-5.20474
-5.20396
-5.20297
-5.20252
-5.20125
-5.20053
-5.19959
-5.1983
-5.1971
-5.19569
-5.19422
-5.193
-5.19143
-5.18995
-5.18797
-5.18639
-5.18477
-5.18295
-5.18138
-5.17962
-5.17797
-5.17597
-5.17394
-5.17187
-5.16991
-5.16792
-5.16544
-5.16338
-5.16114
-5.15933
-5.15748
-5.15576
-5.15357
-5.15134
-5.1491
-5.14668
-5.1444
-5.14225
-5.14007
-5.13774
-5.13508
-5.13271
-5.13018
-5.12824
-5.12614
-5.12374
-5.12102
-5.11844
-5.11632
-5.11389
-5.11161
-5.10918
-5.1066
-5.10433
-5.10206
-5.09951
-5.09711
-5.09502
-5.09296
-5.09045
-5.08782
-5.08566
-5.08353
-5.08128
-5.07921
-5.07718
-5.07519
-5.07339
-5.07089
-5.06904
-5.06694
-5.06536
-5.06338
-5.06193
-5.0604
-5.05863
-5.05695
-5.05566
-5.05445
-5.05319
-5.05171
-5.05034
-5.04907
-5.04805
-5.04715
-5.0465
-5.04582
-5.04555
-5.04509
-5.04506
-5.04499
-5.04503
-5.04489
-5.04471
-5.0451
-5.04575
-5.04651
-5.04677
-5.04759
-5.0482
-5.04921
-5.05016
-5.05135
-5.05261
-5.05379
-5.05504
-5.05635
-5.05802
-5.05958
-5.06119
-5.06328
-5.06479
-5.06647
-5.06832
-5.07017
-5.07187
-5.07341
-5.07493
-5.07644
-5.07837
-5.07997
-5.08153
-5.08304
-5.08406
-5.08547
-5.08668
-5.08797
-5.08936
-5.09022
-5.09101
-5.09203
-5.09283
-5.09354
-5.09403
-5.09535
-5.09598
-5.09593
-5.0964
-5.09664
-5.0968
-5.09719
-5.09735
-5.09728
-5.09759
-5.09753
-5.09724
-5.09719
-5.09722
-5.09704
-5.0971
-5.09696
-5.09691
-5.0962
-5.0959
-5.0954
-5.09471
-5.09413
-5.09322
-5.09212
-5.09113
-5.09043
-5.08955
-5.0888
-5.08773
-5.08649
-5.08554
-5.08443
-5.08331
-5.08219
-5.08076
-5.07964
-5.07882
-5.07755
-5.07674
-5.07595
-5.075
-5.07423
-5.07316
-5.07241
-5.07153
-5.07037
-5.06922
-5.06871
-5.06791
-5.06699
-5.06594
-5.06538
-5.06469
-5.06403
-5.06311
-5.06221
-5.0615
-5.06113
-5.0608
-5.06066
-5.05965
-5.05958
-5.05941
-5.05899
-5.05861
-5.05842
-5.05814
-5.0582
-5.05786
-5.05773
-5.05765
-5.05777
-5.0575
-5.05803
-5.05847
-5.05852
-5.05878
-5.05924
-5.05976
-5.06095
-5.06174
-5.06229
-5.0629
-5.06432
-5.06534
-5.06627
-5.0668
-5.06783
-5.06907
-5.07035
-5.07123
-5.07245
-5.07357
-5.07487
-5.07606
-5.07774
-5.07915
-5.08043
-5.08204
-5.08367
-5.08516
-5.08637
-5.08789
-5.08957
-5.09111
-5.09234
-5.09371
-5.09539
-5.0969
-5.09855
-5.09973
-5.1012
-5.10249
-5.10436
-5.1059
-5.10726
-5.10828
-5.10973
-5.11114
-5.11205
-5.11323
-5.11467
-5.11561
-5.11636
-5.11736
-5.11817
-5.11863
-5.11919
-5.1197
-5.12062
-5.12149
-5.12231
-5.12293
-5.12366
-5.12463
-5.12496
-5.12509
-5.12547
-5.12551
-5.12581
-5.12636
-5.12673
-5.12689
-5.12687
-5.12711
-5.12717
-5.12688
-5.12672
-5.12682
-5.12674
-5.12679
-5.1265
-5.12665
-5.12617
-5.12597
-5.1259
-5.12597
-5.12588
-5.12562
-5.1255
-5.12553
-5.1254
-5.12497
-5.12469
-5.12441
-5.12398
-5.12371
-5.12345
-5.1235
-5.12326
-5.12318
-5.12281
-5.12261
-5.12242
-5.1221
-5.1218
-5.12167
-5.12155
-5.12191
-5.12199
-5.1224
-5.12237
-5.12251
-5.12267
-5.12316
-5.12306
-5.12298
-5.12307
-5.12317
-5.1233
-5.12343
-5.12374
-5.1239
-5.12407
-5.12426
-5.1246
-5.12479
-5.12499
-5.12519
-5.1257
-5.12635
-5.12655
-5.12644
-5.12663
-5.12695
-5.12697
-5.12697
-5.12696
-5.12708
-5.12733
-5.12742
-5.12763
-5.12798
-5.12769
-5.12784
-5.12781
-5.12805
-5.12811
-5.12785
-5.12785
-5.12767
-5.12747
-5.12708
-5.12681
-5.12605
-5.12587
-5.12611
-5.12572
-5.12529
-5.12498
-5.1248
-5.12443
-5.12388
-5.12345
-5.1227
-5.12206
-5.1214
-5.12072
-5.11985
-5.11912
-5.11821
-5.11698
-5.11649
-5.11568
-5.11485
-5.11356
-5.1127
-5.11199
-5.11111
-5.11008
-5.10919
-5.108
-5.1068
-5.10591
-5.10502
-5.10428
-5.10325
-5.10238
-5.10137
-5.10036
-5.09922
-5.0984
-5.09744
-5.09665
-5.09558
-5.09453
-5.09396
-5.09325
-5.09288
-5.09253
-5.09251
-5.09177
-5.0912
-5.09052
-5.09016
-5.08954
-5.08909
-5.08883
-5.0883
-5.08779
-5.08778
-5.08749
-5.08738
-5.08715
-5.08696
-5.08664
-5.08665
-5.08653
-5.0866
-5.08639
-5.08635
-5.08664
-5.0865
-5.08639
-5.0863
-5.08668
-5.08678
-5.08705
-5.08674
-5.08705
-5.08693
-5.08758
-5.08794
-5.08817
-5.08857
-5.08884
-5.08896
-5.08926
-5.08942
-5.08974
-5.09038
-5.09059
-5.09127
-5.09181
-5.09206
-5.09249
-5.09308
-5.09399
-5.09478
-5.09497
-5.09564
-5.09633
-5.09659
-5.09702
-5.09717
-5.09794
-5.09874
-5.09941
-5.0998
-5.10022
-5.10095
-5.10172
-5.10265
-5.10346
-5.10384
-5.10439
-5.10542
-5.10648
-5.1074
-5.10896
-5.11008
-5.11062
-5.11179
-5.11252
-5.11328
-5.11406
-5.11486
-5.11582
-5.11681
-5.11781
-5.11929
-5.12048
-5.12153
-5.12274
-5.12397
-5.12536
-5.12677
-5.12818
-5.12945
-5.13088
-5.13216
-5.1336
-5.13475
-5.13575
-5.1369
-5.13805
-5.1389
-5.14051
-5.14181
-5.1431
-5.14455
-5.14583
-5.14696
-5.14853
-5.14995
-5.1512
-5.15213
-5.15336
-5.15443
-5.15562
-5.15696
-5.15843
