1.10755
1.11422
1.12056
1.1273
1.13444
1.14099
1.14866
1.15623
1.16322
1.17107
1.17834
1.18599
1.19402
1.20242
1.21048
1.21892
1.22798
1.23668
1.24577
1.25379
1.26291
1.27169
1.28133
1.29111
1.3003
1.30988
1.31984
1.32946
1.33995
1.35009
1.36038
1.37104
1.38209
1.39304
1.40412
1.41534
1.42669
1.43817
1.44953
1.4615
1.47406
1.48626
1.49759
1.50974
1.52247
1.53431
1.54671
1.55894
1.5717
1.58402
1.59638
1.60948
1.62234
1.63496
1.64732
1.6594
1.67167
1.68436
1.69649
1.70852
1.72068
1.7327
1.74457
1.75628
1.7678
1.77936
1.79046
1.80132
1.81218
1.82252
1.83257
1.84208
1.85152
1.86086
1.86962
1.87779
1.88582
1.89371
1.90049
1.90735
1.91404
1.92031
1.92592
1.9311
1.93561
1.94016
1.94379
1.94697
1.94995
1.95273
1.95506
1.95647
1.95743
1.9582
1.95853
1.95842
1.95788
1.95692
1.95529
1.95348
1.95029
1.9479
1.94414
1.94023
1.93616
1.93171
1.92736
1.92191
1.91682
1.91137
1.9051
1.89896
1.89225
1.88546
1.87885
1.8712
1.86327
1.85459
1.84612
1.8374
1.82845
1.81927
1.80942
1.79937
1.78916
1.77927
1.76925
1.75863
1.74816
1.73761
1.727
1.71684
1.70594
1.69553
1.68515
1.67481
1.6643
1.6546
1.64453
1.63507
1.62599
1.61635
1.60666
1.5974
1.58812
1.57932
1.571
1.5627
1.55443
1.54716
1.53971
1.53233
1.52598
1.51946
1.51352
1.50767
1.50168
1.49675
1.49241
1.48768
1.48306
1.47927
1.47534
1.47247
1.47041
1.46845
1.46705
1.46501
1.46328
1.4621
1.46097
1.46109
1.46125
1.46142
1.46113
1.46131
1.46173
1.46307
1.4639
1.4649
1.4668
1.46861
1.47032
1.47167
1.47385
1.47611
1.47821
1.48037
1.48257
1.48479
1.48678
1.48925
1.49073
1.49314
1.49598
1.49803
1.49977
1.50117
1.5032
1.50488
1.50692
1.50835
1.5094
1.51103
1.51179
1.51287
1.51356
1.51409
1.51398
1.51371
1.51425
1.51439
1.5139
1.51374
1.51273
1.5123
1.51127
1.51084
1.51006
1.50895
1.50799
1.50696
1.5061
1.50496
1.50378
1.50233
1.50087
1.4987
1.49677
1.4956
1.49543
1.4941
1.49285
1.49191
1.48985
1.48837
1.48797
1.48768
1.48704
1.4863
1.48594
1.48669
1.48639
1.48674
1.48677
1.48744
1.48733
1.48762
1.48833
1.48945
1.49099
1.49269
1.49505
1.49685
1.49905
1.50213
1.50416
1.50657
1.50913
1.51183
1.51464
1.51734
1.52039
1.52379
1.52703
1.53085
1.53401
1.53724
1.54077
1.54434
1.54819
1.55182
1.55547
1.55888
1.56301
1.56639
1.57023
1.57355
1.57706
1.58075
1.58413
1.58743
1.59088
1.59447
1.59747
1.60011
1.60262
1.60499
1.60722
1.60929
1.61143
1.61339
1.61542
1.61701
1.61864
1.61935
1.6208
1.6213
1.62182
1.62234
1.62262
1.62289
1.62266
1.62217
1.62189
1.62014
1.61883
1.61675
1.61488
1.61246
1.60952
1.60651
1.60345
1.60032
1.59641
1.59243
1.5879
1.58282
1.57791
1.5722
1.56619
1.56011
1.55348
1.54702
1.53954
1.53249
1.52465
1.51652
1.50834
1.49988
1.49114
1.48237
1.47285
1.46308
1.45378
1.44375
1.43349
1.42301
1.41256
1.4019
1.39105
1.37954
1.36859
1.35723
1.34525
1.33314
1.32044
1.30835
1.29666
1.28441
1.27234
1.25999
1.24785
1.23546
1.22306
1.21069
1.19859
1.18631
1.17408
1.1617
1.14917
1.13747
1.12589
1.11422
1.10318
1.09111
1.0797
1.06849
1.05773
1.04648
1.03593
1.02588
1.01656
1.00703
0.997539
0.988336
0.97919
0.970832
0.962788
0.955065
0.947429
0.940125
0.933401
0.927019
0.921223
0.915535
0.910439
0.905455
0.900584
0.896548
0.892624
0.889292
0.886068
0.883192
0.88042
0.87823
0.875896
0.874375
0.873181
0.871826
0.871027
0.870296
0.870588
0.871176
0.871809
0.872721
0.873421
0.874624
0.876081
0.878023
0.880202
0.882127
0.884511
0.887826
0.890861
0.893366
0.897498
0.900601
0.904593
0.908508
0.912818
0.916795
0.921636
0.925891
0.930757
0.935509
0.941103
0.946571
0.951668
0.956874
0.962426
0.967842
0.97384
0.979698
0.985655
0.991469
0.997381
1.00339
1.00998
1.01643
1.02297
1.02938
1.03613
1.04321
1.04968
1.05626
1.06318
1.07021
1.07686
1.08411
1.09195
1.09918
1.107
1.11469
1.1225
1.13041
1.13869
1.14659
1.15485
1.16298
1.1717
1.18029
1.18899
1.1978
1.20671
1.21524
1.22458
1.23354
1.24331
1.25269
1.26214
1.27167
1.28079
1.29046
1.29994
1.31043
1.32001
1.32987
1.33927
1.34965
1.36028
1.3702
1.3801
1.38975
1.4001
1.40968
1.41945
1.4294
1.4388
1.44787
1.45709
1.46619
1.47565
1.48473
1.49391
1.50268
1.51127
1.51968
1.52812
1.53611
1.54386
1.55114
1.55767
1.56466
1.5716
1.57801
1.58436
1.5899
1.59512
1.6
1.60502
1.60943
1.61276
1.61595
1.61851
1.62093
1.62344
1.6253
1.627
1.6283
1.62918
1.62965
1.62947
1.62911
1.6281
1.62691
1.62579
1.62403
1.62257
1.61975
1.61677
1.61292
1.60891
1.60476
1.60023
1.59437
1.58886
1.58299
1.57701
1.57021
1.56331
1.55608
1.54829
1.5409
1.53249
1.52379
1.51528
1.50624
1.49718
1.48786
1.47756
1.46677
1.45648
1.44595
1.43546
1.42451
1.41337
1.40179
1.39052
1.37859
1.36651
1.35475
1.34286
1.33035
1.31795
1.30521
1.2926
1.27942
1.26688
1.25354
1.24086
1.22838
1.21537
1.20209
1.18904
1.17645
1.16339
1.15106
1.13851
1.12552
1.11232
1.09967
1.08684
1.07409
1.06142
1.0491
1.03688
1.02429
1.01183
0.999508
0.987332
0.975791
0.96321
0.952245
0.941219
0.929901
0.91926
0.908823
0.897634
0.887144
0.87712
0.86757
0.858015
0.848704
0.839401
0.830594
0.822286
0.814001
0.805502
0.797998
0.790288
0.782857
0.776191
0.76933
0.763237
0.756954
0.751203
0.745746
0.740585
0.735721
0.731153
0.7264
0.722425
0.718509
0.714649
0.71229
0.709265
0.707018
0.704827
0.70269
0.701088
0.700019
0.699242
0.698995
0.698795
0.697918
0.697805
0.698455
0.699625
0.701311
0.70255
0.704302
0.705604
0.707896
0.709492
0.711832
0.714433
0.717532
0.720888
0.724978
0.728837
0.732943
0.737294
0.741407
0.746482
0.751312
0.757821
0.763116
0.769362
0.775353
0.78157
0.787768
0.794667
0.801782
0.809111
0.81641
0.824158
0.83187
0.840024
0.848617
0.857404
0.866139
0.875303
0.883445
0.892248
0.901468
0.91158
0.921136
0.930611
0.940964
0.950984
0.961389
0.971929
0.982118
0.992669
1.00309
1.01362
1.02473
1.03544
1.04671
1.05756
1.06847
1.07943
1.09066
1.10191
1.11293
1.12395
1.13519
1.14663
1.15804
1.16938
1.17992
1.19133
1.20168
1.21214
1.2227
1.23288
1.24312
1.25365
1.26399
1.27338
1.28231
1.29146
1.30036
1.30873
1.31706
1.32557
1.33352
1.34091
1.3482
1.35491
1.36078
1.36726
1.37313
1.3779
1.38278
1.38705
1.39142
1.39421
1.39758
1.40059
1.40371
1.40575
1.40768
1.40951
1.41173
1.41242
1.41353
1.41362
1.41367
1.41369
1.41274
1.41155
1.41016
1.4088
1.40774
1.40628
1.40468
1.40294
1.40086
1.39869
1.39692
1.39462
1.39227
1.39014
1.38824
1.38586
1.38422
1.38213
1.38008
1.37809
1.37616
1.37454
1.37252
1.37083
1.36948
1.36774
1.3661
1.36458
1.3634
1.3621
1.36139
1.36055
1.35959
1.35874
1.35824
1.35834
1.3583
1.35836
1.35829
1.35831
1.35795
1.35815
1.35868
1.35881
1.35902
1.35954
1.36012
1.361
1.3617
1.36221
1.36277
1.36385
1.36473
1.36565
1.36636
1.36757
1.36785
1.36814
1.36918
1.36998
1.37081
1.37164
1.37272
1.37381
1.3749
1.37576
1.37686
1.37821
1.37956
1.38116
1.38276
1.38365
1.38454
1.38617
1.38732
1.38872
1.38966
1.39086
1.39207
1.39283
1.39385
1.39514
1.39598
1.3971
1.39873
1.40017
1.40165
1.4039
1.40547
1.40759
1.40952
1.41128
1.41261
1.41475
1.41647
1.41827
1.42111
1.42379
1.42584
1.42822
1.43045
1.43301
1.43591
1.43843
1.44153
1.44378
1.44709
1.4505
1.45355
1.4567
1.46044
1.46453
1.46802
1.47161
1.47555
1.47961
1.48378
1.48757
1.49244
1.49693
1.50128
1.50622
1.51054
1.51569
1.5202
1.52529
1.53072
1.53599
1.54134
1.54678
1.55181
1.55692
1.56233
1.56829
1.5743
1.58037
1.58649
1.59265
1.59812
1.60435
1.61037
1.61664
1.62269
1.62898
1.63504
1.64109
1.64665
1.65267
1.65866
1.66414
1.67055
1.67594
1.68177
1.6873
1.693
1.69863
1.70443
1.7099
1.71504
1.72057
1.72551
1.73083
1.7358
1.74064
1.74537
1.74972
1.75443
1.75899
1.76366
1.76818
1.77208
1.77582
1.77917
1.78308
1.78612
1.78971
1.79266
1.79544
1.7983
1.80075
1.8028
1.80467
1.80614
1.80769
1.80931
1.81076
1.8123
1.81343
1.81441
1.81499
1.81517
1.81617
1.81703
1.81726
1.81759
1.81755
1.81786
1.81781
1.81692
1.8164
1.81577
1.81504
1.81421
1.81402
1.81303
1.81244
1.81155
1.81011
1.80885
1.80755
1.80622
1.80484
1.80369
1.80227
1.80132
1.79963
1.79843
1.79724
1.79653
1.79536
1.79373
1.79213
1.79079
1.78974
1.78848
1.78703
1.78611
1.78572
1.7849
1.78365
1.78222
1.78109
1.78001
1.77948
1.77877
1.77764
1.77632
1.77577
1.77433
1.77413
1.77375
1.77366
1.77289
1.77265
1.77244
1.77275
1.77237
1.77201
1.77144
1.77112
1.77057
1.77075
1.77045
1.77063
1.77032
1.77024
1.77014
1.77002
1.76987
1.76992
1.76971
1.76921
1.76915
1.7688
1.7684
1.76795
1.76697
1.76689
1.76627
1.76559
1.76485
1.76405
1.76344
1.76205
1.76156
1.76053
1.75946
1.75833
1.75643
1.75544
1.75418
1.75264
1.75106
1.7497
1.74808
1.74692
1.74575
1.74433
1.74292
1.74175
1.74035
1.73897
1.73786
1.73654
1.73526
1.73378
1.73259
1.73122
1.73015
1.72939
1.72846
1.72762
1.72687
1.72668
1.72659
1.72613
1.72577
1.72576
1.72538
1.72536
1.72571
1.72618
1.72653
1.72702
1.72787
1.72838
1.72926
1.73027
1.73142
1.73295
1.73389
1.73544
1.73713
1.73896
1.74115
1.74347
1.74567
1.748
1.75021
1.75301
1.75641
1.75919
1.76184
1.76458
1.76765
1.77057
1.77454
1.77785
1.78171
1.78564
1.78889
1.79267
1.79576
1.79937
1.803
1.8064
1.81005
1.81418
1.81758
1.82071
1.82406
1.82713
1.83087
1.83457
1.83819
1.84199
1.84547
1.84838
1.85168
1.85439
1.857
1.85948
1.86185
1.86384
1.86593
1.86789
1.86945
1.87111
1.87285
1.87466
1.87631
1.87755
1.87886
1.87952
1.88047
1.88053
1.88066
1.88108
1.88061
1.88092
1.88056
1.8798
1.87957
1.87942
1.87837
1.8774
1.87626
1.87496
1.87326
1.87117
1.86821
1.86582
1.8645
1.86231
1.85952
1.85684
1.85357
1.85065
1.84836
1.84547
1.84225
1.83917
1.83553
1.83205
1.828
1.82413
1.82067
1.81667
1.81333
1.8097
1.80578
1.80206
1.7983
1.79426
1.7902
1.78683
1.78223
1.77786
1.77371
1.76979
1.76563
1.76122
1.7568
1.75239
1.74799
1.74359
1.73944
1.73555
1.73167
1.72685
1.72277
1.71847
1.71445
1.7102
1.70624
1.7023
1.69792
1.69382
1.68977
1.68648
1.68276
1.67908
1.67571
1.67214
1.6684
1.66496
1.66182
1.65755
1.65383
1.65115
1.64855
1.64483
1.64215
1.63956
1.63682
1.63442
1.63139
1.62919
1.62662
1.62415
1.62156
1.61956
1.61745
1.61545
1.61383
1.61234
1.61074
1.61
1.60868
1.60799
1.60721
1.60657
1.60634
1.60602
1.60561
1.60537
1.60506
1.60708
1.60709
1.60824
1.60933
1.61059
1.61154
1.61267
1.61445
1.61594
1.61808
1.62016
1.62265
1.62508
1.62769
1.63071
1.63366
1.6375
1.64079
1.64472
1.64856
1.65233
1.65624
1.6603
1.66499
1.66908
1.67259
1.67718
1.68213
1.68694
1.69138
1.6964
1.70077
1.70571
1.71047
1.71602
1.72138
1.72702
1.73245
1.73838
1.74384
1.74979
1.75476
1.76019
1.76511
1.77071
1.77578
1.78175
1.78645
1.79154
1.79725
1.80215
1.80693
1.81231
1.81731
1.82145
1.82521
1.82929
1.83344
1.83743
1.84148
1.84486
1.84758
1.84985
1.85313
1.85621
1.8586
1.86078
1.86299
1.86474
1.86627
1.86783
1.8682
1.86908
1.86974
1.8697
1.86992
1.86969
1.86948
1.86905
1.86842
1.86805
1.86772
1.86647
1.86525
1.86384
1.86199
1.86018
1.85795
1.8553
1.8527
1.84992
1.84721
1.84409
1.84056
1.83759
1.83421
1.83044
1.82676
1.82196
1.81775
1.81363
1.80914
1.80451
1.79976
1.79537
1.79013
1.78527
1.77981
1.77424
1.76881
1.76377
1.75792
1.75223
1.74669
1.74084
1.7354
1.72918
1.72338
1.71777
1.71163
1.70545
1.69949
1.69301
1.68651
1.68
1.67396
1.66744
1.66141
1.65491
1.64891
1.64269
1.6365
1.63035
1.62448
1.61818
1.61242
1.60673
1.60086
1.5953
1.58982
1.58419
1.57841
1.57296
1.56786
1.56238
1.55773
1.55272
1.54758
1.54329
1.53865
1.53415
1.52978
1.52554
1.52145
1.51799
1.5142
1.51056
1.50732
1.50376
1.50085
1.49785
1.49503
1.49238
1.48941
1.48735
1.48499
1.48304
1.48128
1.47971
1.47856
1.47737
1.47613
1.47556
1.47447
1.47358
1.47361
1.47384
1.47404
1.47493
1.47555
1.47686
1.47838
1.47964
1.48111
1.48208
1.48399
1.48612
1.48896
1.49154
1.49459
1.49786
1.50111
1.50436
1.50831
1.51225
1.51594
1.52033
1.52544
1.53028
1.53535
1.54113
1.54688
1.55286
1.55905
1.56521
1.57159
1.57841
1.58543
1.59217
1.5991
1.60645
1.61375
1.6217
1.62957
1.63761
1.64556
1.65317
1.66164
1.67048
1.67943
1.6885
1.6979
1.70691
1.716
1.72516
1.73462
1.74364
1.7527
1.76179
1.77113
1.78048
1.78958
1.79891
1.80845
1.81748
1.8267
1.83635
1.84522
1.85377
1.86225
1.87136
1.88039
1.88907
1.89716
1.90587
1.91398
1.92197
1.93008
1.93782
1.94567
1.9534
1.96123
1.96894
1.97555
1.98251
1.98958
1.99676
2.00333
2.00953
2.01585
2.02229
2.02885
2.03554
2.04139
2.04762
2.0535
2.05953
2.06546
2.07082
2.07609
2.08152
2.08736
2.09192
2.09713
2.10228
2.10737
2.11168
2.11643
2.12185
2.12723
2.13234
2.13717
2.14245
2.14723
2.15199
2.15672
2.16144
2.16615
2.17157
2.17626
2.18118
2.18609
2.19124
2.19567
2.20057
2.20523
2.20965
2.2143
2.21871
2.22336
2.22799
2.23262
2.23724
2.24208
2.24618
2.25146
2.25575
2.26049
2.26472
2.26891
2.27233
2.27691
2.28094
2.28492
2.28884
2.29316
2.29692
2.30035
2.30441
2.30814
2.31176
2.31478
2.31817
2.32168
2.32481
2.32757
2.33067
2.33338
2.33642
2.33858
2.34106
2.34289
2.34551
2.34723
2.34901
2.35013
2.35106
2.35204
2.35283
2.35367
2.35383
2.35379
2.35355
2.35263
2.35247
2.35139
2.35058
2.34957
2.34884
2.34694
2.34508
2.34326
2.34147
2.33901
2.33658
2.33346
2.33039
2.32737
2.32414
2.32072
2.31686
2.31353
2.30953
2.30534
2.30072
2.29663
2.29212
2.2867
2.28159
2.27605
2.27106
2.26517
2.25911
2.25313
2.24673
2.24042
2.23394
2.22707
2.22076
2.21286
2.20577
2.19878
2.19189
2.18438
2.17674
2.16969
2.16155
2.15354
2.14565
2.13717
2.12859
2.11966
2.11087
2.10175
2.09207
2.0835
2.07486
2.06591
2.05664
2.04804
2.03865
2.02945
2.02069
2.0114
2.00207
1.99198
1.98259
1.97364
1.96372
1.95449
1.94477
1.93528
1.92553
1.91602
1.90651
1.89724
1.88748
1.87749
1.86774
1.85824
1.8485
1.83878
1.82906
1.81935
1.80989
1.80068
1.79148
1.78229
1.77263
1.76322
1.75358
1.74396
1.73482
1.72522
1.71635
1.70701
1.69841
1.68909
1.67956
1.67028
1.6615
1.65154
1.64233
1.63314
1.62374
1.61438
1.60506
1.59627
1.58753
1.5786
1.56974
1.56095
1.55199
1.54287
1.53433
1.52614
1.51756
1.50935
1.50079
1.49235
1.48407
1.47666
1.46917
1.46138
1.45448
1.44731
1.43984
1.43332
1.42701
1.4214
1.4158
1.41067
1.40555
1.40045
1.39561
1.39128
1.38674
1.38271
1.37896
1.37597
1.37255
1.37013
1.36654
1.36421
1.36239
1.36086
1.35936
1.35765
1.35693
1.35671
1.35578
1.35558
1.35563
1.3559
1.35664
1.35736
1.35851
1.35938
1.36019
1.36236
1.36373
1.36524
1.36712
1.36936
1.37146
1.37364
1.37638
1.37845
1.38081
1.3832
1.3856
1.38752
1.38991
1.39227
1.39434
1.39659
1.39926
1.4016
1.40383
1.405
1.40675
1.4079
1.40937
1.41093
1.41183
1.41304
1.41357
1.4144
1.41501
1.41446
1.41512
1.41509
1.41434
1.41264
1.41143
1.41022
1.40853
1.40781
1.40613
1.40422
1.40183
1.39898
1.39589
1.39283
1.38907
1.38607
1.38214
1.37849
1.37466
1.37089
1.36646
1.36187
1.35665
1.35224
1.34673
1.34133
1.33558
1.33043
1.32447
1.31841
1.31275
1.30701
1.30145
1.29535
1.28943
1.28324
1.277
1.27097
1.26515
1.25908
1.25251
1.24618
1.24032
1.23447
1.22838
1.22255
1.21673
1.21045
1.20467
1.19916
1.1932
1.18704
1.18091
1.17554
1.17021
1.16446
1.15851
1.15213
1.14654
1.14101
1.13554
1.13063
1.12506
1.11958
1.11466
1.10934
1.10459
1.09922
1.09491
1.08974
1.08541
1.0807
1.07684
1.07263
1.06854
1.06435
1.06055
1.05665
1.05339
1.05029
1.04735
1.04459
1.042
1.0396
1.03715
1.03489
1.03355
1.03146
1.02935
1.02817
1.02723
1.02555
1.0241
1.02411
1.02436
1.02438
1.02394
1.02448
1.02504
1.0266
1.02795
1.02934
1.03125
1.03321
1.03594
1.03919
1.0425
1.04585
1.04926
1.05297
1.05673
1.06078
1.06561
1.07073
1.0759
1.08111
1.08709
1.09336
1.10062
1.10766
1.11498
1.12231
1.13013
1.13772
1.14602
1.15383
1.1621
1.17106
1.1807
1.1898
1.19884
1.20731
1.2169
1.22639
1.23648
1.24668
1.25674
1.26736
1.27756
1.28734
1.29739
1.30795
1.31827
1.32834
1.33936
1.34912
1.35908
1.36872
1.37852
1.38846
1.39852
1.40918
1.4185
1.42742
1.43689
1.44618
1.45528
1.46418
1.47309
1.48179
1.49024
1.49796
1.50567
1.51216
1.51885
1.52526
1.53115
1.53722
1.543
1.54872
1.55389
1.55802
1.56281
1.56728
1.5712
1.57455
1.57759
1.58032
1.58248
1.58458
1.58637
1.58786
1.59001
1.59187
1.5932
1.59353
1.59407
1.59386
1.59341
1.59295
1.59275
1.5916
1.59049
1.58967
1.58818
1.58606
1.58426
1.58233
1.57956
1.5774
1.5754
1.57284
1.57047
1.56783
1.56515
1.56271
1.56004
1.55764
1.55527
1.55344
1.5512
1.54929
1.54746
1.54575
1.5432
1.54126
1.53994
1.53854
1.53754
1.53623
1.53534
1.5344
1.53389
1.53406
1.5342
1.53382
1.53486
1.53538
1.53588
1.53708
1.53826
1.53989
1.54149
1.54355
1.54558
1.54782
1.55074
1.55314
1.55549
1.55828
1.56149
1.56463
1.56771
1.57167
1.57554
1.57957
1.58349
1.58778
1.5922
1.59624
1.60039
1.60535
1.61015
1.61574
1.62092
1.62614
1.63141
1.63622
1.64104
1.64636
1.65167
1.65672
1.66174
1.66673
1.67166
1.67653
1.68181
1.68629
1.69138
1.69637
1.70027
1.70501
1.70913
1.71286
1.7169
1.71982
1.72327
1.72654
1.72962
1.73249
1.73346
1.7359
1.73859
1.74033
1.7428
1.74406
1.74483
1.74631
1.74682
1.74732
1.74852
1.7485
1.74847
1.74794
1.74668
1.74614
1.74462
1.74286
1.74158
1.73911
1.73713
1.7347
1.7323
1.72921
1.7264
1.72293
1.71953
1.71548
1.71177
1.70742
1.70343
1.69957
1.69511
1.6908
1.68617
1.6822
1.67841
1.67337
1.6683
1.66345
1.65956
1.65496
1.65061
1.64654
1.64227
1.63804
1.63364
1.62884
1.62435
1.6202
1.6159
1.6122
1.60885
1.60562
1.6018
1.59788
1.59482
1.59142
1.58842
1.58484
1.58191
1.57986
1.57774
1.57554
1.57327
1.57117
1.56948
1.56748
1.5659
1.56472
1.56396
1.56264
1.56198
1.56148
1.56115
1.56073
1.56097
1.56111
1.56165
1.5621
1.56294
1.56392
1.5648
1.56533
1.56648
1.56751
1.56914
1.57016
1.57177
1.57373
1.57579
1.5777
1.57945
1.58201
1.58367
1.58588
1.58839
1.59047
1.59235
1.59427
1.59695
1.60037
1.60284
1.60532
1.60756
1.60979
1.61225
1.61517
1.61685
1.6197
1.62178
1.62357
1.62579
1.6277
1.62954
1.63154
1.63371
1.63531
1.63754
1.63968
1.64123
1.64269
1.64357
1.64434
1.64525
1.64654
1.647
1.64784
1.64883
1.64947
1.65002
1.65024
1.65014
1.65043
1.64993
1.64984
1.65017
1.65021
1.6502
1.64942
1.64958
1.64972
1.6496
1.64973
1.64986
1.64953
1.64947
1.64992
1.65018
1.65001
1.65063
1.65036
1.6509
1.65129
1.65202
1.65311
1.65358
1.65467
1.65589
1.65676
1.65754
1.65872
1.66005
1.66227
1.66441
1.66673
1.66874
1.67116
1.67377
1.67632
1.67978
1.6827
1.68556
1.68957
1.69303
1.69644
1.70052
1.70501
1.70967
1.71426
1.71927
1.72395
1.72878
1.7345
1.74011
1.74563
1.75176
1.75801
1.7639
1.76965
1.77575
1.7817
1.78797
1.79456
1.80145
1.80839
1.81514
1.82168
1.828
1.83482
1.84188
1.84748
1.85403
1.86055
1.86654
1.87321
1.87934
1.88563
1.89233
1.89821
1.90375
1.9099
1.91545
1.9216
1.92688
1.93274
1.93797
1.94256
1.94747
1.95244
1.95699
1.96137
1.96555
1.96931
1.97359
1.97767
1.98082
1.98426
1.98652
1.98955
1.99236
1.99521
1.99761
1.99981
2.00204
2.00358
2.00469
2.0056
2.00655
2.0078
2.00838
2.0083
2.00852
2.00858
2.00846
2.00819
2.00777
2.00695
2.00672
2.00588
2.0049
2.00405
2.00285
2.00178
2.00037
1.99863
1.99729
1.99539
1.99391
1.99189
1.9903
1.98842
1.98627
1.98433
1.98164
1.97943
1.97744
1.97522
1.97324
1.97104
1.9691
1.96695
1.96556
1.96396
1.96193
1.95995
1.95827
1.95665
1.95509
1.95361
1.95221
1.95136
1.94988
1.94824
1.94765
1.94643
1.94554
1.94571
1.94526
1.94442
1.94393
1.94329
1.94324
1.94376
1.94342
1.94319
1.94329
1.94324
1.94377
1.94368
1.94391
1.94472
1.94536
1.9461
1.94715
1.9478
1.94852
1.94955
1.95041
1.95182
1.95256
1.95409
1.95518
1.95633
1.95801
1.95924
1.961
1.96256
1.96367
1.96529
1.9667
1.96838
1.97007
1.97227
1.97449
1.976
1.97753
1.97954
1.98132
1.98287
1.98466
1.98598
1.98729
1.98909
1.99112
1.99363
1.99542
1.99671
1.99824
1.99999
2.00125
2.00297
2.00468
2.00637
2.00779
2.01015
2.01201
2.01384
2.01563
2.01716
2.01841
2.01938
2.02055
2.02191
2.02276
2.02403
2.02573
2.02666
2.02753
2.02882
2.02957
2.03026
2.03063
2.03214
2.03261
2.03325
2.03357
2.03381
2.03469
2.03549
2.03596
2.03659
2.03665
2.03662
2.03698
2.03726
2.03697
2.03707
2.03611
2.03507
2.0337
2.03272
2.03239
2.03196
2.03122
2.03039
2.02876
2.0273
2.02601
2.02585
2.02417
2.02292
2.02136
2.01927
2.01785
2.01637
2.01437
2.01257
2.01073
2.0091
2.00744
2.00576
2.00358
2.00186
2.00013
1.9984
1.99666
1.99469
1.99344
1.99172
1.99001
1.98784
1.98544
1.98356
1.9817
1.97963
1.97807
1.97606
1.97434
1.97241
1.97076
1.96939
1.96806
1.9663
1.96458
1.96363
1.96199
1.9604
1.95957
1.95806
1.95707
1.95587
1.95496
1.95383
1.95297
1.95166
1.95062
1.94959
1.94882
1.94758
1.94659
1.94633
1.94558
1.94434
1.94358
1.94232
1.94128
1.93998
1.93889
1.93777
1.9366
1.93492
1.93366
1.93211
1.93099
1.92981
1.92856
1.92724
1.92609
1.92463
1.92284
1.92122
1.91927
1.91724
1.91536
1.91291
1.90964
1.90652
1.90404
1.90122
1.89831
1.89579
1.89318
1.89
1.88673
1.88314
1.87946
1.87642
1.87306
1.86962
1.86611
1.86229
1.85817
1.85446
1.85093
1.84663
1.84275
1.83883
1.83535
1.83159
1.82779
1.82396
1.81963
1.81551
1.81137
1.80746
1.80378
1.79985
1.79543
1.79126
1.78709
1.78245
1.77854
1.77416
1.77028
1.7657
1.7609
1.75733
1.75306
1.74906
1.74533
1.74187
1.73748
1.73361
1.73026
1.72598
1.72222
1.71826
1.71506
1.71141
1.70757
1.70401
1.70001
1.69654
1.6931
1.68947
1.68636
1.68305
1.68003
1.6768
1.67362
1.6712
1.66786
1.6648
1.6613
1.65833
1.65515
1.65273
1.64986
1.64728
1.64426
1.64079
1.63784
1.63517
1.63206
1.62924
1.62693
1.62418
1.62195
1.61952
1.61665
1.6143
1.61223
1.6102
1.60773
1.60507
1.60293
1.60083
1.59901
1.59724
1.59527
1.5931
1.5917
1.58987
1.58832
1.58681
1.58439
1.58274
1.58113
1.57957
1.57805
1.57658
1.57539
1.57401
1.57243
1.57113
1.56988
1.56891
1.56726
1.56613
1.56529
1.56448
1.56395
1.56274
1.56132
1.56042
1.55931
1.55823
1.55815
1.55762
1.55664
1.55617
1.55476
1.55411
1.55348
1.55336
1.55303
1.55224
1.55172
1.55122
1.55099
1.5503
1.54964
1.54949
1.54912
1.54927
1.54872
1.54844
1.54843
1.54846
1.54829
1.54767
1.54709
1.54704
1.54679
1.5466
1.5467
1.54686
1.54684
1.5476
1.54796
1.54791
1.54843
1.54927
1.54973
1.55076
1.5519
1.55315
1.55403
1.55528
1.55666
1.55818
1.56032
1.56214
1.56483
1.56698
1.56953
1.57203
1.57497
1.57786
1.58047
1.58403
1.58756
1.59108
1.59508
1.59957
1.60358
1.60809
1.61311
1.6184
1.62396
1.62957
1.63547
1.64142
1.64814
1.65517
1.66275
1.67087
1.67883
1.68709
1.6959
1.70454
1.71373
1.7225
1.73253
1.74213
1.75299
1.76364
1.77479
1.78572
1.79689
1.80876
1.8206
1.83334
1.84601
1.85832
1.87051
1.88278
1.89558
1.90839
1.92094
1.93295
1.9451
1.95758
1.96963
1.98145
1.9925
2.00346
2.01501
2.02541
2.03533
2.04472
2.05403
2.06248
2.07003
2.07687
2.08346
2.08832
2.09261
2.09607
2.09941
2.10091
2.10177
2.10199
2.10108
2.09977
2.09782
2.09454
2.09041
2.08524
2.07927
2.07304
2.06657
2.05798
2.04899
2.04038
2.03124
2.02111
2.01103
2.00007
1.98878
1.97719
1.9656
1.95238
1.94022
1.92723
1.91515
1.90306
1.89052
1.87901
1.86639
1.85464
1.84282
1.83143
1.81979
1.80888
1.798
1.78742
1.77691
1.76769
1.75809
1.74886
1.74023
1.73149
1.72291
1.71543
1.70788
1.70096
1.69421
1.68835
1.68193
1.67664
1.67175
1.66703
1.66319
1.65926
1.65597
1.65259
1.65104
1.64938
1.64785
1.64621
1.64517
1.64424
1.64414
1.64438
1.64518
1.64583
1.64656
1.64807
1.64964
1.65127
1.65317
1.6563
1.65946
1.6624
1.6651
1.66829
1.6717
1.67606
1.67992
1.68446
1.68801
1.6927
1.69783
1.70265
1.70812
1.71352
1.71908
1.72478
1.73039
1.73662
1.74299
1.74923
1.75608
1.76281
1.76843
1.77488
1.78167
1.78855
1.7948
1.80136
1.80921
1.8164
1.8239
1.8317
1.83907
1.84625
1.85396
1.86147
1.86901
1.87658
1.88346
1.89058
1.89796
1.90583
1.9137
1.92156
1.92965
1.93724
1.94456
1.95257
1.96078
1.96798
1.97536
1.98268
1.99017
1.99782
2.0049
2.01189
2.01853
2.02554
2.03267
2.03919
2.04533
2.05156
2.05763
2.0633
2.06903
2.07434
2.08017
2.08508
2.09003
2.09451
2.09828
2.10182
2.10536
2.10889
2.11265
2.11543
2.11867
2.1214
2.12385
2.12603
2.1277
2.12956
2.13067
2.13174
2.13301
2.13353
2.13377
2.13374
2.13297
2.1329
2.13281
2.13175
2.1307
2.12941
2.12789
2.12544
2.12302
2.1204
2.11832
2.11557
2.11267
2.10936
2.10616
2.10257
2.09911
2.09505
2.09136
2.08759
2.08349
2.07957
2.07582
2.07202
2.06771
2.06335
2.05922
2.05531
2.0514
2.04748
2.04334
2.03969
2.03511
2.03127
2.02723
2.02275
2.01904
2.01515
2.01058
2.00777
2.00454
2.00066
1.99709
1.99312
1.98924
1.98664
1.98317
1.97979
1.97698
1.97402
1.9714
1.9684
1.96597
1.96341
1.96119
1.95907
1.9568
1.95416
1.95234
1.95013
1.94803
1.94649
1.94481
1.94298
1.94196
1.94103
1.93993
1.93843
1.93772
1.93636
1.93482
1.93335
1.9324
1.93175
1.9309
1.93033
1.92955
1.92929
1.92832
1.92736
1.9269
1.9262
1.92525
1.92527
1.92455
1.92381
1.92353
1.92274
1.92168
1.92106
1.91992
1.91898
1.91775
1.91671
1.91561
1.91422
1.91301
1.91198
1.91065
1.90925
1.90731
1.90579
1.90468
1.90278
1.90058
1.89879
1.89622
1.89407
1.89186
1.89031
1.88774
1.88585
1.88414
1.88214
1.88009
1.87751
1.8749
1.87249
1.87028
1.86732
1.86505
1.86251
1.86019
1.85736
1.85476
1.85238
1.84975
1.84735
1.84446
1.84133
1.8394
1.83675
1.8341
1.83146
1.82882
1.82572
1.82262
1.8205
1.81791
1.8151
1.81254
1.80953
1.80677
1.80451
1.80228
1.80031
1.79789
1.79525
1.79263
1.79004
1.78748
1.7859
1.78339
1.78163
1.77917
1.7765
1.7741
1.77149
1.76891
1.76707
1.76551
1.76349
1.76103
1.75907
1.7569
1.75476
1.75289
1.75105
1.74925
1.74819
1.74717
1.74498
1.74354
1.74213
1.74076
1.73919
1.7374
1.7359
1.73444
1.73301
1.73187
1.73053
1.72898
1.72773
1.72676
1.72559
1.72448
1.72317
1.72167
1.72047
1.71956
1.7187
1.71791
1.71741
1.71697
1.71515
1.71388
1.71387
1.71345
1.7131
1.71257
1.71236
1.71247
1.71241
1.71314
1.71372
1.71389
1.71415
1.71425
1.7154
1.71591
1.7165
1.71767
1.71845
1.71931
1.72003
1.72132
1.72222
1.72321
1.72477
1.72594
1.72721
1.72881
1.73026
1.7318
1.73366
1.73537
1.73741
1.73952
1.74219
1.74494
1.74728
1.74992
1.75238
1.75466
1.75771
1.76007
1.76224
1.76515
1.76808
1.77078
1.77325
1.77595
1.77887
1.78152
1.78413
1.78693
1.78919
1.79185
1.79419
1.79666
1.79878
1.80102
1.80263
1.80433
1.80585
1.8072
1.80835
1.80905
1.80978
1.81026
1.81026
1.81024
1.80971
1.8089
1.80756
1.80617
1.80447
1.80271
1.80111
1.7987
1.79646
1.79341
1.78979
1.78585
1.78182
1.77771
1.77304
1.76805
1.763
1.7574
1.75199
1.74582
1.73937
1.73289
1.72568
1.71798
1.71077
1.70335
1.69549
1.68695
1.67848
1.66985
1.66131
1.65288
1.64385
1.63448
1.6255
1.6162
1.60708
1.59815
1.58967
1.58045
1.57169
1.5627
1.55348
1.54356
1.53415
1.52526
1.51619
1.50669
1.49798
1.48934
1.48031
1.47136
1.4625
1.45374
1.44532
1.43701
1.42881
1.42096
1.41322
1.40537
1.39763
1.38953
1.38228
1.37515
1.36839
1.36152
1.35478
1.34792
1.3412
1.33533
1.32935
1.32255
1.31636
1.31006
1.30366
1.29765
1.29249
1.287
1.28166
1.27695
1.27142
1.26653
1.26276
1.25794
1.25353
1.24953
1.24545
1.24204
1.23832
1.23502
1.23192
1.22876
1.2258
1.22329
1.22098
1.21888
1.217
1.21462
1.21295
1.21198
1.21173
1.21076
1.20931
1.20882
1.2081
1.20812
1.20768
1.20822
1.20878
1.20985
1.21143
1.21304
1.21493
1.21733
1.21953
1.22249
1.22572
1.22875
1.23207
1.23541
1.23928
1.24367
1.24809
1.25279
1.25775
1.26371
1.26922
1.2757
1.28197
1.28849
1.29574
1.30277
1.31003
1.31729
1.32503
1.33348
1.34166
1.3503
1.35891
1.36773
1.3765
1.3857
1.3946
1.40416
1.41412
1.42352
1.43403
1.4442
1.45427
1.46471
1.47551
1.48593
1.49718
1.5078
1.51874
1.53
1.54108
1.55222
1.56268
1.57365
1.5849
1.59592
1.60766
1.61892
1.63065
1.64188
1.65331
1.66445
1.67506
1.68608
1.69654
1.7074
1.71815
1.7288
1.73956
1.74995
1.75995
1.7698
1.77947
1.78921
1.79851
1.80809
1.81721
1.82587
1.83452
1.84293
1.85083
1.8587
1.86628
1.87285
1.87958
1.88624
1.89209
1.89785
1.90349
1.90829
1.91393
1.91822
1.92213
1.92613
1.9302
1.9329
1.93494
1.9368
1.93824
1.93971
1.94171
1.94133
1.94099
1.94067
1.93942
1.93795
1.93601
1.93338
1.93052
1.92719
1.92341
1.91916
1.91445
1.90976
1.90389
1.89805
1.89176
1.88478
1.87713
1.86951
1.86099
1.85229
1.84389
1.83461
1.82541
1.81487
1.80418
1.79289
1.78149
1.76998
1.75767
1.74528
1.73283
1.71961
1.70661
1.69334
1.67984
1.6654
1.65123
1.63663
1.62235
1.60816
1.59384
1.57844
1.56367
1.54835
1.53274
1.51805
1.50264
1.48746
1.47232
1.45747
1.44268
1.42798
1.41363
1.39869
1.38389
1.36951
1.35482
1.34035
1.32681
1.31304
1.29976
1.28724
1.27453
1.26189
1.24981
1.23806
1.22739
1.2166
1.2057
1.19519
1.18556
1.17635
1.16683
1.15846
1.15029
1.14257
1.13506
1.12802
1.12143
1.11556
1.11017
1.1055
1.10083
1.09616
1.09294
1.09021
1.08797
1.08598
1.08424
1.08371
1.08293
1.08288
1.08355
1.08421
1.0851
1.08621
1.08849
1.09075
1.09417
1.09731
1.10111
1.10629
1.1114
1.11666
1.12304
1.12883
1.1345
1.14126
1.14835
1.15578
1.16304
1.17085
1.17943
1.18829
1.1974
1.20677
1.2166
1.22641
1.23642
1.24613
1.25649
1.267
1.2762
1.28624
1.29734
1.30828
1.31953
1.33034
1.34118
1.35204
1.3629
1.37373
1.38429
1.39504
1.40523
1.41606
1.42654
1.43666
1.44713
1.45722
1.46713
1.47687
1.48642
1.49624
1.50512
1.51449
1.52339
1.53178
1.53992
1.54754
1.55464
1.5617
1.56845
1.57539
1.58154
1.58761
1.59289
1.59809
1.6032
1.60799
1.61222
1.61564
1.61946
1.62344
1.62613
1.629
1.63155
1.63404
1.63599
1.6374
1.639
1.63984
1.64066
1.6412
1.64126
1.64131
1.64089
1.64049
1.63987
1.63906
1.63806
1.63713
1.63675
1.63527
1.63364
1.63238
1.63052
1.6293
1.6275
1.62516
1.62349
1.62129
1.61907
1.61731
1.61532
1.61262
1.61067
1.60852
1.60643
1.60416
1.60245
1.60036
1.59885
1.59771
1.59645
1.59461
1.5934
1.59236
1.59126
1.59058
1.59059
1.59031
1.5905
1.59067
1.59156
1.59221
1.59311
1.5938
1.59547
1.59718
1.59893
1.60193
1.60499
1.60714
1.60984
1.61333
1.61689
1.62101
1.62521
1.62974
1.63459
1.64001
1.64576
1.65183
1.65824
1.66498
1.67229
1.67992
1.68764
1.69592
1.70428
1.71319
1.72265
1.73193
1.74151
1.75138
1.76154
1.77269
1.78338
1.79433
1.80529
1.81648
1.8279
1.83977
1.85208
1.86457
1.87747
1.89005
1.90276
1.91561
1.92855
1.94111
1.95494
1.9681
1.98081
1.99401
2.00744
2.01988
2.03252
2.04555
2.05874
2.0718
2.08425
2.09676
2.10909
2.1212
2.13259
2.14395
2.15527
2.16579
2.17669
2.18722
2.19713
2.2071
2.21591
2.22475
2.2331
2.24094
2.24802
2.25431
2.26028
2.26567
2.27045
2.27463
2.27793
2.28059
2.28285
2.28492
2.28633
2.2861
2.28568
2.28483
2.28306
2.28037
2.27726
2.27276
2.26832
2.26299
2.25727
2.25068
2.2442
2.23688
2.22947
2.22149
2.21272
2.20294
2.19266
2.18165
2.17066
2.15923
2.14713
2.13488
2.12177
2.10855
2.09476
2.08066
2.06629
2.05165
2.03749
2.0224
2.00687
1.99214
1.97701
1.96127
1.94494
1.92924
1.91371
1.89789
1.88156
1.86569
1.84958
1.83397
1.81792
1.80216
1.78646
1.77084
1.75532
1.73991
1.7239
1.70874
1.69421
1.67912
1.6642
1.64921
1.63465
1.6203
1.60615
1.59221
1.5785
1.56527
1.55203
1.53977
1.52751
1.51504
1.50331
1.49137
1.47994
1.46879
1.45817
1.44759
1.43659
1.42683
1.41737
1.40796
1.39837
1.3898
1.38081
1.37236
1.36516
1.35779
1.35095
1.34369
1.33696
1.33053
1.32486
1.31877
1.31344
1.30791
1.30314
1.29841
1.29419
1.28976
1.28608
1.28241
1.27924
1.27656
1.27389
1.27194
1.26951
1.26803
1.26653
1.26502
1.26324
1.26191
1.26055
1.25916
1.25868
1.25815
1.25781
1.25766
1.25792
1.25811
1.25872
1.25901
1.25945
1.26006
1.26081
1.26219
1.26372
1.2649
1.26694
1.26911
1.27141
1.27335
1.27517
1.27759
1.27988
1.28228
1.2843
1.28691
1.28938
1.29242
1.29532
1.29831
1.30138
1.30454
1.30706
1.31038
1.31378
1.31773
1.32103
1.32463
1.32806
1.33203
1.33557
1.33918
1.34307
1.34678
1.35101
1.35457
1.35864
1.36324
1.36738
1.37181
1.37578
1.38001
1.38403
1.38855
1.3926
1.39738
1.40169
1.40552
1.40935
1.41342
1.41747
1.42175
1.42602
1.43001
1.43397
1.43814
1.44226
1.44706
1.45083
1.45478
1.45842
1.46221
1.46592
1.46977
1.47304
1.47619
1.47945
1.48235
1.48534
1.48818
1.49062
1.4929
1.49547
1.49787
1.50006
1.50206
1.5036
1.50564
1.50674
1.5076
1.50822
1.5086
1.50896
1.50908
1.50869
1.50804
1.50712
1.50618
1.50449
1.50253
1.49983
1.49783
1.49484
1.49184
1.48907
1.48582
1.48208
1.47812
1.4732
1.46904
1.46468
1.46013
1.45516
1.45098
1.44569
1.44049
1.43518
1.42975
1.42423
1.41838
1.41272
1.40725
1.40127
1.39551
1.39049
1.385
1.37931
1.37368
1.36715
1.36144
1.35607
1.35107
1.34644
1.34197
1.33694
1.33161
1.32673
1.32277
1.31881
1.31508
1.3116
1.30863
1.30497
1.30232
1.30021
1.29792
1.29618
1.29453
1.29297
1.29246
1.29158
1.29154
1.29209
1.29276
1.29332
1.29498
1.29724
1.29941
1.30243
1.30534
1.30889
1.31257
1.31663
1.32082
1.32564
1.33083
1.3364
1.34258
1.3484
1.35482
1.36136
1.36921
1.37692
1.38472
1.39285
1.40154
1.4103
1.41911
1.42894
1.43855
1.44939
1.45999
1.46986
1.48043
1.49144
1.50287
1.51423
1.52621
1.53832
1.55029
1.56233
1.5742
1.58658
1.59849
1.61014
1.62152
1.63331
1.64501
1.65587
1.66706
1.67832
1.68939
1.70047
1.7113
1.72185
1.73162
1.7413
1.75064
1.7596
1.7684
1.77655
1.78402
1.79153
1.79881
1.80561
1.81119
1.81627
1.82108
1.82513
1.82938
1.83215
1.83535
1.8373
1.83898
1.84014
1.84079
1.8407
1.8406
1.83977
1.83847
1.83696
1.83476
1.83213
1.82885
1.82518
1.82136
1.8167
1.81145
1.80684
1.80215
1.79668
1.79142
1.78541
1.77915
1.77242
1.76619
1.75953
1.75268
1.74541
1.73775
1.73017
1.72247
1.7144
1.7067
1.69866
1.69005
1.68136
1.67331
1.66497
1.65657
1.64788
1.6394
1.63064
1.62162
1.61186
1.60401
1.59544
1.58687
1.57783
1.56904
1.56051
1.55177
1.54281
1.53317
1.52477
1.51618
1.50787
1.49963
1.49144
1.48331
1.47574
1.46751
1.4596
1.45177
1.44379
1.43613
1.42833
1.4211
1.41398
1.40599
1.39883
1.3925
1.3858
1.37899
1.37229
1.36547
1.35902
1.35318
1.34699
1.34118
1.33526
1.32949
1.32361
1.31765
1.31207
1.3064
1.30112
1.296
1.29127
1.28743
1.2835
1.27902
1.27566
1.27174
1.26823
1.26489
1.26148
1.25872
1.25565
1.25251
1.24955
1.24772
1.24559
1.2434
1.24186
1.24002
1.23835
1.23662
1.23555
1.23369
1.23297
1.23267
1.23183
1.23116
1.2309
1.23083
1.23165
1.23168
1.23236
1.23297
1.23352
1.23471
1.23583
1.23688
1.23857
1.24043
1.24221
1.2444
1.24626
1.249
1.25142
1.25399
1.25743
1.26031
1.26357
1.26675
1.27007
1.27378
1.27787
1.28115
1.2848
1.28884
1.29253
1.29733
1.30177
1.30636
1.3118
1.31665
1.32164
1.32723
1.33223
1.3376
1.34333
1.34943
1.35542
1.36128
1.36751
1.37313
1.37959
1.38521
1.39166
1.3987
1.40512
1.41214
1.41901
1.42575
1.4333
1.44046
1.44795
1.45601
1.46365
1.47089
1.47795
1.48556
1.49394
1.50189
1.50988
1.51766
1.52547
1.53426
1.54233
1.55041
1.55823
1.56604
1.5743
1.58179
1.59021
1.59808
1.60563
1.6136
1.62098
1.62875
1.63617
1.64323
1.65016
1.65719
1.66383
1.66984
1.67689
1.68233
1.68831
1.69364
1.69926
1.70445
1.70969
1.71426
1.71913
1.72428
1.72852
1.73185
1.73571
1.74037
1.74412
1.74771
1.75089
1.75393
1.75682
1.76006
1.76318
1.76595
1.7691
1.77288
1.77514
1.77758
1.77998
1.78258
1.78588
1.78798
1.79008
1.79268
1.79459
1.79703
1.7993
1.80164
1.8043
1.80682
1.8097
1.81269
1.81582
1.81836
1.82153
1.82511
1.82884
1.83323
1.83708
1.84135
1.84581
1.85047
1.85532
1.86109
1.86609
1.87178
1.87743
1.88328
1.88933
1.89581
1.90224
1.9079
1.91519
1.92145
1.92764
1.93375
1.94123
1.94886
1.95639
1.96406
1.9716
1.9795
1.98751
1.99585
2.00475
2.01325
2.0218
2.03064
2.03927
2.04768
2.05682
2.06523
2.0741
2.0827
2.09126
2.09976
2.1077
2.1158
2.12428
2.13241
2.14042
2.14853
2.15649
2.16452
2.1719
2.17982
2.18681
2.1936
2.20089
2.20747
2.21381
2.21942
2.22477
2.2301
2.23539
2.24041
2.24465
2.2486
2.25369
2.25752
2.26079
2.26351
2.2664
2.26873
2.27049
2.27218
2.27378
2.27506
2.27554
2.27545
2.27528
2.27527
2.27471
2.27407
2.27264
2.2709
2.26886
2.26629
2.26366
2.26098
2.25754
2.25455
2.25105
2.24729
2.24351
2.23925
2.23547
2.23121
2.2265
2.22133
2.21571
2.21037
2.20485
2.1989
2.19254
2.18626
2.17959
2.17325
2.16605
2.15945
2.15248
2.1454
2.13797
2.13069
2.12381
2.11611
2.10907
2.10244
2.09454
2.08708
2.07932
2.07128
2.0632
2.05533
2.04719
2.03951
2.03182
2.02386
2.01566
2.00792
2.00042
1.99243
1.98492
1.97717
1.96918
1.96167
1.95344
1.94569
1.93746
1.92971
1.92149
1.9135
1.90527
1.89704
1.88928
1.88152
1.87327
1.86525
1.8577
1.84966
1.84184
1.83352
1.8247
1.81658
1.80868
1.80052
1.79184
1.78362
1.77513
1.76636
1.75828
1.74993
1.74178
1.73361
1.72515
1.71667
1.7084
1.70033
1.69175
1.68339
1.675
1.66635
1.65744
1.64826
1.6398
1.63133
1.62285
1.61389
1.60493
1.59622
1.58824
1.57956
1.57139
1.56325
1.55515
1.54612
1.53787
1.53016
1.52226
1.51396
1.50549
1.49735
1.48931
1.48088
1.47305
1.46532
1.45724
1.44977
1.4422
1.43477
1.42773
1.41988
1.41364
1.40733
1.4012
1.39478
1.38926
1.38322
1.37786
1.3727
1.36776
1.3628
1.35854
1.35426
1.34974
1.34569
1.34188
1.33831
1.335
1.33217
1.32959
1.32727
1.32497
1.32269
1.32067
1.31939
1.31814
1.31692
1.31596
1.31552
1.3151
1.31519
1.31556
1.31596
1.31663
1.31732
1.31925
1.32073
1.32319
1.32545
1.32772
1.33074
1.33282
1.33637
1.34017
1.34423
1.34806
1.35263
1.3572
1.36226
1.36709
1.37216
1.3777
1.38373
1.3895
1.39502
1.40149
1.40793
1.41484
1.42221
1.42931
1.43685
1.44436
1.45231
1.46046
1.46832
1.47709
1.48605
1.49422
1.50282
1.51206
1.52148
1.53082
1.54057
1.55047
1.56052
1.57096
1.58154
1.5925
1.60286
1.61336
1.62446
1.63519
1.64652
1.65748
1.66901
1.68016
1.6914
1.70321
1.71461
1.72608
1.73738
1.7497
1.76183
1.77352
1.78549
1.79798
1.81024
1.82228
1.83457
1.84711
1.85915
1.87143
1.88296
1.89518
1.90736
1.91926
1.93134
1.94313
1.95532
1.9672
1.97875
1.98997
2.00133
2.01258
2.02372
2.03401
2.04489
2.05563
2.06598
2.07643
2.08671
2.09756
2.10751
2.11728
2.12662
2.13626
2.14546
2.15422
2.1635
2.17208
2.18068
2.18834
2.1965
2.20419
2.21187
2.21908
2.22533
2.2318
2.23874
2.24519
2.25138
2.25706
2.26224
2.26739
2.27274
2.27758
2.2819
2.2857
2.28922
2.29222
2.29492
2.29758
2.29995
2.30204
2.30383
2.30533
2.3063
2.30771
2.30834
2.30894
2.30925
2.3088
2.30832
2.30756
2.30702
2.3055
2.30396
2.30242
2.30063
2.29862
2.29613
2.29391
2.29125
2.28887
2.28558
2.28259
2.2792
2.27517
2.27221
2.26791
2.26373
2.25945
2.25555
2.25109
2.24679
2.24243
2.23827
2.23334
2.22886
2.22484
2.22009
2.21605
2.2113
2.20704
2.20232
2.19738
2.19295
2.18856
2.18468
2.1806
2.17657
2.1721
2.16791
2.164
2.15942
2.15656
2.15205
2.14831
2.14436
2.1402
2.13679
2.13268
2.12955
2.12643
2.12236
2.11853
2.1147
2.11087
2.10726
2.10291
2.09901
2.09557
2.09137
2.0869
2.08287
2.07927
2.0749
2.07049
2.0665
2.0627
2.05836
2.05373
2.04904
2.04453
2.03997
2.03512
2.0307
2.02599
2.02148
2.01717
2.01185
2.0065
2.00089
1.99597
1.99055
1.98536
1.98088
1.97593
1.97098
1.96579
1.96063
1.95549
1.95062
1.94578
1.94099
1.93649
1.93156
1.92693
1.92236
1.91763
1.91345
1.90887
1.90461
1.90093
1.89686
1.89192
1.88828
1.88427
1.88108
1.87776
1.87455
1.87098
1.86751
1.86465
1.86214
1.85951
1.857
1.85412
1.85112
1.84872
1.84668
1.84475
1.84317
1.84147
1.83963
1.83791
1.83629
1.83501
1.83359
1.83228
1.83106
1.82969
1.82866
1.82795
1.82733
1.82704
1.82682
1.82668
1.82589
1.82541
1.825
1.82514
1.82486
1.82392
1.82377
1.82415
1.82435
1.82412
1.82371
1.82407
1.824
1.8247
1.82497
1.8253
1.82591
1.82632
1.82655
1.82731
1.82787
1.82872
1.82937
1.83032
1.83082
1.83138
1.83222
1.8331
1.83403
1.83549
1.83626
1.83757
1.83867
1.83957
1.84076
1.84126
1.84227
1.84333
1.84465
1.84601
1.84716
1.84834
1.84954
1.85148
1.85321
1.85422
1.85621
1.85797
1.85901
1.8603
1.86182
1.86357
1.86508
1.86656
1.86803
1.86922
1.87014
1.8715
1.87234
1.87385
1.87554
1.87693
1.87777
1.87901
1.87993
1.88124
1.88198
1.88261
1.88314
1.88331
1.88359
1.88376
1.88378
1.88391
1.88366
1.8835
1.88245
1.88149
1.8806
1.87979
1.87904
1.87715
1.87556
1.87403
1.87207
1.86993
1.86784
1.86508
1.86261
1.859
1.85543
1.85263
1.84917
1.84577
1.84243
1.83891
1.83546
1.83184
1.82709
1.82218
1.8176
1.81287
1.80776
1.80251
1.79738
1.79164
1.78627
1.78032
1.77474
1.76835
1.76308
1.75749
1.75063
1.7442
1.73746
1.73069
1.7246
1.71896
1.71259
1.70596
1.70004
1.69413
1.68751
1.68114
1.6748
1.66872
1.66244
1.65597
1.65026
1.64413
1.63805
1.63228
1.62658
1.6207
1.61467
1.60919
1.6038
1.5985
1.59304
1.58768
1.58241
1.57724
1.57217
1.56672
1.56233
1.55661
1.55195
1.54739
1.5427
1.53763
1.53363
1.5295
1.52571
1.52203
1.51821
1.51474
1.51089
1.50763
1.50374
1.50044
1.49723
1.49389
1.49088
1.48749
1.48444
1.48197
1.47935
1.47658
1.47416
1.47254
1.47006
1.46792
1.46515
1.46319
1.46133
1.45957
1.45766
1.45633
1.45486
1.45277
1.45198
1.45129
1.44975
1.44902
1.44793
1.44718
1.44605
1.44552
1.44485
1.44454
1.4441
1.44426
1.44429
1.44419
1.44421
1.44482
1.44507
1.44567
1.44639
1.44722
1.44817
1.44899
1.44992
1.45071
1.45186
1.45334
1.45421
1.4559
1.45768
1.4598
1.46153
1.46311
1.46549
1.46771
1.47048
1.47261
1.47505
1.47731
1.47987
1.48248
1.48491
1.48739
1.49039
1.49367
1.49651
1.49938
1.503
1.50568
1.50838
1.51158
1.5148
1.51779
1.52127
1.52403
1.5268
1.52957
1.53258
1.53631
1.54003
1.54278
1.54553
1.54874
1.55147
1.55491
1.55786
1.5608
1.56276
1.56542
1.56832
1.57144
1.57407
1.57668
1.58
1.58234
1.58514
1.58794
1.59096
1.59324
1.59599
1.59896
1.60192
1.60415
1.60685
1.60977
1.61244
1.61463
1.61752
1.6204
1.62304
1.62566
1.62804
1.63065
1.63278
1.63466
1.63653
1.63865
1.64124
1.64407
1.64714
1.64949
