-3.60266
-3.60247
-3.60259
-3.60255
-3.60237
-3.60264
-3.60231
-3.60212
-3.60239
-3.60221
-3.60248
-3.6026
-3.60257
-3.60239
-3.60251
-3.60248
-3.60214
-3.60211
-3.60193
-3.6025
-3.60247
-3.60274
-3.60255
-3.60237
-3.60263
-3.60275
-3.60271
-3.60298
-3.60279
-3.6029
-3.60302
-3.60298
-3.60279
-3.60275
-3.60271
-3.60268
-3.60264
-3.6026
-3.60272
-3.60253
-3.60204
-3.60186
-3.60228
-3.60225
-3.60192
-3.6022
-3.60217
-3.6023
-3.60213
-3.60227
-3.6024
-3.60209
-3.60193
-3.60193
-3.60208
-3.60238
-3.60254
-3.6024
-3.60256
-3.60273
-3.60276
-3.60279
-3.60282
-3.60286
-3.6029
-3.6028
-3.60285
-3.60291
-3.60282
-3.60288
-3.60295
-3.60318
-3.60326
-3.60319
-3.60328
-3.60352
-3.60361
-3.60355
-3.60396
-3.60406
-3.60401
-3.60397
-3.60407
-3.60418
-3.60445
-3.60441
-3.60467
-3.60494
-3.60505
-3.60501
-3.60497
-3.60524
-3.6055
-3.60562
-3.60573
-3.60584
-3.60595
-3.60606
-3.60632
-3.60643
-3.60714
-3.60709
-3.60765
-3.60806
-3.60831
-3.60856
-3.60851
-3.60891
-3.60885
-3.60879
-3.60903
-3.60897
-3.60906
-3.60899
-3.60862
-3.6087
-3.60878
-3.60915
-3.60922
-3.60929
-3.60935
-3.60941
-3.60977
-3.61012
-3.61047
-3.61051
-3.61054
-3.61088
-3.61105
-3.61123
-3.6114
-3.61125
-3.61156
-3.61156
-3.61155
-3.61154
-3.61167
-3.61135
-3.61132
-3.61099
-3.61049
-3.61045
-3.61055
-3.6105
-3.61059
-3.61053
-3.61032
-3.61025
-3.61033
-3.60995
-3.60987
-3.60994
-3.60955
-3.60947
-3.60923
-3.60914
-3.60935
-3.60911
-3.60872
-3.60878
-3.60899
-3.6089
-3.60911
-3.60886
-3.60832
-3.60793
-3.60739
-3.60746
-3.60753
-3.60745
-3.60752
-3.60699
-3.60662
-3.6064
-3.60664
-3.60673
-3.60682
-3.60646
-3.60656
-3.60667
-3.60632
-3.60613
-3.6061
-3.60637
-3.60619
-3.60602
-3.606
-3.60599
-3.60598
-3.60598
-3.60613
-3.60599
-3.60645
-3.60631
-3.60588
-3.6059
-3.60607
-3.6064
-3.60628
-3.60632
-3.60605
-3.60609
-3.60629
-3.60603
-3.60622
-3.60612
-3.60616
-3.60621
-3.60656
-3.60691
-3.60666
-3.60655
-3.60675
-3.60664
-3.60698
-3.60687
-3.60706
-3.60679
-3.60667
-3.6067
-3.60658
-3.60645
-3.60616
-3.60603
-3.60589
-3.6059
-3.6059
-3.60636
-3.60666
-3.6065
-3.60573
-3.60572
-3.6057
-3.60553
-3.60611
-3.60638
-3.60605
-3.60572
-3.60568
-3.6058
-3.60576
-3.60511
-3.60522
-3.60502
-3.60513
-3.60493
-3.60533
-3.60559
-3.60569
-3.60564
-3.60544
-3.60524
-3.60474
-3.6047
-3.6045
-3.60385
-3.60396
-3.60392
-3.60388
-3.60384
-3.6038
-3.60392
-3.60389
-3.60371
-3.60368
-3.60335
-3.60348
-3.60361
-3.60359
-3.60358
-3.60341
-3.60341
-3.6034
-3.60355
-3.60324
-3.6034
-3.60325
-3.60341
-3.60342
-3.60328
-3.6033
-3.60332
-3.60319
-3.60291
-3.60294
-3.60312
-3.6033
-3.60349
-3.60368
-3.60387
-3.60391
-3.60395
-3.60385
-3.6039
-3.6038
-3.60415
-3.6039
-3.60411
-3.60417
-3.60408
-3.60399
-3.60375
-3.60367
-3.60358
-3.6032
-3.60357
-3.60349
-3.60371
-3.60364
-3.60371
-3.60394
-3.60402
-3.60394
-3.60372
-3.6038
-3.60373
-3.60381
-3.60404
-3.60397
-3.6042
-3.60443
-3.60451
-3.60474
-3.60467
-3.60505
-3.60498
-3.60521
-3.60544
-3.60551
-3.60559
-3.60566
-3.60558
-3.6058
-3.60602
-3.60578
-3.60585
-3.60591
-3.60597
-3.60587
-3.60578
-3.60568
-3.60587
-3.60562
-3.60551
-3.6057
-3.60588
-3.60637
-3.60639
-3.60611
-3.60613
-3.606
-3.60601
-3.60587
-3.60587
-3.60587
-3.60587
-3.60571
-3.60569
-3.60567
-3.6058
-3.60608
-3.6059
-3.60572
-3.60568
-3.60534
-3.60575
-3.60585
-3.60595
-3.60589
-3.60629
-3.60638
-3.60631
-3.60594
-3.60587
-3.60595
-3.60602
-3.60625
-3.60617
-3.60608
-3.606
-3.60606
-3.60613
-3.60604
-3.60595
-3.60571
-3.60562
-3.60537
-3.60528
-3.60534
-3.6051
-3.60501
-3.60476
-3.60467
-3.60458
-3.60465
-3.60456
-3.60477
-3.60469
-3.60461
-3.60483
-3.6049
-3.60512
-3.60489
-3.60467
-3.6046
-3.60453
-3.60476
-3.60485
-3.60494
-3.60488
-3.60482
-3.60507
-3.60517
-3.60482
-3.60477
-3.60518
-3.60468
-3.60495
-3.60476
-3.60472
-3.60453
-3.60465
-3.60432
-3.60444
-3.60426
-3.60424
-3.60376
-3.60343
-3.60341
-3.60339
-3.60322
-3.6032
-3.60287
-3.6027
-3.60253
-3.60251
-3.60249
-3.60247
-3.60215
-3.60198
-3.60181
-3.60179
-3.60161
-3.60129
-3.60142
-3.60155
-3.60152
-3.6015
-3.60178
-3.60175
-3.60143
-3.60155
-3.60137
-3.60135
-3.60132
-3.60129
-3.60112
-3.60124
-3.60121
-3.60133
-3.60116
-3.60113
-3.6011
-3.60107
-3.60105
-3.60133
-3.60115
-3.60128
-3.60095
-3.60093
-3.60091
-3.60089
-3.60117
-3.60115
-3.60129
-3.60082
-3.60096
-3.60095
-3.60124
-3.60093
-3.60048
-3.60048
-3.60048
-3.60063
-3.60033
-3.60049
-3.6005
-3.60037
-3.60053
-3.60086
-3.60103
-3.60121
-3.60109
-3.60112
-3.60101
-3.60105
-3.6011
-3.60114
-3.60104
-3.6011
-3.60116
-3.60137
-3.60189
-3.60196
-3.60188
-3.60195
-3.60188
-3.60211
-3.60235
-3.60259
-3.60252
-3.60262
-3.60316
-3.60356
-3.60412
-3.60452
-3.60462
-3.60487
-3.60498
-3.60508
-3.60519
-3.6053
-3.60555
-3.60566
-3.60592
-3.60602
-3.60583
-3.60578
-3.60528
-3.60538
-3.60534
-3.60559
-3.60569
-3.60563
-3.60558
-3.60613
-3.60622
-3.60631
-3.60625
-3.60648
-3.60657
-3.60665
-3.60688
-3.60666
-3.60689
-3.60711
-3.60703
-3.6071
-3.60702
-3.60693
-3.60729
-3.60781
-3.60786
-3.60792
-3.60782
-3.60787
-3.60792
-3.60812
-3.60801
-3.6082
-3.60839
-3.60827
-3.60816
-3.60834
-3.60837
-3.60855
-3.60857
-3.60889
-3.60876
-3.60908
-3.60894
-3.60865
-3.60866
-3.60882
-3.60882
-3.60852
-3.60851
-3.60806
-3.60775
-3.60774
-3.60788
-3.60771
-3.60769
-3.60767
-3.60765
-3.60747
-3.60729
-3.60741
-3.60753
-3.60764
-3.60775
-3.60756
-3.60813
-3.60778
-3.60758
-3.60768
-3.60748
-3.60728
-3.60768
-3.60778
-3.60772
-3.60751
-3.60745
-3.60739
-3.60748
-3.60741
-3.6072
-3.60713
-3.60737
-3.60715
-3.60723
-3.60732
-3.60709
-3.60718
-3.60695
-3.60703
-3.60696
-3.60689
-3.60682
-3.60674
-3.60667
-3.6069
-3.60683
-3.60691
-3.60714
-3.60662
-3.6067
-3.60648
-3.6064
-3.60649
-3.60642
-3.6062
-3.60598
-3.6056
-3.60539
-3.60577
-3.60586
-3.60564
-3.60527
-3.60476
-3.60469
-3.60448
-3.60472
-3.6045
-3.60489
-3.60498
-3.60507
-3.60501
-3.60496
-3.60459
-3.60454
-3.60448
-3.60442
-3.60467
-3.60446
-3.60456
-3.60375
-3.60385
-3.60349
-3.60344
-3.60339
-3.60349
-3.60329
-3.60309
-3.60288
-3.60284
-3.60264
-3.60259
-3.60239
-3.60204
-3.60169
-3.6015
-3.60115
-3.60156
-3.60167
-3.60163
-3.60114
-3.6011
-3.60121
-3.60087
-3.60083
-3.60065
-3.60046
-3.60058
-3.60056
-3.60068
-3.6008
-3.60063
-3.60076
-3.60059
-3.60073
-3.60087
-3.60101
-3.601
-3.601
-3.60115
-3.6013
-3.60131
-3.60117
-3.60103
-3.6009
-3.60122
-3.60094
-3.60127
-3.60146
-3.6015
-3.60169
-3.60174
-3.60149
-3.60124
-3.60145
-3.60182
-3.60188
-3.60196
-3.60218
-3.60226
-3.60204
-3.60198
-3.60207
-3.60201
-3.6021
-3.6025
-3.6023
-3.60225
-3.60265
-3.60275
-3.603
-3.60296
-3.60367
-3.60377
-3.60387
-3.60367
-3.60391
-3.60401
-3.60395
-3.60344
-3.60368
-3.60346
-3.60369
-3.60376
-3.60368
-3.60405
-3.60442
-3.60477
-3.60498
-3.60487
-3.60491
-3.60495
-3.60498
-3.60516
-3.60533
-3.6052
-3.60536
-3.60552
-3.60552
-3.60537
-3.60551
-3.6052
-3.60519
-3.60517
-3.60515
-3.60513
-3.60495
-3.60507
-3.60504
-3.60486
-3.60498
-3.6051
-3.60522
-3.60518
-3.6053
-3.60511
-3.60507
-3.60519
-3.6053
-3.60527
-3.60493
-3.60474
-3.60456
-3.60453
-3.6045
-3.60477
-3.60474
-3.60456
-3.60469
-3.60481
-3.60479
-3.60477
-3.6046
-3.60458
-3.60471
-3.60485
-3.60468
-3.60467
-3.60466
-3.6048
-3.60464
-3.60508
-3.60553
-3.60552
-3.60566
-3.60581
-3.60596
-3.60595
-3.60595
-3.60594
-3.60609
-3.60609
-3.60594
-3.60578
-3.60548
-3.60517
-3.60532
-3.60547
-3.60517
-3.60516
-3.60501
-3.60515
-3.60515
-3.60514
-3.60543
-3.60558
-3.60557
-3.60586
-3.606
-3.60584
-3.60583
-3.60582
-3.60535
-3.60533
-3.60502
-3.60485
-3.60483
-3.60512
-3.60494
-3.60507
-3.6052
-3.60473
-3.6044
-3.60453
-3.60451
-3.60463
-3.60461
-3.60443
-3.60455
-3.60437
-3.6048
-3.60462
-3.60444
-3.60456
-3.60468
-3.6045
-3.60417
-3.60429
-3.60441
-3.60438
-3.60435
-3.60431
-3.60459
-3.60425
-3.60422
-3.60435
-3.60417
-3.60444
-3.60426
-3.60454
-3.60451
-3.60433
-3.60431
-3.60428
-3.60426
-3.60454
-3.60482
-3.60495
-3.60478
-3.60461
-3.60445
-3.60428
-3.60411
-3.6044
-3.60424
-3.60423
-3.60407
-3.60407
-3.60391
-3.60391
-3.60391
-3.60421
-3.60421
-3.60422
-3.60452
-3.60423
-3.60454
-3.60455
-3.60472
-3.60473
-3.60475
-3.60461
-3.60463
-3.6048
-3.60467
-3.60485
-3.60472
-3.60475
-3.60478
-3.60481
-3.60499
-3.60487
-3.60475
-3.60449
-3.60422
-3.60425
-3.60429
-3.60448
-3.60422
-3.60441
-3.60414
-3.60418
-3.60422
-3.60411
-3.60416
-3.60435
-3.60454
-3.60488
-3.60508
-3.60512
-3.60516
-3.60505
-3.60509
-3.60513
-3.60531
-3.60565
-3.60539
-3.60512
-3.60516
-3.60504
-3.60507
-3.6048
-3.60468
-3.60501
-3.60504
-3.60507
-3.60509
-3.60511
-3.60468
-3.6047
-3.60442
-3.60428
-3.60445
-3.60446
-3.60447
-3.60447
-3.60448
-3.60433
-3.60434
-3.60404
-3.60419
-3.60404
-3.60388
-3.60342
-3.60327
-3.60341
-3.60355
-3.60354
-3.60338
-3.60337
-3.60351
-3.60334
-3.60287
-3.60271
-3.60284
-3.60313
-3.60326
-3.6034
-3.60323
-3.60321
-3.6035
-3.60394
-3.60392
-3.60451
-3.60435
-3.60433
-3.60417
-3.60446
-3.60445
-3.60444
-3.60413
-3.60428
-3.60442
-3.60472
-3.60487
-3.60517
-3.60502
-3.60517
-3.60502
-3.60518
-3.60519
-3.60519
-3.6052
-3.60521
-3.60507
-3.60509
-3.60525
-3.60512
-3.60513
-3.60515
-3.60517
-3.60549
-3.60521
-3.60523
-3.60525
-3.60527
-3.60529
-3.60516
-3.60548
-3.6052
-3.60522
-3.60524
-3.60526
-3.60573
-3.6056
-3.60561
-3.60578
-3.60594
-3.60596
-3.60612
-3.60598
-3.60583
-3.60584
-3.60585
-3.6057
-3.6057
-3.6057
-3.60554
-3.60554
-3.60554
-3.60568
-3.60567
-3.60581
-3.6058
-3.60563
-3.60561
-3.60559
-3.60558
-3.60525
-3.60493
-3.6049
-3.60488
-3.6047
-3.60482
-3.6048
-3.60462
-3.60443
-3.6044
-3.60437
-3.60419
-3.60431
-3.60427
-3.60424
-3.60421
-3.60402
-3.60429
-3.60425
-3.60422
-3.60419
-3.604
-3.60382
-3.60379
-3.60376
-3.60388
-3.6037
-3.60322
-3.60319
-3.60332
-3.60344
-3.60342
-3.60355
-3.60307
-3.60305
-3.60274
-3.60242
-3.60256
-3.60239
-3.60269
-3.60268
-3.60267
-3.60282
-3.60282
-3.60252
-3.60268
-3.60298
-3.60314
-3.60346
-3.60332
-3.60318
-3.60305
-3.60276
-3.60263
-3.60281
-3.60268
-3.60286
-3.60304
-3.60323
-3.60341
-3.60375
-3.60393
-3.60412
-3.60446
-3.60466
-3.6047
-3.60459
-3.60448
-3.60453
-3.60442
-3.60462
-3.60451
-3.60486
-3.60506
-3.60496
-3.60531
-3.60505
-3.6051
-3.60529
-3.60504
-3.60463
-3.60467
-3.60457
-3.60446
-3.60435
-3.60439
-3.60458
-3.60522
-3.60541
-3.60484
-3.60472
-3.6049
-3.60493
-3.60527
-3.60529
-3.60487
-3.60474
-3.60476
-3.60463
-3.60481
-3.60482
-3.60514
-3.60531
-3.60518
-3.60534
-3.60505
-3.60491
-3.60492
-3.60478
-3.60463
-3.60464
-3.60465
-3.6042
-3.6045
-3.60466
-3.60466
-3.60451
-3.60451
-3.60466
-3.60481
-3.60495
-3.6051
-3.60525
-3.60524
-3.60509
-3.60493
-3.60538
-3.60537
-3.60551
-3.60551
-3.60565
-3.60564
-3.60563
-3.60592
-3.60606
-3.6062
-3.60588
-3.60587
-3.60586
-3.60569
-3.60568
-3.60581
-3.6058
-3.60563
-3.60621
-3.6065
-3.60617
-3.60585
-3.60628
-3.60611
-3.60594
-3.60591
-3.60574
-3.60601
-3.60583
-3.60596
-3.60608
-3.60635
-3.60632
-3.60644
-3.60656
-3.60653
-3.60649
-3.60661
-3.60627
-3.60638
-3.60619
-3.60615
-3.60611
-3.60592
-3.60588
-3.60599
-3.6061
-3.60636
-3.60526
-3.60551
-3.60517
-3.60497
-3.60477
-3.60488
-3.60498
-3.60478
-3.60489
-3.60469
-3.60464
-3.60444
-3.60439
-3.60434
-3.60415
-3.6041
-3.6036
-3.60356
-3.60321
-3.60302
-3.60297
-3.60293
-3.60289
-3.60255
-3.60266
-3.60323
-3.6032
-3.60302
-3.60299
-3.60326
-3.60323
-3.60366
-3.60379
-3.60407
-3.60391
-3.60389
-3.60373
-3.60372
-3.60341
-3.6034
-3.6031
-3.6034
-3.60341
-3.60372
-3.60358
-3.60374
-3.6033
-3.60362
-3.60364
-3.60321
-3.60324
-3.60327
-3.60285
-3.60258
-3.60277
-3.60311
-3.60315
-3.60304
-3.60294
-3.60268
-3.60273
-3.60308
-3.60359
-3.60334
-3.60309
-3.60314
-3.6032
-3.6031
-3.60316
-3.60321
-3.60312
-3.60363
-3.60369
-3.60374
-3.6041
-3.60416
-3.60437
-3.60442
-3.60448
-3.60453
-3.60429
-3.60389
-3.60394
-3.60384
-3.60374
-3.60379
-3.60369
-3.60374
-3.60393
-3.60398
-3.60403
-3.60392
-3.60397
-3.60416
-3.6039
-3.60379
-3.60383
-3.60372
-3.60421
-3.60425
-3.60413
-3.60417
-3.6042
-3.60423
-3.60396
-3.60415
-3.60402
-3.6042
-3.60438
-3.60441
-3.60413
-3.60431
-3.60433
-3.6042
-3.60422
-3.60394
-3.60411
-3.60397
-3.60368
-3.60369
-3.60371
-3.60356
-3.60372
-3.60388
-3.60404
-3.60389
-3.60404
-3.60389
-3.60404
-3.60389
-3.60388
-3.60387
-3.60387
-3.60371
-3.60385
-3.60368
-3.60352
-3.6035
-3.60333
-3.60316
-3.60314
-3.60327
-3.60325
-3.60307
-3.6032
-3.60287
-3.60284
-3.60296
-3.60263
-3.6026
-3.60257
-3.60253
-3.6025
-3.60247
-3.60213
-3.60209
-3.60205
-3.60187
-3.60198
-3.60179
-3.60175
-3.60171
-3.60167
-3.60193
-3.60173
-3.60184
-3.6018
-3.60175
-3.60171
-3.60151
-3.60146
-3.60157
-3.60137
-3.60162
-3.60188
-3.60168
-3.60148
-3.60143
-3.60108
-3.60102
-3.60067
-3.60032
-3.60026
-3.60021
-3.60061
-3.60056
-3.6005
-3.60015
-3.60009
-3.59988
-3.59968
-3.59962
-3.59972
-3.59951
-3.59945
-3.5997
-3.59964
-3.59928
-3.59923
-3.59917
-3.59881
-3.5986
-3.5984
-3.59819
-3.59814
-3.59808
-3.59788
-3.59768
-3.59778
-3.59788
-3.59784
-3.59794
-3.59774
-3.5977
-3.59766
-3.59777
-3.59819
-3.59816
-3.59797
-3.59779
-3.59761
-3.59729
-3.59726
-3.59725
-3.59723
-3.59706
-3.5972
-3.59734
-3.59749
-3.59749
-3.59749
-3.59764
-3.59765
-3.5975
-3.59766
-3.59768
-3.59739
-3.59756
-3.59788
-3.5982
-3.59807
-3.59795
-3.59797
-3.5983
-3.59818
-3.59836
-3.59855
-3.59858
-3.59876
-3.5988
-3.59883
-3.59871
-3.59859
-3.59908
-3.59926
-3.5993
-3.59918
-3.59936
-3.59969
-3.59987
-3.5999
-3.59978
-3.5995
-3.59968
-3.59955
-3.59958
-3.59945
-3.59932
-3.59949
-3.59965
-3.59967
-3.59938
-3.59985
-3.59986
-3.59987
-3.59988
-3.60034
-3.6005
-3.6002
-3.5999
-3.59976
-3.59976
-3.59945
-3.59945
-3.59945
-3.59944
-3.59944
-3.59944
-3.59898
-3.59897
-3.59881
-3.59865
-3.59834
-3.59849
-3.59833
-3.59832
-3.59846
-3.59845
-3.59859
-3.59858
-3.59858
-3.59857
-3.59856
-3.5984
-3.5987
-3.59825
-3.59839
-3.59824
-3.59839
-3.59854
-3.59915
-3.599
-3.59916
-3.59932
-3.59947
-3.59933
-3.5995
-3.59981
-3.59968
-3.59969
-3.59971
-3.60003
-3.60006
-3.59993
-3.59995
-3.60013
-3.60001
-3.60004
-3.59977
-3.59996
-3.59984
-3.60003
-3.59961
-3.59965
-3.59954
-3.59973
-3.59992
-3.59997
-3.60001
-3.5999
-3.6001
-3.60029
-3.60049
-3.60099
-3.60089
-3.60123
-3.60128
-3.60133
-3.60107
-3.60142
-3.60162
-3.60167
-3.60156
-3.60176
-3.60181
-3.60215
-3.60235
-3.6024
-3.60244
-3.60249
-3.60268
-3.60243
-3.60247
-3.60252
-3.60271
-3.60245
-3.60234
-3.60269
-3.60273
-3.60292
-3.60266
-3.60285
-3.60305
-3.60308
-3.60327
-3.60331
-3.60335
-3.60354
-3.60327
-3.60391
-3.60395
-3.60383
-3.60356
-3.60359
-3.60363
-3.6032
-3.60338
-3.60341
-3.60329
-3.60346
-3.60364
-3.60397
-3.60414
-3.60446
-3.60509
-3.60496
-3.60482
-3.60484
-3.60501
-3.60472
-3.60489
-3.6049
-3.60461
-3.60462
-3.60463
-3.60509
-3.6051
-3.6048
-3.60511
-3.60496
-3.60512
-3.60512
-3.60527
-3.60528
-3.60528
-3.60513
-3.60528
-3.60558
-3.60573
-3.60573
-3.60588
-3.60603
-3.60618
-3.60633
-3.60633
-3.60618
-3.60603
-3.60588
-3.60603
-3.60603
-3.60618
-3.60634
-3.60619
-3.60634
-3.60604
-3.60604
-3.60558
-3.60559
-3.60574
-3.60574
-3.60544
-3.60589
-3.60589
-3.60589
-3.60604
-3.60618
-3.60633
-3.60617
-3.60601
-3.606
-3.60599
-3.60598
-3.60611
-3.6064
-3.60638
-3.60621
-3.60633
-3.60631
-3.60658
-3.60685
-3.60712
-3.60693
-3.60689
-3.60715
-3.60696
-3.60706
-3.60747
-3.60742
-3.60736
-3.607
-3.60679
-3.60643
-3.60621
-3.60615
-3.60608
-3.60586
-3.60594
-3.60587
-3.6058
-3.60542
-3.6055
-3.60512
-3.60565
-3.60558
-3.60535
-3.60513
-3.60505
-3.60528
-3.60506
-3.60469
-3.60493
-3.60486
-3.60479
-3.60473
-3.60452
-3.60446
-3.60426
-3.60436
-3.60461
-3.60412
-3.60423
-3.60434
-3.60431
-3.60412
-3.6041
-3.60407
-3.60375
-3.60389
-3.60388
-3.60387
-3.60387
-3.60417
-3.60417
-3.60418
-3.60435
-3.60436
-3.60408
-3.60395
-3.60383
-3.60431
-3.60435
-3.60469
-3.60473
-3.60462
-3.60482
-3.60472
-3.60492
-3.60482
-3.60472
-3.60524
-3.60484
-3.60475
-3.60497
-3.60563
-3.60585
-3.60591
-3.60613
-3.60559
-3.6055
-3.60541
-3.60548
-3.60569
-3.6059
-3.60596
-3.60632
-3.60608
-3.60628
-3.60618
-3.60608
-3.60583
-3.60587
-3.60592
-3.60626
-3.606
-3.60634
-3.60652
-3.60686
-3.60673
-3.60706
-3.60739
-3.60741
-3.60743
-3.6073
-3.60747
-3.60748
-3.60764
-3.60781
-3.60782
-3.60767
-3.60768
-3.60798
-3.60814
-3.60799
-3.60784
-3.60784
-3.60769
-3.60753
-3.60768
-3.60753
-3.60722
-3.60721
-3.60736
-3.6075
-3.6072
-3.60689
-3.60688
-3.60702
-3.60746
-3.60745
-3.60744
-3.60743
-3.60711
-3.60725
-3.60739
-3.60722
-3.60736
-3.60719
-3.60747
-3.60715
-3.60743
-3.60726
-3.60739
-3.60706
-3.60704
-3.60701
-3.60713
-3.6071
-3.60722
-3.60704
-3.60685
-3.60667
-3.60648
-3.60629
-3.6061
-3.60606
-3.60601
-3.60552
-3.60562
-3.60588
-3.60568
-3.60547
-3.60587
-3.60627
-3.60592
-3.60556
-3.6055
-3.60589
-3.60583
-3.60592
-3.60556
-3.60549
-3.60558
-3.60551
-3.60559
-3.60537
-3.605
-3.60478
-3.60471
-3.60479
-3.60487
-3.6051
-3.60533
-3.60526
-3.60519
-3.60527
-3.6055
-3.60543
-3.60536
-3.60484
-3.60462
-3.60441
-3.60434
-3.60413
-3.60422
-3.60401
-3.60426
-3.60436
-3.60415
-3.60365
-3.60361
-3.60371
-3.60428
-3.60424
-3.60436
-3.60418
-3.604
-3.60398
-3.60366
-3.60364
-3.60393
-3.60408
-3.60392
-3.60392
-3.60408
-3.60364
-3.60395
-3.60412
-3.60444
-3.60462
-3.60465
-3.60453
-3.60396
-3.60415
-3.6045
-3.60439
-3.60429
-3.60419
-3.6041
-3.60385
-3.60361
-3.60338
-3.60344
-3.60336
-3.60389
-3.60411
-3.60434
-3.60472
-3.6048
-3.60488
-3.60481
-3.60489
-3.60543
-3.60536
-3.6053
-3.60538
-3.60562
-3.60586
-3.60609
-3.60648
-3.60671
-3.60695
-3.60718
-3.60681
-3.60644
-3.60621
-3.60644
-3.60636
-3.60658
-3.6068
-3.60687
-3.60663
-3.60684
-3.60689
-3.60664
-3.60669
-3.60704
-3.60708
-3.60711
-3.6076
-3.60763
-3.6075
-3.60767
-3.60768
-3.60784
-3.608
-3.608
-3.60815
-3.60814
-3.60813
-3.60781
-3.60779
-3.60762
-3.60744
-3.60726
-3.60768
-3.60779
-3.6076
-3.60756
-3.60736
-3.60747
-3.60742
-3.60752
-3.60746
-3.60711
-3.6069
-3.60714
-3.60663
-3.60657
-3.60667
-3.60646
-3.6064
-3.60619
-3.60613
-3.60592
-3.60586
-3.6058
-3.60545
-3.60554
-3.60579
-3.60589
-3.60584
-3.60594
-3.6062
-3.606
-3.60596
-3.60592
-3.60603
-3.606
-3.60596
-3.60623
-3.60651
-3.60633
-3.60631
-3.60584
-3.60567
-3.6055
-3.60534
-3.60548
-3.60563
-3.60547
-3.60532
-3.60533
-3.60533
-3.60534
-3.60535
-3.60537
-3.60509
-3.60526
-3.60498
-3.60471
-3.60504
-3.60477
-3.60481
-3.605
-3.60489
-3.60539
-3.60544
-3.60548
-3.60554
-3.60559
-3.6067
-3.60676
-3.60652
-3.60673
-3.60634
-3.60655
-3.60692
-3.60669
-3.6069
-3.60697
-3.60643
-3.6065
-3.60642
-3.60649
-3.60685
-3.60662
-3.60683
-3.60705
-3.60681
-3.60717
-3.60708
-3.60714
-3.60704
-3.60725
-3.60714
-3.60734
-3.60739
-3.60773
-3.60777
-3.60811
-3.60814
-3.60802
-3.6082
-3.60822
-3.60839
-3.6081
-3.60766
-3.60797
-3.60828
-3.60844
-3.60798
-3.60798
-3.60782
-3.6075
-3.60734
-3.60717
-3.60715
-3.60743
-3.60755
-3.60753
-3.60765
-3.60747
-3.60713
-3.60679
-3.6069
-3.60717
-3.60698
-3.60708
-3.60704
-3.60745
-3.60756
-3.60721
-3.60701
-3.60696
-3.60707
-3.60717
-3.60712
-3.60738
-3.60748
-3.60743
-3.60723
-3.60749
-3.60744
-3.60739
-3.60735
-3.60745
-3.60726
-3.60721
-3.60702
-3.60698
-3.60679
-3.60659
-3.60656
-3.60682
-3.60679
-3.6069
-3.60672
-3.60699
-3.60696
-3.60678
-3.6066
-3.60658
-3.6067
-3.60638
-3.60667
-3.60665
-3.60648
-3.60662
-3.60691
-3.6072
-3.60704
-3.60643
-3.60643
-3.60643
-3.60658
-3.60673
-3.60674
-3.60644
-3.60691
-3.60661
-3.60678
-3.6071
-3.60711
-3.60728
-3.60746
-3.60748
-3.60735
-3.60753
-3.60725
-3.60698
-3.60701
-3.60704
-3.60737
-3.6077
-3.60788
-3.60777
-3.6081
-3.60813
-3.60801
-3.60804
-3.60807
-3.60825
-3.60857
-3.6086
-3.60908
-3.60925
-3.60912
-3.60914
-3.60916
-3.60962
-3.60949
-3.60934
-3.60935
-3.6092
-3.60905
-3.6092
-3.6092
-3.60889
-3.60873
-3.60887
-3.60855
-3.60884
-3.60867
-3.60864
-3.60847
-3.60814
-3.60826
-3.60808
-3.60789
-3.60801
-3.60828
-3.60839
-3.6085
-3.60815
-3.60796
-3.60776
-3.60787
-3.60782
-3.60778
-3.60788
-3.60753
-3.60763
-3.60789
-3.60754
-3.60764
-3.60789
-3.60784
-3.60765
-3.60745
-3.6074
-3.60721
-3.60732
-3.60743
-3.60708
-3.60689
-3.60686
-3.60652
-3.60618
-3.60615
-3.60627
-3.60624
-3.60637
-3.60635
-3.60618
-3.60586
-3.60554
-3.60538
-3.60537
-3.60551
-3.60536
-3.60505
-3.60566
-3.60566
-3.60567
-3.60598
-3.60584
-3.60601
-3.60603
-3.60575
-3.60592
-3.60625
-3.60613
-3.60631
-3.60604
-3.60623
-3.60596
-3.606
-3.60635
-3.60639
-3.60628
-3.60633
-3.60638
-3.60642
-3.60663
-3.60637
-3.60612
-3.60633
-3.60623
-3.60674
-3.60664
-3.60654
-3.60629
-3.6062
-3.6061
-3.60585
-3.6059
-3.60611
-3.60631
-3.60636
-3.6061
-3.60615
-3.6065
-3.60655
-3.60659
-3.60663
-3.60667
-3.60671
-3.6069
-3.60663
-3.60667
-3.6067
-3.60658
-3.6066
-3.60648
-3.6065
-3.60668
-3.60655
-3.60671
-3.60658
-3.60674
-3.6066
-3.60661
-3.60677
-3.60678
-3.60724
-3.60739
-3.60739
-3.60754
-3.60753
-3.60768
-3.60767
-3.60781
-3.6075
-3.60734
-3.60748
-3.60761
-3.60759
-3.60758
-3.60756
-3.60754
-3.60751
-3.60719
-3.60732
-3.6076
-3.60727
-3.6074
-3.60737
-3.60674
-3.60656
-3.60669
-3.60666
-3.60679
-3.60661
-3.60613
-3.60625
-3.60638
-3.60635
-3.60648
-3.6063
-3.60658
-3.60671
-3.60653
-3.60651
-3.60649
-3.60632
-3.60645
-3.60658
-3.60656
-3.6067
-3.60653
-3.60682
-3.60665
-3.60679
-3.60693
-3.60676
-3.6069
-3.60674
-3.60673
-3.60703
-3.60702
-3.60717
-3.60716
-3.60715
-3.60685
-3.60654
-3.60669
-3.60684
-3.60668
-3.60668
-3.60683
-3.60683
-3.60713
-3.60743
-3.60743
-3.60728
-3.60683
-3.60683
-3.60714
-3.60729
-3.60729
-3.6076
-3.6076
-3.6076
-3.60761
-3.60776
-3.60732
-3.60717
-3.60703
-3.60688
-3.60689
-3.60705
-3.60736
-3.60752
-3.60753
-3.60784
-3.60785
-3.60756
-3.60773
-3.60789
-3.60775
-3.60792
-3.60808
-3.6084
-3.60797
-3.60814
-3.60815
-3.60832
-3.60849
-3.60821
-3.60793
-3.6078
-3.60752
-3.60754
-3.60756
-3.60728
-3.607
-3.60702
-3.60674
-3.60707
-3.60739
-3.60787
-3.60804
-3.60776
-3.60748
-3.60734
-3.60721
-3.60753
-3.6077
-3.60772
-3.60698
-3.60715
-3.60701
-3.60703
-3.60734
-3.6072
-3.60706
-3.60722
-3.60723
-3.60724
-3.6071
-3.60695
-3.6068
-3.60696
-3.60681
-3.60666
-3.6065
-3.60635
-3.60635
-3.60589
-3.60574
-3.60558
-3.60572
-3.60602
-3.60601
-3.606
-3.60614
-3.60597
-3.60611
-3.6061
-3.60624
-3.60622
-3.60606
-3.60589
-3.60603
-3.60616
-3.60585
-3.60598
-3.60612
-3.6058
-3.60594
-3.60578
-3.60576
-3.6056
-3.60559
-3.60543
-3.60557
-3.60556
-3.60555
-3.60539
-3.60554
-3.60553
-3.60507
-3.60492
-3.60507
-3.60492
-3.60507
-3.60508
-3.60523
-3.60524
-3.60524
-3.60525
-3.60556
-3.60557
-3.60574
-3.6056
-3.60546
-3.60533
-3.60519
-3.60491
-3.60478
-3.6048
-3.60467
-3.60469
-3.60471
-3.60458
-3.60475
-3.60538
-3.60586
-3.60588
-3.60606
-3.60623
-3.60611
-3.60598
-3.60615
-3.60633
-3.60665
-3.60698
-3.60685
-3.60687
-3.60689
-3.60691
-3.60708
-3.6074
-3.60742
-3.60728
-3.6076
-3.60761
-3.60762
-3.60733
-3.60719
-3.60705
-3.60691
-3.60707
-3.60707
-3.60708
-3.60693
-3.60663
-3.60648
-3.60663
-3.60663
-3.60663
-3.60693
-3.60678
-3.60693
-3.60677
-3.60707
-3.60752
-3.60721
-3.60736
-3.60735
-3.60719
-3.60688
-3.60718
-3.60717
-3.60686
-3.60715
-3.60714
-3.60729
-3.60698
-3.60697
-3.60711
-3.6071
-3.60739
-3.60738
-3.60737
-3.60751
-3.60735
-3.60734
-3.60718
-3.60717
-3.60716
-3.6067
-3.60684
-3.60684
-3.60713
-3.60712
-3.60726
-3.60696
-3.60695
-3.60679
-3.60693
-3.60738
-3.60752
-3.60751
-3.60781
-3.60795
-3.60779
-3.60794
-3.60778
-3.60777
-3.60806
-3.60805
-3.6079
-3.60774
-3.60788
-3.60817
-3.60816
-3.60815
-3.60799
-3.60784
-3.60783
-3.60797
-3.60766
-3.60765
-3.60749
-3.60732
-3.60777
-3.60776
-3.60775
-3.60774
-3.60773
-3.60772
-3.60756
-3.60755
-3.60769
-3.60768
-3.60767
-3.60751
-3.60781
-3.6078
-3.60764
-3.60748
-3.60717
-3.60732
-3.60761
-3.6076
-3.60775
-3.60789
-3.60744
-3.60728
-3.60743
-3.60727
-3.60772
-3.60772
-3.60771
-3.60741
-3.60725
-3.6074
-3.6074
-3.60739
-3.60724
-3.60739
-3.60753
-3.60738
-3.60738
-3.60707
-3.60722
-3.60721
-3.60706
-3.6069
-3.6069
-3.60719
-3.60749
-3.60748
-3.60763
-3.60777
-3.60776
-3.60775
-3.60789
-3.60757
-3.60756
-3.60784
-3.60783
-3.60766
-3.60779
-3.60761
-3.60744
-3.60726
-3.60739
-3.60736
-3.60733
-3.6073
-3.60696
-3.60692
-3.60643
-3.60639
-3.6062
-3.60615
-3.60595
-3.6059
-3.60615
-3.60595
-3.60589
-3.60598
-3.60592
-3.60571
-3.60595
-3.60603
-3.60596
-3.60589
-3.60582
-3.60589
-3.60597
-3.60619
-3.60611
-3.60603
-3.6058
-3.60541
-3.60533
-3.60525
-3.60501
-3.60507
-3.60499
-3.60536
-3.60512
-3.60534
-3.60496
-3.60488
-3.60466
-3.60474
-3.60482
-3.6046
-3.60454
-3.60404
-3.60369
-3.60364
-3.60376
-3.60389
-3.60372
-3.60356
-3.60356
-3.60387
-3.60405
-3.60394
-3.60398
-3.60404
-3.60442
-3.60466
-3.60431
-3.60442
-3.60455
-3.6047
-3.60455
-3.60457
-3.60475
-3.60495
-3.60485
-3.60537
-3.60574
-3.60612
-3.60606
-3.6066
-3.607
-3.60724
-3.60764
-3.60774
-3.60768
-3.60792
-3.60816
-3.60853
-3.6089
-3.60896
-3.60871
-3.60935
-3.60983
-3.60969
-3.60954
-3.60967
-3.60949
-3.6096
-3.60969
-3.60977
-3.60968
-3.61049
-3.61053
-3.61101
-3.61087
-3.61072
-3.61086
-3.61038
-3.61065
-3.61046
-3.61041
-3.6102
-3.61029
-3.61006
-3.60998
-3.6099
-3.60996
-3.60942
-3.60932
-3.60922
-3.60896
-3.60901
-3.6092
-3.60894
-3.60898
-3.60887
-3.60891
-3.60865
-3.60899
-3.60888
-3.60877
-3.60881
-3.60855
-3.60859
-3.60848
-3.60868
-3.60797
-3.60757
-3.60731
-3.60737
-3.60727
-3.60733
-3.60708
-3.60684
-3.60645
-3.60636
-3.60643
-3.6062
-3.60612
-3.60619
-3.60627
-3.60574
-3.60537
-3.6053
-3.60554
-3.60562
-3.60571
-3.60535
-3.60545
-3.60524
-3.60579
-3.60574
-3.60554
-3.60565
-3.60545
-3.60541
-3.60536
-3.60532
-3.60544
-3.60525
-3.60506
-3.60503
-3.60469
-3.60451
-3.60509
-3.60521
-3.60519
-3.60516
-3.60559
-3.60587
-3.6054
-3.60538
-3.60521
-3.60489
-3.60487
-3.60501
-3.60484
-3.60483
-3.60482
-3.60481
-3.60525
-3.60555
-3.60569
-3.60554
-3.60538
-3.60523
-3.60493
-3.60493
-3.60508
-3.60478
-3.60434
-3.6045
-3.60451
-3.60452
-3.60439
-3.6041
-3.60412
-3.60414
-3.60431
-3.60419
-3.60391
-3.60394
-3.60413
-3.60416
-3.6042
-3.60439
-3.60443
-3.60463
-3.60437
-3.60457
-3.60462
-3.60483
-3.60534
-3.60585
-3.60621
-3.60643
-3.60634
-3.60671
-3.60662
-3.60669
-3.60676
-3.60683
-3.60705
-3.60697
-3.60719
-3.60726
-3.60703
-3.6071
-3.60717
-3.60724
-3.60761
-3.60737
-3.60698
-3.60704
-3.60695
-3.60686
-3.60677
-3.60712
-3.60732
-3.60752
-3.60727
-3.60731
-3.60735
-3.60754
-3.60757
-3.60775
-3.60778
-3.60811
-3.60813
-3.60815
-3.60832
-3.60833
-3.60819
-3.60805
-3.60821
-3.60836
-3.60836
-3.60821
-3.60805
-3.6079
-3.60789
-3.60758
-3.60787
-3.60771
-3.60769
-3.60798
-3.60781
-3.60779
-3.60822
-3.6076
-3.60727
-3.6074
-3.60738
-3.60765
-3.60793
-3.60745
-3.60757
-3.60769
-3.60752
-3.60749
-3.60731
-3.60743
-3.60725
-3.60722
-3.60703
-3.60685
-3.60682
-3.60709
-3.60691
-3.60704
-3.60716
-3.60698
-3.60695
-3.60707
-3.60675
-3.60642
-3.60624
-3.60637
-3.60605
-3.60618
-3.60646
-3.60675
-3.60673
-3.60657
-3.60655
-3.60639
-3.60638
-3.60607
-3.60621
-3.60636
-3.60621
-3.60621
-3.60636
-3.60591
-3.60591
-3.60591
-3.60562
-3.60563
-3.60579
-3.60565
-3.60581
-3.60582
-3.60599
-3.606
-3.60602
-3.60618
-3.6062
-3.60607
-3.60609
-3.6061
-3.60643
-3.60644
-3.60616
-3.60633
-3.60665
-3.60667
-3.60715
-3.60732
-3.60748
-3.6072
-3.60752
-3.60738
-3.6071
-3.60696
-3.60683
-3.60699
-3.60715
-3.60716
-3.60702
-3.60734
-3.6072
-3.6072
-3.60706
-3.60722
-3.60723
-3.60708
-3.60708
-3.60694
-3.60709
-3.60739
-3.60694
-3.60694
-3.60694
-3.60694
-3.60694
-3.60724
-3.60754
-3.60723
-3.60723
-3.60738
-3.60737
-3.60767
-3.60782
-3.60766
-3.60751
-3.6072
-3.60719
-3.60734
-3.60748
-3.60763
-3.60777
-3.60731
-3.60745
-3.60714
-3.60729
-3.60758
-3.60773
-3.60802
-3.60832
-3.60816
-3.60785
-3.60784
-3.60813
-3.60813
-3.60827
-3.60841
-3.60841
-3.6084
-3.60839
-3.60793
-3.60746
-3.60776
-3.6076
-3.60744
-3.60728
-3.60727
-3.60741
-3.6074
-3.60739
-3.60738
-3.60721
-3.6072
-3.60734
-3.60733
-3.60716
-3.60715
-3.60714
-3.60727
-3.60756
-3.6077
-3.60768
-3.60767
-3.60765
-3.60748
-3.60731
-3.60805
-3.60849
-3.60817
-3.60815
-3.60813
-3.60826
-3.60824
-3.60807
-3.60804
-3.60757
-3.60724
-3.60722
-3.6072
-3.60732
-3.60685
-3.60682
-3.6068
-3.60647
-3.60644
-3.60641
-3.60654
-3.60636
-3.60648
-3.60661
-3.60643
-3.60655
-3.60668
-3.60665
-3.60677
-3.60689
-3.60687
-3.60699
-3.60697
-3.60694
-3.60661
-3.60629
-3.60627
-3.60609
-3.60607
-3.6062
-3.60588
-3.60602
-3.60631
-3.60615
-3.60599
-3.60598
-3.60612
-3.60612
-3.60597
-3.60597
-3.60598
-3.60584
-3.606
-3.60587
-3.60589
-3.60576
-3.60579
-3.60567
-3.60585
-3.60589
-3.60593
-3.60598
-3.60603
-3.60623
-3.60629
-3.60635
-3.60657
-3.60664
-3.60686
-3.60709
-3.60746
-3.6077
-3.60793
-3.60801
-3.60779
-3.60788
-3.60767
-3.60775
-3.60799
-3.60823
-3.60832
-3.60826
-3.60834
-3.60843
-3.60836
-3.60845
-3.60822
-3.6083
-3.60838
-3.6083
-3.60852
-3.60889
-3.6088
-3.60871
-3.60877
-3.60913
-3.60933
-3.60952
-3.60956
-3.60945
-3.60963
-3.60996
-3.60999
-3.61016
-3.61018
-3.61005
-3.6096
-3.60961
-3.60931
-3.60916
-3.60916
-3.60961
-3.60976
-3.6096
-3.60959
-3.60988
-3.60971
-3.60954
-3.60967
-3.6098
-3.60993
-3.61006
-3.61004
-3.61001
-3.60999
-3.60981
-3.60963
-3.60961
-3.60958
-3.60985
-3.60967
-3.60949
-3.60916
-3.60898
-3.6088
-3.60878
-3.60875
-3.60826
-3.60793
-3.60821
-3.60818
-3.6083
-3.60857
-3.60869
-3.60836
-3.60833
-3.60829
-3.60796
-3.60823
-3.6082
-3.60756
-3.60767
-3.60764
-3.60745
-3.60741
-3.60707
-3.60703
-3.60684
-3.60664
-3.6066
-3.60655
-3.60636
-3.60616
-3.60596
-3.60575
-3.606
-3.60595
-3.60559
-3.60493
-3.60488
-3.60527
-3.60521
-3.60546
-3.60539
-3.60578
-3.60572
-3.60581
-3.60574
-3.60552
-3.60546
-3.60539
-3.60517
-3.60525
-3.60503
-3.60481
-3.60489
-3.60497
-3.60521
-3.60529
-3.60522
-3.6053
-3.60538
-3.60547
-3.60509
-3.60518
-3.60481
-3.60475
-3.60468
-3.60431
-3.60425
-3.60419
-3.60428
-3.60422
-3.60386
-3.6038
-3.6036
-3.60354
-3.60349
-3.60359
-3.60354
-3.6038
-3.60375
-3.60356
-3.60382
-3.60348
-3.60344
-3.60356
-3.60353
-3.60334
-3.60346
-3.60314
-3.60326
-3.60324
-3.60307
-3.60305
-3.60303
-3.60348
-3.60362
-3.60361
-3.60375
-3.60345
-3.60345
-3.60315
-3.60315
-3.60301
-3.60302
-3.60333
-3.60335
-3.60367
-3.60369
-3.60371
-3.60374
-3.60362
-3.60365
-3.60384
-3.60403
-3.60422
-3.60426
-3.60446
-3.60436
-3.60441
-3.60462
-3.60468
-3.60475
-3.60496
-3.60503
-3.6051
-3.60563
-3.60586
-3.60594
-3.60633
-3.60656
-3.60665
-3.60705
-3.60669
-3.60694
-3.60719
-3.60714
-3.60679
-3.60704
-3.60745
-3.60771
-3.60797
-3.60794
-3.6073
-3.60786
-3.60813
-3.6081
-3.60837
-3.60849
-3.60861
-3.60888
-3.609
-3.60912
-3.60924
-3.60936
-3.60948
-3.6093
-3.60957
-3.60954
-3.60951
-3.60962
-3.60989
-3.60986
-3.61012
-3.61023
-3.60989
-3.60985
-3.6095
-3.60975
-3.60985
-3.6101
-3.6102
-3.61014
-3.61038
-3.61046
-3.6104
-3.61062
-3.61055
-3.61047
-3.61038
-3.61075
-3.6108
-3.61101
-3.6109
-3.61064
-3.61038
-3.61072
-3.61059
-3.61077
-3.61109
-3.6108
-3.61096
-3.61096
-3.61096
-3.6108
-3.61063
-3.61046
-3.61014
-3.61026
-3.61037
-3.61034
-3.61059
-3.61085
-3.61064
-3.61073
-3.61067
-3.6103
-3.61023
-3.6103
-3.61023
-3.61014
-3.6096
-3.60936
-3.60942
-3.60947
-3.60922
-3.60897
-3.60917
-3.60891
-3.6088
-3.60868
-3.60872
-3.60876
-3.60879
-3.60867
-3.60856
-3.60828
-3.60831
-3.60865
-3.60837
-3.6081
-3.60783
-3.6077
-3.60773
-3.60731
-3.60734
-3.60722
-3.60695
-3.60698
-3.60716
-3.6075
-3.60739
-3.60758
-3.60732
-3.60751
-3.60756
-3.607
-3.60675
-3.60665
-3.6061
-3.60616
-3.60652
-3.60643
-3.60635
-3.60627
-3.60649
-3.60657
-3.60634
-3.60613
-3.60591
-3.6057
-3.60534
-3.60514
-3.60494
-3.60505
-3.60486
-3.60467
-3.60539
-3.60567
-3.60535
-3.60518
-3.60486
-3.60485
-3.60485
-3.60485
-3.60485
-3.60486
-3.60502
-3.60504
-3.60537
-3.60524
-3.60527
-3.60545
-3.60534
-3.60538
-3.60543
-3.60548
-3.60553
-3.60528
-3.60549
-3.60525
-3.60517
-3.60523
-3.6053
-3.60553
-3.6059
-3.60613
-3.60636
-3.60629
-3.60652
-3.60661
-3.60699
-3.60723
-3.60731
-3.6074
-3.60763
-3.60817
-3.60826
-3.60804
-3.60842
-3.6085
-3.60859
-3.60851
-3.60859
-3.60882
-3.60874
-3.60896
-3.60903
-3.6091
-3.60932
-3.60938
-3.60959
-3.60964
-3.60969
-3.60974
-3.60979
-3.60968
-3.60912
-3.60915
-3.60919
-3.60891
-3.60894
-3.60851
-3.60837
-3.60854
-3.60825
-3.60825
-3.60825
-3.60795
-3.6078
-3.60809
-3.60793
-3.60791
-3.60789
-3.60802
-3.60784
-3.60797
-3.60778
-3.60745
-3.60726
-3.60752
-3.60747
-3.60742
-3.60752
-3.60747
-3.60711
-3.60705
-3.60684
-3.60677
-3.60641
-3.60634
-3.60627
-3.60649
-3.60627
-3.60619
-3.60626
-3.60573
-3.60534
-3.60571
-3.60593
-3.60584
-3.60591
-3.60582
-3.60588
-3.60594
-3.606
-3.60591
-3.60582
-3.60572
-3.60563
-3.60554
-3.6053
-3.60505
-3.60496
-3.60472
-3.60463
-3.60439
-3.604
-3.60391
-3.60383
-3.60374
-3.60366
-3.60313
-3.60305
-3.60298
-3.60305
-3.60314
-3.60322
-3.60316
-3.60294
-3.60274
-3.60238
-3.60233
-3.60229
-3.60225
-3.60221
-3.60248
-3.602
-3.60198
-3.60226
-3.60225
-3.60209
-3.60254
-3.60285
-3.60286
-3.60272
-3.60259
-3.60277
-3.60281
-3.60285
-3.6029
-3.60325
-3.60347
-3.60353
-3.60391
-3.60384
-3.60378
-3.60387
-3.60367
-3.60393
-3.60389
-3.60386
-3.60384
-3.60397
-3.60426
-3.6044
-3.60455
-3.6047
-3.60485
-3.60516
-3.60548
-3.60565
-3.60551
-3.60538
-3.60586
-3.60603
-3.60605
-3.60623
-3.60655
-3.60672
-3.60735
-3.60752
-3.60783
-3.608
-3.60831
-3.60816
-3.60817
-3.60786
-3.60755
-3.60739
-3.60752
-3.60765
-3.60792
-3.60789
-3.60785
-3.60796
-3.6079
-3.60815
-3.60824
-3.60847
-3.60869
-3.60891
-3.60913
-3.60888
-3.60909
-3.60943
-3.60917
-3.60905
-3.60923
-3.60971
-3.60973
-3.60959
-3.6096
-3.60991
-3.60991
-3.61006
-3.6099
-3.61004
-3.61002
-3.61
-3.60998
-3.60995
-3.60992
-3.61034
-3.6103
-3.60996
-3.61006
-3.61017
-3.61042
-3.61053
-3.61062
-3.61072
-3.61081
-3.61091
-3.61085
-3.61093
-3.61057
-3.61035
-3.61043
-3.61022
-3.6103
-3.61023
-3.61016
-3.60993
-3.60986
-3.61024
-3.61001
-3.60979
-3.60971
-3.60994
-3.60971
-3.60994
-3.61002
-3.60949
-3.60927
-3.60889
-3.60897
-3.60889
-3.60882
-3.60845
-3.60853
-3.60831
-3.60839
-3.60817
-3.6081
-3.60788
-3.60797
-3.60776
-3.60769
-3.60748
-3.60712
-3.60691
-3.6064
-3.60634
-3.60584
-3.60548
-3.60528
-3.60538
-3.60533
-3.60543
-3.60569
-3.60549
-3.60545
-3.6054
-3.60536
-3.60517
-3.60513
-3.60494
-3.60505
-3.60517
-3.60529
-3.6054
-3.60522
-3.60504
-3.60516
-3.60483
-3.60449
-3.60416
-3.60414
-3.60426
-3.60409
-3.60406
-3.60404
-3.60432
-3.6043
-3.60443
-3.60425
-3.60423
-3.60421
-3.6042
-3.60418
-3.60461
-3.6046
-3.60458
-3.60426
-3.6044
-3.60438
-3.60452
-3.60436
-3.6045
-3.60464
-3.60462
-3.60476
-3.6046
-3.6049
-3.60489
-3.60458
-3.60457
-3.60441
-3.60456
-3.60455
-3.6047
-3.60455
-3.6047
-3.60439
-3.60439
-3.60469
-3.605
-3.60515
-3.6053
-3.60531
-3.60531
-3.60547
-3.60563
-3.60564
-3.60565
-3.60521
-3.60538
-3.6054
-3.60557
-3.60559
-3.60561
-3.60549
-3.60567
-3.60585
-3.60589
-3.60607
-3.60611
-3.60615
-3.60635
-3.60654
-3.60644
-3.60634
-3.60624
-3.60614
-3.6062
-3.60581
-3.60587
-3.60593
-3.606
-3.60606
-3.60598
-3.6059
-3.60597
-3.60604
-3.60612
-3.60604
-3.60626
-3.60649
-3.60701
-3.60693
-3.60731
-3.60753
-3.60745
-3.60752
-3.60773
-3.60795
-3.60861
-3.60867
-3.60873
-3.60878
-3.60898
-3.60857
-3.60877
-3.60881
-3.60884
-3.60887
-3.6089
-3.60907
-3.60909
-3.60895
-3.60911
-3.60912
-3.60867
-3.60851
-3.6085
-3.60848
-3.60907
-3.6092
-3.60917
-3.60899
-3.60865
-3.60831
-3.60841
-3.60882
-3.60907
-3.60886
-3.6088
-3.60873
-3.60867
-3.60844
-3.60882
-3.60875
-3.60852
-3.60859
-3.6085
-3.60857
-3.60878
-3.60854
-3.60875
-3.60865
-3.60841
-3.60831
-3.60851
-3.60826
-3.60786
-3.60776
-3.60735
-3.60725
-3.607
-3.6069
-3.60679
-3.60684
-3.60674
-3.60664
-3.60654
-3.60629
-3.60649
-3.60655
-3.60675
-3.60635
-3.60626
-3.60632
-3.60638
-3.6063
-3.60636
-3.60658
-3.60635
-3.60643
-3.6059
-3.60568
-3.60607
-3.60616
-3.60611
-3.60591
-3.60586
-3.60552
-3.60518
-3.605
-3.60482
-3.6048
-3.60449
-3.60449
-3.60464
-3.60495
-3.60496
-3.60499
-3.60547
-3.60566
-3.6057
-3.60575
-3.60566
-3.60558
-3.6055
-3.60573
-3.60582
-3.60591
-3.60601
-3.60597
-3.60608
-3.60635
-3.60632
-3.60614
-3.60597
-3.60625
-3.60654
-3.60668
-3.60697
-3.60681
-3.60726
-3.6071
-3.60739
-3.60753
-3.60767
-3.6078
-3.60809
-3.60807
-3.6082
-3.60833
-3.6083
-3.60842
-3.60853
-3.60879
-3.60905
-3.60915
-3.60955
-3.61009
-3.61003
-3.60981
-3.60989
-3.60966
-3.60973
-3.60979
-3.61
-3.60975
-3.60965
-3.60955
-3.60959
-3.60978
-3.60982
-3.60985
-3.61003
-3.60991
-3.60993
-3.61026
-3.61058
-3.61045
-3.61046
-3.61047
-3.61063
-3.61064
-3.6108
-3.61111
-3.61187
-3.61142
-3.61142
-3.61142
-3.61172
-3.61186
-3.61186
-3.612
-3.6123
-3.61304
-3.61303
-3.61317
-3.61316
-3.61315
-3.61313
-3.61311
-3.6128
-3.61293
-3.61291
-3.61289
-3.61302
-3.613
-3.61313
-3.61295
-3.61278
-3.61321
-3.61318
-3.6127
-3.61253
-3.6125
-3.61247
-3.61259
-3.61256
-3.61223
-3.6122
-3.61201
-3.61198
-3.61195
-3.61206
-3.61233
-3.61245
-3.61271
-3.61283
-3.61294
-3.6129
-3.61241
-3.61207
-3.61218
-3.61169
-3.61165
-3.61146
-3.61127
-3.61123
-3.61089
-3.61084
-3.61095
-3.61106
-3.61057
-3.61038
-3.61033
-3.60999
-3.60995
-3.6099
-3.61001
-3.60982
-3.61023
-3.61004
-3.60969
-3.6098
-3.60991
-3.60987
-3.60983
-3.60933
-3.60944
-3.60925
-3.60921
-3.60932
-3.60913
-3.60909
-3.6092
-3.60901
-3.60882
-3.60878
-3.60859
-3.6087
-3.60836
-3.60832
-3.60828
-3.60779
-3.60776
-3.60757
-3.60753
-3.6075
-3.60731
-3.60698
-3.60724
-3.60736
-3.60733
-3.60759
-3.60726
-3.60722
-3.60719
-3.6067
-3.60667
-3.60664
-3.6063
-3.60642
-3.60639
-3.60621
-3.60587
-3.60569
-3.60566
-3.60548
-3.60575
-3.60557
-3.60599
-3.60596
-3.60563
-3.60575
-3.60558
-3.60555
-3.60567
-3.60534
-3.60532
-3.60514
-3.60467
-3.6045
-3.60463
-3.60491
-3.6049
-3.60443
-3.60426
-3.6041
-3.60409
-3.60408
-3.60347
-3.60332
-3.60316
-3.60317
-3.60317
-3.60287
-3.60303
-3.60259
-3.60246
-3.60248
-3.60219
-3.60222
-3.60194
-3.60182
-3.60185
-3.60189
-3.60177
-3.60181
-3.60216
-3.60175
-3.60225
-3.60229
-3.60265
-3.6027
-3.6029
-3.60295
-3.60331
-3.60336
-3.60311
-3.60331
-3.60397
-3.60417
-3.60376
-3.60381
-3.60386
-3.60405
-3.60425
-3.60444
-3.60432
-3.6042
-3.60423
-3.60396
-3.60323
-3.6034
-3.60342
-3.60343
-3.60329
-3.60269
-3.60284
-3.60299
-3.60283
-3.60312
-3.60311
-3.60324
-3.60337
-3.60334
-3.60347
-3.60343
-3.6034
-3.60336
-3.60377
-3.60388
-3.60384
-3.60379
-3.60344
-3.60354
-3.60348
-3.60343
-3.60337
-3.60331
-3.6028
-3.6029
-3.60269
-3.60263
-3.60257
-3.60251
-3.6023
-3.60224
-3.60279
-3.60243
-3.60283
-3.60339
-3.60409
-3.60404
-3.604
-3.6041
-3.60421
-3.60448
-3.60459
-3.60471
-3.60467
-3.60434
-3.60432
-3.60429
-3.60412
-3.60411
-3.60425
-3.60394
-3.60408
-3.60393
-3.60393
-3.60393
-3.60394
-3.60426
-3.60442
-3.60429
-3.60431
-3.60434
-3.60421
-3.6041
-3.60383
-3.60387
-3.60346
-3.6035
-3.60355
-3.60315
-3.60305
-3.60296
-3.60316
-3.60338
-3.60344
-3.60335
-3.60327
-3.60349
-3.60371
-3.60303
-3.60295
-3.60303
-3.60325
-3.60318
-3.60326
-3.60349
-3.60356
-3.60349
-3.60342
-3.60365
-3.60403
-3.60426
-3.60418
-3.60426
-3.60418
-3.60441
-3.60464
-3.60486
-3.60523
-3.60545
-3.60552
-3.60589
-3.60581
-3.60587
-3.60593
-3.60584
-3.6059
-3.6055
-3.60526
-3.60516
-3.60521
-3.60541
-3.6053
-3.60519
-3.60523
-3.60542
-3.60546
-3.60564
-3.60552
-3.60585
-3.60573
-3.60576
-3.60578
-3.60595
-3.60597
-3.60569
-3.60585
-3.60556
-3.60497
-3.60513
-3.60499
-3.605
-3.60515
-3.60531
-3.60531
-3.60546
-3.60531
-3.60516
-3.60516
-3.60531
-3.60515
-3.60485
-3.60485
-3.60454
-3.60439
-3.60438
-3.60408
-3.60423
-3.60407
-3.60422
-3.60406
-3.60421
-3.60421
-3.60436
-3.60451
-3.60436
-3.60421
-3.60436
-3.60436
-3.60406
-3.60407
-3.60392
-3.60408
-3.60454
-3.60454
-3.6044
-3.60441
-3.60472
-3.60473
-3.60489
-3.60521
-3.60507
-3.60508
-3.60494
-3.6048
-3.60482
-3.60483
-3.60469
-3.6044
-3.60442
-3.60428
-3.60414
-3.60415
-3.60432
-3.60463
-3.60449
-3.60435
-3.6042
-3.60436
-3.60452
-3.60453
-3.60408
-3.60408
-3.60378
-3.60348
-3.60317
-3.60347
-3.60332
-3.60286
-3.60255
-3.60254
-3.60268
-3.60266
-3.60265
-3.60293
-3.60291
-3.60289
-3.60317
-3.60315
-3.60327
-3.60339
-3.60336
-3.60394
-3.6036
-3.60341
-3.60323
-3.60334
-3.603
-3.6031
-3.60291
-3.60271
-3.60252
-3.60247
-3.60212
-3.60192
-3.60202
-3.60197
-3.60191
-3.60186
-3.6018
-3.6016
-3.60139
-3.60118
-3.60112
-3.60121
-3.60131
-3.6011
-3.60103
-3.60113
-3.60122
-3.60116
-3.60124
-3.60118
-3.60112
-3.60121
-3.6013
-3.60154
-3.60118
-3.60127
-3.6009
-3.60084
-3.60093
-3.60072
-3.60127
-3.60106
-3.60084
-3.60063
-3.60073
-3.60052
-3.60046
-3.60025
-3.60035
-3.60044
-3.60039
-3.60018
-3.60028
-3.60068
-3.60063
-3.60073
-3.60068
-3.60048
-3.60058
-3.60053
-3.60063
-3.60059
-3.60054
-3.6008
-3.6006
-3.60041
-3.60082
-3.60108
-3.60103
-3.60099
-3.60111
-3.60107
-3.60103
-3.60099
-3.6008
-3.60062
-3.60028
-3.6004
-3.60052
-3.60034
-3.60046
-3.60028
-3.60041
-3.60023
-3.60036
-3.60048
-3.60031
-3.60044
-3.60057
-3.60086
-3.60054
-3.60037
-3.60051
-3.6005
-3.60019
-3.60003
-3.60002
-3.59987
-3.59956
-3.59956
-3.59941
-3.59972
-3.59957
-3.59942
-3.59943
-3.59929
-3.59931
-3.59902
-3.59889
-3.5989
-3.59907
-3.5991
-3.59912
-3.59915
-3.59963
-3.59966
-3.59969
-3.59988
-3.59991
-3.59995
-3.59954
-3.59958
-3.59962
-3.59981
-3.59971
-3.59976
-3.59996
-3.5997
-3.59976
-3.59966
-3.60001
-3.59992
-3.59997
-3.59988
-3.59994
-3.60045
-3.60067
-3.60043
-3.60034
-3.60025
-3.60032
-3.60054
-3.60061
-3.60037
-3.60029
-3.60036
-3.60058
-3.6008
-3.60118
-3.60155
-3.60178
-3.602
-3.60223
-3.60246
-3.60268
-3.60306
-3.60298
-3.60321
-3.60328
-3.60336
-3.60373
-3.60396
-3.60418
-3.6041
-3.60447
-3.60469
-3.60475
-3.60482
-3.60488
-3.60509
-3.605
-3.60505
-3.6048
-3.605
-3.6049
-3.60494
-3.60528
-3.60487
-3.60521
-3.60539
-3.60557
-3.60544
-3.60562
-3.60563
-3.60565
-3.60551
-3.60582
-3.60583
-3.60553
-3.60569
-3.60539
-3.60554
-3.60538
-3.60553
-3.60582
-3.60581
-3.6058
-3.60549
-3.60533
-3.60517
-3.6053
-3.60529
-3.60513
-3.60542
-3.60465
-3.60495
-3.60479
-3.60478
-3.60492
-3.60461
-3.60476
-3.6043
-3.60384
-3.60399
-3.60399
-3.604
-3.604
-3.60385
-3.60416
-3.60417
-3.60388
-3.60404
-3.60436
-3.60437
-3.60408
-3.60425
-3.60442
-3.60428
-3.604
-3.60402
-3.60419
-3.60436
-3.60437
-3.60439
-3.60456
-3.60443
-3.60444
-3.60431
-3.60402
-3.60433
-3.60465
-3.60511
-3.60512
-3.60543
-3.60559
-3.60529
-3.60529
-3.60529
-3.60544
-3.60559
-3.60574
-3.60573
-3.60573
-3.60572
-3.60555
-3.60569
-3.60568
-3.60566
-3.6058
-3.60563
-3.60576
-3.60573
-3.60541
-3.60538
-3.60596
-3.60579
-3.60591
-3.60558
-3.6054
-3.60522
-3.60534
-3.60546
-3.60528
-3.60495
-3.60476
-3.60458
-3.6047
-3.60497
-3.60494
-3.60476
-3.60457
-3.60424
-3.60406
-3.60403
-3.604
-3.60397
-3.60379
-3.60376
-3.60374
-3.60371
-3.60383
-3.60381
-3.60363
-3.60345
-3.60313
-3.6028
-3.60248
-3.60261
-3.60259
-3.60257
-3.60225
-3.60223
-3.60266
-3.60265
-3.60233
-3.60216
-3.60229
-3.60258
-3.60241
-3.60254
-3.60223
-3.60221
-3.60219
-3.60203
-3.60201
-3.60214
-3.60198
-3.60196
-3.60179
-3.60177
-3.60161
-3.60174
-3.60188
-3.60186
-3.60184
-3.60182
-3.60151
-3.60164
-3.60147
-3.60145
-3.60159
-3.60157
-3.60201
-3.60215
-3.60228
-3.60227
-3.60225
-3.60239
-3.60253
-3.60266
-3.60235
-3.60219
-3.60248
-3.60217
-3.60201
-3.6023
-3.60245
-3.60244
-3.60228
-3.60228
-3.60228
-3.60228
-3.60243
-3.60273
-3.60274
-3.60305
-3.6029
-3.60261
-3.60247
-3.60263
-3.60249
-3.60251
-3.60222
-3.60224
-3.60227
-3.60229
-3.60247
-3.60249
-3.60252
-3.60255
-3.60243
-3.60246
-3.60235
-3.60269
-3.60288
-3.60291
-3.6028
-3.60254
-3.60289
-3.60293
-3.60283
-3.60287
-3.60292
-3.60281
-3.60301
-3.60291
-3.60341
-3.60376
-3.6035
-3.60355
-3.60344
-3.60319
-3.60293
-3.60252
-3.60211
-3.6023
-3.60249
-3.60238
-3.60227
-3.6023
-3.60234
-3.60222
-3.6024
-3.60228
-3.60246
-3.60233
-3.60265
-3.60222
-3.60194
-3.60241
-3.60258
-3.60289
-3.6032
-3.60306
-3.60261
-3.60262
-3.60277
-3.60247
-3.60217
-3.60232
-3.60231
-3.6023
-3.60215
-3.60214
-3.60228
-3.60196
-3.60195
-3.60193
-3.60176
-3.6016
-3.60158
-3.60171
-3.60154
-3.60137
-3.60119
-3.60117
-3.60115
-3.60113
-3.6011
-3.60108
-3.60136
-3.60103
-3.60161
-3.60159
-3.60156
-3.60169
-3.60212
-3.60194
-3.60192
-3.60174
-3.60157
-3.60155
-3.60137
-3.6015
-3.60133
-3.60161
-3.60159
-3.60157
-3.6017
-3.60168
-3.60196
-3.60209
-3.60192
-3.6019
-3.60203
-3.60202
-3.60154
-3.60168
-3.60166
-3.6021
-3.60208
-3.60206
-3.60204
-3.60218
-3.60201
-3.60199
-3.60242
-3.6021
-3.60178
-3.60206
-3.60189
-3.60202
-3.602
-3.60228
-3.60226
-3.60239
-3.60237
-3.6025
-3.60233
-3.6023
-3.60243
-3.60256
-3.60239
-3.60252
-3.60249
-3.60247
-3.60245
-3.60242
-3.60255
-3.60268
-3.60296
-3.60309
-3.60307
-3.6035
-3.60349
-3.60347
-3.6033
-3.60343
-3.60372
-3.60355
-3.60354
-3.60322
-3.60336
-3.60335
-3.60349
-3.60348
-3.60347
-3.60362
-3.60376
-3.60361
-3.6033
-3.6033
-3.60329
-3.60284
-3.60299
-3.60314
-3.60299
-3.60284
-3.60285
-3.60255
-3.6027
-3.60286
-3.60302
-3.60302
-3.60258
-3.60213
-3.60229
-3.60245
-3.6023
-3.60246
-3.60217
-3.60218
-3.60218
-3.6028
-3.60296
-3.60296
-3.60282
-3.60298
-3.60314
-3.60284
-3.60315
-3.60316
-3.60317
-3.60302
-3.60333
-3.60334
-3.6032
-3.60305
-3.60336
-3.60336
-3.60322
-3.60322
-3.60353
-3.60339
-3.60324
-3.60324
-3.60325
-3.6034
-3.60341
-3.60371
-3.60417
-3.60462
-3.60493
-3.60493
-3.60478
-3.60448
-3.60463
