1.64837
1.64508
1.6417
1.63822
1.63464
1.63096
1.62718
1.6233
1.61932
1.61525
1.61108
1.60681
1.60245
1.59799
1.59344
1.58879
1.58406
1.57923
1.57432
1.56933
1.56425
1.5591
1.55387
1.54857
1.5432
1.53777
1.53228
1.52674
1.52115
1.51551
1.50984
1.50413
1.4984
1.49265
1.48689
1.48113
1.47536
1.46961
1.46387
1.45816
1.45248
1.44684
1.44124
1.43571
1.43023
1.42483
1.4195
1.41426
1.40911
1.40406
1.39912
1.39429
1.38958
1.38499
1.38053
1.37621
1.37202
1.36797
1.36407
1.36032
1.35672
1.35328
1.34999
1.34686
1.34388
1.34106
1.33841
1.33591
1.33357
1.33138
1.32936
1.32749
1.32577
1.3242
1.32278
1.32151
1.32039
1.3194
1.31856
1.31785
1.31727
1.31682
1.31649
1.31628
1.3162
1.31623
1.31637
1.31661
1.31697
1.31741
1.31796
1.31859
1.31932
1.32012
1.32101
1.32197
1.32301
1.32411
1.32527
1.3265
1.32777
1.3291
1.33048
1.3319
1.33336
1.33485
1.33637
1.33793
1.3395
1.3411
1.34272
1.34434
1.34598
1.34762
1.34926
1.35091
1.35255
1.35418
1.3558
1.35741
1.35901
1.36058
1.36214
1.36368
1.36519
1.36667
1.36813
1.36956
1.37096
1.37232
1.37365
1.37495
1.37621
1.37743
1.37862
1.37977
1.38088
1.38196
1.38299
1.38399
1.38495
1.38587
1.38676
1.38761
1.38843
1.38921
1.38996
1.39067
1.39136
1.39202
1.39265
1.39325
1.39382
1.39438
1.39491
1.39542
1.39591
1.39638
1.39684
1.39728
1.39772
1.39814
1.39855
1.39896
1.39936
1.39976
1.40016
1.40055
1.40094
1.40134
1.40174
1.40214
1.40255
1.40296
1.40338
1.40381
1.40425
1.40469
1.40514
1.4056
1.40607
1.40655
1.40703
1.40753
1.40803
1.40854
1.40906
1.40958
1.41011
1.41064
1.41117
1.41171
1.41224
1.41278
1.41331
1.41384
1.41437
1.41488
1.41539
1.4159
1.41639
1.41686
1.41733
1.41777
1.41821
1.41862
1.41901
1.41938
1.41973
1.42006
1.42036
1.42063
1.42087
1.42108
1.42126
1.42141
1.42152
1.4216
1.42164
1.42164
1.4216
1.42153
1.42141
1.42124
1.42103
1.42077
1.42047
1.42012
1.41971
1.41926
1.41875
1.41819
1.41757
1.4169
1.41617
1.41538
1.41453
1.41362
1.41265
1.41162
1.41052
1.40936
1.40812
1.40683
1.40546
1.40402
1.40251
1.40094
1.39929
1.39756
1.39577
1.3939
1.39196
1.38994
1.38785
1.38568
1.38344
1.38113
1.37874
1.37627
1.37373
1.37112
1.36843
1.36566
1.36283
1.35992
1.35694
1.35389
1.35078
1.34759
1.34434
1.34103
1.33766
1.33423
1.33073
1.32718
1.32358
1.31993
1.31622
1.31247
1.30868
1.30485
1.30098
1.29707
1.29313
1.28917
1.28518
1.28117
1.27714
1.2731
1.26906
1.265
1.26095
1.25689
1.25285
1.24882
1.2448
1.2408
1.23682
1.23287
1.22896
1.22508
1.22124
1.21745
1.2137
1.21001
1.20637
1.20279
1.19928
1.19584
1.19246
1.18916
1.18594
1.1828
1.17975
1.17678
1.1739
1.17111
1.16842
1.16583
1.16334
1.16095
1.15867
1.1565
1.15444
1.15249
1.15066
1.14894
1.14734
1.14586
1.14451
1.14328
1.14217
1.14119
1.14034
1.13962
1.13904
1.13858
1.13826
1.13807
1.13802
1.13811
1.13833
1.13868
1.13917
1.1398
1.14057
1.14146
1.1425
1.14366
1.14496
1.14638
1.14794
1.14962
1.15142
1.15334
1.15538
1.15754
1.1598
1.16217
1.16464
1.16721
1.16987
1.17262
1.17546
1.17837
1.18135
1.1844
1.18752
1.19069
1.19391
1.19717
1.20047
1.20381
1.20717
1.21055
1.21394
1.21734
1.22074
1.22414
1.22753
1.23091
1.23426
1.23759
1.24089
1.24415
1.24737
1.25055
1.25368
1.25675
1.25977
1.26273
1.26562
1.26844
1.27119
1.27386
1.27646
1.27897
1.28141
1.28375
1.28601
1.28819
1.29027
1.29225
1.29415
1.29595
1.29765
1.29925
1.30075
1.30216
1.30346
1.30467
1.30577
1.30677
1.30767
1.30847
1.30917
1.30977
1.31026
1.31066
1.31095
1.31114
1.31124
1.31124
1.31114
1.31094
1.31065
1.31027
1.3098
1.30923
1.30858
1.30784
1.30702
1.30612
1.30514
1.30408
1.30295
1.30174
1.30048
1.29914
1.29775
1.29631
1.29481
1.29326
1.29167
1.29004
1.28838
1.28669
1.28497
1.28324
1.28149
1.27974
1.27798
1.27622
1.27447
1.27274
1.27102
1.26933
1.26767
1.26605
1.26446
1.26292
1.26143
1.26
1.25863
1.25733
1.25609
1.25493
1.25385
1.25284
1.25193
1.2511
1.25036
1.24971
1.24916
1.24871
1.24836
1.2481
1.24794
1.24788
1.24793
1.24807
1.2483
1.24863
1.24906
1.24958
1.25018
1.25087
1.25165
1.2525
1.25343
1.25442
1.25549
1.25661
1.25779
1.25902
1.26029
1.26161
1.26296
1.26433
1.26573
1.26715
1.26858
1.27001
1.27145
1.27287
1.27429
1.27569
1.27707
1.27843
1.27975
1.28103
1.28228
1.28348
1.28463
1.28573
1.28678
1.28776
1.28869
1.28955
1.29034
1.29107
1.29173
1.29231
1.29283
1.29327
1.29363
1.29392
1.29414
1.29429
1.29436
1.29436
1.29429
1.29414
1.29393
1.29365
1.2933
1.29289
1.29242
1.29188
1.29129
1.29065
1.28995
1.2892
1.28841
1.28757
1.28669
1.28578
1.28483
1.28385
1.28284
1.28182
1.28077
1.2797
1.27862
1.27754
1.27645
1.27536
1.27427
1.27318
1.2721
1.27104
1.26999
1.26896
1.26795
1.26696
1.26601
1.26508
1.26419
1.26333
1.26251
1.26173
1.26099
1.2603
1.25965
1.25905
1.2585
1.258
1.25756
1.25716
1.25682
1.25653
1.2563
1.25612
1.25599
1.25592
1.2559
1.25594
1.25603
1.25617
1.25637
1.25661
1.2569
1.25724
1.25763
1.25806
1.25853
1.25905
1.25961
1.26021
1.26084
1.26151
1.26221
1.26295
1.26371
1.2645
1.26532
1.26616
1.26703
1.26792
1.26883
1.26976
1.27071
1.27167
1.27266
1.27365
1.27466
1.27569
1.27673
1.27778
1.27885
1.27993
1.28102
1.28213
1.28325
1.28438
1.28554
1.2867
1.28789
1.28909
1.29031
1.29155
1.29281
1.2941
1.2954
1.29674
1.2981
1.29948
1.3009
1.30235
1.30383
1.30535
1.3069
1.30849
1.31011
1.31178
1.31349
1.31523
1.31702
1.31885
1.32073
1.32265
1.32461
1.32662
1.32867
1.33077
1.33291
1.33509
1.33732
1.33959
1.34191
1.34427
1.34666
1.3491
1.35157
1.35408
1.35662
1.3592
1.36181
1.36445
1.36711
1.3698
1.37252
1.37525
1.378
1.38077
1.38355
1.38635
1.38915
1.39196
1.39477
1.39758
1.40039
1.4032
1.406
1.40879
1.41156
1.41433
1.41708
1.4198
1.42251
1.4252
1.42786
1.43049
1.4331
1.43567
1.43821
1.44071
1.44318
1.44561
1.448
1.45035
1.45265
1.45491
1.45713
1.4593
1.46143
1.46351
1.46554
1.46751
1.46944
1.47132
1.47314
1.47491
1.47663
1.47829
1.47989
1.48144
1.48294
1.48437
1.48575
1.48707
1.48834
1.48955
1.4907
1.49178
1.49281
1.49378
1.49469
1.49554
1.49632
1.49704
1.49771
1.49831
1.49885
1.49932
1.49974
1.50008
1.50037
1.50059
1.50075
1.50084
1.50087
1.50084
1.50074
1.50057
1.50035
1.50005
1.49969
1.49927
1.49878
1.49823
1.49761
1.49692
1.49617
1.49536
1.49448
1.49354
1.49253
1.49146
1.49032
1.48913
1.48787
1.48654
1.48516
1.48371
1.4822
1.48063
1.479
1.4773
1.47555
1.47374
1.47187
1.46994
1.46795
1.46591
1.46382
1.46166
1.45946
1.4572
1.45489
1.45253
1.45012
1.44767
1.44517
1.44262
1.44003
1.43739
1.43472
1.432
1.42925
1.42646
1.42364
1.42079
1.4179
1.41499
1.41205
1.40908
1.40609
1.40309
1.40006
1.39702
1.39397
1.39091
1.38784
1.38476
1.38169
1.37861
1.37554
1.37247
1.36942
1.36637
1.36334
1.36033
1.35734
1.35438
1.35144
1.34854
1.34567
1.34283
1.34004
1.33729
1.33459
1.33194
1.32934
1.3268
1.32431
1.32189
1.31954
1.31726
1.31504
1.31291
1.31085
1.30887
1.30697
1.30516
1.30344
1.30181
1.30027
1.29883
1.29749
1.29624
1.2951
1.29406
1.29312
1.29229
1.29157
1.29096
1.29045
1.29006
1.28978
1.28961
1.28956
1.28961
1.28978
1.29006
1.29045
1.29095
1.29156
1.29227
1.2931
1.29402
1.29506
1.29619
1.29742
1.29875
1.30017
1.30169
1.30329
1.30497
1.30674
1.30858
1.3105
1.31249
1.31454
1.31666
1.31883
1.32106
1.32334
1.32566
1.32802
1.33041
1.33284
1.3353
1.33777
1.34026
1.34277
1.34528
1.3478
1.35031
1.35282
1.35532
1.35781
1.36027
1.36272
1.36513
1.36752
1.36987
1.37219
1.37446
1.37669
1.37887
1.381
1.38307
1.38509
1.38705
1.38894
1.39078
1.39254
1.39424
1.39587
1.39742
1.39891
1.40031
1.40164
1.4029
1.40407
1.40517
1.40619
1.40712
1.40798
1.40875
1.40945
1.41006
1.41059
1.41104
1.41142
1.41171
1.41193
1.41207
1.41213
1.41211
1.41203
1.41187
1.41164
1.41134
1.41098
1.41055
1.41006
1.40952
1.40891
1.40825
1.40754
1.40678
1.40598
1.40513
1.40424
1.40332
1.40237
1.40138
1.40038
1.39935
1.3983
1.39724
1.39617
1.39509
1.39401
1.39293
1.39185
1.39078
1.38972
1.38867
1.38764
1.38663
1.38565
1.38468
1.38374
1.38284
1.38196
1.38111
1.3803
1.37952
1.37878
1.37808
1.37741
1.37678
1.37618
1.37562
1.3751
1.3746
1.37415
1.37372
1.37332
1.37296
1.37262
1.3723
1.37201
1.37174
1.37149
1.37126
1.37104
1.37084
1.37065
1.37046
1.37028
1.37011
1.36993
1.36976
1.36958
1.3694
1.36922
1.36902
1.36881
1.36859
1.36836
1.36811
1.36785
1.36756
1.36726
1.36694
1.36659
1.36623
1.36583
1.36542
1.36497
1.3645
1.36401
1.36348
1.36293
1.36234
1.36173
1.36108
1.36041
1.3597
1.35896
1.35819
1.35738
1.35655
1.35568
1.35477
1.35384
1.35287
1.35187
1.35084
1.34977
1.34868
1.34755
1.3464
1.34521
1.34399
1.34274
1.34147
1.34016
1.33883
1.33747
1.33609
1.33469
1.33326
1.33181
1.33034
1.32886
1.32735
1.32584
1.3243
1.32276
1.32121
1.31965
1.31808
1.31651
1.31494
1.31337
1.31181
1.31025
1.3087
1.30716
1.30564
1.30413
1.30264
1.30117
1.29972
1.2983
1.2969
1.29554
1.29421
1.29291
1.29165
1.29043
1.28925
1.28811
1.28701
1.28596
1.28496
1.284
1.28309
1.28223
1.28142
1.28066
1.27995
1.2793
1.27869
1.27814
1.27764
1.27719
1.27678
1.27643
1.27613
1.27587
1.27565
1.27548
1.27536
1.27527
1.27522
1.27521
1.27524
1.2753
1.27539
1.27551
1.27566
1.27583
1.27602
1.27623
1.27646
1.27671
1.27696
1.27723
1.2775
1.27778
1.27807
1.27835
1.27864
1.27892
1.27919
1.27947
1.27973
1.27999
1.28023
1.28046
1.28068
1.28089
1.28108
1.28125
1.2814
1.28154
1.28166
1.28175
1.28183
1.28189
1.28192
1.28194
1.28193
1.28191
1.28186
1.28179
1.28171
1.2816
1.28147
1.28132
1.28116
1.28097
1.28077
1.28056
1.28032
1.28008
1.27982
1.27954
1.27925
1.27896
1.27865
1.27833
1.278
1.27767
1.27732
1.27698
1.27662
1.27627
1.27591
1.27555
1.27519
1.27483
1.27447
1.27411
1.27376
1.27341
1.27306
1.27272
1.27238
1.27206
1.27174
1.27143
1.27112
1.27083
1.27055
1.27028
1.27001
1.26976
1.26952
1.2693
1.26908
1.26888
1.26869
1.26851
1.26835
1.2682
1.26806
1.26794
1.26784
1.26774
1.26766
1.2676
1.26755
1.26751
1.26749
1.26749
1.26749
1.26752
1.26755
1.26761
1.26767
1.26776
1.26786
1.26797
1.2681
1.26825
1.26841
1.26859
1.26879
1.269
1.26922
1.26947
1.26973
1.27001
1.27031
1.27062
1.27095
1.27131
1.27168
1.27207
1.27248
1.27291
1.27336
1.27384
1.27434
1.27485
1.27539
1.27596
1.27655
1.27716
1.27779
1.27845
1.27914
1.27985
1.28059
1.28136
1.28215
1.28297
1.28382
1.28469
1.2856
1.28654
1.2875
1.2885
1.28953
1.29059
1.29168
1.29281
1.29397
1.29515
1.29637
1.29763
1.29891
1.30023
1.30157
1.30295
1.30436
1.3058
1.30726
1.30876
1.31028
1.31184
1.31341
1.31502
1.31664
1.31829
1.31997
1.32166
1.32337
1.32509
1.32684
1.32859
1.33036
1.33213
1.33391
1.3357
1.33749
1.33928
1.34107
1.34286
1.34463
1.3464
1.34816
1.34991
1.35163
1.35334
1.35503
1.35669
1.35833
1.35994
1.36151
1.36305
1.36456
1.36602
1.36745
1.36883
1.37016
1.37145
1.37269
1.37388
1.37501
1.37608
1.3771
1.37806
1.37896
1.37979
1.38056
1.38126
1.3819
1.38247
1.38297
1.38339
1.38375
1.38403
1.38424
1.38437
1.38443
1.38442
1.38433
1.38416
1.38391
1.38359
1.38319
1.38271
1.38215
1.38152
1.38081
1.38002
1.37916
1.37821
1.37719
1.3761
1.37492
1.37368
1.37235
1.37096
1.36949
1.36794
1.36633
1.36465
1.3629
1.36108
1.35919
1.35724
1.35522
1.35315
1.35101
1.34881
1.34656
1.34425
1.34189
1.33948
1.33702
1.33451
1.33196
1.32937
1.32674
1.32408
1.32138
1.31865
1.3159
1.31312
1.31032
1.30751
1.30468
1.30184
1.29899
1.29615
1.2933
1.29046
1.28762
1.2848
1.282
1.27921
1.27645
1.27372
1.27103
1.26837
1.26576
1.26319
1.26067
1.25821
1.25581
1.25348
1.25121
1.24901
1.24689
1.24484
1.24288
1.24101
1.23923
1.23754
1.23595
1.23446
1.23307
1.23179
1.23061
1.22954
1.22859
1.22774
1.22701
1.22639
1.22589
1.2255
1.22522
1.22506
1.22501
1.22508
1.22525
1.22554
1.22593
1.22643
1.22703
1.22773
1.22852
1.22941
1.2304
1.23147
1.23262
1.23386
1.23517
1.23656
1.23801
1.23953
1.24111
1.24275
1.24445
1.24619
1.24798
1.24981
1.25168
1.25359
1.25553
1.25749
1.25949
1.2615
1.26354
1.2656
1.26767
1.26975
1.27184
1.27395
1.27605
1.27817
1.28029
1.28241
1.28453
1.28664
1.28876
1.29087
1.29298
1.29509
1.29718
1.29927
1.30136
1.30344
1.30551
1.30757
1.30962
1.31167
1.3137
1.31573
1.31774
1.31975
1.32175
1.32374
1.32571
1.32768
1.32963
1.33158
1.33351
1.33543
1.33734
1.33924
1.34113
1.34301
1.34487
1.34672
1.34856
1.35039
1.3522
1.354
1.35579
1.35756
1.35931
1.36105
1.36278
1.36448
1.36617
1.36785
1.3695
1.37114
1.37275
1.37435
1.37593
1.37749
1.37902
1.38054
1.38203
1.3835
1.38494
1.38637
1.38776
1.38914
1.39049
1.39181
1.3931
1.39437
1.39562
1.39683
1.39802
1.39918
1.40031
1.40141
1.40248
1.40352
1.40453
1.40551
1.40647
1.40739
1.40828
1.40914
1.40996
1.41076
1.41153
1.41226
1.41296
1.41363
1.41427
1.41488
1.41545
1.416
1.41651
1.41699
1.41745
1.41787
1.41826
1.41862
1.41895
1.41925
1.41952
1.41976
1.41997
1.42015
1.4203
1.42042
1.42052
1.42059
1.42063
1.42065
1.42063
1.4206
1.42053
1.42044
1.42033
1.42019
1.42003
1.41985
1.41964
1.41941
1.41916
1.41889
1.4186
1.41829
1.41797
1.41762
1.41725
1.41687
1.41646
1.41605
1.41561
1.41516
1.4147
1.41422
1.41373
1.41322
1.41271
1.41217
1.41163
1.41107
1.4105
1.40992
1.40932
1.40872
1.4081
1.40748
1.40685
1.4062
1.40555
1.40489
1.40422
1.40354
1.40285
1.40216
1.40146
1.40075
1.40003
1.39931
1.39857
1.39784
1.39709
1.39634
1.39558
1.39482
1.39405
1.39327
1.39249
1.3917
1.39091
1.39012
1.38932
1.38851
1.3877
1.38689
1.38608
1.38526
1.38444
1.38361
1.38278
1.38195
1.38112
1.38029
1.37946
1.37863
1.37779
1.37696
1.37613
1.3753
1.37447
1.37365
1.37283
1.37201
1.3712
1.3704
1.3696
1.36881
1.36803
1.36726
1.36649
1.36574
1.365
1.36427
1.36356
1.36286
1.36217
1.3615
1.36085
1.36021
1.35959
1.359
1.35842
1.35787
1.35734
1.35683
1.35634
1.35588
1.35545
1.35504
1.35466
1.35431
1.35399
1.3537
1.35344
1.35321
1.35302
1.35285
1.35272
1.35262
1.35255
1.35252
1.35252
1.35256
1.35263
1.35273
1.35287
1.35304
1.35324
1.35348
1.35374
1.35404
1.35437
1.35472
1.35511
1.35552
1.35596
1.35642
1.35691
1.35742
1.35795
1.3585
1.35907
1.35965
1.36025
1.36086
1.36148
1.36211
1.36275
1.36339
1.36403
1.36468
1.36532
1.36596
1.36659
1.36722
1.36784
1.36845
1.36904
1.36962
1.37019
1.37073
1.37126
1.37177
1.37225
1.37271
1.37315
1.37355
1.37394
1.37429
1.37461
1.3749
1.37516
1.37539
1.37559
1.37576
1.37589
1.37599
1.37606
1.3761
1.3761
1.37608
1.37602
1.37593
1.37581
1.37566
1.37548
1.37528
1.37504
1.37478
1.3745
1.37419
1.37386
1.37351
1.37313
1.37274
1.37233
1.3719
1.37146
1.371
1.37053
1.37005
1.36956
1.36905
1.36855
1.36803
1.36751
1.36698
1.36646
1.36593
1.3654
1.36487
1.36434
1.36382
1.3633
1.36278
1.36227
1.36176
1.36126
1.36076
1.36027
1.35979
1.35932
1.35885
1.3584
1.35795
1.3575
1.35707
1.35664
1.35622
1.35581
1.35541
1.35501
1.35462
1.35423
1.35385
1.35348
1.35311
1.35275
1.35239
1.35203
1.35167
1.35132
1.35097
1.35062
1.35028
1.34993
1.34958
1.34923
1.34888
1.34852
1.34817
1.34781
1.34744
1.34708
1.34671
1.34633
1.34595
1.34557
1.34518
1.34479
1.3444
1.344
1.3436
1.34319
1.34279
1.34238
1.34197
1.34156
1.34115
1.34074
1.34033
1.33992
1.33951
1.33911
1.33872
1.33833
1.33794
1.33757
1.3372
1.33685
1.3365
1.33617
1.33585
1.33554
1.33525
1.33497
1.33471
1.33446
1.33424
1.33403
1.33383
1.33366
1.3335
1.33336
1.33324
1.33314
1.33305
1.33298
1.33293
1.33289
1.33286
1.33284
1.33284
1.33285
1.33287
1.33289
1.33292
1.33296
1.333
1.33305
1.33309
1.33314
1.33318
1.33322
1.33325
1.33327
1.33329
1.3333
1.33329
1.33327
1.33324
1.33319
1.33312
1.33303
1.33292
1.33279
1.33264
1.33246
1.33226
1.33203
1.33178
1.33149
1.33118
1.33084
1.33047
1.33007
1.32964
1.32917
1.32867
1.32814
1.32757
1.32697
1.32634
1.32566
1.32495
1.32421
1.32343
1.3226
1.32174
1.32085
1.31991
1.31893
1.31791
1.31685
1.31575
1.31461
1.31343
1.31221
1.31094
1.30964
1.30829
1.30691
1.30548
1.30402
1.30251
1.30097
1.29939
1.29778
1.29614
1.29446
1.29275
1.29102
1.28926
1.28747
1.28567
1.28384
1.28201
1.28016
1.2783
1.27644
1.27458
1.27272
1.27087
1.26903
1.2672
1.2654
1.26363
1.26188
1.26017
1.2585
1.25687
1.2553
1.25378
1.25231
1.25091
1.24958
1.24833
1.24715
1.24605
1.24504
1.24412
1.24329
1.24256
1.24193
1.24141
1.24099
1.24068
1.24048
1.24039
1.24042
1.24056
1.24082
1.2412
1.24169
1.2423
1.24303
1.24387
1.24483
1.2459
1.24708
1.24837
1.24977
1.25128
1.25289
1.2546
1.2564
1.2583
1.26029
1.26237
1.26453
1.26676
1.26907
1.27145
1.27389
1.27639
1.27894
1.28155
1.28419
1.28688
1.2896
1.29235
1.29512
1.29791
1.30072
1.30354
1.30636
1.30918
1.31199
1.3148
1.31759
1.32037
1.32312
1.32585
1.32854
1.3312
1.33382
1.33641
1.33895
1.34144
1.34388
1.34627
1.3486
1.35088
1.3531
1.35525
1.35734
1.35937
1.36133
1.36321
1.36503
1.36678
1.36845
1.37004
1.37157
1.37301
1.37438
1.37567
1.37689
1.37802
1.37907
1.38005
1.38094
1.38176
1.38249
1.38315
1.38372
1.38421
1.38462
1.38495
1.3852
1.38536
1.38545
1.38546
1.38538
1.38523
1.38499
1.38467
1.38428
1.38381
1.38326
1.38263
1.38192
1.38114
1.38028
1.37935
1.37834
1.37725
1.37609
1.37486
1.37356
1.37219
1.37075
1.36923
1.36766
1.36601
1.3643
1.36253
1.36069
1.3588
1.35684
1.35483
1.35277
1.35065
1.34848
1.34626
1.34399
1.34168
1.33933
1.33694
1.33451
1.33205
1.32956
1.32704
1.3245
1.32193
1.31934
1.31674
1.31413
1.3115
1.30887
1.30624
1.30361
1.30099
1.29837
1.29577
1.29318
1.29061
1.28806
1.28554
1.28306
1.2806
1.27819
1.27581
1.27348
1.2712
1.26898
1.2668
1.26469
1.26264
1.26065
1.25873
1.25688
1.25511
1.25341
1.25179
1.25026
1.2488
1.24744
1.24616
1.24497
1.24388
1.24288
1.24197
1.24116
1.24045
1.23984
1.23933
1.23892
1.23861
1.2384
1.23829
1.23828
1.23838
1.23858
1.23887
1.23927
1.23976
1.24036
1.24105
1.24184
1.24272
1.24369
1.24476
1.24591
1.24715
1.24848
1.24989
1.25139
1.25296
1.25461
1.25633
1.25812
1.25998
1.26191
1.2639
1.26595
1.26805
1.27021
1.27241
1.27466
1.27696
1.27929
1.28166
1.28407
1.2865
1.28895
1.29143
1.29392
1.29642
1.29894
1.30146
1.30399
1.30651
1.30903
1.31153
1.31403
1.31651
1.31896
1.3214
1.3238
1.32618
1.32852
1.33083
1.33309
1.33531
1.33748
1.3396
1.34166
1.34367
1.34562
1.34751
1.34933
1.35108
1.35277
1.35438
1.35592
1.35738
1.35876
1.36007
1.36129
1.36243
1.36348
1.36445
1.36533
1.36612
1.36683
1.36744
1.36797
1.36841
1.36875
1.36901
1.36918
1.36926
1.36925
1.36915
1.36896
1.36869
1.36833
1.36789
1.36736
1.36675
1.36606
1.36529
1.36444
1.36352
1.36252
1.36146
1.36032
1.35912
1.35786
1.35653
1.35515
1.35371
1.35222
1.35067
1.34908
1.34745
1.34577
1.34406
1.34231
1.34052
1.33871
1.33688
1.33502
1.33314
1.33125
1.32934
1.32743
1.32551
1.32358
1.32166
1.31974
1.31782
1.31592
1.31403
1.31215
1.3103
1.30846
1.30666
1.30488
1.30313
1.30141
1.29974
1.2981
1.2965
1.29495
1.29344
1.29198
1.29057
1.28921
1.28791
1.28666
1.28548
1.28435
1.28328
1.28228
1.28134
1.28046
1.27965
1.27891
1.27823
1.27763
1.27709
1.27662
1.27622
1.27589
1.27563
1.27544
1.27532
1.27527
1.27529
1.27538
1.27554
1.27576
1.27605
1.27642
1.27684
1.27733
1.27789
1.27851
1.27919
1.27993
1.28073
1.28158
1.28249
1.28346
1.28448
1.28554
1.28666
1.28782
1.28903
1.29028
1.29157
1.29289
1.29426
1.29565
1.29708
1.29853
1.30001
1.30151
1.30303
1.30457
1.30613
1.3077
1.30927
1.31086
1.31245
1.31404
1.31563
1.31722
1.3188
1.32037
1.32193
1.32348
1.32501
1.32653
1.32802
1.32949
1.33094
1.33236
1.33375
1.33511
1.33644
1.33773
1.339
1.34022
1.34141
1.34256
1.34366
1.34473
1.34575
1.34674
1.34768
1.34857
1.34942
1.35023
1.35099
1.35171
1.35238
1.35301
1.35359
1.35413
1.35462
1.35507
1.35548
1.35584
1.35616
1.35643
1.35667
1.35686
1.35701
1.35713
1.3572
1.35723
1.35723
1.35719
1.35711
1.35699
1.35684
1.35666
1.35643
1.35618
1.35589
1.35557
1.35521
1.35483
1.35441
1.35396
1.35348
1.35297
1.35244
1.35187
1.35127
1.35065
1.34999
1.34931
1.3486
1.34787
1.34711
1.34632
1.34551
1.34467
1.3438
1.34291
1.342
1.34106
1.34009
1.3391
1.33809
1.33705
1.33599
1.33491
1.33381
1.33269
1.33154
1.33037
1.32919
1.32798
1.32676
1.32551
1.32425
1.32297
1.32168
1.32037
1.31904
1.3177
1.31635
1.31498
1.31361
1.31222
1.31083
1.30943
1.30803
1.30662
1.30521
1.30379
1.30238
1.30098
1.29957
1.29817
1.29678
1.2954
1.29404
1.29268
1.29134
1.29002
1.28872
1.28744
1.28619
1.28496
1.28376
1.28259
1.28146
1.28035
1.27929
1.27826
1.27727
1.27633
1.27542
1.27457
1.27376
1.27299
1.27228
1.27161
1.271
1.27043
1.26992
1.26945
1.26904
1.26867
1.26836
1.26809
1.26787
1.2677
1.26757
1.26748
1.26743
1.26742
1.26745
1.26751
1.2676
1.26771
1.26785
1.26801
1.26819
1.26838
1.26858
1.2688
1.26901
1.26923
1.26944
1.26965
1.26985
1.27003
1.2702
1.27035
1.27048
1.27059
1.27067
1.27072
1.27074
1.27073
1.27069
1.27061
1.27049
1.27033
1.27014
1.26991
1.26964
1.26933
1.26898
1.26859
1.26817
1.26771
1.26722
1.26669
1.26613
1.26554
1.26492
1.26428
1.26361
1.26293
1.26222
1.2615
1.26077
1.26002
1.25927
1.25852
1.25777
1.25703
1.25629
1.25556
1.25484
1.25415
1.25347
1.25282
1.2522
1.25161
1.25106
1.25054
1.25007
1.24964
1.24926
1.24893
1.24865
1.24843
1.24828
1.24818
1.24815
1.24819
1.24829
1.24847
1.24871
1.24903
1.24943
1.24991
1.25046
1.25109
1.2518
1.25259
1.25346
1.25442
1.25545
1.25656
1.25775
1.25903
1.26038
1.26181
1.26331
1.26489
1.26655
1.26827
1.27007
1.27193
1.27387
1.27586
1.27792
1.28004
1.28221
1.28444
1.28672
1.28905
1.29142
1.29384
1.2963
1.2988
1.30133
1.30389
1.30648
1.30909
1.31173
1.31438
1.31705
1.31973
1.32242
1.32511
1.3278
1.33049
1.33318
1.33585
1.33852
1.34117
1.3438
1.34641
1.349
1.35156
1.35408
1.35658
1.35904
1.36146
1.36384
1.36617
1.36846
1.37069
1.37288
1.37501
1.37708
1.37909
1.38105
1.38293
1.38476
1.38651
1.3882
1.38982
1.39136
1.39283
1.39422
1.39554
1.39677
1.39793
1.399
1.4
1.4009
1.40173
1.40246
1.40312
1.40368
1.40416
1.40455
1.40484
1.40505
1.40517
1.4052
1.40514
1.40499
1.40475
1.40442
1.404
1.40349
1.40289
1.40221
1.40143
1.40057
1.39962
1.39859
1.39747
1.39626
1.39498
1.39361
1.39216
1.39063
1.38902
1.38734
1.38559
1.38376
1.38186
1.37989
1.37785
1.37575
1.37359
1.37137
1.36909
1.36675
1.36436
1.36192
1.35943
1.35689
1.35431
1.35169
1.34904
1.34635
1.34362
1.34087
1.33809
1.33528
1.33246
1.32962
1.32676
1.32389
1.321
1.31812
1.31522
1.31233
1.30943
1.30654
1.30366
1.30078
1.29792
1.29507
1.29223
1.28941
1.28661
1.28384
1.28108
1.27836
1.27566
1.27299
1.27035
1.26775
1.26518
1.26265
1.26016
1.2577
1.25529
1.25292
1.2506
1.24832
1.24608
1.24389
1.24175
1.23966
1.23762
1.23564
1.2337
1.23182
1.22999
1.22822
1.22651
1.22485
1.22325
1.22171
1.22023
1.21881
1.21746
1.21616
1.21492
1.21375
1.21265
1.2116
1.21062
1.2097
1.20885
1.20806
1.20734
1.20668
1.20609
1.20556
1.2051
1.20469
1.20436
1.20408
1.20387
1.20372
1.20363
1.20361
1.20364
1.20373
1.20388
1.20409
1.20435
1.20467
1.20503
1.20545
1.20592
1.20644
1.20701
1.20762
1.20828
1.20898
1.20972
1.21049
1.21131
1.21216
1.21305
1.21397
1.21492
1.2159
1.2169
1.21794
1.219
1.22008
1.22118
1.2223
1.22344
1.2246
1.22578
1.22697
1.22818
1.22939
1.23062
1.23186
1.23311
1.23436
1.23562
1.23689
1.23817
1.23944
1.24073
1.24201
1.2433
1.24459
1.24588
1.24718
1.24847
1.24976
1.25106
1.25235
1.25364
1.25493
1.25622
1.25751
1.25879
1.26008
1.26135
1.26263
1.26391
1.26518
1.26644
1.26771
1.26897
1.27023
1.27149
1.27274
1.27398
1.27523
1.27646
1.2777
1.27892
1.28015
1.28136
1.28257
1.28378
1.28497
1.28616
1.28734
1.28852
1.28968
1.29083
1.29197
1.2931
1.29422
1.29532
1.29641
1.29749
1.29855
1.29959
1.30062
1.30163
1.30262
1.30359
1.30454
1.30546
1.30637
1.30725
1.3081
1.30893
1.30974
1.31051
1.31126
1.31197
1.31266
1.31331
1.31393
1.31452
1.31508
1.3156
1.31608
1.31653
1.31695
1.31732
1.31766
1.31796
1.31822
1.31844
1.31862
1.31876
1.31887
1.31893
1.31895
1.31894
1.31888
1.31878
1.31865
1.31847
1.31826
1.31801
1.31772
1.31739
1.31702
1.31662
1.31618
1.3157
1.31519
1.31464
1.31406
1.31344
1.31279
1.31211
1.31139
1.31065
1.30987
1.30907
1.30824
1.30739
1.30651
1.3056
1.30467
1.30372
1.30275
1.30176
1.30074
1.29972
1.29867
1.29761
1.29654
1.29545
1.29435
1.29324
1.29212
1.29099
1.28986
1.28871
1.28757
1.28642
1.28526
1.2841
1.28294
1.28178
1.28062
1.27946
1.27831
1.27715
1.276
1.27485
1.27371
1.27257
1.27144
1.27032
1.2692
1.26809
1.26698
1.26588
1.26479
1.26371
1.26264
1.26158
1.26052
1.25948
1.25845
1.25742
1.25641
1.2554
1.25441
1.25343
1.25246
1.25151
1.25057
1.24964
1.24872
1.24782
1.24694
1.24607
1.24522
1.24439
1.24358
1.24279
1.24202
1.24127
1.24054
1.23984
1.23916
1.23851
1.23789
1.23729
1.23673
1.23619
1.23569
1.23522
1.23478
1.23438
1.23402
1.2337
1.23341
1.23316
1.23296
1.2328
1.23269
1.23262
1.2326
1.23263
1.2327
1.23282
1.23299
1.23321
1.23348
1.23381
1.23418
1.2346
1.23508
1.23561
1.23618
1.23681
1.23749
1.23823
1.23901
1.23984
1.24072
1.24165
1.24263
1.24365
1.24472
1.24583
1.24699
1.24819
1.24943
1.25071
1.25203
1.25338
1.25477
1.25619
1.25765
1.25913
1.26065
1.26219
1.26375
1.26535
1.26696
1.26859
1.27024
1.27191
1.2736
1.27529
1.277
1.27872
1.28045
1.28218
1.28392
1.28567
1.28741
1.28916
1.2909
1.29265
1.29439
1.29612
1.29785
1.29957
1.30128
1.30298
1.30467
1.30635
1.30801
1.30966
1.31129
1.31291
1.31451
1.31609
1.31765
1.3192
1.32072
1.32221
1.32369
1.32514
1.32657
1.32798
1.32936
1.33072
1.33205
1.33335
1.33463
1.33587
1.33709
1.33828
1.33945
1.34058
1.34168
1.34275
1.34379
1.3448
1.34578
1.34672
1.34763
1.34852
1.34936
1.35018
1.35097
1.35172
1.35243
1.35312
1.35377
1.35439
1.35497
1.35552
1.35604
1.35652
1.35697
1.35739
1.35777
1.35812
1.35844
1.35872
1.35898
1.3592
1.35939
1.35955
1.35967
1.35977
1.35984
1.35988
1.35989
1.35988
1.35983
1.35976
1.35967
1.35955
1.3594
1.35923
1.35904
1.35883
1.3586
1.35834
1.35806
1.35777
1.35745
1.35712
1.35677
1.35641
1.35603
1.35563
1.35523
1.3548
1.35437
1.35392
1.35347
1.353
1.35252
1.35203
1.35154
1.35104
1.35053
1.35001
1.34948
1.34895
1.34842
1.34788
1.34733
1.34678
1.34622
1.34566
1.3451
1.34454
1.34397
1.3434
1.34283
1.34225
1.34168
1.3411
1.34052
1.33994
1.33936
1.33878
1.33819
1.33761
1.33703
1.33644
1.33586
1.33528
1.33469
1.33411
1.33353
1.33294
1.33236
1.33178
1.3312
1.33063
1.33005
1.32948
1.32891
1.32835
1.32778
1.32722
1.32667
1.32612
1.32557
1.32502
1.32448
1.32395
1.32342
1.3229
1.32239
1.32188
1.32137
1.32088
1.32039
1.31991
1.31944
1.31897
1.31852
1.31807
1.31763
1.31721
1.31679
1.31638
1.31598
1.3156
1.31522
1.31486
1.31451
1.31417
1.31384
1.31352
1.31322
1.31293
1.31265
1.31239
1.31214
1.3119
1.31167
1.31146
1.31126
1.31108
1.31091
1.31075
1.31061
1.31047
1.31035
1.31025
1.31015
1.31007
1.31
1.30994
1.3099
1.30986
1.30984
1.30983
1.30983
1.30984
1.30987
1.3099
1.30994
1.31
1.31006
1.31014
1.31022
1.31031
1.31041
1.31052
1.31063
1.31076
1.31089
1.31102
1.31117
1.31132
1.31147
1.31163
1.3118
1.31197
1.31215
1.31233
1.31252
1.31271
1.31291
1.31311
1.31331
1.31352
1.31374
1.31395
1.31418
1.3144
1.31463
1.31486
1.3151
1.31534
1.31558
1.31582
1.31607
1.31632
1.31658
1.31684
1.3171
1.31736
1.31763
1.3179
1.31817
1.31845
1.31872
1.319
1.31929
1.31957
1.31986
1.32015
1.32044
1.32074
1.32103
1.32133
1.32163
1.32194
1.32224
1.32255
1.32286
1.32316
1.32347
1.32378
1.32409
1.32439
1.3247
1.325
1.3253
1.3256
1.32589
1.32618
1.32647
1.32675
1.32703
1.3273
1.32756
1.32781
1.32806
1.32831
1.32854
1.32876
1.32898
1.32918
1.32937
1.32956
1.32973
1.32988
1.33003
1.33016
1.33028
1.33039
1.33048
1.33056
1.33062
1.33067
1.3307
1.33071
1.33071
1.33069
1.33066
1.33061
1.33055
1.33046
1.33037
1.33025
1.33012
1.32997
1.32981
1.32963
1.32944
1.32923
1.32901
1.32878
1.32853
1.32827
1.32799
1.32771
1.32741
1.32711
1.3268
1.32648
1.32615
1.32582
1.32548
1.32514
1.32479
1.32444
1.32409
1.32374
1.32339
1.32304
1.3227
1.32235
1.32201
1.32168
1.32135
1.32103
1.32072
1.32041
1.32012
1.31983
1.31956
1.3193
1.31905
1.31881
1.31858
1.31837
1.31817
1.31799
1.31781
1.31765
1.31751
1.31737
1.31725
1.31714
1.31704
1.31695
1.31687
1.31681
1.31675
1.3167
1.31665
1.31661
1.31658
1.31655
1.31653
1.3165
1.31648
1.31646
1.31643
1.3164
1.31637
1.31633
1.31629
1.31624
1.31618
1.3161
1.31602
1.31593
1.31583
1.31571
1.31557
1.31543
1.31526
1.31508
1.31489
1.31468
1.31445
1.3142
1.31393
1.31364
1.31334
1.31302
1.31268
1.31233
1.31195
1.31156
1.31116
1.31074
1.3103
1.30984
1.30938
1.3089
1.3084
1.30789
1.30737
1.30684
1.3063
1.30575
1.30519
1.30462
1.30404
1.30346
1.30286
1.30227
1.30166
1.30106
1.30044
1.29983
1.29921
1.29858
1.29795
1.29732
1.29669
1.29605
1.29541
1.29477
1.29413
1.29348
1.29283
1.29218
1.29152
1.29086
1.2902
1.28953
1.28886
1.28819
1.28751
1.28683
1.28614
1.28544
1.28475
1.28404
1.28333
1.28261
1.28189
1.28116
1.28042
1.27968
1.27892
1.27817
1.2774
1.27663
1.27585
1.27506
1.27427
1.27347
1.27266
1.27185
1.27103
1.27021
1.26938
1.26855
1.26772
1.26688
1.26604
1.2652
1.26436
1.26352
1.26268
1.26184
1.261
1.26017
1.25934
1.25851
1.25769
1.25688
1.25608
1.25529
1.2545
1.25373
1.25297
1.25222
1.25148
1.25076
1.25005
1.24936
1.24869
1.24804
1.24741
1.2468
1.2462
1.24563
1.24509
1.24456
1.24406
1.24359
1.24314
1.24272
1.24232
1.24195
1.24162
1.24131
1.24103
1.24078
1.24056
1.24037
1.24021
1.24009
1.23999
1.23994
1.23991
1.23992
1.23997
1.24005
1.24017
1.24032
1.24051
1.24074
1.24101
1.24132
1.24167
1.24206
1.24249
1.24297
1.24349
1.24405
1.24466
1.24532
1.24602
1.24677
1.24757
1.24842
1.24932
1.25027
1.25128
1.25233
1.25344
1.2546
1.25581
1.25708
1.2584
1.25977
1.2612
1.26268
1.26421
1.2658
1.26744
1.26912
1.27086
1.27265
1.27448
1.27635
1.27827
1.28023
1.28223
1.28426
1.28633
1.28843
1.29056
1.29272
1.2949
1.2971
1.29931
1.30154
1.30378
1.30603
1.30828
1.31053
1.31277
1.31501
1.31724
1.31945
1.32165
1.32383
1.32599
1.32811
1.33021
1.33228
1.3343
1.33629
1.33823
1.34013
1.34198
1.34378
1.34553
1.34722
1.34886
1.35043
1.35195
1.3534
1.35478
1.35609
1.35734
1.35852
1.35962
1.36065
1.36161
1.36249
1.3633
1.36403
1.36468
1.36525
1.36574
1.36615
1.36649
1.36674
1.36691
1.36701
1.36702
1.36696
1.36682
1.3666
1.3663
1.36592
1.36547
1.36495
1.36435
1.36367
1.36293
1.36211
1.36123
1.36027
1.35925
1.35817
1.35702
1.35581
1.35454
1.35321
1.35183
1.35039
1.3489
1.34736
1.34577
1.34413
1.34245
1.34073
1.33896
1.33716
1.33532
1.33345
1.33155
1.32962
1.32766
1.32567
1.32366
1.32163
1.31958
1.31752
1.31544
1.31334
1.31123
1.30911
1.30699
1.30486
1.30272
1.30058
1.29844
1.2963
1.29416
1.29203
1.2899
1.28777
1.28566
1.28355
1.28145
1.27936
1.27729
1.27523
1.27319
1.27116
1.26915
1.26716
1.26519
1.26324
1.26131
1.25941
1.25753
1.25567
1.25384
1.25204
1.25027
1.24853
1.24682
1.24514
1.24349
1.24188
1.2403
1.23876
1.23726
1.23579
1.23437
1.23298
1.23164
1.23034
1.22908
1.22787
1.2267
1.22557
1.22449
1.22345
1.22246
1.22152
1.22062
1.21977
1.21896
1.21821
1.21749
1.21682
1.2162
1.21562
1.21508
1.21459
1.21414
1.21373
1.21335
1.21302
1.21272
1.21245
1.21222
1.21202
1.21185
1.2117
1.21158
1.21149
1.21142
1.21137
1.21133
1.21131
1.21131
1.21132
1.21134
1.21137
1.2114
1.21145
1.21149
1.21154
1.21159
1.21164
1.21169
1.21173
1.21177
1.21181
1.21184
1.21187
1.21189
1.2119
1.21191
1.21191
1.2119
1.21189
1.21187
1.21184
1.21181
1.21178
1.21174
1.2117
1.21165
1.2116
1.21155
1.2115
1.21145
1.21141
1.21136
1.21132
1.21128
1.21125
1.21123
1.21121
1.21121
1.21121
1.21122
1.21125
1.21129
1.21135
1.21141
1.2115
1.21159
1.21171
1.21183
1.21198
1.21214
1.21231
1.21251
1.21271
1.21294
1.21318
1.21343
1.2137
1.21398
1.21428
1.21458
1.2149
1.21523
1.21558
1.21593
1.21628
1.21665
1.21702
1.2174
1.21778
1.21817
1.21856
1.21895
1.21934
1.21973
1.22012
1.22052
1.22091
1.22129
1.22168
1.22206
1.22245
1.22283
1.2232
1.22357
1.22394
1.22431
1.22468
1.22504
1.2254
1.22576
1.22612
1.22648
1.22684
1.22721
1.22757
1.22794
1.22831
1.22869
1.22907
1.22947
1.22987
1.23028
1.2307
1.23113
1.23157
1.23203
1.23251
1.233
1.2335
1.23403
1.23458
1.23514
1.23573
1.23634
1.23698
1.23764
1.23832
1.23904
1.23977
1.24054
1.24133
1.24215
1.243
1.24388
1.24479
1.24573
1.24669
1.24769
1.24872
1.24978
1.25086
1.25198
1.25313
1.2543
1.2555
1.25673
1.25799
1.25927
1.26058
1.26192
1.26327
1.26465
1.26605
1.26747
1.26891
1.27037
1.27184
1.27333
1.27484
1.27635
1.27788
1.27941
1.28095
1.2825
1.28406
1.28561
1.28717
1.28873
1.29028
1.29183
1.29338
1.29492
1.29644
1.29796
1.29947
1.30096
1.30243
1.30389
1.30532
1.30674
1.30813
1.30949
1.31083
1.31214
1.31341
1.31466
1.31586
1.31703
1.31817
1.31926
1.32031
1.32131
1.32227
1.32318
1.32404
1.32485
1.3256
1.3263
1.32694
1.32752
1.32805
1.3285
1.3289
1.32923
1.32949
1.32968
1.3298
1.32985
1.32983
1.32973
1.32955
1.3293
1.32897
1.32857
1.32808
1.32751
1.32687
1.32614
1.32533
1.32444
1.32347
1.32242
1.3213
1.32009
1.3188
1.31744
1.316
1.31449
1.3129
1.31125
1.30952
1.30773
1.30588
1.30397
1.30199
1.29997
1.29789
1.29576
1.29359
1.29137
1.28913
1.28685
1.28454
1.28221
1.27986
1.27749
1.27512
1.27275
1.27037
1.268
1.26565
1.26331
1.26099
1.2587
1.25645
1.25423
1.25205
1.24993
1.24786
1.24584
1.2439
1.24202
1.24022
1.23849
1.23685
1.23529
1.23382
1.23245
1.23117
1.23
1.22892
1.22795
1.22709
1.22634
1.2257
1.22517
1.22476
1.22445
1.22426
1.22418
1.22422
1.22436
1.22461
1.22497
1.22544
1.22601
1.22668
1.22745
1.22831
1.22926
1.23031
1.23143
1.23264
1.23392
1.23527
1.23669
1.23817
1.2397
1.24129
1.24293
1.24461
1.24633
1.24807
1.24985
1.25166
1.25348
1.25531
1.25716
1.25901
1.26086
1.2627
1.26454
1.26637
1.26818
1.26998
1.27175
1.2735
1.27522
1.27691
1.27856
1.28018
1.28176
1.28329
1.28479
1.28624
1.28764
1.28899
1.2903
1.29155
1.29276
1.29391
1.29501
1.29606
1.29706
1.298
1.29889
1.29973
1.30052
1.30126
1.30195
1.30259
1.30318
1.30373
1.30423
1.30469
1.3051
1.30548
1.30581
1.30611
1.30637
1.30659
1.30678
1.30695
1.30708
1.30719
1.30727
1.30732
1.30736
1.30737
1.30737
1.30735
1.30731
1.30726
1.3072
1.30713
1.30705
1.30696
1.30686
1.30676
1.30665
1.30654
1.30643
1.30632
1.3062
1.30608
1.30596
1.30584
1.30572
1.3056
1.30547
1.30535
1.30523
1.30511
1.30498
1.30485
1.30472
1.30459
1.30445
1.30431
1.30416
1.30401
1.30385
1.30368
1.30351
1.30332
1.30312
1.30291
1.30269
1.30245
1.3022
1.30193
1.30165
1.30135
1.30103
1.30069
1.30033
1.29995
1.29955
1.29913
1.29869
1.29822
1.29773
1.29722
1.29669
1.29613
1.29555
1.29495
1.29433
1.29368
1.29301
1.29232
1.29162
1.29089
1.29014
1.28937
1.28859
1.2878
1.28699
1.28616
1.28533
1.28448
1.28363
1.28277
1.28191
1.28104
1.28018
1.27932
1.27845
1.2776
1.27675
1.27591
1.27508
1.27427
1.27347
1.27268
1.27192
1.27117
1.27045
1.26976
1.26909
1.26845
1.26784
1.26726
1.26671
1.2662
1.26572
1.26528
1.26487
1.2645
1.26418
1.26388
1.26363
1.26342
1.26325
1.26312
1.26302
1.26297
1.26295
1.26298
1.26303
1.26313
1.26326
1.26342
1.26361
1.26384
1.2641
1.26438
1.26469
1.26503
1.26539
1.26577
1.26617
1.2666
1.26703
1.26749
1.26796
1.26844
1.26893
1.26942
1.26993
1.27044
1.27095
1.27146
1.27198
1.27249
1.273
1.2735
1.274
1.27449
1.27498
1.27545
1.27591
1.27637
1.2768
1.27723
1.27764
1.27803
1.27841
1.27877
1.27912
1.27945
1.27976
1.28005
1.28032
1.28058
1.28081
1.28103
1.28123
1.2814
1.28157
1.28171
1.28183
1.28194
1.28202
1.28209
1.28214
1.28218
1.2822
1.2822
1.28219
1.28217
1.28213
1.28208
1.28202
1.28194
1.28186
1.28176
1.28166
1.28155
1.28143
1.28131
1.28118
1.28105
1.28092
1.28078
1.28064
1.28051
1.28037
1.28024
1.28011
1.27999
1.27988
1.27977
1.27968
1.27959
1.27952
1.27945
1.27941
1.27937
1.27936
1.27936
1.27938
1.27942
1.27949
1.27957
1.27968
1.27981
1.27997
1.28016
1.28037
1.28062
1.28089
1.28119
1.28152
1.28189
1.28229
1.28272
1.28318
1.28368
1.2842
1.28477
1.28536
1.28599
1.28666
1.28735
1.28808
1.28884
1.28963
1.29046
1.29131
1.29219
1.2931
1.29404
1.29501
1.296
1.29702
1.29806
1.29912
1.30021
1.30131
1.30243
1.30358
1.30474
1.30591
1.3071
1.3083
1.30952
1.31075
1.31199
1.31324
1.31449
1.31576
1.31703
1.3183
1.31958
1.32087
1.32216
1.32345
1.32475
1.32605
1.32735
1.32865
1.32995
1.33126
1.33256
1.33387
1.33517
1.33648
1.33779
1.33909
1.3404
1.34171
1.34302
1.34433
1.34564
1.34695
1.34827
1.34958
1.3509
1.35222
1.35354
1.35487
1.3562
1.35753
1.35886
1.36021
1.36155
1.3629
1.36426
1.36561
1.36698
1.36835
1.36973
1.37111
1.3725
1.37389
1.3753
1.37671
1.37812
1.37955
1.38098
1.38242
1.38387
1.38533
1.38679
1.38826
1.38974
1.39122
1.39271
1.39421
1.39572
1.39723
1.39874
1.40026
1.40179
1.40331
1.40484
1.40638
1.40792
1.40945
1.41099
1.41252
1.41406
1.41559
1.41711
1.41863
1.42014
1.42165
1.42314
1.42462
1.42609
1.42755
1.42899
1.43041
1.43181
1.43319
1.43454
1.43588
1.43718
1.43845
1.4397
1.44091
1.44208
1.44322
1.44433
1.44539
1.4464
1.44737
1.4483
1.44917
1.45
1.45077
1.45149
1.45216
1.45276
1.4533
1.45379
1.45421
1.45456
1.45485
1.45507
1.45522
1.4553
1.45531
1.45524
1.4551
1.45489
1.45461
1.45425
1.45381
1.4533
1.45271
1.45204
1.4513
1.45048
1.44959
1.44862
1.44758
1.44646
1.44527
1.44402
1.44269
1.4413
1.43984
1.43831
1.43673
1.43508
1.43338
1.43162
1.42982
1.42796
1.42606
1.42412
1.42214
1.42013
1.41809
1.41601
1.41392
1.41181
1.40968
1.40754
1.40539
1.40324
1.40109
1.39895
1.39681
1.39469
1.39258
1.3905
1.38843
1.38639
1.38438
1.3824
1.38046
1.37855
1.37668
1.37485
1.37307
1.37133
1.36963
1.36798
1.36638
1.36483
1.36333
1.36188
1.36047
1.35912
1.35781
1.35655
1.35534
1.35417
1.35305
1.35197
1.35094
1.34994
1.34898
1.34806
1.34718
1.34633
1.34551
1.34472
1.34395
1.34322
1.34251
1.34182
1.34115
1.3405
1.33987
1.33925
1.33864
1.33805
1.33747
1.33689
1.33633
1.33577
1.33521
1.33466
1.33411
1.33356
1.33302
1.33247
1.33193
1.33139
1.33084
1.33029
1.32974
1.32919
1.32864
1.32809
1.32753
1.32697
1.32641
1.32585
1.32528
1.32472
1.32415
1.32359
1.32302
1.32246
1.3219
1.32134
1.32079
1.32023
1.31969
1.31915
1.31861
1.31809
1.31757
1.31706
1.31657
1.31608
1.31561
1.31515
1.31471
1.31428
1.31387
1.31347
1.3131
1.31274
1.3124
1.31208
1.31179
1.31151
1.31126
1.31103
1.31082
1.31064
1.31048
1.31035
1.31024
1.31016
1.3101
1.31007
1.31006
1.31008
1.31012
1.31019
1.31028
1.31039
1.31053
1.3107
1.31088
1.31109
1.31132
1.31157
1.31184
1.31213
1.31244
1.31276
1.3131
1.31346
1.31383
1.31422
1.31462
1.31502
1.31544
1.31587
1.3163
1.31674
1.31718
1.31763
1.31808
1.31853
1.31898
1.31942
1.31987
1.3203
1.32074
1.32116
1.32158
1.32199
1.32239
1.32277
1.32315
1.32351
1.32385
1.32418
1.3245
1.32479
1.32507
1.32533
1.32557
1.32579
1.32599
1.32616
1.32632
1.32645
1.32656
1.32665
1.32671
1.32674
1.32676
1.32675
1.32671
1.32665
1.32657
1.32646
1.32633
1.32617
1.32599
1.32578
1.32555
1.32529
1.32501
1.32471
1.32438
1.32403
1.32366
1.32327
1.32285
1.32242
1.32196
1.32148
1.32099
1.32048
1.31994
1.3194
1.31883
1.31825
1.31765
1.31704
1.31642
1.31578
1.31513
1.31447
1.31379
1.31311
1.31242
1.31172
1.31101
1.31029
1.30957
1.30884
1.3081
1.30736
1.30662
1.30587
1.30511
1.30436
1.3036
1.30284
1.30208
1.30131
1.30055
1.29978
1.29902
1.29826
1.2975
1.29673
1.29598
1.29522
1.29446
1.29371
1.29296
1.29221
1.29147
1.29073
1.28999
1.28925
1.28852
1.2878
1.28708
1.28636
1.28565
1.28494
1.28424
1.28354
1.28285
1.28217
1.28149
1.28082
1.28016
1.27951
1.27887
1.27824
1.27762
1.27701
1.27642
1.27583
1.27526
1.27471
1.27417
1.27365
1.27314
1.27266
1.27219
1.27175
1.27132
1.27092
1.27055
1.27019
1.26987
1.26957
1.2693
1.26906
1.26885
1.26867
1.26852
1.26841
1.26833
1.26828
1.26827
1.2683
1.26836
1.26845
1.26859
1.26876
1.26897
1.26921
1.2695
1.26982
1.27018
1.27058
1.27102
1.27149
1.272
1.27255
1.27314
1.27376
1.27442
1.27511
1.27583
1.27659
1.27738
1.27821
1.27906
1.27994
1.28086
1.2818
1.28277
1.28376
1.28478
1.28583
1.28689
1.28798
1.28909
1.29022
1.29137
1.29254
1.29372
1.29492
1.29613
1.29735
1.29859
1.29983
1.30109
1.30235
1.30361
1.30488
1.30616
1.30743
1.30871
1.30999
1.31126
1.31253
1.3138
1.31506
1.31631
1.31756
1.31879
1.32001
1.32122
1.32242
1.32359
1.32476
1.3259
1.32702
1.32812
1.3292
1.33025
1.33128
1.33228
1.33326
1.3342
1.33512
1.336
1.33685
1.33767
1.33845
1.3392
1.33991
1.34059
1.34122
1.34182
1.34238
1.3429
1.34337
1.34381
1.3442
1.34455
1.34486
1.34513
1.34535
1.34553
1.34567
1.34577
1.34582
1.34584
1.34581
1.34573
1.34562
1.34546
1.34527
1.34503
1.34475
1.34444
1.34409
1.3437
1.34328
1.34282
1.34232
1.3418
1.34125
1.34066
1.34005
1.33941
1.33874
1.33805
1.33734
1.33661
1.33586
1.33508
1.3343
1.3335
1.33268
1.33186
1.33103
1.33019
1.32934
1.32849
1.32764
1.32678
1.32593
1.32508
1.32423
1.32339
1.32256
1.32173
1.32091
1.32011
1.31931
1.31853
1.31777
1.31702
1.31628
1.31556
1.31487
1.31418
1.31352
1.31288
1.31226
1.31166
1.31108
1.31053
1.30999
1.30948
1.30899
1.30853
1.30808
1.30765
1.30725
1.30687
1.30651
1.30617
1.30586
1.30556
1.30529
1.30503
1.3048
1.30458
1.30438
1.30421
1.30405
1.30391
1.30379
1.30368
1.3036
1.30353
1.30348
1.30344
1.30342
1.30342
1.30344
1.30347
1.30352
1.30358
1.30367
1.30376
1.30388
1.30401
1.30415
1.30432
1.3045
