-3.51488
-3.5147
-3.51436
-3.51433
-3.51445
-3.51457
-3.51439
-3.51436
-3.51448
-3.51399
-3.51411
-3.51377
-3.51359
-3.51355
-3.51352
-3.51349
-3.5136
-3.51357
-3.51369
-3.51365
-3.51332
-3.51313
-3.5134
-3.51337
-3.51379
-3.51376
-3.51403
-3.51415
-3.51427
-3.51409
-3.51392
-3.51375
-3.51357
-3.51295
-3.51308
-3.51322
-3.5129
-3.51289
-3.51273
-3.51258
-3.51258
-3.51273
-3.51258
-3.51244
-3.5126
-3.51277
-3.51249
-3.51267
-3.51284
-3.51242
-3.51231
-3.5125
-3.51269
-3.51274
-3.51279
-3.513
-3.51336
-3.51327
-3.51349
-3.51341
-3.51349
-3.51356
-3.51364
-3.51357
-3.51351
-3.51345
-3.51369
-3.51393
-3.51402
-3.51412
-3.51391
-3.51416
-3.51426
-3.51436
-3.51445
-3.5144
-3.51449
-3.51428
-3.51423
-3.51432
-3.5144
-3.51464
-3.51457
-3.5148
-3.51473
-3.5148
-3.51487
-3.51478
-3.51499
-3.51504
-3.51509
-3.51529
-3.51517
-3.51536
-3.51553
-3.51571
-3.51617
-3.51603
-3.51589
-3.51634
-3.51618
-3.51632
-3.5163
-3.51628
-3.5164
-3.51637
-3.51633
-3.51644
-3.5167
-3.51665
-3.51629
-3.51609
-3.51573
-3.51567
-3.51515
-3.51509
-3.51518
-3.51526
-3.51489
-3.51483
-3.51491
-3.51485
-3.51464
-3.51503
-3.51497
-3.51522
-3.51531
-3.51526
-3.51491
-3.51471
-3.51452
-3.51448
-3.51459
-3.51441
-3.51423
-3.51406
-3.51374
-3.51357
-3.51356
-3.5137
-3.5137
-3.5134
-3.51341
-3.51311
-3.51313
-3.51329
-3.51316
-3.51348
-3.51351
-3.51353
-3.51387
-3.51405
-3.51408
-3.51351
-3.51294
-3.51283
-3.51302
-3.51336
-3.5134
-3.51358
-3.51377
-3.51396
-3.51415
-3.51434
-3.51407
-3.51471
-3.51459
-3.51447
-3.5148
-3.51483
-3.5147
-3.51457
-3.5146
-3.51447
-3.51479
-3.51465
-3.51467
-3.51453
-3.51455
-3.51471
-3.51457
-3.51427
-3.51443
-3.51429
-3.51414
-3.5143
-3.514
-3.51431
-3.51431
-3.51432
-3.51417
-3.51448
-3.51433
-3.51434
-3.51464
-3.5148
-3.51435
-3.51421
-3.51421
-3.51377
-3.51378
-3.51379
-3.51395
-3.51382
-3.51383
-3.514
-3.51462
-3.51463
-3.5145
-3.51437
-3.51439
-3.51411
-3.51428
-3.5146
-3.51478
-3.5148
-3.51497
-3.5153
-3.51532
-3.51519
-3.51491
-3.51524
-3.51541
-3.51528
-3.5153
-3.51502
-3.51489
-3.51475
-3.51477
-3.51448
-3.51464
-3.51466
-3.51482
-3.51467
-3.51468
-3.51469
-3.51469
-3.51469
-3.51469
-3.51469
-3.51468
-3.51453
-3.51437
-3.51451
-3.51449
-3.51433
-3.51446
-3.51414
-3.51397
-3.51379
-3.51362
-3.51344
-3.51342
-3.51324
-3.51321
-3.51332
-3.51359
-3.51356
-3.51367
-3.51379
-3.5136
-3.51386
-3.51383
-3.51379
-3.5139
-3.51401
-3.51397
-3.51393
-3.51404
-3.51385
-3.51396
-3.51392
-3.51388
-3.51384
-3.51365
-3.51361
-3.51327
-3.51294
-3.5129
-3.51287
-3.51253
-3.5125
-3.51247
-3.51244
-3.51241
-3.51253
-3.51281
-3.51324
-3.51337
-3.5138
-3.51363
-3.51391
-3.51374
-3.51388
-3.51416
-3.5143
-3.51444
-3.51458
-3.51457
-3.51441
-3.51485
-3.51484
-3.51453
-3.51468
-3.51452
-3.51452
-3.51436
-3.51436
-3.51436
-3.51421
-3.51405
-3.51405
-3.51375
-3.5136
-3.5136
-3.51329
-3.51329
-3.51329
-3.51359
-3.51375
-3.5139
-3.51375
-3.5139
-3.5142
-3.51465
-3.51511
-3.51511
-3.51511
-3.51556
-3.51556
-3.51541
-3.51511
-3.51465
-3.51435
-3.51465
-3.51481
-3.51496
-3.51511
-3.51466
-3.51451
-3.51467
-3.51452
-3.51407
-3.51408
-3.51408
-3.51349
-3.51349
-3.5135
-3.51336
-3.51383
-3.51384
-3.51401
-3.51447
-3.51449
-3.51466
-3.51452
-3.51499
-3.51516
-3.51548
-3.51566
-3.51583
-3.51585
-3.51617
-3.51589
-3.51576
-3.51564
-3.51536
-3.51538
-3.51555
-3.51557
-3.51605
-3.51591
-3.51578
-3.51565
-3.51536
-3.51538
-3.51569
-3.51601
-3.51601
-3.51602
-3.51572
-3.51573
-3.51573
-3.51588
-3.51602
-3.51617
-3.51646
-3.51615
-3.51598
-3.51566
-3.51564
-3.51592
-3.5162
-3.51647
-3.51629
-3.51626
-3.51622
-3.51619
-3.51615
-3.51595
-3.51576
-3.51541
-3.51551
-3.51546
-3.51541
-3.51566
-3.51545
-3.5154
-3.51534
-3.51513
-3.51537
-3.51561
-3.5157
-3.51579
-3.51572
-3.51521
-3.51514
-3.51523
-3.51516
-3.51509
-3.51503
-3.51466
-3.51474
-3.51468
-3.51446
-3.51454
-3.51463
-3.51441
-3.5145
-3.51444
-3.51453
-3.51447
-3.51426
-3.5142
-3.51399
-3.51409
-3.51373
-3.51384
-3.51364
-3.51344
-3.51355
-3.51367
-3.51348
-3.5133
-3.51297
-3.5128
-3.51338
-3.51352
-3.51367
-3.51412
-3.51412
-3.51413
-3.51445
-3.51477
-3.51449
-3.51423
-3.51427
-3.51432
-3.51437
-3.51444
-3.51436
-3.51474
-3.51482
-3.51507
-3.51532
-3.51543
-3.51539
-3.51552
-3.5158
-3.51593
-3.51607
-3.51592
-3.51622
-3.51638
-3.51639
-3.51626
-3.51643
-3.5166
-3.51677
-3.51664
-3.51667
-3.51699
-3.51732
-3.51734
-3.51721
-3.51738
-3.51725
-3.51741
-3.51772
-3.51787
-3.51771
-3.5177
-3.51814
-3.51827
-3.51869
-3.51896
-3.51921
-3.51931
-3.5191
-3.51933
-3.51926
-3.51947
-3.51938
-3.51927
-3.51931
-3.51964
-3.51967
-3.51983
-3.51954
-3.51984
-3.51968
-3.51936
-3.51934
-3.51931
-3.51913
-3.51908
-3.51874
-3.51853
-3.51847
-3.51811
-3.51804
-3.51797
-3.51775
-3.51767
-3.51774
-3.5175
-3.51742
-3.51718
-3.51694
-3.517
-3.51706
-3.51727
-3.51702
-3.51678
-3.51668
-3.51674
-3.51679
-3.51685
-3.51675
-3.51666
-3.51717
-3.51693
-3.51684
-3.51645
-3.51636
-3.51612
-3.51589
-3.5158
-3.51603
-3.51564
-3.51587
-3.51594
-3.51541
-3.51534
-3.51496
-3.51474
-3.51422
-3.5146
-3.51469
-3.51462
-3.51471
-3.51465
-3.51459
-3.51513
-3.51522
-3.51517
-3.51496
-3.5146
-3.5144
-3.5142
-3.51445
-3.5144
-3.5142
-3.51401
-3.51351
-3.51347
-3.51342
-3.51369
-3.51365
-3.51361
-3.51328
-3.51325
-3.51322
-3.51349
-3.51347
-3.51344
-3.51312
-3.5131
-3.51294
-3.51277
-3.51261
-3.51275
-3.51275
-3.51259
-3.51259
-3.51259
-3.51275
-3.51261
-3.51292
-3.51308
-3.51279
-3.51281
-3.51313
-3.51315
-3.51287
-3.51335
-3.51337
-3.5134
-3.51328
-3.51331
-3.51364
-3.51397
-3.51355
-3.51343
-3.51331
-3.51334
-3.51338
-3.51356
-3.51329
-3.51348
-3.51381
-3.51384
-3.51417
-3.51451
-3.51469
-3.51472
-3.51459
-3.51432
-3.51434
-3.51482
-3.51485
-3.51502
-3.51504
-3.51507
-3.51494
-3.5145
-3.51452
-3.51454
-3.51471
-3.51473
-3.51489
-3.51491
-3.51492
-3.51539
-3.51525
-3.51511
-3.51482
-3.51482
-3.51498
-3.51484
-3.51484
-3.51485
-3.51485
-3.515
-3.51485
-3.5147
-3.51485
-3.515
-3.51514
-3.51499
-3.51498
-3.51497
-3.51526
-3.51571
-3.5154
-3.51538
-3.51522
-3.5152
-3.51534
-3.51502
-3.51485
-3.51469
-3.51452
-3.51435
-3.51418
-3.514
-3.51383
-3.51396
-3.51409
-3.51407
-3.5142
-3.51372
-3.51355
-3.51352
-3.51365
-3.51333
-3.5133
-3.51343
-3.51325
-3.51323
-3.5132
-3.51318
-3.5133
-3.51328
-3.51325
-3.51292
-3.5129
-3.51287
-3.51285
-3.51297
-3.51295
-3.51262
-3.51244
-3.51226
-3.51239
-3.51221
-3.51218
-3.51185
-3.51168
-3.5115
-3.51177
-3.5119
-3.51202
-3.512
-3.51167
-3.51134
-3.51147
-3.5116
-3.51173
-3.51186
-3.51169
-3.51167
-3.51165
-3.51148
-3.51102
-3.51131
-3.51114
-3.51114
-3.51143
-3.51097
-3.51082
-3.51082
-3.51036
-3.51037
-3.51022
-3.51023
-3.5104
-3.51041
-3.51058
-3.5106
-3.51017
-3.51005
-3.51008
-3.51027
-3.51016
-3.51005
-3.5101
-3.5106
-3.51081
-3.51087
-3.51109
-3.511
-3.51107
-3.51145
-3.51183
-3.51222
-3.51201
-3.51225
-3.51264
-3.51259
-3.51284
-3.5128
-3.51275
-3.51286
-3.51327
-3.51353
-3.5135
-3.51361
-3.51372
-3.51384
-3.51365
-3.51346
-3.51387
-3.51398
-3.51409
-3.51404
-3.51414
-3.51454
-3.51448
-3.51427
-3.51436
-3.51398
-3.51406
-3.51383
-3.5139
-3.51426
-3.51417
-3.51422
-3.51426
-3.51446
-3.51449
-3.51453
-3.51425
-3.51412
-3.51429
-3.51431
-3.51432
-3.51417
-3.51463
-3.51463
-3.51448
-3.51447
-3.51461
-3.5149
-3.51489
-3.51487
-3.515
-3.51483
-3.51481
-3.51433
-3.51446
-3.51443
-3.5141
-3.51392
-3.51374
-3.51401
-3.51383
-3.51395
-3.51391
-3.51433
-3.51429
-3.51425
-3.51421
-3.51417
-3.51428
-3.51424
-3.51435
-3.51385
-3.5138
-3.5136
-3.51355
-3.51365
-3.5133
-3.51309
-3.51319
-3.51343
-3.51353
-3.51347
-3.51311
-3.51289
-3.51298
-3.51277
-3.51255
-3.51263
-3.51241
-3.51234
-3.51242
-3.5125
-3.51228
-3.51236
-3.51229
-3.51221
-3.51214
-3.51221
-3.51229
-3.51222
-3.51229
-3.51252
-3.51245
-3.51238
-3.51201
-3.51179
-3.51172
-3.51165
-3.51174
-3.51214
-3.51193
-3.51172
-3.51152
-3.51148
-3.51128
-3.51094
-3.51106
-3.51134
-3.51131
-3.5113
-3.51144
-3.51143
-3.51128
-3.51114
-3.51101
-3.51133
-3.51151
-3.5114
-3.51129
-3.5115
-3.51156
-3.51163
-3.51201
-3.51255
-3.5128
-3.51275
-3.51255
-3.51282
-3.51309
-3.51322
-3.51351
-3.51365
-3.51365
-3.5141
-3.51425
-3.51517
-3.51533
-3.51549
-3.51581
-3.51597
-3.51628
-3.5166
-3.51691
-3.51722
-3.51752
-3.51813
-3.51843
-3.51872
-3.519
-3.51928
-3.5197
-3.51966
-3.51976
-3.52001
-3.52009
-3.52002
-3.51978
-3.51953
-3.51958
-3.51961
-3.51933
-3.51965
-3.5195
-3.51935
-3.51978
-3.51976
-3.51972
-3.51983
-3.52007
-3.52016
-3.52009
-3.51971
-3.51977
-3.51953
-3.51927
-3.51931
-3.5195
-3.51938
-3.5194
-3.51927
-3.51883
-3.51884
-3.5181
-3.5178
-3.5178
-3.5178
-3.51764
-3.51763
-3.51748
-3.51732
-3.51685
-3.51654
-3.51638
-3.51592
-3.51576
-3.5156
-3.5153
-3.51515
-3.51485
-3.5147
-3.51471
-3.51411
-3.51443
-3.5143
-3.51418
-3.51406
-3.51365
-3.51354
-3.51314
-3.5129
-3.51251
-3.51244
-3.51237
-3.51231
-3.51256
-3.51237
-3.51219
-3.51232
-3.51246
-3.51261
-3.51247
-3.51234
-3.51267
-3.51302
-3.51276
-3.51267
-3.51244
-3.51237
-3.51231
-3.5124
-3.51296
-3.51262
-3.51288
-3.51331
-3.51344
-3.51372
-3.51386
-3.51369
-3.51368
-3.51367
-3.51426
-3.5141
-3.51394
-3.51407
-3.5142
-3.51418
-3.51461
-3.51457
-3.51483
-3.51479
-3.51504
-3.51498
-3.51476
-3.51513
-3.5149
-3.51496
-3.51501
-3.5152
-3.51539
-3.51512
-3.51514
-3.515
-3.51501
-3.51486
-3.51485
-3.51485
-3.51513
-3.51512
-3.51494
-3.51507
-3.51519
-3.51546
-3.51543
-3.51555
-3.51552
-3.51609
-3.51575
-3.51572
-3.51553
-3.51535
-3.51531
-3.51528
-3.51555
-3.51568
-3.51565
-3.51547
-3.51545
-3.51543
-3.51541
-3.51539
-3.51523
-3.51536
-3.51535
-3.51534
-3.51563
-3.51578
-3.51577
-3.51576
-3.51576
-3.5159
-3.5162
-3.51635
-3.51634
-3.51633
-3.51633
-3.51647
-3.51661
-3.51644
-3.51613
-3.51611
-3.51594
-3.51592
-3.51574
-3.51541
-3.51537
-3.51534
-3.5153
-3.51495
-3.51521
-3.515
-3.51449
-3.51443
-3.51422
-3.5143
-3.51423
-3.51385
-3.51332
-3.51323
-3.51299
-3.51336
-3.51326
-3.51317
-3.51307
-3.51312
-3.51347
-3.51336
-3.5131
-3.5133
-3.51304
-3.51308
-3.51296
-3.51285
-3.51274
-3.51248
-3.51237
-3.51226
-3.51216
-3.51236
-3.5118
-3.5117
-3.5116
-3.51181
-3.51126
-3.51103
-3.5114
-3.51147
-3.5114
-3.51102
-3.51096
-3.5112
-3.51129
-3.51154
-3.51105
-3.51116
-3.51112
-3.51124
-3.51122
-3.5109
-3.51074
-3.51073
-3.51058
-3.51043
-3.51059
-3.51045
-3.51062
-3.51049
-3.51067
-3.51086
-3.51044
-3.51049
-3.51068
-3.51058
-3.51063
-3.51069
-3.51075
-3.51081
-3.51133
-3.51155
-3.51146
-3.51153
-3.5113
-3.51138
-3.51145
-3.51122
-3.511
-3.51092
-3.5113
-3.51122
-3.51115
-3.51092
-3.51084
-3.51091
-3.51068
-3.51075
-3.51066
-3.51058
-3.51064
-3.51085
-3.51091
-3.51097
-3.51087
-3.51123
-3.51113
-3.51133
-3.51153
-3.51142
-3.51146
-3.51166
-3.51185
-3.51173
-3.51207
-3.5121
-3.51197
-3.512
-3.51203
-3.5122
-3.51207
-3.51224
-3.51226
-3.51228
-3.51214
-3.51245
-3.51231
-3.51248
-3.51279
-3.51264
-3.51235
-3.5122
-3.51206
-3.51251
-3.51252
-3.51252
-3.51252
-3.51237
-3.51222
-3.51207
-3.51192
-3.51192
-3.51207
-3.51207
-3.51222
-3.51192
-3.51223
-3.51239
-3.51224
-3.51209
-3.5121
-3.51211
-3.51227
-3.51214
-3.5123
-3.51202
-3.51234
-3.51267
-3.51254
-3.51257
-3.51275
-3.51279
-3.51283
-3.51302
-3.51322
-3.51326
-3.51347
-3.51352
-3.51388
-3.51364
-3.51431
-3.51453
-3.5146
-3.51452
-3.5149
-3.51512
-3.51535
-3.51543
-3.51566
-3.51573
-3.51566
-3.51589
-3.51596
-3.51634
-3.51641
-3.51648
-3.51685
-3.51706
-3.51712
-3.51733
-3.51753
-3.51758
-3.51733
-3.51767
-3.51786
-3.51758
-3.51746
-3.51748
-3.51795
-3.51797
-3.51828
-3.51843
-3.51828
-3.51813
-3.51827
-3.51796
-3.51779
-3.51793
-3.51791
-3.51804
-3.51801
-3.51799
-3.51796
-3.51808
-3.51775
-3.51772
-3.51799
-3.51827
-3.51854
-3.51851
-3.51848
-3.51876
-3.51858
-3.5187
-3.51883
-3.51896
-3.51939
-3.51922
-3.51965
-3.51979
-3.51993
-3.51976
-3.51975
-3.5199
-3.52004
-3.52004
-3.51989
-3.52004
-3.5202
-3.5202
-3.52036
-3.51991
-3.52023
-3.52009
-3.51995
-3.51997
-3.51998
-3.52015
-3.52033
-3.52004
-3.51992
-3.51994
-3.51996
-3.51983
-3.52001
-3.51973
-3.51991
-3.52008
-3.51981
-3.51983
-3.51986
-3.52003
-3.5202
-3.52008
-3.5201
-3.51997
-3.52014
-3.52016
-3.52063
-3.52065
-3.52051
-3.52068
-3.52069
-3.52085
-3.52102
-3.52087
-3.52043
-3.52028
-3.52013
-3.51998
-3.51998
-3.51998
-3.51998
-3.51997
-3.51997
-3.51965
-3.51995
-3.51978
-3.51977
-3.5199
-3.51989
-3.51987
-3.52015
-3.51982
-3.51949
-3.51962
-3.51974
-3.51971
-3.51968
-3.5198
-3.52022
-3.52063
-3.52075
-3.52056
-3.52051
-3.52047
-3.52027
-3.52038
-3.52048
-3.52043
-3.52023
-3.52018
-3.51998
-3.51992
-3.51987
-3.51966
-3.5196
-3.51939
-3.51948
-3.51942
-3.51936
-3.51914
-3.51893
-3.51841
-3.51849
-3.51843
-3.51836
-3.51874
-3.51852
-3.51846
-3.51869
-3.51862
-3.5187
-3.51878
-3.51886
-3.51895
-3.51888
-3.51866
-3.51874
-3.51852
-3.51876
-3.51869
-3.51862
-3.51856
-3.51834
-3.51843
-3.51882
-3.51861
-3.5184
-3.51849
-3.51814
-3.51793
-3.51788
-3.51798
-3.51793
-3.51788
-3.51783
-3.51794
-3.5179
-3.51786
-3.51782
-3.51748
-3.51699
-3.51651
-3.51633
-3.5163
-3.51627
-3.5164
-3.51653
-3.51651
-3.5165
-3.51633
-3.51632
-3.51631
-3.51615
-3.51599
-3.51599
-3.51554
-3.51554
-3.51539
-3.51555
-3.51556
-3.51557
-3.51558
-3.5156
-3.51577
-3.51564
-3.51566
-3.51599
-3.51602
-3.51605
-3.51608
-3.51627
-3.51616
-3.5162
-3.5161
-3.51614
-3.51665
-3.51701
-3.51676
-3.51637
-3.51629
-3.51635
-3.51627
-3.51635
-3.51627
-3.51605
-3.51628
-3.51607
-3.51601
-3.5161
-3.51604
-3.51644
-3.51669
-3.51679
-3.51689
-3.517
-3.5171
-3.51721
-3.51747
-3.51773
-3.51769
-3.51795
-3.51776
-3.51817
-3.51858
-3.51853
-3.51864
-3.51874
-3.51884
-3.51834
-3.51829
-3.51853
-3.51877
-3.51886
-3.51849
-3.51872
-3.51895
-3.51917
-3.51954
-3.51976
-3.51967
-3.51987
-3.51977
-3.51982
-3.51986
-3.51974
-3.51977
-3.51965
-3.51952
-3.51983
-3.51969
-3.51955
-3.5194
-3.51955
-3.51939
-3.51953
-3.51951
-3.51949
-3.51931
-3.51944
-3.51941
-3.51967
-3.51978
-3.51974
-3.5197
-3.51995
-3.5196
-3.51955
-3.51919
-3.51928
-3.51923
-3.51947
-3.51956
-3.51965
-3.51943
-3.51937
-3.5193
-3.51893
-3.51857
-3.5188
-3.51874
-3.51867
-3.51845
-3.51839
-3.51817
-3.51811
-3.51819
-3.51798
-3.51792
-3.51816
-3.5178
-3.51744
-3.51723
-3.51717
-3.51712
-3.51691
-3.51671
-3.51681
-3.51676
-3.51747
-3.51727
-3.51692
-3.51658
-3.51654
-3.51665
-3.51646
-3.51642
-3.51638
-3.51604
-3.51586
-3.51568
-3.5158
-3.51562
-3.51559
-3.51556
-3.51538
-3.51521
-3.51534
-3.51547
-3.51575
-3.51573
-3.51571
-3.51584
-3.51613
-3.51612
-3.5161
-3.51609
-3.51608
-3.51607
-3.51621
-3.51635
-3.51605
-3.51634
-3.51649
-3.51648
-3.51648
-3.51617
-3.51602
-3.51602
-3.51587
-3.51541
-3.51526
-3.51526
-3.51557
-3.51572
-3.51572
-3.51542
-3.51528
-3.51528
-3.51544
-3.51544
-3.5153
-3.51545
-3.51546
-3.51547
-3.51532
-3.51533
-3.51533
-3.51519
-3.51504
-3.51505
-3.5149
-3.51476
-3.51461
-3.51446
-3.51432
-3.51447
-3.51478
-3.51478
-3.51493
-3.51478
-3.51479
-3.51479
-3.51494
-3.51449
-3.51434
-3.51449
-3.51434
-3.51418
-3.51433
-3.51403
-3.51388
-3.51387
-3.51357
-3.51372
-3.51341
-3.51356
-3.51371
-3.51371
-3.51385
-3.5137
-3.51369
-3.51369
-3.51399
-3.51384
-3.51399
-3.51368
-3.51398
-3.51383
-3.51383
-3.51368
-3.51368
-3.51399
-3.51384
-3.51384
-3.51415
-3.51431
-3.51462
-3.51433
-3.51434
-3.5142
-3.51436
-3.51422
-3.51424
-3.5141
-3.51397
-3.51414
-3.51446
-3.51448
-3.51435
-3.51438
-3.5141
-3.51382
-3.514
-3.51418
-3.51421
-3.51439
-3.51442
-3.51445
-3.51478
-3.51496
-3.515
-3.51533
-3.51537
-3.5151
-3.51528
-3.51546
-3.5155
-3.51568
-3.51571
-3.51559
-3.51562
-3.51565
-3.51552
-3.5154
-3.51558
-3.5156
-3.51547
-3.51549
-3.51551
-3.51553
-3.5151
-3.51496
-3.51528
-3.51499
-3.515
-3.51516
-3.51532
-3.51517
-3.51532
-3.51533
-3.51517
-3.51517
-3.51532
-3.51516
-3.5153
-3.5153
-3.51528
-3.51527
-3.51526
-3.51524
-3.51477
-3.51476
-3.51429
-3.51427
-3.51395
-3.51423
-3.51406
-3.51419
-3.51417
-3.51415
-3.51412
-3.51425
-3.51393
-3.51391
-3.51389
-3.51387
-3.51385
-3.51368
-3.51305
-3.51304
-3.51257
-3.5127
-3.51269
-3.51268
-3.51267
-3.51235
-3.51235
-3.51249
-3.51249
-3.51263
-3.51248
-3.51248
-3.51233
-3.51249
-3.51264
-3.51265
-3.51251
-3.51237
-3.51254
-3.51256
-3.51242
-3.51275
-3.51262
-3.51295
-3.51268
-3.5127
-3.51334
-3.51338
-3.51341
-3.5133
-3.51349
-3.51338
-3.51357
-3.51331
-3.51351
-3.51355
-3.513
-3.5132
-3.51309
-3.51329
-3.51349
-3.5137
-3.51359
-3.51349
-3.51324
-3.51299
-3.51273
-3.51293
-3.51283
-3.51303
-3.51292
-3.51326
-3.51361
-3.51365
-3.51353
-3.51402
-3.51421
-3.51408
-3.51396
-3.51384
-3.51401
-3.51388
-3.5142
-3.51421
-3.51437
-3.51408
-3.51393
-3.51408
-3.51393
-3.51392
-3.51406
-3.51435
-3.51419
-3.51417
-3.51429
-3.51442
-3.51423
-3.51435
-3.51431
-3.51412
-3.51408
-3.51418
-3.51428
-3.51423
-3.51447
-3.51426
-3.51435
-3.51429
-3.51437
-3.51415
-3.51393
-3.51431
-3.51438
-3.51445
-3.51437
-3.51429
-3.51405
-3.51397
-3.51373
-3.51349
-3.51324
-3.5133
-3.51306
-3.51281
-3.51302
-3.51277
-3.51313
-3.51288
-3.51248
-3.51254
-3.51259
-3.51249
-3.51239
-3.51214
-3.51205
-3.51195
-3.5117
-3.51176
-3.51151
-3.51126
-3.51102
-3.51108
-3.51038
-3.5106
-3.51051
-3.51072
-3.51064
-3.51026
-3.51017
-3.51055
-3.51062
-3.51025
-3.50988
-3.50981
-3.50944
-3.50938
-3.50932
-3.50941
-3.50921
-3.50916
-3.50896
-3.50892
-3.50888
-3.50884
-3.50866
-3.50863
-3.50876
-3.5089
-3.50858
-3.50857
-3.50856
-3.50841
-3.50826
-3.50827
-3.50828
-3.5083
-3.50817
-3.50819
-3.50852
-3.50841
-3.5083
-3.50804
-3.50824
-3.50844
-3.50849
-3.5087
-3.50907
-3.50929
-3.50966
-3.50973
-3.50996
-3.51004
-3.51028
-3.51036
-3.51045
-3.51024
-3.51034
-3.51028
-3.51053
-3.51079
-3.51089
-3.51099
-3.51155
-3.51135
-3.51146
-3.51157
-3.51167
-3.51193
-3.51189
-3.512
-3.51241
-3.51282
-3.51308
-3.51288
-3.51329
-3.51385
-3.51395
-3.51405
-3.51415
-3.51425
-3.5145
-3.5146
-3.51469
-3.51464
-3.51458
-3.51451
-3.51445
-3.51438
-3.51447
-3.51424
-3.51432
-3.51395
-3.51387
-3.51409
-3.51416
-3.51422
-3.51429
-3.5142
-3.5141
-3.51401
-3.51436
-3.51456
-3.51461
-3.51435
-3.51439
-3.51443
-3.51431
-3.51434
-3.51422
-3.51409
-3.51381
-3.51398
-3.51445
-3.51461
-3.51446
-3.51462
-3.51477
-3.51461
-3.51445
-3.51429
-3.51458
-3.51486
-3.51499
-3.51511
-3.51523
-3.5152
-3.51486
-3.51482
-3.51493
-3.51503
-3.51498
-3.51538
-3.51517
-3.51496
-3.51475
-3.51468
-3.51477
-3.51485
-3.51478
-3.5147
-3.51462
-3.51439
-3.51401
-3.51393
-3.51415
-3.51407
-3.51368
-3.51405
-3.51396
-3.51387
-3.51363
-3.51369
-3.51346
-3.51352
-3.51343
-3.5138
-3.51356
-3.51347
-3.51339
-3.51315
-3.51337
-3.51329
-3.51305
-3.51297
-3.5129
-3.51312
-3.51335
-3.51327
-3.5129
-3.51283
-3.51276
-3.51284
-3.51278
-3.51271
-3.5128
-3.51274
-3.51284
-3.51293
-3.51273
-3.51222
-3.51232
-3.51242
-3.51253
-3.51249
-3.51244
-3.51225
-3.51237
-3.51248
-3.51245
-3.51242
-3.51224
-3.51251
-3.51279
-3.51292
-3.51305
-3.51304
-3.51317
-3.51331
-3.513
-3.51345
-3.51344
-3.51359
-3.51374
-3.51375
-3.51375
-3.51392
-3.51408
-3.51409
-3.51411
-3.51413
-3.514
-3.51418
-3.51406
-3.51394
-3.51398
-3.51387
-3.51391
-3.5138
-3.514
-3.5142
-3.51425
-3.51461
-3.51481
-3.51518
-3.51509
-3.51545
-3.51597
-3.51604
-3.51611
-3.51588
-3.51595
-3.51633
-3.5164
-3.51648
-3.51641
-3.51664
-3.51611
-3.51634
-3.51642
-3.5165
-3.51643
-3.51651
-3.51629
-3.51637
-3.5166
-3.51638
-3.516
-3.51608
-3.516
-3.51547
-3.51584
-3.51576
-3.51583
-3.5159
-3.51551
-3.51542
-3.51548
-3.51554
-3.51529
-3.51549
-3.51524
-3.51544
-3.51564
-3.51568
-3.51602
-3.51605
-3.51609
-3.51597
-3.51615
-3.51617
-3.51634
-3.51621
-3.51653
-3.51655
-3.51656
-3.51657
-3.51643
-3.51613
-3.51613
-3.51614
-3.51629
-3.51629
-3.51643
-3.51643
-3.51642
-3.51657
-3.51656
-3.51655
-3.51685
-3.51668
-3.51683
-3.51681
-3.51711
-3.51694
-3.51693
-3.51692
-3.51706
-3.51705
-3.51704
-3.51688
-3.51687
-3.51685
-3.51669
-3.51668
-3.51652
-3.51652
-3.51636
-3.5162
-3.51604
-3.51634
-3.51633
-3.51663
-3.51647
-3.51616
-3.51646
-3.51645
-3.5163
-3.51614
-3.51629
-3.51614
-3.51628
-3.51658
-3.51642
-3.51687
-3.51702
-3.51686
-3.51685
-3.51654
-3.51654
-3.51668
-3.51682
-3.51651
-3.5165
-3.51648
-3.51632
-3.51661
-3.51659
-3.51673
-3.51671
-3.51639
-3.51637
-3.5165
-3.51618
-3.51616
-3.51614
-3.51612
-3.51579
-3.51592
-3.5159
-3.51572
-3.516
-3.51613
-3.51656
-3.51653
-3.51651
-3.51664
-3.51677
-3.5166
-3.51658
-3.51656
-3.51639
-3.51637
-3.51636
-3.51634
-3.51633
-3.51617
-3.51617
-3.51616
-3.51616
-3.51631
-3.51631
-3.51647
-3.51647
-3.51663
-3.51665
-3.51681
-3.51668
-3.51685
-3.51702
-3.51674
-3.51677
-3.51695
-3.51713
-3.51701
-3.51659
-3.51693
-3.51727
-3.51716
-3.5172
-3.51754
-3.51758
-3.51778
-3.51767
-3.51786
-3.51806
-3.5181
-3.51815
-3.51864
-3.51869
-3.51933
-3.51922
-3.51941
-3.51945
-3.51949
-3.51953
-3.51956
-3.51929
-3.51933
-3.51921
-3.51909
-3.51912
-3.51899
-3.51917
-3.51919
-3.51907
-3.51894
-3.51911
-3.51898
-3.51914
-3.51931
-3.51963
-3.51934
-3.51935
-3.51921
-3.51906
-3.51907
-3.51878
-3.51878
-3.51894
-3.51879
-3.51849
-3.51849
-3.51833
-3.51833
-3.51833
-3.51802
-3.51786
-3.51831
-3.51815
-3.51814
-3.51843
-3.51812
-3.51811
-3.51809
-3.51807
-3.51836
-3.51758
-3.51772
-3.51739
-3.51707
-3.51719
-3.51686
-3.51714
-3.51711
-3.51738
-3.5175
-3.51747
-3.51728
-3.5171
-3.51721
-3.51732
-3.51698
-3.51709
-3.51675
-3.51701
-3.51696
-3.51692
-3.51703
-3.51698
-3.51708
-3.51673
-3.51684
-3.51679
-3.51689
-3.51685
-3.51619
-3.5163
-3.51625
-3.5162
-3.51615
-3.5161
-3.51575
-3.51601
-3.51581
-3.51561
-3.51556
-3.51521
-3.51547
-3.51557
-3.51507
-3.51502
-3.51498
-3.51508
-3.51504
-3.51469
-3.51435
-3.51415
-3.51426
-3.51422
-3.51388
-3.51353
-3.51349
-3.51375
-3.51387
-3.51428
-3.51439
-3.51436
-3.51432
-3.51444
-3.5144
-3.51422
-3.51418
-3.514
-3.51457
-3.51484
-3.51481
-3.51463
-3.5146
-3.51502
-3.51484
-3.51482
-3.51464
-3.51461
-3.51459
-3.51456
-3.51439
-3.51422
-3.51389
-3.51372
-3.5137
-3.51368
-3.51351
-3.51364
-3.51332
-3.51316
-3.51299
-3.51297
-3.5125
-3.51249
-3.51247
-3.51261
-3.5126
-3.51243
-3.51242
-3.51225
-3.51254
-3.51238
-3.51252
-3.51266
-3.51264
-3.51278
-3.51277
-3.51275
-3.51289
-3.51272
-3.51271
-3.51239
-3.51207
-3.51175
-3.51188
-3.51217
-3.51185
-3.51183
-3.51211
-3.51194
-3.51192
-3.5119
-3.51203
-3.51216
-3.51214
-3.51212
-3.51225
-3.51237
-3.51235
-3.51233
-3.51216
-3.51228
-3.51272
-3.51224
-3.51222
-3.51235
-3.51233
-3.51201
-3.51184
-3.51182
-3.51165
-3.51179
-3.51177
-3.51161
-3.51175
-3.51189
-3.51188
-3.51172
-3.51156
-3.5114
-3.51125
-3.51125
-3.51125
-3.51095
-3.5111
-3.51095
-3.51081
-3.51082
-3.51067
-3.51053
-3.51055
-3.51056
-3.51058
-3.5106
-3.51047
-3.51124
-3.51112
-3.51099
-3.51102
-3.5109
-3.51093
-3.51081
-3.51085
-3.51073
-3.51077
-3.51051
-3.51056
-3.5106
-3.5111
-3.51115
-3.51121
-3.51126
-3.51147
-3.51138
-3.51114
-3.5109
-3.51097
-3.51104
-3.51111
-3.51119
-3.51157
-3.5118
-3.51189
-3.51182
-3.51191
-3.51201
-3.51195
-3.51175
-3.51185
-3.5115
-3.51146
-3.51157
-3.51153
-3.51165
-3.51177
-3.51159
-3.51156
-3.51214
-3.51243
-3.51226
-3.51224
-3.51222
-3.51236
-3.5125
-3.51264
-3.51263
-3.51277
-3.51321
-3.51335
-3.51334
-3.51378
-3.51407
-3.51451
-3.51509
-3.51522
-3.51535
-3.51593
-3.5162
-3.51662
-3.51673
-3.51683
-3.51708
-3.51733
-3.51726
-3.51719
-3.51727
-3.51733
-3.5177
-3.51745
-3.51764
-3.51783
-3.51786
-3.51818
-3.51819
-3.51804
-3.51789
-3.51787
-3.51785
-3.51813
-3.51824
-3.5185
-3.51845
-3.51899
-3.51878
-3.51901
-3.51878
-3.51899
-3.51875
-3.51851
-3.51856
-3.51845
-3.51849
-3.51808
-3.51796
-3.51844
-3.51832
-3.51834
-3.51821
-3.51793
-3.5178
-3.51767
-3.51768
-3.51755
-3.51756
-3.51712
-3.51699
-3.51685
-3.51672
-3.51674
-3.51645
-3.51632
-3.51604
-3.51622
-3.5164
-3.51612
-3.51631
-3.51574
-3.51562
-3.51582
-3.51556
-3.51561
-3.51551
-3.51511
-3.51502
-3.51493
-3.5147
-3.51477
-3.5144
-3.51418
-3.51396
-3.51405
-3.514
-3.51425
-3.51406
-3.51402
-3.51398
-3.5138
-3.51347
-3.51376
-3.51389
-3.51388
-3.51358
-3.51342
-3.51328
-3.51328
-3.5133
-3.51331
-3.51348
-3.51335
-3.51323
-3.51341
-3.51345
-3.51348
-3.51337
-3.51311
-3.51331
-3.5135
-3.51355
-3.5136
-3.51365
-3.5137
-3.51391
-3.51411
-3.51417
-3.51392
-3.51397
-3.51418
-3.51408
-3.51383
-3.51389
-3.51424
-3.5146
-3.51434
-3.51424
-3.51368
-3.51388
-3.51392
-3.51457
-3.51506
-3.51495
-3.51498
-3.51487
-3.5149
-3.51493
-3.51511
-3.51513
-3.515
-3.51502
-3.51534
-3.51536
-3.51537
-3.51538
-3.51524
-3.51495
-3.5151
-3.51511
-3.51511
-3.51541
-3.51541
-3.51541
-3.51555
-3.51539
-3.51523
-3.51538
-3.51537
-3.51551
-3.51534
-3.51518
-3.51516
-3.51545
-3.51558
-3.51572
-3.51616
-3.51629
-3.51642
-3.5161
-3.51624
-3.51637
-3.51665
-3.51663
-3.51691
-3.51674
-3.51672
-3.5167
-3.51653
-3.51636
-3.51649
-3.51677
-3.51691
-3.51689
-3.51702
-3.51701
-3.51684
-3.51698
-3.51681
-3.5165
-3.51633
-3.51647
-3.51662
-3.51646
-3.51676
-3.51645
-3.5166
-3.51614
-3.51629
-3.51629
-3.5163
-3.5163
-3.51631
-3.51632
-3.51588
-3.51604
-3.51606
-3.51607
-3.51609
-3.51611
-3.51613
-3.516
-3.51618
-3.51636
-3.51623
-3.51641
-3.51629
-3.51617
-3.51666
-3.51669
-3.51687
-3.51706
-3.51709
-3.51667
-3.51701
-3.51705
-3.51678
-3.51681
-3.51685
-3.51688
-3.51707
-3.51725
-3.51744
-3.51762
-3.5175
-3.51769
-3.51772
-3.5179
-3.51823
-3.51811
-3.51799
-3.51817
-3.51819
-3.51822
-3.51809
-3.51781
-3.51799
-3.51816
-3.51818
-3.51805
-3.51822
-3.51824
-3.51856
-3.51783
-3.51784
-3.51756
-3.51742
-3.51728
-3.51729
-3.51715
-3.51701
-3.51702
-3.51718
-3.51734
-3.51749
-3.5172
-3.51705
-3.51705
-3.51705
-3.5172
-3.5172
-3.51689
-3.51674
-3.51688
-3.51672
-3.51702
-3.51716
-3.51699
-3.51683
-3.51666
-3.51664
-3.51647
-3.51645
-3.51643
-3.51655
-3.51622
-3.51619
-3.51631
-3.51598
-3.51579
-3.51591
-3.51602
-3.51568
-3.51579
-3.51574
-3.516
-3.51641
-3.51666
-3.51692
-3.51687
-3.51682
-3.51676
-3.51656
-3.51635
-3.5163
-3.51579
-3.51558
-3.51552
-3.51517
-3.51496
-3.51491
-3.5144
-3.51435
-3.5143
-3.51395
-3.51376
-3.51356
-3.51383
-3.51395
-3.51392
-3.51419
-3.51402
-3.51416
-3.51415
-3.5143
-3.51431
-3.51447
-3.51464
-3.51467
-3.51471
-3.51475
-3.5148
-3.51516
-3.51523
-3.51531
-3.51539
-3.51578
-3.51573
-3.51598
-3.51579
-3.5162
-3.51662
-3.51644
-3.51626
-3.51623
-3.51621
-3.51618
-3.51586
-3.51598
-3.51625
-3.51592
-3.51603
-3.51629
-3.51624
-3.51619
-3.51643
-3.51682
-3.51689
-3.51711
-3.51732
-3.51707
-3.51726
-3.51714
-3.51732
-3.51749
-3.5178
-3.51841
-3.51825
-3.51824
-3.51822
-3.51804
-3.51801
-3.51797
-3.51823
-3.51819
-3.51814
-3.51808
-3.51772
-3.51781
-3.51805
-3.51814
-3.51807
-3.51815
-3.51808
-3.51801
-3.51794
-3.51817
-3.51795
-3.51788
-3.51781
-3.51759
-3.51783
-3.51791
-3.51785
-3.51793
-3.51787
-3.51766
-3.51759
-3.51769
-3.51778
-3.51772
-3.51782
-3.51761
-3.51756
-3.51706
-3.51731
-3.51727
-3.51737
-3.51718
-3.51698
-3.51679
-3.51675
-3.51656
-3.51637
-3.51679
-3.5169
-3.51687
-3.51699
-3.51665
-3.51662
-3.51659
-3.51641
-3.51623
-3.51635
-3.51617
-3.51614
-3.51611
-3.51608
-3.5162
-3.51633
-3.5169
-3.51688
-3.517
-3.51697
-3.51679
-3.51692
-3.51689
-3.51701
-3.51729
-3.51771
-3.51783
-3.51841
-3.51823
-3.51835
-3.51832
-3.51859
-3.51871
-3.51883
-3.51834
-3.51846
-3.51843
-3.51824
-3.51791
-3.51788
-3.51799
-3.51811
-3.51808
-3.51804
-3.51801
-3.51783
-3.51765
-3.51776
-3.51773
-3.5177
-3.51782
-3.51779
-3.51807
-3.51819
-3.51846
-3.51844
-3.51841
-3.51854
-3.51867
-3.51865
-3.51848
-3.51831
-3.5183
-3.51843
-3.51872
-3.51871
-3.51886
-3.51885
-3.51884
-3.51884
-3.51899
-3.51884
-3.51884
-3.519
-3.51855
-3.51887
-3.51857
-3.51859
-3.5186
-3.51861
-3.51848
-3.5185
-3.51837
-3.51884
-3.51886
-3.51903
-3.51906
-3.51863
-3.5185
-3.51792
-3.5184
-3.51842
-3.51799
-3.51787
-3.51774
-3.51791
-3.51809
-3.51841
-3.51843
-3.5183
-3.51832
-3.51834
-3.51851
-3.51838
-3.51854
-3.51841
-3.51857
-3.51859
-3.51845
-3.51816
-3.51818
-3.51819
-3.51805
-3.51791
-3.51792
-3.51794
-3.51795
-3.51782
-3.51783
-3.51785
-3.51787
-3.51804
-3.51822
-3.51809
-3.51812
-3.51815
-3.51833
-3.51852
-3.51826
-3.51845
-3.5188
-3.519
-3.51905
-3.5191
-3.51886
-3.51937
-3.51944
-3.51935
-3.51958
-3.51935
-3.51927
-3.5195
-3.51958
-3.51936
-3.51945
-3.51923
-3.51932
-3.51926
-3.51935
-3.51884
-3.51923
-3.51932
-3.51957
-3.51966
-3.51975
-3.52014
-3.52007
-3.52016
-3.52055
-3.52063
-3.52071
-3.52033
-3.52041
-3.52033
-3.5204
-3.52031
-3.52038
-3.51983
-3.51974
-3.51979
-3.51969
-3.51944
-3.51993
-3.52013
-3.52016
-3.51974
-3.51932
-3.51905
-3.51907
-3.51924
-3.51926
-3.51912
-3.51928
-3.51929
-3.51929
-3.51929
-3.51944
-3.51899
-3.51883
-3.51883
-3.51897
-3.51866
-3.51849
-3.51863
-3.51891
-3.51889
-3.51918
-3.51855
-3.51868
-3.51881
-3.51878
-3.51861
-3.51843
-3.51855
-3.51822
-3.51804
-3.51801
-3.51738
-3.51735
-3.51731
-3.51743
-3.5171
-3.51691
-3.51688
-3.51684
-3.51681
-3.51692
-3.51704
-3.51685
-3.51696
-3.51693
-3.51704
-3.51715
-3.51726
-3.51738
-3.51703
-3.51669
-3.5168
-3.51646
-3.51642
-3.51623
-3.51649
-3.51659
-3.5167
-3.51681
-3.51676
-3.51641
-3.51667
-3.51707
-3.51702
-3.51728
-3.51723
-3.51733
-3.51728
-3.51677
-3.51702
-3.51681
-3.5166
-3.51655
-3.51694
-3.51704
-3.51683
-3.51677
-3.51686
-3.5168
-3.51658
-3.51637
-3.51646
-3.51639
-3.51648
-3.51611
-3.51589
-3.51582
-3.51575
-3.51553
-3.51547
-3.5154
-3.51533
-3.51526
-3.51504
-3.51512
-3.51505
-3.51528
-3.51521
-3.51515
-3.51508
-3.51486
-3.5148
-3.51488
-3.51482
-3.51476
-3.515
-3.51509
-3.51488
-3.51468
-3.51477
-3.51472
-3.51482
-3.51478
-3.51504
-3.51485
-3.51466
-3.51462
-3.51474
-3.51516
-3.51468
-3.51481
-3.51494
-3.51508
-3.51522
-3.51536
-3.5149
-3.51505
-3.5149
-3.51445
-3.51476
-3.51508
-3.51525
-3.51527
-3.51544
-3.51547
-3.5155
-3.51583
-3.51587
-3.51575
-3.5158
-3.51584
-3.51619
-3.51594
-3.51599
-3.51589
-3.5161
-3.51631
-3.51652
-3.51688
-3.51664
-3.51655
-3.51677
-3.51683
-3.51675
-3.51696
-3.51733
-3.51724
-3.51731
-3.51767
-3.51789
-3.51795
-3.51816
-3.51792
-3.51813
-3.51804
-3.51779
-3.51815
-3.5182
-3.5187
-3.51921
-3.5194
-3.51945
-3.51964
-3.51983
-3.51926
-3.51914
-3.51902
-3.5192
-3.51938
-3.51925
-3.51896
-3.51928
-3.5193
-3.51915
-3.51916
-3.51932
-3.51932
-3.51962
-3.51947
-3.51916
-3.51931
-3.51915
-3.51913
-3.51912
-3.51925
-3.51923
-3.51936
-3.51964
-3.51947
-3.51944
-3.52002
-3.51999
-3.51951
-3.51963
-3.5196
-3.51956
-3.51968
-3.51934
-3.51931
-3.51927
-3.51939
-3.51965
-3.51947
-3.51958
-3.51955
-3.51936
-3.51917
-3.51929
-3.5191
-3.51922
-3.51979
-3.51946
-3.51913
-3.51925
-3.51953
-3.5195
-3.51948
-3.51991
-3.51989
-3.52017
-3.52
-3.51983
-3.51967
-3.51981
-3.5198
-3.51949
-3.51948
-3.51963
-3.51917
-3.51902
-3.51872
-3.51888
-3.51843
-3.51859
-3.51844
-3.5183
-3.51816
-3.51818
-3.51819
-3.51821
-3.51808
-3.5181
-3.51812
-3.51814
-3.51816
-3.51803
-3.51805
-3.51808
-3.51795
-3.51813
-3.5183
-3.51803
-3.51821
-3.51838
-3.51856
-3.51843
-3.51876
-3.51864
-3.51866
-3.51883
-3.51916
-3.51903
-3.51905
-3.51892
-3.51879
-3.51881
-3.51867
-3.51854
-3.51886
-3.51887
-3.51919
-3.51966
-3.51967
-3.51968
-3.51938
-3.51954
-3.5197
-3.51971
-3.51971
-3.51957
-3.51957
-3.51942
-3.51943
-3.51928
-3.51943
-3.51913
-3.51867
-3.51867
-3.51882
-3.51867
-3.51882
-3.51882
-3.51866
-3.51881
-3.51896
-3.51911
-3.51911
-3.51911
-3.51926
-3.51926
-3.51926
-3.51911
-3.51912
-3.51912
-3.51912
-3.51928
-3.51943
-3.51944
-3.51959
-3.5196
-3.51931
-3.51916
-3.51917
-3.51903
-3.51874
-3.51875
-3.51861
-3.51893
-3.51894
-3.51896
-3.51882
-3.51914
-3.51916
-3.51902
-3.51904
-3.51861
-3.51847
-3.51849
-3.51836
-3.51838
-3.51839
-3.51826
-3.51873
-3.51875
-3.51907
-3.51894
-3.51896
-3.51913
-3.519
-3.51887
-3.51904
-3.51905
-3.51877
-3.51909
-3.51911
-3.51927
-3.51959
-3.51976
-3.51978
-3.51934
-3.51951
-3.51952
-3.51954
-3.51955
-3.51942
-3.51898
-3.51884
-3.519
-3.51917
-3.51933
-3.51935
-3.51936
-3.51907
-3.51893
-3.51924
-3.5191
-3.51926
-3.51942
-3.51973
-3.51974
-3.5199
-3.51991
-3.52022
-3.52007
-3.51977
-3.51963
-3.51963
-3.51978
-3.52024
-3.51994
-3.51963
-3.51948
-3.51932
-3.51947
-3.51916
-3.51915
-3.51915
-3.51898
-3.51867
-3.51866
-3.51864
-3.51863
-3.51861
-3.5186
-3.51858
-3.51795
-3.51793
-3.51806
-3.51788
-3.51755
-3.51738
-3.51735
-3.51747
-3.51729
-3.51696
-3.51693
-3.51674
-3.51671
-3.51622
-3.51649
-3.51646
-3.51627
-3.51624
-3.5159
-3.51587
-3.51583
-3.5158
-3.51622
-3.51619
-3.5163
-3.51642
-3.51609
-3.51591
-3.51587
-3.51569
-3.51581
-3.51564
-3.51561
-3.51589
-3.51601
-3.51599
-3.51612
-3.51594
-3.51592
-3.51591
-3.51619
-3.51618
-3.51616
-3.51615
-3.51644
-3.51643
-3.51628
-3.51627
-3.51612
-3.51596
-3.51611
-3.51612
-3.51612
-3.51567
-3.51553
-3.51553
-3.51524
-3.51525
-3.51481
-3.51513
-3.5153
-3.51517
-3.51534
-3.51505
-3.51507
-3.51495
-3.51497
-3.51499
-3.51532
-3.5155
-3.51568
-3.51571
-3.51559
-3.51547
-3.51565
-3.51583
-3.51571
-3.5159
-3.51563
-3.51581
-3.5163
-3.51634
-3.51637
-3.51611
-3.51599
-3.51603
-3.51606
-3.51625
-3.51673
-3.51677
-3.51665
-3.51653
-3.51702
-3.5172
-3.51739
-3.51742
-3.51745
-3.51733
-3.5175
-3.51753
-3.51741
-3.51743
-3.5173
-3.51717
-3.51719
-3.51721
-3.51708
-3.51694
-3.51726
-3.51758
-3.51759
-3.51775
-3.51776
-3.51761
-3.51792
-3.51837
-3.51837
-3.51822
-3.51822
-3.51821
-3.51805
-3.51789
-3.51773
-3.51772
-3.51786
-3.51785
-3.51798
-3.51781
-3.51795
-3.51762
-3.51775
-3.51773
-3.51786
-3.51754
-3.51736
-3.51764
-3.51761
-3.51744
-3.51711
-3.51648
-3.5163
-3.51643
-3.51656
-3.51653
-3.51636
-3.51663
-3.51661
-3.51643
-3.51626
-3.51609
-3.51637
-3.51604
-3.51602
-3.5157
-3.51584
-3.51612
-3.51611
-3.51609
-3.51608
-3.51606
-3.5159
-3.51649
-3.51663
-3.51662
-3.51661
-3.51675
-3.5166
-3.51659
-3.51673
-3.51658
-3.51642
-3.51672
-3.51656
-3.51656
-3.51655
-3.51655
-3.51639
-3.51639
-3.51669
-3.51684
-3.51668
-3.51607
-3.51607
-3.51576
-3.51621
-3.51605
-3.5162
-3.51635
-3.51649
-3.51694
-3.51678
-3.51678
-3.51692
-3.51691
-3.5169
-3.5169
-3.51719
-3.51748
-3.51732
-3.51731
-3.51716
-3.51685
-3.51699
-3.51698
-3.51682
-3.51682
-3.51651
-3.51665
-3.51665
-3.51634
-3.51664
-3.51664
-3.51664
-3.51649
-3.5162
-3.51635
-3.51621
-3.51607
-3.51608
-3.51595
-3.51581
-3.51599
-3.51571
-3.51589
-3.51607
-3.51626
-3.51599
-3.51603
-3.51623
-3.51612
-3.51618
-3.51623
-3.51629
-3.51635
-3.51642
-3.51649
-3.51656
-3.51633
-3.51656
-3.51664
-3.51672
-3.51665
-3.51658
-3.51682
-3.5169
-3.51744
-3.51753
-3.51761
-3.51769
-3.51747
-3.5177
-3.51792
-3.5183
-3.51837
-3.51843
-3.51834
-3.51839
-3.51844
-3.51819
-3.51792
-3.51826
-3.51844
-3.51831
-3.51817
-3.51818
-3.51788
-3.51788
-3.51772
-3.51786
-3.51784
-3.51781
-3.51778
-3.51759
-3.5174
-3.5172
-3.517
-3.51694
-3.51703
-3.51726
-3.51719
-3.51682
-3.51689
-3.51666
-3.51673
-3.51664
-3.5164
-3.51646
-3.51622
-3.51612
-3.51572
-3.51577
-3.51567
-3.51527
-3.51502
-3.51476
-3.51466
-3.5144
-3.5146
-3.5145
-3.51439
-3.51413
-3.51388
-3.51377
-3.51337
-3.51326
-3.51346
-3.51351
-3.51386
-3.51407
-3.51397
-3.51387
-3.51363
-3.51369
-3.51345
-3.51351
-3.51327
-3.51364
-3.51356
-3.51364
-3.51356
-3.51349
-3.51358
-3.51367
-3.51376
-3.5137
-3.51396
-3.51361
-3.51342
-3.51353
-3.51335
-3.51347
-3.51315
-3.51328
-3.51312
-3.51342
-3.51342
-3.51373
-3.51374
-3.51391
-3.51423
-3.51441
-3.51505
-3.51494
-3.51513
-3.51533
-3.51538
-3.51559
-3.5158
-3.51571
-3.51578
-3.51601
-3.51608
-3.51646
-3.51639
-3.51647
-3.5167
-3.51649
-3.51657
-3.51651
-3.51644
-3.51638
-3.51631
-3.51625
-3.51663
-3.51656
-3.5165
-3.51673
-3.51681
-3.51688
-3.51695
-3.51703
-3.51709
-3.51701
-3.51783
-3.51789
-3.51795
-3.518
-3.51805
-3.51795
-3.51845
-3.51864
-3.51853
-3.51841
-3.51829
-3.51877
-3.51865
-3.51882
-3.51854
-3.51856
-3.51887
-3.51889
-3.51889
-3.51845
-3.51815
-3.51815
-3.518
-3.518
-3.51814
-3.51829
-3.51843
-3.51827
-3.5181
-3.51809
-3.51807
-3.51806
-3.51819
-3.51848
-3.51861
-3.51844
-3.51872
-3.51885
-3.51898
-3.51927
-3.51955
-3.51923
-3.51921
-3.51919
-3.51902
-3.51915
-3.51959
-3.51973
-3.51941
-3.51925
-3.51908
-3.51923
-3.51922
-3.51936
-3.51966
-3.51966
-3.51981
-3.51951
-3.51966
-3.51997
-3.51998
-3.51999
-3.52015
-3.52032
-3.52019
-3.52006
-3.52023
-3.5201
-3.52013
-3.52016
-3.52019
-3.52022
-3.52026
-3.52015
-3.52019
-3.52038
-3.51997
-3.51971
-3.51946
-3.51935
-3.51925
-3.519
-3.5189
-3.51881
-3.51856
-3.51861
-3.51882
-3.51902
-3.51908
-3.51898
-3.51843
-3.51848
-3.51838
-3.51859
-3.51879
-3.51899
-3.51918
-3.51923
-3.51927
-3.51931
-3.51905
-3.51894
-3.51897
-3.519
-3.51903
-3.51905
-3.51922
-3.51969
-3.51956
-3.51987
-3.51988
-3.51973
-3.51988
-3.52018
-3.52002
-3.52001
-3.5203
-3.52028
-3.52071
-3.52083
-3.5208
-3.52092
-3.52044
-3.5207
-3.52051
-3.52062
-3.52057
-3.52052
-3.52062
-3.52057
-3.52052
-3.52047
-3.52041
-3.52051
-3.5203
-3.52039
-3.52033
-3.52027
-3.52022
-3.51986
-3.5195
-3.51944
-3.51938
-3.51917
-3.51942
-3.51937
-3.51916
-3.51911
-3.51891
-3.51901
-3.51896
-3.51877
-3.51887
-3.51883
-3.51894
-3.51874
-3.51886
-3.51882
-3.51893
-3.5189
-3.51917
-3.51914
-3.51911
-3.51954
-3.51936
-3.51934
-3.51916
-3.51944
-3.51927
-3.51925
-3.51908
-3.51892
-3.51905
-3.51858
-3.51857
-3.51826
-3.5184
-3.51839
-3.51838
-3.51822
-3.51791
-3.51791
-3.51775
-3.51759
-3.51759
-3.51774
-3.51729
-3.51699
-3.51684
-3.51684
-3.51699
-3.51669
-3.5167
-3.5167
-3.51671
-3.51657
-3.51642
-3.51689
-3.5169
-3.51676
-3.51692
-3.51694
-3.51711
-3.51697
-3.51699
-3.51701
-3.51688
-3.51735
-3.51738
-3.51725
-3.51712
-3.51715
-3.51703
-3.51721
-3.51739
-3.51772
-3.51745
-3.51733
-3.51751
-3.51755
-3.51728
-3.51747
-3.51735
-3.51769
-3.51818
-3.51822
-3.51855
-3.51859
-3.51863
-3.51836
-3.51825
-3.51813
-3.51802
-3.51805
-3.51839
-3.51812
-3.51785
-3.51833
-3.51837
-3.51839
-3.51857
-3.51875
-3.51878
-3.51865
-3.51867
-3.51869
-3.51916
-3.51918
-3.5192
-3.51906
-3.51937
-3.51984
-3.51985
-3.51986
-3.51986
-3.51987
-3.52017
-3.52063
-3.52093
-3.52077
-3.52062
-3.52046
-3.52046
-3.5203
-3.52029
-3.52058
-3.52041
-3.5204
-3.52068
-3.52082
-3.52035
-3.52048
-3.52031
-3.52074
-3.52087
-3.52115
-3.52112
-3.52079
-3.52076
-3.52089
-3.52086
-3.52022
-3.51989
-3.51955
-3.51937
-3.51933
-3.51945
-3.51941
-3.51937
-3.51963
-3.51929
-3.51895
-3.5189
-3.51871
-3.51866
-3.51861
-3.51887
-3.51897
-3.51892
-3.51887
-3.51882
-3.51892
-3.51902
-3.51866
-3.51831
-3.51825
-3.51789
-3.51799
-3.51808
-3.51802
-3.51796
-3.5179
-3.51784
-3.51793
-3.51787
-3.51765
-3.51759
-3.51738
-3.51717
-3.51726
-3.51704
-3.51713
-3.51722
-3.51716
-3.5168
-3.51689
-3.51683
-3.51677
-3.51656
-3.51651
-3.51691
-3.5167
-3.51665
-3.51629
-3.51579
-3.51589
-3.516
-3.5161
-3.51591
-3.51587
-3.51598
-3.51564
-3.5156
-3.51587
-3.51584
-3.51581
-3.51593
-3.51591
-3.51558
-3.51571
-3.51524
-3.51508
-3.51491
-3.5152
-3.51535
-3.51534
-3.51534
-3.51519
-3.51549
-3.5155
-3.51566
-3.51536
-3.51538
-3.51524
-3.51526
-3.51529
-3.51546
-3.51549
-3.51582
-3.51601
-3.51589
-3.51623
-3.51613
-3.51602
-3.51607
-3.51642
-3.51663
-3.51653
-3.51644
-3.51666
-3.51673
-3.51664
-3.51687
-3.51694
-3.51702
-3.51725
-3.51703
-3.51727
-3.51721
-3.5173
-3.51724
-3.51733
-3.51758
-3.51753
-3.51762
-3.51757
-3.51798
-3.51808
-3.51818
-3.51814
-3.51824
-3.51834
-3.5183
-3.5187
-3.51881
-3.51891
-3.51886
-3.51851
-3.51846
-3.51855
-3.51865
-3.51874
-3.51883
-3.51892
-3.51915
-3.51939
-3.51947
-3.5194
-3.51932
-3.51954
-3.51931
-3.51967
-3.51974
-3.51995
-3.51985
-3.5196
-3.5195
-3.51954
-3.51958
-3.51947
-3.51935
-3.51923
-3.51941
-3.51943
-3.51961
-3.51947
-3.51934
-3.5192
-3.51906
-3.51891
-3.51877
-3.51922
-3.51967
-3.51967
-3.51966
-3.51965
-3.51979
-3.51977
-3.51961
-3.51943
-3.51941
-3.51939
-3.51921
-3.51903
-3.519
-3.51881
-3.51908
-3.51889
-3.5187
-3.51851
-3.51832
-3.51842
-3.51808
-3.51788
-3.51783
-3.51778
-3.51789
-3.51768
-3.51793
-3.51788
-3.51768
-3.51748
-3.51742
-3.51722
-3.51702
-3.51681
-3.51691
-3.51671
-3.51681
-3.5166
-3.51656
-3.51651
-3.51616
-3.51611
-3.51592
-3.51587
-3.51598
-3.51594
-3.51591
-3.51572
-3.51569
-3.5152
-3.51518
-3.51515
-3.51528
-3.51556
-3.5157
-3.51583
-3.51567
-3.51596
-3.5158
-3.51625
-3.5164
-3.51565
-3.5158
-3.51581
-3.51582
-3.51583
-3.51614
-3.51601
-3.51602
-3.51574
-3.51591
-3.51608
-3.51626
-3.51643
-3.5163
-3.51633
-3.5162
-3.51608
-3.51595
-3.51582
-3.51585
-3.51633
-3.51635
-3.51652
-3.51609
-3.5158
-3.51627
-3.51614
-3.51615
-3.51646
-3.51647
-3.51663
-3.51648
-3.51633
-3.51663
-3.51662
-3.51676
-3.5166
-3.51659
-3.51672
-3.5167
-3.51652
-3.51635
-3.51647
-3.51629
-3.51655
-3.51622
-3.51618
-3.51629
-3.51639
-3.51635
-3.51645
-3.51625
-3.51665
-3.51645
-3.51639
-3.51633
-3.51627
-3.51622
-3.51646
-3.5164
-3.51649
-3.51627
-3.51651
-3.5166
-3.51669
-3.51662
-3.51626
-3.5162
-3.51613
-3.51592
-3.51631
-3.51595
-3.51619
-3.51628
-3.51607
-3.51601
-3.5158
-3.51559
-3.51569
-3.51549
-3.51543
-3.51493
-3.51488
-3.51483
-3.51463
-3.51474
-3.5147
-3.5148
-3.51461
-3.51442
-3.51423
-3.5142
-3.51416
-3.51367
-3.51364
-3.51346
-3.51373
-3.51401
-3.51443
-3.51441
-3.51439
-3.51436
-3.51419
-3.51417
-3.5143
-3.51444
-3.51442
-3.5141
-3.51409
-3.51392
-3.51437
-3.51466
-3.51465
-3.51434
-3.51418
-3.51448
-3.51448
-3.51463
-3.51463
-3.51448
-3.51464
-3.51479
-3.51465
-3.51466
-3.51498
-3.51529
-3.51516
-3.51488
-3.51505
-3.51523
-3.51526
-3.51544
-3.51563
-3.51582
-3.51617
-3.51576
-3.51596
-3.51587
-3.51623
-3.51614
-3.51651
-3.51673
-3.51666
-3.51658
-3.51682
-3.51706
-3.51715
-3.51694
-3.51674
-3.51654
-3.51649
-3.51645
-3.51656
-3.51652
-3.51678
-3.51675
-3.51702
-3.51713
-3.51725
-3.51706
-3.51672
-3.51684
-3.5171
-3.51736
-3.51701
-3.51712
-3.51691
-3.51701
-3.51695
-3.51703
-3.51711
-3.51703
-3.51695
-3.51686
-3.51706
-3.51711
-3.51715
-3.51764
-3.51751
-3.51753
-3.5177
-3.51786
-3.51785
-3.5177
-3.51753
-3.51736
-3.51764
-3.5176
-3.51757
-3.51752
-3.51702
-3.51697
-3.51676
-3.5167
-3.51679
-3.51642
-3.51605
-3.51597
-3.51575
-3.51552
-3.51514
-3.51566
-3.51558
-3.5149
-3.51482
-3.51459
-3.51436
-3.51443
-3.51435
-3.51413
-3.51436
-3.51428
-3.51406
-3.51414
-3.51438
-3.51447
-3.51486
-3.51511
-3.5155
-3.5153
-3.51556
-3.51566
-3.51562
-3.51573
-3.51554
-3.51521
-3.51503
-3.51515
-3.51512
-3.51525
-3.51508
-3.51477
-3.51475
-3.51459
-3.51443
-3.51428
-3.51382
-3.51367
-3.51383
-3.51353
-3.51369
-3.51385
-3.51386
-3.51402
-3.51388
-3.51405
-3.51407
-3.51378
-3.5135
-3.51382
-3.51385
-3.51372
-3.51345
-3.51362
-3.51365
-3.51368
-3.51341
-3.51314
-3.51303
-3.51322
-3.5134
-3.51374
-3.51318
-3.51352
-3.51372
-3.51361
-3.51351
-3.51355
-3.51345
-3.51365
-3.5134
-3.5133
-3.5132
-3.51325
-3.51286
-3.51321
-3.51342
-3.51318
-3.51308
-3.51314
-3.5132
-3.51386
-3.51407
-3.51398
-3.51389
-3.51455
-3.51476
-3.51481
-3.51441
-3.51447
-3.51467
-3.51487
-3.51461
-3.51466
-3.51455
-3.51459
-3.51447
-3.51481
-3.51484
-3.51472
-3.51489
-3.51506
-3.51508
-3.5148
-3.51481
-3.51496
-3.51497
-3.51467
-3.51451
-3.51466
-3.51465
-3.51478
-3.51447
-3.51445
-3.51428
-3.5147
-3.51483
-3.5148
-3.51446
-3.51458
-3.5147
-3.51435
-3.51431
-3.51457
-3.51438
-3.51403
-3.51399
-3.51379
-3.51329
-3.51294
-3.51259
-3.51269
-3.5128
-3.5129
-3.51285
-3.51295
-3.51336
-3.51316
-3.51281
-3.51277
-3.51242
-3.51237
-3.51263
-3.51274
-3.5127
-3.51251
-3.51262
-3.51258
-3.51225
-3.51206
-3.51218
-3.51215
-3.51227
-3.51209
-3.51237
-3.51205
-3.51203
-3.51216
-3.51245
-3.51258
-3.51257
-3.51271
-3.51301
-3.51316
-3.513
-3.513
-3.513
-3.51286
-3.51286
-3.51287
-3.51318
-3.51319
-3.51335
-3.51322
-3.51323
-3.51325
-3.51311
-3.51298
-3.513
-3.51302
-3.51349
-3.51366
-3.51414
-3.51416
-3.51433
-3.5145
-3.51498
-3.51484
-3.51471
-3.51473
-3.51475
-3.51476
-3.51478
-3.51494
-3.51496
-3.51497
-3.51498
-3.51513
-3.51514
-3.51515
-3.51515
-3.51545
-3.5159
-3.5159
-3.51559
-3.51558
-3.51573
-3.51556
-3.5154
-3.51524
-3.51522
-3.51535
-3.51533
-3.51546
-3.51574
-3.51542
-3.51555
-3.51552
-3.51579
-3.51592
-3.51574
-3.51586
-3.51583
-3.5158
-3.51562
-3.51558
-3.5151
-3.51522
-3.51579
-3.51576
-3.51573
-3.51585
-3.51612
-3.51624
-3.51621
-3.51633
-3.51616
-3.51613
-3.5161
-3.51608
-3.5159
-3.51588
-3.5157
-3.51523
-3.51551
-3.5155
-3.51548
-3.51501
-3.515
-3.51514
-3.51513
-3.51497
-3.51497
-3.51466
-3.51436
-3.51436
-3.51436
-3.51451
-3.51437
-3.51438
-3.51424
-3.5141
-3.51381
-3.51382
-3.51369
-3.5137
-3.51342
-3.51314
-3.51331
-3.51334
-3.51366
-3.51399
-3.51463
-3.5145
-3.51453
-3.51441
-3.51459
-3.51447
-3.5145
-3.51468
-3.51456
-3.51445
-3.51478
-3.51481
-3.51499
-3.51502
-3.51505
-3.51493
-3.51511
-3.51514
-3.51531
-3.51519
-3.51521
-3.51554
-3.51541
-3.51529
-3.51516
-3.51548
-3.5155
-3.51567
-3.51524
-3.51541
-3.51513
-3.5156
-3.51577
-3.51578
-3.51595
-3.51597
-3.51583
-3.51585
-3.51571
-3.51573
-3.51604
-3.51591
-3.51623
-3.5164
-3.51626
-3.51628
-3.51645
-3.51692
-3.51724
-3.51696
-3.51713
-3.5173
-3.51702
-3.51689
-3.51646
-3.51663
-3.5168
-3.51683
-3.51655
-3.51627
-3.51629
-3.51631
-3.51649
-3.51651
-3.51608
-3.5158
-3.51598
-3.51615
-3.51617
-3.5168
-3.51698
-3.51654
-3.51672
-3.51644
-3.51616
-3.51587
-3.51559
-3.51546
-3.51533
-3.51519
-3.51551
-3.51553
-3.51539
-3.51541
-3.51542
-3.51558
-3.51574
-3.51591
-3.51591
-3.51607
-3.51608
-3.51624
-3.51609
-3.51579
-3.51564
-3.51549
-3.51504
-3.51534
-3.51534
-3.51534
-3.51548
-3.51548
-3.51532
-3.51561
-3.51576
-3.51575
-3.51543
-3.51542
-3.51526
-3.51524
-3.51538
-3.51566
