1.09891
1.09672
1.09447
1.09215
1.08976
1.0873
1.08479
1.0822
1.07955
1.07683
1.07405
1.07121
1.0683
1.06533
1.06229
1.05919
1.05604
1.05282
1.04955
1.04622
1.04283
1.0394
1.03591
1.03238
1.0288
1.02518
1.02152
1.01783
1.0141
1.01034
1.00656
1.00275
0.998934
0.995101
0.99126
0.987417
0.983574
0.979738
0.975914
0.972105
0.968318
0.964557
0.960829
0.957137
0.953488
0.949885
0.946335
0.942841
0.939408
0.936042
0.932747
0.929527
0.926386
0.923328
0.920355
0.917472
0.91468
0.911983
0.909383
0.906882
0.904483
0.902186
0.899992
0.897904
0.89592
0.894043
0.892271
0.890605
0.889045
0.887589
0.886238
0.88499
0.883845
0.882801
0.881856
0.88101
0.88026
0.879603
0.879039
0.878565
0.878178
0.877877
0.87766
0.877523
0.877466
0.877485
0.877578
0.877743
0.877977
0.878277
0.87864
0.879063
0.879545
0.880083
0.880674
0.881316
0.882005
0.882739
0.883515
0.884331
0.885183
0.886069
0.886986
0.887931
0.888903
0.889899
0.890916
0.891952
0.893003
0.894068
0.895144
0.896228
0.897318
0.898412
0.899508
0.900604
0.901697
0.902785
0.903867
0.904941
0.906004
0.907056
0.908095
0.909118
0.910125
0.911116
0.912088
0.913039
0.913971
0.91488
0.915767
0.916632
0.917472
0.918288
0.919079
0.919846
0.920587
0.921304
0.921994
0.92266
0.9233
0.923916
0.924507
0.925074
0.925618
0.926139
0.926638
0.927116
0.927574
0.928011
0.92843
0.928831
0.929215
0.929584
0.929937
0.930277
0.930605
0.930921
0.931227
0.931523
0.931812
0.932094
0.932369
0.932641
0.932909
0.933174
0.933437
0.9337
0.933963
0.934227
0.934493
0.934762
0.935034
0.93531
0.93559
0.935874
0.936164
0.936459
0.93676
0.937067
0.937379
0.937698
0.938023
0.938353
0.938688
0.939027
0.939372
0.93972
0.940072
0.940426
0.940782
0.941139
0.941496
0.941853
0.942208
0.942561
0.942911
0.943256
0.943596
0.94393
0.944257
0.944575
0.944884
0.945183
0.945471
0.945747
0.946009
0.946256
0.946489
0.946705
0.946904
0.947084
0.947245
0.947387
0.947507
0.947606
0.947681
0.947733
0.94776
0.947761
0.947736
0.947684
0.947604
0.947494
0.947354
0.947183
0.94698
0.946745
0.946476
0.946173
0.945834
0.945459
0.945048
0.944599
0.944112
0.943586
0.943021
0.942415
0.941768
0.941079
0.940347
0.939571
0.93875
0.937883
0.936972
0.936014
0.935009
0.933957
0.932858
0.93171
0.930513
0.929267
0.927972
0.926627
0.925232
0.923788
0.922295
0.920752
0.919158
0.917515
0.915821
0.914077
0.912284
0.910441
0.90855
0.906612
0.904626
0.902594
0.900517
0.898395
0.896229
0.894022
0.891773
0.889483
0.887156
0.88479
0.882388
0.879952
0.877483
0.874983
0.872455
0.869899
0.867318
0.864714
0.862089
0.859446
0.856787
0.854114
0.85143
0.848736
0.846037
0.843334
0.840631
0.837929
0.835233
0.832544
0.829865
0.827199
0.824548
0.821917
0.819306
0.81672
0.814161
0.811631
0.809134
0.806672
0.804247
0.801863
0.799521
0.797225
0.794976
0.792776
0.790629
0.788535
0.786497
0.784518
0.782599
0.780741
0.778948
0.777221
0.77556
0.77397
0.772449
0.771001
0.769627
0.768327
0.767104
0.765959
0.764894
0.763909
0.763005
0.762184
0.761447
0.760794
0.760228
0.759749
0.759357
0.759054
0.75884
0.758716
0.758681
0.758737
0.758884
0.759121
0.759449
0.759868
0.760377
0.760976
0.761664
0.762441
0.763306
0.764257
0.765292
0.766412
0.767613
0.768895
0.770255
0.77169
0.773199
0.774779
0.776426
0.778139
0.779914
0.781747
0.783637
0.785578
0.787568
0.789603
0.791679
0.793793
0.79594
0.798115
0.800316
0.802539
0.804778
0.807031
0.809293
0.811561
0.813829
0.816095
0.818355
0.820605
0.822841
0.825061
0.82726
0.829435
0.831583
0.833701
0.835787
0.837837
0.839848
0.841818
0.843745
0.845626
0.847458
0.849241
0.850972
0.852649
0.854271
0.855836
0.857343
0.858791
0.860178
0.861503
0.862765
0.863964
0.865098
0.866167
0.867169
0.868106
0.868976
0.869778
0.870514
0.871182
0.871782
0.872315
0.87278
0.873177
0.873507
0.87377
0.873966
0.874096
0.87416
0.874158
0.874093
0.873963
0.87377
0.873515
0.873199
0.872823
0.872388
0.871895
0.871347
0.870745
0.87009
0.869385
0.86863
0.867829
0.866984
0.866096
0.865169
0.864204
0.863204
0.862173
0.861113
0.860027
0.858919
0.857792
0.856649
0.855494
0.854329
0.853159
0.851986
0.850815
0.84965
0.848493
0.847349
0.846222
0.845114
0.84403
0.842974
0.841948
0.840956
0.840002
0.839088
0.838218
0.837394
0.83662
0.835897
0.835229
0.834617
0.834064
0.833571
0.833142
0.832775
0.832473
0.832237
0.832066
0.831962
0.831923
0.83195
0.832043
0.832201
0.832423
0.832707
0.833051
0.833455
0.833916
0.834432
0.835
0.835618
0.836282
0.83699
0.83774
0.838526
0.839346
0.840196
0.841072
0.841971
0.842889
0.843822
0.844767
0.845719
0.846675
0.847631
0.848583
0.849527
0.850461
0.851381
0.852283
0.853165
0.854022
0.854853
0.855654
0.856422
0.857156
0.857852
0.858509
0.859126
0.8597
0.86023
0.860715
0.861152
0.861542
0.861884
0.862177
0.862421
0.862616
0.862762
0.86286
0.862908
0.862907
0.862858
0.862762
0.86262
0.862432
0.8622
0.861926
0.86161
0.861255
0.860862
0.860432
0.859967
0.859469
0.85894
0.858381
0.857796
0.857186
0.856553
0.8559
0.85523
0.854544
0.853844
0.853134
0.852417
0.851693
0.850966
0.850238
0.849511
0.848787
0.84807
0.84736
0.846659
0.845971
0.845298
0.844643
0.844005
0.843388
0.842792
0.84222
0.841673
0.841153
0.840662
0.8402
0.839768
0.839369
0.839002
0.83867
0.838371
0.838108
0.83788
0.837687
0.837531
0.837411
0.837327
0.83728
0.837269
0.837293
0.837354
0.837448
0.837577
0.837739
0.837934
0.83816
0.838418
0.838706
0.839022
0.839367
0.839739
0.840137
0.84056
0.841006
0.841474
0.841963
0.842473
0.843001
0.843547
0.844109
0.844688
0.845281
0.845889
0.846508
0.84714
0.847783
0.848437
0.849101
0.849775
0.850458
0.851151
0.851853
0.852564
0.853284
0.854013
0.854752
0.855499
0.856256
0.857024
0.857802
0.858591
0.859392
0.860206
0.861033
0.861874
0.86273
0.863602
0.864491
0.865397
0.866323
0.867268
0.868234
0.869222
0.870232
0.871266
0.872325
0.87341
0.87452
0.875657
0.876821
0.878014
0.879235
0.880485
0.881764
0.883073
0.884412
0.88578
0.887178
0.888605
0.890062
0.891548
0.893063
0.894607
0.896178
0.897775
0.899399
0.901048
0.90272
0.904417
0.906135
0.907873
0.909632
0.911408
0.913202
0.915011
0.916833
0.918669
0.920515
0.92237
0.924232
0.9261
0.927972
0.929846
0.93172
0.933594
0.935465
0.937331
0.939191
0.941043
0.942885
0.944717
0.946536
0.948342
0.950132
0.951906
0.953661
0.955397
0.957112
0.958805
0.960474
0.962119
0.963739
0.965332
0.966897
0.968435
0.969943
0.971422
0.97287
0.974287
0.975672
0.977024
0.978343
0.979628
0.980878
0.982094
0.983274
0.984418
0.985525
0.986596
0.987629
0.988625
0.989582
0.990502
0.991383
0.992227
0.993031
0.993797
0.994523
0.995209
0.995854
0.996459
0.997024
0.997547
0.99803
0.998472
0.998873
0.999232
0.999549
0.999824
1.00006
1.00025
1.00039
1.0005
1.00056
1.00058
1.00056
1.00049
1.00038
1.00023
1.00003
0.999795
0.999513
0.999187
0.998817
0.998404
0.997948
0.997448
0.996905
0.996319
0.995691
0.99502
0.994306
0.99355
0.992752
0.991911
0.991029
0.990105
0.98914
0.988133
0.987085
0.985997
0.984869
0.983701
0.982493
0.981246
0.97996
0.978637
0.977276
0.975877
0.974442
0.972972
0.971467
0.969928
0.968356
0.96675
0.965112
0.963444
0.961746
0.960018
0.958262
0.956478
0.954668
0.952833
0.950975
0.949093
0.94719
0.945267
0.943325
0.941364
0.939388
0.937396
0.935392
0.933376
0.93135
0.929315
0.927273
0.925226
0.923177
0.921125
0.919075
0.917026
0.914982
0.912944
0.910915
0.908895
0.906889
0.904897
0.902921
0.900963
0.899026
0.897112
0.895223
0.893361
0.891528
0.889726
0.887958
0.886226
0.884531
0.882876
0.881263
0.879694
0.878171
0.876697
0.875272
0.873899
0.872579
0.871315
0.870109
0.868961
0.867874
0.866849
0.865887
0.864991
0.864161
0.863398
0.862704
0.862081
0.861528
0.861047
0.860638
0.860303
0.860041
0.859854
0.859741
0.859704
0.859741
0.859853
0.860038
0.860298
0.860631
0.861037
0.861515
0.862064
0.862683
0.863371
0.864126
0.864947
0.865832
0.866781
0.86779
0.868858
0.869981
0.871159
0.872388
0.873666
0.874991
0.876361
0.877772
0.879221
0.880706
0.882223
0.883771
0.885344
0.886942
0.888561
0.890197
0.891848
0.893509
0.895179
0.896854
0.898531
0.900208
0.901881
0.903547
0.905204
0.906849
0.908478
0.91009
0.911681
0.913249
0.914791
0.916306
0.917792
0.919245
0.920664
0.922048
0.923393
0.924698
0.925963
0.927184
0.928362
0.929494
0.930578
0.931616
0.932604
0.933542
0.93443
0.935265
0.936049
0.936779
0.937457
0.938081
0.938652
0.939169
0.939631
0.94004
0.940395
0.940696
0.940945
0.941141
0.941285
0.941377
0.941418
0.941409
0.941351
0.941245
0.941093
0.940895
0.940653
0.940369
0.940043
0.939678
0.939274
0.938835
0.938361
0.937855
0.937318
0.936753
0.936162
0.935547
0.934911
0.934256
0.933584
0.932898
0.932201
0.931494
0.93078
0.930062
0.929341
0.92862
0.927901
0.927187
0.926481
0.925783
0.925096
0.924422
0.923763
0.923121
0.922497
0.921891
0.921306
0.920742
0.920201
0.919683
0.919189
0.918718
0.918272
0.917851
0.917454
0.91708
0.91673
0.916403
0.916098
0.915813
0.91555
0.915305
0.915078
0.914868
0.914674
0.914494
0.914328
0.914173
0.914029
0.913893
0.913763
0.91364
0.913521
0.913404
0.913289
0.913173
0.913056
0.912935
0.91281
0.912679
0.912541
0.912395
0.91224
0.912074
0.911897
0.911708
0.911507
0.911292
0.911062
0.910817
0.910556
0.910278
0.909983
0.909669
0.909338
0.908988
0.908618
0.908228
0.907819
0.907389
0.906938
0.906466
0.905973
0.905459
0.904922
0.904364
0.903784
0.903182
0.902559
0.901913
0.901246
0.900559
0.89985
0.89912
0.898369
0.897597
0.896805
0.895993
0.895161
0.89431
0.893441
0.892553
0.891649
0.890728
0.889792
0.88884
0.887875
0.886896
0.885905
0.884902
0.88389
0.882869
0.88184
0.880805
0.879764
0.878721
0.877675
0.876628
0.875582
0.874539
0.873501
0.872468
0.871442
0.870426
0.86942
0.868426
0.867445
0.86648
0.865532
0.864603
0.863695
0.862807
0.861943
0.861103
0.860288
0.8595
0.85874
0.858009
0.857308
0.856637
0.855999
0.855393
0.85482
0.85428
0.853774
0.853302
0.852864
0.852462
0.852093
0.851758
0.851457
0.851189
0.850954
0.85075
0.850577
0.850435
0.850322
0.850237
0.85018
0.850148
0.850142
0.850159
0.850199
0.85026
0.85034
0.850438
0.850552
0.85068
0.850821
0.850974
0.851137
0.851308
0.851485
0.851668
0.851855
0.852044
0.852234
0.852423
0.852611
0.852796
0.852978
0.853154
0.853325
0.853488
0.853643
0.853789
0.853926
0.854052
0.854166
0.854269
0.854359
0.854437
0.854502
0.854553
0.854591
0.854616
0.854626
0.854623
0.854606
0.854574
0.854529
0.85447
0.854398
0.854313
0.854214
0.854104
0.853982
0.853848
0.853703
0.853549
0.853384
0.85321
0.853027
0.852836
0.852638
0.852432
0.852219
0.852001
0.851777
0.851549
0.851318
0.851083
0.850845
0.850606
0.850365
0.850125
0.849884
0.849645
0.849406
0.84917
0.848937
0.848706
0.848479
0.848256
0.848038
0.847825
0.847617
0.847415
0.84722
0.847032
0.84685
0.846675
0.846508
0.846348
0.846197
0.846053
0.845918
0.845792
0.845674
0.845566
0.845467
0.845376
0.845295
0.845224
0.845162
0.845109
0.845067
0.845033
0.845009
0.844995
0.84499
0.844995
0.845011
0.845036
0.845071
0.845116
0.845172
0.845238
0.845315
0.845402
0.8455
0.845609
0.845728
0.845857
0.845998
0.846149
0.846312
0.846487
0.846673
0.84687
0.84708
0.847302
0.847537
0.847785
0.848046
0.84832
0.848608
0.84891
0.849226
0.849557
0.849902
0.850263
0.850639
0.85103
0.851438
0.851862
0.852303
0.85276
0.853235
0.853727
0.854237
0.854765
0.855312
0.855877
0.856462
0.857067
0.857691
0.858336
0.859002
0.859688
0.860395
0.861123
0.861873
0.862644
0.863436
0.864249
0.865084
0.86594
0.866818
0.867716
0.868634
0.869573
0.870531
0.871509
0.872507
0.873523
0.874557
0.875609
0.876677
0.877762
0.878862
0.879977
0.881104
0.882244
0.883396
0.884557
0.885727
0.886904
0.888088
0.889276
0.890468
0.891661
0.892855
0.894048
0.895237
0.896423
0.897603
0.898775
0.899937
0.901089
0.902229
0.903354
0.904462
0.905553
0.906624
0.907675
0.908702
0.909706
0.910683
0.911632
0.912553
0.913443
0.914301
0.915126
0.915917
0.916672
0.917389
0.918068
0.918707
0.919305
0.919861
0.920373
0.920842
0.921266
0.921645
0.921977
0.922262
0.922499
0.922688
0.922827
0.922916
0.922956
0.922945
0.922883
0.922771
0.922607
0.922392
0.922125
0.921806
0.921436
0.921014
0.92054
0.920015
0.919438
0.918809
0.918129
0.917397
0.916615
0.915783
0.914902
0.913971
0.912991
0.911963
0.910888
0.909766
0.908599
0.907386
0.906128
0.904827
0.903483
0.902098
0.900672
0.899208
0.897706
0.896167
0.894593
0.892985
0.891345
0.889674
0.887975
0.886248
0.884495
0.882719
0.88092
0.879102
0.877267
0.875415
0.873549
0.871673
0.869786
0.867894
0.865996
0.864097
0.862199
0.860304
0.858414
0.856533
0.854663
0.852808
0.850969
0.849149
0.847353
0.845582
0.843839
0.842127
0.84045
0.838809
0.837209
0.83565
0.834137
0.832672
0.831257
0.829895
0.828589
0.827341
0.826153
0.825028
0.823968
0.822974
0.822048
0.821192
0.820408
0.819696
0.819058
0.818495
0.818007
0.817595
0.817258
0.816998
0.816814
0.816707
0.816674
0.816717
0.816834
0.817024
0.817286
0.817618
0.818018
0.818485
0.819016
0.81961
0.820265
0.820979
0.821749
0.822573
0.823448
0.824372
0.825342
0.826356
0.82741
0.828502
0.829631
0.830793
0.831986
0.833207
0.834454
0.835725
0.837017
0.838329
0.839658
0.841002
0.84236
0.84373
0.845111
0.846499
0.847895
0.849297
0.850703
0.852112
0.853524
0.854937
0.85635
0.857763
0.859173
0.860582
0.861988
0.86339
0.864789
0.866183
0.867572
0.868957
0.870337
0.871712
0.873081
0.874444
0.875801
0.877152
0.878496
0.879834
0.881165
0.88249
0.883808
0.885118
0.886422
0.887718
0.889006
0.890287
0.891561
0.892827
0.894087
0.895338
0.896582
0.897817
0.899043
0.90026
0.901469
0.902668
0.903858
0.905039
0.906209
0.907368
0.908517
0.909655
0.910782
0.911897
0.913001
0.914091
0.91517
0.916235
0.917287
0.918325
0.919348
0.920358
0.921353
0.922332
0.923296
0.924244
0.925176
0.926092
0.92699
0.927872
0.928736
0.929582
0.930411
0.93122
0.932012
0.932784
0.933537
0.934271
0.934985
0.93568
0.936354
0.937009
0.937644
0.938258
0.938851
0.939424
0.939976
0.940507
0.941018
0.941507
0.941974
0.942421
0.942848
0.943253
0.943636
0.943999
0.944341
0.944663
0.944964
0.945245
0.945506
0.945745
0.945965
0.946164
0.946344
0.946504
0.946644
0.946765
0.946866
0.94695
0.947014
0.94706
0.947088
0.947097
0.947089
0.947064
0.947021
0.946962
0.946887
0.946795
0.946688
0.946566
0.946428
0.946276
0.946109
0.94593
0.945736
0.94553
0.94531
0.945078
0.944834
0.944578
0.94431
0.944031
0.943741
0.943442
0.943133
0.942815
0.942487
0.94215
0.941804
0.941449
0.941085
0.940713
0.940332
0.939944
0.939549
0.939146
0.938736
0.93832
0.937897
0.937468
0.937033
0.936592
0.936146
0.935693
0.935236
0.934773
0.934305
0.933832
0.933354
0.932871
0.932383
0.931891
0.931393
0.930892
0.930387
0.929877
0.929364
0.928847
0.928326
0.927801
0.927274
0.926743
0.926211
0.925675
0.925136
0.924595
0.924051
0.923505
0.922957
0.922407
0.921856
0.921303
0.920749
0.920194
0.919639
0.919084
0.918529
0.917974
0.91742
0.916867
0.916315
0.915766
0.915219
0.914676
0.914136
0.9136
0.913068
0.912541
0.912019
0.911504
0.910995
0.910494
0.91
0.909515
0.909038
0.908571
0.908114
0.907667
0.907232
0.906808
0.906397
0.905998
0.905614
0.905245
0.90489
0.904552
0.904229
0.903923
0.903634
0.903363
0.90311
0.902876
0.902662
0.902468
0.902294
0.902142
0.902011
0.901901
0.901813
0.901747
0.901703
0.901681
0.901682
0.901706
0.901753
0.901822
0.901913
0.902026
0.902161
0.902318
0.902496
0.902694
0.902912
0.90315
0.903406
0.903681
0.903973
0.904282
0.904607
0.904946
0.9053
0.905666
0.906044
0.906434
0.906832
0.907239
0.907653
0.908073
0.908497
0.908925
0.909354
0.909784
0.910213
0.910639
0.911063
0.911481
0.911893
0.912299
0.912696
0.913083
0.913459
0.913823
0.914174
0.914511
0.914834
0.915141
0.915431
0.915703
0.915957
0.916192
0.916407
0.916602
0.916776
0.916929
0.917061
0.917172
0.917261
0.917329
0.917375
0.9174
0.917403
0.917385
0.917346
0.917287
0.917207
0.917107
0.916989
0.916851
0.916696
0.916523
0.916333
0.916127
0.915906
0.915671
0.915422
0.91516
0.914886
0.914601
0.914306
0.914001
0.913687
0.913366
0.913037
0.912703
0.912364
0.91202
0.911673
0.911323
0.910972
0.91062
0.910267
0.909914
0.909563
0.909213
0.908865
0.90852
0.908178
0.90784
0.907505
0.907175
0.90685
0.906529
0.906214
0.905903
0.905598
0.905298
0.905003
0.904713
0.904428
0.904148
0.903874
0.903604
0.903339
0.903078
0.902821
0.902569
0.90232
0.902074
0.901831
0.901591
0.901353
0.901116
0.900882
0.900649
0.900416
0.900184
0.899951
0.899718
0.899485
0.899251
0.899015
0.898777
0.898537
0.898295
0.898051
0.897804
0.897554
0.897302
0.897047
0.896789
0.896529
0.896266
0.896
0.895733
0.895463
0.895192
0.894919
0.894646
0.894372
0.894097
0.893823
0.89355
0.893278
0.893008
0.892741
0.892478
0.892218
0.891963
0.891713
0.891469
0.891232
0.891001
0.890779
0.890565
0.890361
0.890166
0.889981
0.889806
0.889643
0.889491
0.889351
0.889223
0.889106
0.889002
0.88891
0.888829
0.88876
0.888701
0.888654
0.888617
0.88859
0.888572
0.888563
0.888561
0.888566
0.888578
0.888595
0.888616
0.888641
0.888669
0.888698
0.888729
0.888758
0.888786
0.888811
0.888833
0.88885
0.88886
0.888865
0.888861
0.888848
0.888826
0.888791
0.888745
0.888686
0.888613
0.888526
0.888424
0.888307
0.888173
0.888021
0.887851
0.887663
0.887455
0.887227
0.88698
0.886712
0.886423
0.886113
0.885781
0.885427
0.88505
0.884649
0.884225
0.883776
0.883303
0.882806
0.882284
0.881737
0.881163
0.880564
0.879938
0.879285
0.878607
0.877901
0.877168
0.876408
0.87562
0.874805
0.873963
0.873093
0.872195
0.871271
0.87032
0.869344
0.868342
0.867315
0.866263
0.865188
0.864091
0.862973
0.861835
0.860678
0.859504
0.858315
0.857112
0.855897
0.854672
0.853439
0.852201
0.850959
0.849717
0.848478
0.847244
0.846018
0.844803
0.843602
0.842418
0.841254
0.840113
0.839
0.837916
0.836865
0.83585
0.834875
0.833942
0.833055
0.832217
0.831432
0.830701
0.830027
0.829413
0.828861
0.828375
0.827955
0.827605
0.827326
0.827119
0.826986
0.826928
0.826947
0.827042
0.827215
0.827465
0.827793
0.8282
0.828684
0.829246
0.829884
0.830598
0.831386
0.832248
0.833182
0.834186
0.835259
0.836399
0.837603
0.83887
0.840197
0.841581
0.843019
0.84451
0.846049
0.847634
0.849261
0.850927
0.852629
0.854364
0.856129
0.857919
0.859732
0.861565
0.863413
0.865274
0.867146
0.869024
0.870905
0.872786
0.874663
0.876534
0.878396
0.880245
0.88208
0.883897
0.885694
0.887468
0.889217
0.890938
0.892631
0.894292
0.89592
0.897513
0.89907
0.900588
0.902066
0.903502
0.904896
0.906246
0.90755
0.908809
0.91002
0.911183
0.912298
0.913363
0.914378
0.915342
0.916255
0.917116
0.917924
0.91868
0.919383
0.920033
0.920629
0.921172
0.921662
0.922097
0.922478
0.922805
0.923079
0.923298
0.923463
0.923575
0.923633
0.923637
0.923587
0.923484
0.923327
0.923116
0.922854
0.922539
0.922173
0.921754
0.921283
0.920761
0.920188
0.919564
0.91889
0.918167
0.917394
0.916574
0.915706
0.914791
0.91383
0.912823
0.911771
0.910675
0.909535
0.908353
0.90713
0.905866
0.904563
0.903222
0.901844
0.900431
0.898984
0.897505
0.895995
0.894456
0.892888
0.891295
0.889677
0.888036
0.886375
0.884694
0.882997
0.881286
0.879562
0.877827
0.876084
0.874334
0.872581
0.870827
0.869074
0.867324
0.86558
0.863843
0.862118
0.860405
0.858708
0.857029
0.855371
0.853735
0.852125
0.850542
0.84899
0.847469
0.845983
0.844535
0.843126
0.841758
0.840433
0.839154
0.837922
0.836739
0.835608
0.834529
0.833504
0.832536
0.831625
0.830773
0.829982
0.829252
0.828585
0.827982
0.827443
0.826969
0.826561
0.82622
0.825946
0.825739
0.825599
0.825527
0.825523
0.825586
0.825717
0.825914
0.826179
0.826509
0.826905
0.827366
0.82789
0.828478
0.829127
0.829837
0.830607
0.831436
0.832321
0.833263
0.834258
0.835305
0.836404
0.837552
0.838747
0.839988
0.841273
0.842598
0.843964
0.845366
0.846804
0.848275
0.849776
0.851307
0.852863
0.854443
0.856044
0.857664
0.8593
0.860951
0.862612
0.864283
0.86596
0.867641
0.869324
0.871006
0.872684
0.874356
0.876019
0.877671
0.879309
0.880932
0.882536
0.88412
0.885681
0.887217
0.888726
0.890204
0.891651
0.893063
0.894441
0.89578
0.897079
0.898337
0.899551
0.900721
0.901844
0.902918
0.903944
0.904919
0.905842
0.906711
0.907525
0.908284
0.908987
0.909633
0.91022
0.910749
0.911219
0.91163
0.91198
0.912271
0.912502
0.912674
0.912786
0.912839
0.912833
0.912767
0.912643
0.912461
0.912222
0.911925
0.911573
0.911166
0.910706
0.910192
0.909628
0.909013
0.908349
0.907638
0.906882
0.906082
0.905239
0.904355
0.903432
0.902472
0.901477
0.900449
0.899388
0.898298
0.89718
0.896037
0.89487
0.893683
0.892476
0.891252
0.890014
0.888762
0.8875
0.88623
0.884953
0.883672
0.882388
0.881105
0.879825
0.878549
0.877279
0.876019
0.874769
0.873531
0.872309
0.871105
0.869918
0.868753
0.86761
0.866491
0.865398
0.864333
0.863297
0.862292
0.861319
0.860379
0.859475
0.858607
0.857776
0.856985
0.856233
0.855522
0.854852
0.854225
0.853641
0.853101
0.852606
0.852156
0.851751
0.851393
0.85108
0.850814
0.850594
0.850421
0.850294
0.850214
0.850181
0.850193
0.850252
0.850357
0.850507
0.850703
0.850943
0.851228
0.851556
0.851926
0.852338
0.852792
0.853285
0.853818
0.854389
0.854996
0.85564
0.856318
0.85703
0.857774
0.858548
0.859353
0.860185
0.861045
0.861929
0.862837
0.863767
0.864717
0.865686
0.866671
0.867673
0.868688
0.869715
0.870752
0.871797
0.872849
0.873906
0.874965
0.876026
0.877087
0.878145
0.8792
0.880248
0.88129
0.882322
0.883343
0.884352
0.885348
0.886328
0.887291
0.888238
0.889166
0.890073
0.890959
0.891823
0.892664
0.893481
0.894272
0.895038
0.895776
0.896487
0.89717
0.897824
0.898451
0.899049
0.899617
0.900155
0.900663
0.901141
0.901589
0.902008
0.902396
0.902754
0.903083
0.903382
0.903652
0.903893
0.904105
0.904289
0.904446
0.904575
0.904676
0.904751
0.904799
0.904822
0.904819
0.904792
0.904739
0.904662
0.904561
0.904437
0.904289
0.904119
0.903926
0.903711
0.903475
0.903218
0.902939
0.902641
0.902322
0.901983
0.901624
0.901245
0.900847
0.90043
0.899995
0.899542
0.89907
0.89858
0.898072
0.897547
0.897004
0.896444
0.895867
0.895274
0.894663
0.894037
0.893394
0.892734
0.892059
0.891369
0.890663
0.889943
0.889207
0.888458
0.887694
0.886916
0.886125
0.885321
0.884504
0.883675
0.882834
0.881982
0.881118
0.880244
0.87936
0.878467
0.877566
0.876656
0.87574
0.874816
0.873888
0.872955
0.872018
0.871079
0.870138
0.869196
0.868256
0.867317
0.866381
0.865449
0.864523
0.863603
0.862691
0.861789
0.860896
0.860016
0.859148
0.858296
0.85746
0.856641
0.855841
0.855062
0.854304
0.853569
0.852859
0.852174
0.851515
0.850885
0.850283
0.849712
0.849171
0.848662
0.848186
0.847742
0.847331
0.846954
0.846611
0.846301
0.846024
0.845781
0.845571
0.845393
0.845247
0.845131
0.845045
0.844987
0.844955
0.844948
0.844966
0.845004
0.845064
0.845141
0.845234
0.845341
0.845459
0.845587
0.845723
0.845864
0.846008
0.846153
0.846295
0.846434
0.846565
0.846689
0.846802
0.846902
0.846989
0.84706
0.847114
0.847148
0.847161
0.847154
0.847124
0.84707
0.846992
0.846888
0.846759
0.846605
0.846424
0.846217
0.845985
0.845728
0.845446
0.84514
0.844811
0.844459
0.844086
0.843694
0.843282
0.842854
0.842409
0.841951
0.84148
0.840999
0.84051
0.840015
0.839516
0.839015
0.838515
0.838017
0.837524
0.837038
0.836561
0.836097
0.835648
0.835214
0.8348
0.834407
0.834037
0.833693
0.833377
0.833091
0.832838
0.832618
0.832435
0.83229
0.832185
0.832121
0.8321
0.832124
0.832193
0.83231
0.832475
0.83269
0.832955
0.833271
0.833639
0.83406
0.834534
0.835062
0.835643
0.836278
0.836966
0.837708
0.838503
0.839351
0.840252
0.841204
0.842208
0.843261
0.844364
0.845515
0.846713
0.847956
0.849244
0.850574
0.851946
0.853357
0.854806
0.856292
0.857812
0.859365
0.860949
0.862562
0.864202
0.865867
0.867553
0.86926
0.870986
0.872729
0.874486
0.876255
0.878034
0.87982
0.881612
0.883406
0.885201
0.886995
0.888785
0.890569
0.892345
0.894111
0.895866
0.897606
0.899331
0.901037
0.902723
0.904386
0.906026
0.907639
0.909225
0.91078
0.912305
0.913795
0.915252
0.916671
0.918053
0.919396
0.920697
0.921956
0.923172
0.924342
0.925467
0.926544
0.927573
0.928552
0.92948
0.930357
0.931181
0.931952
0.932669
0.93333
0.933936
0.934484
0.934976
0.93541
0.935787
0.936105
0.936364
0.936563
0.936703
0.936782
0.936802
0.936761
0.93666
0.9365
0.936279
0.936
0.93566
0.935262
0.934804
0.934288
0.933713
0.933081
0.932392
0.931645
0.930842
0.929984
0.929072
0.928106
0.927087
0.926016
0.924895
0.923724
0.922505
0.921238
0.919926
0.91857
0.91717
0.915728
0.914246
0.912726
0.911168
0.909574
0.907946
0.906286
0.904596
0.902876
0.90113
0.899359
0.897564
0.895749
0.893913
0.892059
0.89019
0.888306
0.886411
0.884505
0.882591
0.88067
0.878744
0.876815
0.874885
0.872956
0.871029
0.869106
0.867189
0.865279
0.863378
0.861488
0.859609
0.857743
0.855892
0.854057
0.852238
0.850439
0.848659
0.846901
0.845165
0.843454
0.841767
0.840105
0.838469
0.836861
0.835282
0.833731
0.832211
0.830721
0.829262
0.827836
0.826443
0.825083
0.823758
0.822468
0.821213
0.819996
0.818816
0.817673
0.816568
0.815503
0.814476
0.813489
0.812543
0.811637
0.810773
0.80995
0.809169
0.80843
0.807734
0.807079
0.806468
0.8059
0.805375
0.804893
0.804455
0.804059
0.803707
0.803397
0.80313
0.802905
0.802722
0.802581
0.802481
0.802423
0.802405
0.802427
0.802488
0.802588
0.802726
0.8029
0.80311
0.803356
0.803636
0.803949
0.804295
0.804673
0.805081
0.805519
0.805984
0.806477
0.806997
0.807541
0.808109
0.8087
0.809313
0.809946
0.810599
0.81127
0.811959
0.812664
0.813385
0.81412
0.814868
0.815629
0.816403
0.817187
0.817981
0.818784
0.819595
0.820414
0.821239
0.822071
0.822907
0.823749
0.824594
0.825443
0.826296
0.827151
0.828008
0.828867
0.829727
0.830588
0.83145
0.832313
0.833176
0.834039
0.834901
0.835763
0.836623
0.837482
0.83834
0.839196
0.84005
0.840903
0.841754
0.842604
0.843451
0.844297
0.84514
0.845982
0.846821
0.847657
0.848491
0.849323
0.850151
0.850976
0.851798
0.852616
0.853431
0.854242
0.855049
0.855852
0.85665
0.857442
0.858229
0.85901
0.859785
0.860553
0.861313
0.862066
0.862811
0.863547
0.864274
0.864991
0.865698
0.866394
0.867078
0.867751
0.868411
0.869058
0.86969
0.870309
0.870912
0.871499
0.872069
0.872622
0.873158
0.873674
0.874171
0.874648
0.875105
0.875541
0.875956
0.876349
0.876719
0.877066
0.877389
0.877689
0.877963
0.878214
0.878439
0.878638
0.878812
0.878959
0.879081
0.879176
0.879244
0.879286
0.879301
0.87929
0.879253
0.879189
0.879099
0.878982
0.87884
0.878673
0.878479
0.87826
0.878015
0.877746
0.877452
0.877134
0.876791
0.876426
0.876037
0.875626
0.875192
0.874737
0.874261
0.873765
0.873249
0.872714
0.872161
0.871591
0.871004
0.8704
0.869781
0.869147
0.868499
0.867837
0.867163
0.866477
0.86578
0.865074
0.864357
0.863632
0.862899
0.862159
0.861413
0.860661
0.859904
0.859143
0.858378
0.85761
0.85684
0.856068
0.855295
0.854522
0.853749
0.852976
0.852204
0.851435
0.850667
0.849902
0.84914
0.848382
0.847627
0.846877
0.846131
0.84539
0.844654
0.843922
0.843196
0.842475
0.841761
0.841052
0.84035
0.839653
0.838964
0.838281
0.837605
0.836936
0.836275
0.835621
0.834976
0.834339
0.833711
0.833092
0.832483
0.831883
0.831294
0.830716
0.830149
0.829595
0.829054
0.828526
0.828012
0.827513
0.827029
0.826561
0.826109
0.825675
0.825259
0.824862
0.824484
0.824127
0.823792
0.823479
0.823189
0.822922
0.82268
0.822463
0.822273
0.82211
0.821975
0.821869
0.821793
0.821748
0.821734
0.821751
0.821799
0.82188
0.821995
0.822142
0.822323
0.822538
0.822787
0.823069
0.823386
0.823737
0.824122
0.824542
0.824996
0.825484
0.826006
0.82656
0.827148
0.827767
0.828419
0.829101
0.829814
0.830556
0.831327
0.832126
0.832952
0.833805
0.834683
0.835586
0.836512
0.837461
0.83843
0.839421
0.84043
0.841458
0.842503
0.843564
0.84464
0.845729
0.84683
0.847942
0.849065
0.850196
0.851336
0.852482
0.853633
0.85479
0.855949
0.857112
0.858275
0.859439
0.860602
0.861764
0.862924
0.86408
0.865232
0.866379
0.867519
0.868653
0.86978
0.870898
0.872007
0.873106
0.874196
0.875274
0.87634
0.877394
0.878436
0.879463
0.880477
0.881477
0.882461
0.88343
0.884383
0.88532
0.886241
0.887145
0.888031
0.8889
0.88975
0.890582
0.891395
0.892189
0.892964
0.893718
0.894453
0.895167
0.89586
0.896532
0.897183
0.897814
0.898423
0.89901
0.899576
0.900121
0.900644
0.901144
0.901623
0.90208
0.902513
0.902925
0.903314
0.90368
0.904024
0.904346
0.904646
0.904923
0.905179
0.905413
0.905625
0.905816
0.905985
0.906132
0.906259
0.906364
0.906449
0.906515
0.90656
0.906587
0.906595
0.906584
0.906555
0.906508
0.906445
0.906364
0.906268
0.906156
0.906029
0.905887
0.90573
0.90556
0.905376
0.905179
0.90497
0.904749
0.904516
0.904273
0.90402
0.903756
0.903484
0.903202
0.902913
0.902616
0.902311
0.901999
0.901681
0.901356
0.901026
0.900691
0.90035
0.900005
0.899656
0.899302
0.898945
0.898584
0.898219
0.897851
0.897481
0.897108
0.896734
0.896357
0.895979
0.895599
0.895218
0.894835
0.894451
0.894066
0.89368
0.893293
0.892905
0.892517
0.892128
0.891739
0.891351
0.890962
0.890573
0.890184
0.889795
0.889406
0.889017
0.888629
0.888241
0.887855
0.887469
0.887084
0.886701
0.88632
0.885941
0.885564
0.885189
0.884816
0.884445
0.884077
0.883712
0.883349
0.88299
0.882634
0.882282
0.881934
0.88159
0.88125
0.880915
0.880585
0.88026
0.87994
0.879625
0.879316
0.879012
0.878714
0.878423
0.878137
0.877858
0.877586
0.877321
0.877064
0.876813
0.876571
0.876337
0.876111
0.875893
0.875682
0.87548
0.875287
0.875102
0.874925
0.874758
0.874599
0.87445
0.874309
0.874177
0.874054
0.873939
0.873834
0.873737
0.873649
0.873569
0.873498
0.873435
0.873381
0.873334
0.873296
0.873266
0.873243
0.873228
0.873221
0.873221
0.873229
0.873244
0.873267
0.873296
0.873333
0.873375
0.873425
0.87348
0.873541
0.873608
0.873679
0.873757
0.873838
0.873925
0.874016
0.874112
0.874212
0.874315
0.874423
0.874534
0.874649
0.874768
0.874889
0.875014
0.875141
0.875272
0.875406
0.875543
0.875682
0.875824
0.875969
0.876117
0.876267
0.876419
0.876574
0.876731
0.876891
0.877052
0.877216
0.877382
0.877549
0.877719
0.87789
0.878064
0.87824
0.878417
0.878598
0.87878
0.878963
0.879149
0.879336
0.879524
0.879714
0.879906
0.880099
0.880294
0.880491
0.880689
0.880888
0.881089
0.881292
0.881495
0.881699
0.881903
0.882109
0.882314
0.88252
0.882725
0.88293
0.883133
0.883335
0.883535
0.883733
0.883929
0.884122
0.884313
0.8845
0.884684
0.884863
0.885039
0.88521
0.885376
0.885537
0.885692
0.885842
0.885984
0.88612
0.886249
0.886371
0.886484
0.88659
0.886687
0.886776
0.886855
0.886926
0.886988
0.88704
0.887081
0.887112
0.887132
0.887142
0.887141
0.88713
0.887108
0.887075
0.887031
0.886976
0.88691
0.886834
0.886747
0.886649
0.886541
0.886422
0.886294
0.886155
0.886008
0.88585
0.885685
0.885511
0.885328
0.885139
0.884943
0.88474
0.884532
0.884319
0.884101
0.883879
0.883653
0.883424
0.883194
0.882961
0.882728
0.882494
0.88226
0.882028
0.881797
0.881568
0.881342
0.881119
0.880901
0.880687
0.880478
0.880275
0.880079
0.879889
0.879707
0.879532
0.879365
0.879206
0.879056
0.878915
0.878782
0.878657
0.878542
0.878436
0.878338
0.878248
0.878167
0.878094
0.878028
0.877969
0.877917
0.877871
0.877831
0.877797
0.877767
0.877742
0.87772
0.877701
0.877684
0.877668
0.877653
0.877637
0.87762
0.877601
0.87758
0.877555
0.877525
0.877491
0.877451
0.877403
0.877349
0.877287
0.877217
0.877138
0.877049
0.876951
0.876842
0.876723
0.876593
0.876451
0.876297
0.876131
0.875952
0.875762
0.87556
0.875346
0.875121
0.874884
0.874636
0.874376
0.874106
0.873824
0.873532
0.87323
0.872918
0.872597
0.872267
0.871928
0.871582
0.871228
0.870867
0.870499
0.870125
0.869745
0.86936
0.86897
0.868576
0.868177
0.867776
0.86737
0.866962
0.86655
0.866137
0.865721
0.865303
0.864882
0.86446
0.864035
0.863609
0.86318
0.862751
0.862319
0.861886
0.861451
0.861013
0.860574
0.860132
0.859688
0.859241
0.858792
0.858339
0.857884
0.857425
0.856963
0.856497
0.856027
0.855553
0.855075
0.854593
0.854106
0.853614
0.853117
0.852616
0.85211
0.8516
0.851085
0.850565
0.85004
0.849511
0.848977
0.84844
0.847898
0.847353
0.846805
0.846254
0.845701
0.845145
0.844587
0.844028
0.843468
0.842907
0.842345
0.841785
0.841226
0.840668
0.840111
0.839558
0.839008
0.838462
0.837922
0.837386
0.836857
0.836334
0.835819
0.835311
0.834811
0.83432
0.83384
0.833369
0.83291
0.832462
0.832027
0.831606
0.831197
0.830803
0.830423
0.830057
0.829708
0.829375
0.829058
0.828759
0.828477
0.828214
0.827969
0.827744
0.827538
0.827351
0.827184
0.827037
0.826911
0.826807
0.826723
0.826662
0.826623
0.826607
0.826614
0.826645
0.826699
0.826777
0.82688
0.827008
0.827161
0.827341
0.827547
0.82778
0.82804
0.828329
0.828646
0.828993
0.829369
0.829776
0.830213
0.830682
0.831183
0.831716
0.832282
0.832882
0.833516
0.834184
0.834887
0.835625
0.836398
0.837207
0.838051
0.838932
0.839847
0.840799
0.841786
0.842809
0.843866
0.844958
0.846083
0.847241
0.848431
0.849651
0.850901
0.85218
0.853486
0.854818
0.856175
0.857554
0.858955
0.860375
0.861812
0.863265
0.864731
0.866208
0.867694
0.869187
0.870684
0.872184
0.873684
0.875181
0.876674
0.878159
0.879637
0.881103
0.882555
0.883992
0.88541
0.886808
0.888184
0.889535
0.890859
0.892156
0.893422
0.894656
0.895856
0.897021
0.898149
0.899239
0.900289
0.901298
0.902264
0.903186
0.904063
0.904894
0.905677
0.906414
0.907102
0.90774
0.908328
0.908865
0.90935
0.909784
0.910165
0.910493
0.910769
0.910991
0.91116
0.911276
0.91134
0.91135
0.911307
0.911212
0.911065
0.910866
0.910616
0.910315
0.909965
0.909565
0.909116
0.908619
0.908075
0.907485
0.90685
0.90617
0.905446
0.90468
0.903874
0.903027
0.902142
0.901219
0.900259
0.899265
0.898237
0.897178
0.896087
0.894967
0.893818
0.892642
0.891441
0.890216
0.888968
0.8877
0.886412
0.885105
0.883781
0.882442
0.881089
0.879723
0.878345
0.876957
0.87556
0.874155
0.872743
0.871326
0.869905
0.86848
0.867054
0.865627
0.8642
0.862774
0.86135
0.85993
0.858514
0.857104
0.855698
0.8543
0.85291
0.851527
0.850155
0.848792
0.84744
0.846099
0.844772
0.843458
0.842159
0.840874
0.839604
0.83835
0.837114
0.835895
0.834695
0.833513
0.832352
0.831211
0.830091
0.828993
0.827919
0.826868
0.825841
0.824839
0.823862
0.822912
0.821989
0.821094
0.820226
0.819387
0.818577
0.817797
0.817046
0.816325
0.815635
0.814975
0.814346
0.813747
0.81318
0.812643
0.812137
0.811661
0.811215
0.810799
0.810413
0.810055
0.809727
0.809425
0.809151
0.808902
0.808678
0.808478
0.808301
0.808146
0.808012
0.807898
0.807802
0.807723
0.80766
0.807612
0.807577
0.807554
0.807542
0.80754
0.807546
0.807559
0.807579
0.807603
0.807631
0.807661
0.807693
0.807726
0.807759
0.80779
0.80782
0.807848
0.807873
0.807894
0.807911
0.807924
0.807933
0.807938
0.807938
0.807934
0.807925
0.807912
0.807895
0.807875
0.807852
0.807826
0.807797
0.807767
0.807735
0.807702
0.807669
0.807636
0.807604
0.807574
0.807547
0.807522
0.807502
0.807486
0.807475
0.80747
0.807473
0.807483
0.807501
0.807528
0.807564
0.807609
0.807664
0.807729
0.807804
0.807889
0.807985
0.808091
0.808209
0.808337
0.808476
0.808626
0.808785
0.808954
0.809133
0.809321
0.809517
0.809723
0.809936
0.810156
0.810383
0.810617
0.810856
0.8111
0.811348
0.8116
0.811855
0.812112
0.812371
0.812632
0.812893
0.813155
0.813416
0.813677
0.813937
0.814196
0.814454
0.81471
0.814964
0.815217
0.815467
0.815716
0.815963
0.816207
0.81645
0.816692
0.816934
0.817174
0.817415
0.817655
0.817896
0.818137
0.818381
0.818627
0.818875
0.819127
0.819383
0.819644
0.81991
0.820184
0.820464
0.820752
0.821048
0.821354
0.821671
0.821998
0.822337
0.822687
0.823051
0.823429
0.823821
0.824228
0.824652
0.825092
0.825549
0.826024
0.826515
0.827025
0.827554
0.828101
0.828667
0.829253
0.829858
0.830483
0.831129
0.831794
0.832479
0.833184
0.833909
0.834653
0.835417
0.836201
0.837003
0.837823
0.838661
0.839516
0.840389
0.841277
0.842181
0.843101
0.844034
0.844981
0.845941
0.846913
0.847895
0.848888
0.84989
0.8509
0.851917
0.852941
0.853969
0.855002
0.856037
0.857074
0.858113
0.859151
0.860188
0.861222
0.862252
0.863277
0.864296
0.865308
0.866311
0.867305
0.868288
0.869259
0.870216
0.871158
0.872085
0.872994
0.873886
0.874758
0.875608
0.876437
0.877242
0.878023
0.878778
0.879506
0.880206
0.880876
0.881515
0.882121
0.882694
0.883232
0.883735
0.8842
0.884628
0.885016
0.885364
0.88567
0.885933
0.886152
0.886326
0.886454
0.886535
0.886568
0.886552
0.886486
0.88637
0.886202
0.885983
0.885711
0.885386
0.885008
0.884577
0.884093
0.883554
0.882962
0.882316
0.881616
0.880863
0.880058
0.879201
0.878292
0.877334
0.876325
0.875269
0.874166
0.873016
0.871823
0.870587
0.86931
0.867995
0.866643
0.865257
0.863838
0.86239
0.860916
0.859417
0.857897
0.856359
0.854805
0.853239
0.851663
0.850082
0.848497
0.846914
0.845336
0.843765
0.842205
0.840661
0.839135
0.83763
0.836152
0.834702
0.833285
0.831904
0.830563
0.829266
0.828014
0.826811
0.82566
0.824564
0.823525
0.822547
0.821632
0.820781
0.819997
0.819282
0.818636
0.818063
0.817562
0.817135
0.816783
0.816505
0.816302
0.816175
0.816122
0.816144
0.81624
0.816408
0.816649
0.816959
0.817339
0.817786
0.818298
0.818873
0.819509
0.820203
0.820954
0.821757
0.822611
0.823512
0.824458
0.825444
0.826469
0.827528
0.828619
0.829739
0.830883
0.83205
0.833236
0.834437
0.835652
0.836875
0.838105
0.839338
0.840571
0.841802
0.843028
0.844246
0.845455
0.846652
0.847834
0.848999
0.850145
0.851271
0.852373
0.853451
0.854503
0.855528
0.856524
0.85749
0.858425
0.859328
0.860198
0.861035
0.861838
0.862607
0.863341
0.86404
0.864704
0.865334
0.865929
0.866489
0.867015
0.867508
0.867967
0.868394
0.868789
0.869153
0.869487
0.869792
0.870068
0.870317
0.87054
0.870738
0.870911
0.871061
0.87119
0.871298
0.871387
0.871458
0.871511
0.871549
0.871572
0.871582
0.87158
0.871566
0.871542
0.87151
0.871469
0.87142
0.871366
0.871306
0.871242
0.871174
0.871103
0.87103
0.870954
0.870877
0.870799
0.870719
0.870639
0.870558
0.870478
0.870397
0.870316
0.870235
0.870153
0.870071
0.869987
0.869902
0.869816
0.869727
0.869635
0.869541
0.869443
0.869341
0.869234
0.869122
0.869005
0.86888
0.868748
0.868608
0.86846
0.868302
0.868134
0.867956
0.867766
0.867565
0.867352
0.867126
0.866887
0.866634
0.866368
0.866087
0.865792
0.865481
0.865156
0.864815
0.864458
0.864087
0.863701
0.8633
0.862884
0.862454
0.862009
0.86155
0.861077
0.860592
0.860093
0.859583
0.859062
0.858531
0.85799
0.857441
0.856884
0.856321
0.855753
0.855182
0.854607
0.85403
0.853453
0.852877
0.852303
0.851732
0.851166
0.850606
0.850054
0.84951
0.848977
0.848455
0.847945
0.84745
0.84697
0.846506
0.84606
0.845633
0.845226
0.844839
0.844474
0.844132
0.843813
0.843518
0.843248
0.843003
0.842783
0.842589
0.842422
0.842281
0.842166
0.842078
0.842016
0.84198
0.841969
0.841984
0.842023
0.842085
0.842171
0.842279
0.842409
0.84256
0.842731
0.84292
0.843127
0.843352
0.843592
0.843847
0.844116
0.844397
0.844689
0.844992
0.845304
0.845624
0.845951
0.846282
0.846619
0.846958
0.8473
0.847643
0.847985
0.848326
0.848665
0.849001
0.849333
0.849661
0.849984
0.8503
0.850609
0.850911
0.851203
0.851486
0.85176
0.852023
0.852275
0.852517
0.852747
0.852965
0.853171
0.853365
0.853547
0.853717
0.853873
0.854018
0.85415
0.85427
0.854377
0.854472
0.854554
0.854624
0.854682
0.854728
0.854762
0.854786
0.854799
0.854802
0.854795
0.854779
0.854754
0.85472
0.854678
0.854629
0.854572
0.854509
0.854441
0.854367
0.854289
0.854207
0.854122
0.854034
0.853944
0.853854
0.853763
0.853672
0.853582
0.853495
0.85341
0.853329
0.853253
0.853182
0.853117
0.85306
0.85301
0.852969
0.852938
0.852916
0.852905
0.852906
0.852921
0.852948
0.852991
0.853048
0.85312
0.853209
0.853316
0.853439
0.853582
0.853744
0.853925
0.854126
0.854349
0.854593
0.854858
0.855145
0.855453
0.855784
0.856136
0.856512
0.85691
0.857329
0.857771
0.858235
0.85872
0.859227
0.859755
0.860304
0.860872
0.86146
0.862068
0.862694
0.863339
0.864
0.864678
0.865372
0.866081
0.866804
0.86754
0.868289
0.86905
0.869823
0.870607
0.871401
0.872203
0.873014
0.873833
0.874658
0.87549
0.876328
0.87717
0.878017
0.878867
0.879721
0.880579
0.88144
0.882302
0.883167
0.884032
0.884899
0.885767
0.886636
0.887506
0.888375
0.889246
0.890116
0.890987
0.891858
0.892729
0.893601
0.894473
0.895346
0.896219
0.897094
0.897969
0.898845
0.899722
0.9006
0.90148
0.902361
0.903244
0.90413
0.905019
0.90591
0.906804
0.9077
0.9086
0.909503
0.91041
0.911319
0.912233
0.913151
0.914072
0.914998
0.915929
0.916864
0.917804
0.918749
0.919699
0.920654
0.921614
0.92258
0.923551
0.924526
0.925506
0.926491
0.927482
0.928476
0.929475
0.930477
0.931484
0.932494
0.933507
0.934524
0.935542
0.936563
0.937586
0.93861
0.939635
0.940659
0.941683
0.942705
0.943725
0.944742
0.945754
0.946762
0.947765
0.948761
0.949749
0.950729
0.951699
0.952659
0.953606
0.95454
0.955459
0.956363
0.95725
0.958119
0.958969
0.959798
0.960605
0.96139
0.96215
0.962884
0.96359
0.964268
0.964916
0.965532
0.966116
0.966667
0.967182
0.967662
0.968103
0.968507
0.96887
0.969191
0.969471
0.969707
0.969899
0.970045
0.970145
0.970198
0.970204
0.970161
0.97007
0.969929
0.969739
0.969498
0.969207
0.968865
0.968472
0.968028
0.967534
0.966988
0.966391
0.965746
0.965051
0.964308
0.963516
0.962678
0.961794
0.960864
0.959891
0.958875
0.957818
0.956721
0.955587
0.954416
0.953212
0.951976
0.950709
0.949415
0.948096
0.946754
0.94539
0.94401
0.942614
0.941205
0.939786
0.938359
0.936928
0.935495
0.934062
0.932633
0.93121
0.929794
0.92839
0.926998
0.925622
0.924263
0.922922
0.921603
0.920306
0.919034
0.917787
0.916568
0.915378
0.914218
0.913088
0.911989
0.910922
0.909888
0.908887
0.907919
0.906983
0.90608
0.905209
0.904369
0.903561
0.902783
0.902035
0.901315
0.900625
0.899961
0.899323
0.89871
0.89812
0.897552
0.897005
0.896478
0.89597
0.895479
0.895005
0.894545
0.8941
0.893666
0.893244
0.892832
0.892429
0.892033
0.891645
0.891262
0.890884
0.89051
0.89014
0.889772
0.889407
0.889042
0.888679
0.888316
0.887954
0.887591
0.887227
0.886862
0.886496
0.886129
0.885761
0.885391
0.88502
0.884647
0.884273
0.883898
0.883522
0.883146
0.882769
0.882392
0.882016
0.88164
0.881266
0.880894
0.880524
0.880156
0.879792
0.879432
0.879076
0.878726
0.878381
0.878043
0.877712
0.877389
0.877074
0.876769
0.876472
0.876186
0.875912
0.875648
0.875397
0.875159
0.874933
0.874721
0.874524
0.87434
0.874172
0.874019
0.873881
0.87376
0.873655
0.873566
0.873494
0.873439
0.8734
0.873378
0.873373
0.873384
0.873412
0.873457
0.873518
0.873595
0.873688
0.873797
0.87392
0.874059
0.874212
0.874378
0.874558
0.874752
0.874958
0.875175
0.875403
0.875642
0.875889
0.876146
0.876411
0.876683
0.876961
0.877245
0.877533
0.877826
0.878121
0.878419
0.878718
0.879018
0.879317
0.879615
0.87991
0.880203
0.880492
0.880776
0.881054
0.881327
0.881592
0.881849
0.882098
0.882338
0.882568
0.882788
0.882997
0.883195
0.883381
0.883554
0.883713
0.883859
0.883991
0.884109
0.884212
0.8843
0.884373
0.88443
0.884471
0.884496
0.884505
0.884498
0.884475
0.884435
0.88438
0.884308
0.884219
0.884114
0.883992
0.883854
0.883699
0.883528
0.883341
0.883139
0.882921
0.882688
0.88244
0.882177
0.881901
0.88161
0.881306
0.880989
0.880659
0.880317
0.879963
0.879598
0.879221
0.878833
0.878435
0.878028
0.877611
0.877186
0.876752
0.876311
0.875863
0.875408
0.874947
0.874479
0.874007
0.873529
0.873046
0.872559
0.872069
0.871575
0.871078
0.870578
0.870075
0.869571
0.869065
0.868558
0.86805
0.867542
0.867032
0.866523
0.866014
0.865506
0.864997
0.86449
0.863984
0.863479
0.862975
0.862473
0.861973
0.861475
0.860979
0.860484
0.859992
0.859503
0.859016
0.858531
0.85805
0.857572
0.857097
0.856626
0.856157
0.855693
0.855234
0.854779
0.854328
0.853883
0.853443
0.85301
0.852582
0.852161
0.851747
0.851342
0.850945
0.850556
0.850177
0.849807
0.849448
0.8491
0.848763
0.848439
0.848128
0.847831
0.847549
0.847282
0.847031
0.846796
0.846579
0.84638
0.846199
0.846038
0.845898
0.845779
0.845682
0.845606
0.845553
0.845522
0.845515
0.845531
0.845571
0.845635
0.845725
0.845839
0.845978
0.846142
0.846332
0.846547
0.846787
0.847053
0.847344
0.847661
0.848003
0.848369
0.848759
0.849173
0.849611
0.850071
0.850555
0.851061
0.851589
0.852138
0.852707
0.853296
0.853905
0.854532
0.855178
0.855842
0.856522
0.857218
0.857929
0.858654
0.859395
0.860149
0.860915
0.861692
0.862481
0.863279
0.864086
0.864902
0.865726
0.866556
0.867391
0.868231
0.869075
0.869923
0.870772
0.871623
0.872474
0.873325
0.874175
0.875023
0.875867
0.876707
0.877542
0.878371
0.879194
0.880009
0.880815
0.881611
0.882396
0.88317
0.883931
0.884679
0.885413
0.886131
0.886834
0.88752
0.888188
0.888837
0.889468
0.890078
0.890667
0.891235
0.89178
0.892302
0.892801
0.893275
0.893724
0.894149
0.894547
0.894919
0.895264
0.895581
0.895871
0.896133
0.896367
0.896573
0.89675
0.8969
0.897022
0.897115
0.89718
0.897216
0.897224
0.897204
0.897156
0.89708
0.896976
0.896845
0.896688
0.896503
0.896293
0.896059
0.895799
0.895517
0.895211
0.894883
0.894534
0.894164
0.893774
0.893366
0.892939
0.892496
0.892036
0.891561
0.891072
0.89057
0.890057
0.889533
0.888999
0.888457
0.887907
0.887351
0.886791
0.886227
0.88566
0.885091
0.884523
0.883955
0.883388
0.882823
0.882262
0.881705
0.881154
0.880609
0.880072
0.879543
0.879023
0.878512
0.878011
0.877521
0.877043
0.876577
0.876123
0.875682
0.875255
0.874841
0.874441
0.874056
0.873685
0.87333
0.872988
0.872662
0.87235
0.872053
0.87177
0.871501
0.871248
0.871008
0.870783
0.870572
0.870375
0.870192
0.870021
0.869864
0.86972
0.869589
0.869471
0.869365
0.869272
0.869191
0.869122
0.869065
0.869019
0.868985
0.868962
0.86895
0.868949
0.86896
0.868981
0.869013
0.869057
0.869111
0.869175
0.869251
0.869338
0.869436
0.869544
0.869664
