-5.59989
-5.59605
-5.59257
-5.58914
-5.58546
-5.58153
-5.5778
-5.57383
-5.56975
-5.56543
-5.56101
-5.55665
-5.55219
-5.54763
-5.54299
-5.53825
-5.53343
-5.52867
-5.52367
-5.5189
-5.5139
-5.50867
-5.50337
-5.498
-5.49227
-5.48678
-5.48139
-5.47595
-5.47046
-5.46464
-5.45893
-5.45335
-5.44745
-5.44154
-5.43592
-5.43031
-5.42456
-5.41897
-5.41295
-5.40682
-5.40118
-5.39589
-5.39035
-5.38487
-5.37917
-5.37369
-5.3686
-5.3633
-5.3584
-5.35391
-5.34969
-5.34497
-5.34054
-5.33638
-5.3322
-5.32832
-5.32427
-5.32022
-5.31632
-5.31242
-5.30882
-5.30523
-5.30225
-5.29927
-5.29661
-5.2941
-5.29145
-5.28896
-5.28678
-5.2846
-5.28288
-5.28101
-5.27944
-5.27757
-5.27615
-5.27488
-5.27389
-5.27289
-5.27203
-5.27145
-5.271
-5.27068
-5.27047
-5.27054
-5.27041
-5.26995
-5.27005
-5.27025
-5.2707
-5.27124
-5.27188
-5.27275
-5.27341
-5.27444
-5.27511
-5.27629
-5.27739
-5.27886
-5.28008
-5.28166
-5.28314
-5.28437
-5.28563
-5.28709
-5.28829
-5.28966
-5.29121
-5.29279
-5.29439
-5.296
-5.29733
-5.29896
-5.3009
-5.30225
-5.30389
-5.30553
-5.30716
-5.30894
-5.31025
-5.31184
-5.31327
-5.31498
-5.31651
-5.31878
-5.32011
-5.32172
-5.32345
-5.32485
-5.32652
-5.3277
-5.32899
-5.3301
-5.33132
-5.33266
-5.33366
-5.33477
-5.336
-5.33688
-5.33788
-5.33839
-5.33931
-5.3402
-5.34105
-5.34187
-5.34235
-5.34309
-5.34366
-5.34435
-5.34485
-5.34563
-5.34623
-5.34696
-5.34766
-5.34819
-5.3487
-5.3495
-5.34997
-5.35058
-5.35103
-5.35146
-5.35173
-5.35199
-5.3521
-5.35235
-5.35275
-5.35299
-5.35338
-5.35378
-5.35417
-5.35442
-5.35452
-5.35493
-5.35534
-5.35591
-5.35634
-5.35647
-5.35692
-5.35707
-5.35738
-5.35815
-5.35847
-5.35911
-5.3593
-5.35981
-5.36047
-5.36114
-5.36166
-5.36219
-5.36242
-5.36295
-5.36364
-5.36417
-5.36501
-5.36554
-5.36607
-5.3666
-5.36727
-5.36762
-5.36797
-5.36846
-5.36894
-5.36971
-5.37
-5.37044
-5.37055
-5.37109
-5.37131
-5.37181
-5.37214
-5.37259
-5.37271
-5.37295
-5.37301
-5.37304
-5.37334
-5.37345
-5.37368
-5.37357
-5.37387
-5.37399
-5.37361
-5.37349
-5.37332
-5.37326
-5.37301
-5.37316
-5.37295
-5.37285
-5.3724
-5.37204
-5.37148
-5.37116
-5.37064
-5.36976
-5.36882
-5.36767
-5.36646
-5.36519
-5.36415
-5.3629
-5.36174
-5.36051
-5.35951
-5.35784
-5.35625
-5.3549
-5.35347
-5.35152
-5.3495
-5.34755
-5.34538
-5.34359
-5.34112
-5.33872
-5.33595
-5.33356
-5.33125
-5.32901
-5.32639
-5.3237
-5.32123
-5.31869
-5.31608
-5.31309
-5.31004
-5.30691
-5.30401
-5.3012
-5.29801
-5.29461
-5.29176
-5.28823
-5.28465
-5.28115
-5.27745
-5.274
-5.2705
-5.26664
-5.26289
-5.2594
-5.25557
-5.2514
-5.24734
-5.24355
-5.23959
-5.2359
-5.23189
-5.22786
-5.22382
-5.21962
-5.21557
-5.21167
-5.20731
-5.20311
-5.19908
-5.19521
-5.19137
-5.18724
-5.18329
-5.17937
-5.1755
-5.17166
-5.16786
-5.16427
-5.16072
-5.15694
-5.15366
-5.15015
-5.1467
-5.14318
-5.13973
-5.13651
-5.13352
-5.13046
-5.12764
-5.12491
-5.12198
-5.11944
-5.117
-5.11421
-5.11182
-5.10969
-5.10752
-5.10546
-5.10366
-5.10197
-5.10041
-5.09866
-5.09703
-5.09567
-5.09414
-5.09303
-5.09221
-5.09105
-5.09034
-5.08975
-5.08914
-5.08882
-5.08848
-5.08828
-5.08852
-5.08858
-5.08894
-5.08943
-5.09006
-5.09083
-5.09157
-5.09306
-5.09437
-5.09552
-5.0971
-5.09865
-5.10063
-5.10259
-5.10436
-5.1064
-5.10855
-5.11051
-5.11303
-5.11551
-5.11792
-5.12044
-5.12319
-5.12617
-5.12939
-5.13252
-5.13558
-5.13854
-5.14171
-5.14508
-5.14835
-5.1518
-5.15528
-5.15879
-5.16217
-5.16587
-5.16942
-5.17282
-5.17638
-5.17961
-5.18314
-5.18634
-5.18967
-5.19312
-5.19608
-5.19946
-5.20294
-5.20637
-5.2099
-5.21291
-5.21587
-5.21876
-5.22173
-5.22463
-5.22731
-5.23005
-5.23242
-5.235
-5.2369
-5.23931
-5.24148
-5.24341
-5.2454
-5.24714
-5.24894
-5.25049
-5.25209
-5.25345
-5.255
-5.25676
-5.25796
-5.25892
-5.25977
-5.26067
-5.26177
-5.26246
-5.26276
-5.26356
-5.2641
-5.26424
-5.26459
-5.26453
-5.26423
-5.26398
-5.26379
-5.2635
-5.26372
-5.26324
-5.26253
-5.26157
-5.26099
-5.26016
-5.25956
-5.25888
-5.25797
-5.25669
-5.25564
-5.25437
-5.25319
-5.25195
-5.2505
-5.24885
-5.24731
-5.24557
-5.24379
-5.24243
-5.24043
-5.23857
-5.23683
-5.23509
-5.23348
-5.23172
-5.23012
-5.22837
-5.22678
-5.22476
-5.22292
-5.22126
-5.21994
-5.2182
-5.21666
-5.21502
-5.21344
-5.21207
-5.21076
-5.20968
-5.20836
-5.20728
-5.20613
-5.20536
-5.20453
-5.20379
-5.20284
-5.20244
-5.20184
-5.20194
-5.20153
-5.20122
-5.20132
-5.20181
-5.20225
-5.20234
-5.20282
-5.20325
-5.20361
-5.20437
-5.20521
-5.20584
-5.20624
-5.20716
-5.20801
-5.20922
-5.2108
-5.21198
-5.21306
-5.21418
-5.2155
-5.2167
-5.21777
-5.21947
-5.22074
-5.22202
-5.22345
-5.22489
-5.22647
-5.22788
-5.22928
-5.23066
-5.23187
-5.23319
-5.23463
-5.23587
-5.23707
-5.23823
-5.23948
-5.24052
-5.24136
-5.24228
-5.2433
-5.24439
-5.24512
-5.24578
-5.24621
-5.24672
-5.24746
-5.24798
-5.24843
-5.24834
-5.24849
-5.24856
-5.24871
-5.24849
-5.24804
-5.24798
-5.2477
-5.2475
-5.24739
-5.24707
-5.24593
-5.24519
-5.24469
-5.24415
-5.2434
-5.24276
-5.24192
-5.24119
-5.24028
-5.23933
-5.2385
-5.23765
-5.23677
-5.23541
-5.2342
-5.23312
-5.23158
-5.23049
-5.22925
-5.22831
-5.22722
-5.22615
-5.22493
-5.22388
-5.2233
-5.22229
-5.22131
-5.2205
-5.21958
-5.21853
-5.21798
-5.217
-5.21622
-5.21549
-5.21494
-5.21415
-5.21385
-5.21345
-5.2131
-5.21265
-5.21211
-5.21177
-5.21148
-5.21124
-5.21136
-5.21109
-5.21072
-5.2107
-5.21043
-5.21083
-5.21097
-5.21116
-5.2114
-5.2117
-5.21189
-5.21257
-5.21285
-5.21318
-5.21354
-5.21456
-5.215
-5.21549
-5.21615
-5.21686
-5.21744
-5.2182
-5.21915
-5.21997
-5.22036
-5.22107
-5.22196
-5.22288
-5.2238
-5.2249
-5.22572
-5.22655
-5.22769
-5.22886
-5.23003
-5.23137
-5.23258
-5.2338
-5.23488
-5.23582
-5.23693
-5.2382
-5.23949
-5.24049
-5.24165
-5.24268
-5.24389
-5.24511
-5.24635
-5.24746
-5.24874
-5.25005
-5.25138
-5.25274
-5.25368
-5.25479
-5.25624
-5.25757
-5.25924
-5.26109
-5.26283
-5.26431
-5.26597
-5.26768
-5.26912
-5.27091
-5.27274
-5.27462
-5.27623
-5.2782
-5.28005
-5.2818
-5.2839
-5.28619
-5.28808
-5.29061
-5.29318
-5.2958
-5.29801
-5.30055
-5.30269
-5.30501
-5.30737
-5.30976
-5.31234
-5.31525
-5.31773
-5.3204
-5.32279
-5.32565
-5.32823
-5.33129
-5.33391
-5.33669
-5.33933
-5.34229
-5.34494
-5.34791
-5.35072
-5.35338
-5.35633
-5.35898
-5.36162
-5.3647
-5.36731
-5.36991
-5.37279
-5.3758
-5.37849
-5.3813
-5.38393
-5.38654
-5.38926
-5.3918
-5.39415
-5.39662
-5.39905
-5.40144
-5.40379
-5.40655
-5.40881
-5.41103
-5.41305
-5.41533
-5.4174
-5.41958
-5.42141
-5.42304
-5.42491
-5.42673
-5.42881
-5.43052
-5.43188
-5.43334
-5.43504
-5.43653
-5.43812
-5.4395
-5.44082
-5.44208
-5.44299
-5.44429
-5.44538
-5.44671
-5.44783
-5.44858
-5.44943
-5.44961
-5.45034
-5.45115
-5.45205
-5.45259
-5.45307
-5.45363
-5.45398
-5.45442
-5.45449
-5.4548
-5.45459
-5.45477
-5.45473
-5.45433
-5.45402
-5.45424
-5.45395
-5.45344
-5.45317
-5.45237
-5.45167
-5.45075
-5.45006
-5.44946
-5.44835
-5.44762
-5.44637
-5.44537
-5.44445
-5.44301
-5.44182
-5.4404
-5.43893
-5.4377
-5.43625
-5.43443
-5.43286
-5.43123
-5.42954
-5.42809
-5.42643
-5.42456
-5.42308
-5.4211
-5.4189
-5.41681
-5.4148
-5.4123
-5.41004
-5.40803
-5.40598
-5.40357
-5.40111
-5.39846
-5.39591
-5.39347
-5.39099
-5.38846
-5.3859
-5.38299
-5.3799
-5.37738
-5.37438
-5.37164
-5.36873
-5.36564
-5.36282
-5.35969
-5.35668
-5.35366
-5.35077
-5.34756
-5.3442
-5.34128
-5.33805
-5.33498
-5.3319
-5.32883
-5.32591
-5.32255
-5.31936
-5.31648
-5.31347
-5.31048
-5.30737
-5.30443
-5.30137
-5.2985
-5.29552
-5.29257
-5.28982
-5.28727
-5.28462
-5.28187
-5.27948
-5.27684
-5.27443
-5.27192
-5.26964
-5.26742
-5.26529
-5.26292
-5.26079
-5.2589
-5.25679
-5.25506
-5.25358
-5.2519
-5.25076
-5.24926
-5.24801
-5.24672
-5.24553
-5.24459
-5.24391
-5.24304
-5.24213
-5.24162
-5.24123
-5.24125
-5.24154
-5.24163
-5.24154
-5.2417
-5.24198
-5.24237
-5.24287
-5.24303
-5.24374
-5.24442
-5.24519
-5.24607
-5.24706
-5.24844
-5.24992
-5.25134
-5.2527
-5.25431
-5.25599
-5.25776
-5.25975
-5.26182
-5.26396
-5.26632
-5.26843
-5.27091
-5.27314
-5.27541
-5.27758
-5.28025
-5.2828
-5.28538
-5.28783
-5.29046
-5.2928
-5.2953
-5.29812
-5.30018
-5.30255
-5.3049
-5.30756
-5.31004
-5.31251
-5.3148
-5.31737
-5.31976
-5.32226
-5.32457
-5.32639
-5.32847
-5.3305
-5.33248
-5.3347
-5.33702
-5.33883
-5.34058
-5.34241
-5.34448
-5.34618
-5.34795
-5.34921
-5.35084
-5.3524
-5.35358
-5.35483
-5.35601
-5.35726
-5.35812
-5.35936
-5.36006
-5.36099
-5.36184
-5.36215
-5.36268
-5.36313
-5.36366
-5.3638
-5.36401
-5.36415
-5.36436
-5.36435
-5.36457
-5.36441
-5.36418
-5.36388
-5.36337
-5.36309
-5.36245
-5.36175
-5.3613
-5.36064
-5.36023
-5.35947
-5.35851
-5.35736
-5.35633
-5.3554
-5.3546
-5.35332
-5.35261
-5.35143
-5.35038
-5.34932
-5.3484
-5.34687
-5.34579
-5.34471
-5.34363
-5.34301
-5.3418
-5.34075
-5.33957
-5.33856
-5.33773
-5.33721
-5.33613
-5.33537
-5.33464
-5.33395
-5.33268
-5.33206
-5.33101
-5.33046
-5.32934
-5.32886
-5.32841
-5.328
-5.32748
-5.32699
-5.32653
-5.32595
-5.32556
-5.32519
-5.325
-5.32453
-5.32439
-5.32443
-5.32403
-5.3238
-5.32343
-5.32337
-5.32303
-5.32254
-5.32236
-5.32234
-5.32232
-5.32215
-5.32197
-5.32179
-5.32145
-5.32141
-5.3212
-5.32068
-5.3206
-5.32035
-5.31993
-5.3195
-5.31904
-5.31842
-5.31822
-5.31801
-5.31762
-5.3169
-5.3163
-5.31598
-5.31564
-5.31526
-5.31471
-5.31397
-5.31306
-5.31256
-5.31174
-5.31118
-5.31014
-5.30937
-5.30856
-5.30757
-5.30686
-5.30595
-5.30502
-5.3039
-5.30229
-5.30126
-5.30005
-5.29895
-5.29767
-5.29652
-5.29548
-5.29441
-5.29301
-5.29204
-5.29058
-5.28925
-5.2882
-5.28712
-5.28572
-5.28444
-5.28284
-5.28182
-5.28004
-5.27868
-5.27671
-5.27503
-5.27364
-5.27238
-5.27082
-5.26911
-5.26769
-5.26597
-5.26425
-5.26268
-5.26143
-5.25943
-5.25743
-5.25576
-5.25425
-5.25306
-5.25159
-5.25029
-5.24842
-5.24717
-5.24566
-5.24448
-5.24333
-5.24207
-5.24085
-5.23952
-5.23853
-5.23728
-5.23593
-5.23462
-5.23351
-5.23245
-5.23159
-5.23063
-5.22972
-5.22962
-5.22941
-5.22896
-5.22826
-5.22745
-5.2267
-5.22645
-5.2264
-5.22609
-5.22568
-5.22501
-5.22469
-5.22457
-5.22493
-5.22489
-5.22488
-5.22475
-5.22466
-5.22445
-5.22472
-5.22457
-5.22474
-5.22493
-5.22529
-5.22552
-5.22577
-5.22602
-5.22644
-5.22671
-5.22684
-5.22698
-5.22756
-5.22785
-5.22783
-5.22826
-5.22823
-5.22834
-5.2289
-5.22914
-5.22938
-5.2296
-5.2298
-5.22999
-5.23001
-5.23016
-5.23045
-5.23072
-5.23097
-5.23104
-5.2311
-5.23114
-5.23146
-5.23145
-5.23143
-5.23123
-5.23101
-5.23092
-5.23051
-5.23038
-5.23054
-5.23052
-5.23034
-5.22984
-5.22932
-5.22924
-5.22899
-5.22903
-5.22845
-5.22847
-5.22817
-5.22786
-5.22769
-5.22737
-5.22703
-5.22669
-5.22634
-5.22614
-5.22548
-5.22512
-5.22461
-5.22425
-5.22374
-5.22338
-5.22317
-5.22237
-5.22186
-5.22167
-5.22103
-5.22084
-5.22067
-5.22065
-5.22049
-5.22034
-5.2202
-5.21991
-5.21964
-5.21953
-5.21928
-5.21919
-5.21896
-5.21875
-5.21885
-5.21835
-5.21818
-5.21802
-5.21771
-5.21743
-5.21716
-5.2172
-5.21665
-5.21627
-5.21621
-5.21601
-5.21597
-5.21595
-5.21625
-5.21656
-5.21643
-5.21631
-5.21637
-5.21628
-5.21606
-5.21631
-5.21598
-5.21596
-5.21656
-5.21672
-5.2169
-5.21694
-5.2173
-5.21768
-5.21777
-5.21804
-5.21832
-5.21861
-5.21893
-5.21956
-5.21991
-5.22044
-5.22083
-5.22094
-5.22122
-5.22167
-5.22214
-5.22279
-5.22316
-5.2237
-5.22457
-5.2253
-5.22561
-5.2261
-5.22676
-5.2273
-5.22801
-5.22859
-5.22936
-5.23015
-5.23112
-5.23212
-5.23315
-5.23406
-5.23514
-5.23596
-5.23711
-5.23769
-5.23905
-5.24014
-5.24051
-5.24167
-5.24331
-5.24453
-5.24578
-5.24752
-5.24868
-5.25003
-5.25156
-5.25297
-5.25456
-5.25648
-5.25767
-5.25904
-5.26075
-5.26232
-5.26378
-5.26495
-5.26645
-5.26782
-5.26951
-5.27107
-5.27325
-5.27499
-5.27644
-5.27836
-5.27999
-5.28192
-5.28371
-5.28535
-5.28744
-5.28923
-5.29101
-5.29279
-5.29471
-5.29692
-5.29867
-5.3004
-5.30226
-5.30425
-5.30606
-5.308
-5.30946
-5.31103
-5.31272
-5.31393
-5.31539
-5.31667
-5.31805
-5.31953
-5.32082
-5.32251
-5.324
-5.32528
-5.32651
-5.32738
-5.32834
-5.32908
-5.33007
-5.33099
-5.33214
-5.33293
-5.33335
-5.334
-5.33443
-5.33478
-5.33522
-5.33527
-5.33541
-5.33577
-5.3359
-5.33566
-5.33564
-5.33525
-5.33507
-5.33467
-5.3342
-5.33349
-5.33301
-5.3326
-5.33166
-5.33094
-5.33
-5.32898
-5.32773
-5.32641
-5.32531
-5.32399
-5.32259
-5.32127
-5.31973
-5.31782
-5.31614
-5.31423
-5.31241
-5.31053
-5.30857
-5.30686
-5.30493
-5.30295
-5.30045
-5.29819
-5.29589
-5.29353
-5.29111
-5.28895
-5.28675
-5.2842
-5.28161
-5.27898
-5.27647
-5.27362
-5.27089
-5.26799
-5.26536
-5.26256
-5.2596
-5.25707
-5.25438
-5.25138
-5.24884
-5.24569
-5.24299
-5.24016
-5.23749
-5.23468
-5.2319
-5.22914
-5.22671
-5.22372
-5.22121
-5.21829
-5.21573
-5.21321
-5.2109
-5.20865
-5.20631
-5.20374
-5.20139
-5.19912
-5.19738
-5.19542
-5.1937
-5.19176
-5.18992
-5.18833
-5.18684
-5.18545
-5.18417
-5.18269
-5.18147
-5.18036
-5.17952
-5.17879
-5.17817
-5.17766
-5.17742
-5.177
-5.17669
-5.17664
-5.17715
-5.17657
-5.17701
-5.1774
-5.17805
-5.17865
-5.17935
-5.18015
-5.18119
-5.18202
-5.18294
-5.18395
-5.18534
-5.1865
-5.18788
-5.18934
-5.19071
-5.19229
-5.19438
-5.19577
-5.19782
-5.19961
-5.20144
-5.20346
-5.20537
-5.20761
-5.20942
-5.21142
-5.21344
-5.21562
-5.21753
-5.2196
-5.22198
-5.22393
-5.22603
-5.22799
-5.2301
-5.23207
-5.23449
-5.23676
-5.23858
-5.24069
-5.24311
-5.24491
-5.24702
-5.24927
-5.25151
-5.25374
-5.25628
-5.25895
-5.26071
-5.26292
-5.26481
-5.26684
-5.26887
-5.27073
-5.27274
-5.27474
-5.27673
-5.2787
-5.28082
-5.28277
-5.28472
-5.28665
-5.28842
-5.29063
-5.29238
-5.29412
-5.2963
-5.29816
-5.30002
-5.30201
-5.30383
-5.30549
-5.30729
-5.30908
-5.31085
-5.31245
-5.31434
-5.31607
-5.31793
-5.31992
-5.32129
-5.32294
-5.32473
-5.32665
-5.32825
-5.32967
-5.33153
-5.33307
-5.33504
-5.33638
-5.3377
-5.33899
-5.34056
-5.34151
-5.34258
-5.34393
-5.34495
-5.34639
-5.34782
-5.34906
-5.35042
-5.35146
-5.35247
-5.35375
-5.35515
-5.35592
-5.35741
-5.35873
-5.35926
-5.35991
-5.36083
-5.36172
-5.36212
-5.3628
-5.3633
-5.36391
-5.36464
-5.36535
-5.36632
-5.36696
-5.36741
-5.36799
-5.36868
-5.3695
-5.37013
-5.37074
-5.3707
-5.37125
-5.37145
-5.37209
-5.37239
-5.37296
-5.37289
-5.3728
-5.37298
-5.37344
-5.37341
-5.37336
-5.37327
-5.37301
-5.37303
-5.37302
-5.37298
-5.37276
-5.37268
-5.37256
-5.37242
-5.37226
-5.37193
-5.37187
-5.37165
-5.37215
-5.37218
-5.37174
-5.37143
-5.37095
-5.37045
-5.36994
-5.36955
-5.369
-5.36843
-5.36769
-5.36724
-5.36633
-5.36585
-5.36536
-5.36531
-5.36479
-5.36425
-5.36356
-5.363
-5.36228
-5.36185
-5.36125
-5.36095
-5.36034
-5.35971
-5.35908
-5.35828
-5.35748
-5.35682
-5.35615
-5.35562
-5.35524
-5.35409
-5.35324
-5.35253
-5.35166
-5.35078
-5.3499
-5.34916
-5.34826
-5.34766
-5.34675
-5.34629
-5.34507
-5.34429
-5.34366
-5.34288
-5.34178
-5.34114
-5.34004
-5.33938
-5.33827
-5.33746
-5.3365
-5.33553
-5.3347
-5.33388
-5.33305
-5.33237
-5.33154
-5.33056
-5.32973
-5.32889
-5.32806
-5.32723
-5.32655
-5.32572
-5.32504
-5.32422
-5.32385
-5.32319
-5.32223
-5.32127
-5.32047
-5.31953
-5.3189
-5.31798
-5.31676
-5.31586
-5.31512
-5.31424
-5.31367
-5.31267
-5.31198
-5.31131
-5.31051
-5.30972
-5.30911
-5.30866
-5.30808
-5.30768
-5.30715
-5.30649
-5.306
-5.30554
-5.30511
-5.30486
-5.30448
-5.30428
-5.30365
-5.30351
-5.30325
-5.30257
-5.30253
-5.30236
-5.30223
-5.30243
-5.30237
-5.30203
-5.30219
-5.30267
-5.30274
-5.3027
-5.30283
-5.30315
-5.30321
-5.30344
-5.30371
-5.30385
-5.30418
-5.30423
-5.30462
-5.30549
-5.30623
-5.30684
-5.30718
-5.30753
-5.30837
-5.30922
-5.30994
-5.31037
-5.31097
-5.31158
-5.31235
-5.31313
-5.31392
-5.31456
-5.3152
-5.3157
-5.31649
-5.31728
-5.31792
-5.3187
-5.31917
-5.31962
-5.32007
-5.32065
-5.32121
-5.32176
-5.32244
-5.32264
-5.32237
-5.32268
-5.32296
-5.32337
-5.32375
-5.32425
-5.32458
-5.32487
-5.32498
-5.32506
-5.32511
-5.32542
-5.32571
-5.32611
-5.32633
-5.32637
-5.32637
-5.3262
-5.32659
-5.3268
-5.32683
-5.32638
-5.32651
-5.32645
-5.32637
-5.32656
-5.32628
-5.32597
-5.32594
-5.32559
-5.32536
-5.32497
-5.32501
-5.32459
-5.32429
-5.32384
-5.32367
-5.32319
-5.32269
-5.32204
-5.32168
-5.32117
-5.3208
-5.32012
-5.31959
-5.31891
-5.31839
-5.31786
-5.31733
-5.31711
-5.31689
-5.31652
-5.31586
-5.3155
-5.31485
-5.31435
-5.31386
-5.31323
-5.31261
-5.31229
-5.31199
-5.31153
-5.31094
-5.31066
-5.31023
-5.30996
-5.3094
-5.30899
-5.3086
-5.30805
-5.30767
-5.30744
-5.30707
-5.3067
-5.30634
-5.30552
-5.30516
-5.30496
-5.30431
-5.30396
-5.30346
-5.30296
-5.30261
-5.30211
-5.30161
-5.30141
-5.30105
-5.30115
-5.30079
-5.30028
-5.29976
-5.29924
-5.29886
-5.29818
-5.2975
-5.29711
-5.29657
-5.29618
-5.29593
-5.29583
-5.29542
-5.29517
-5.29491
-5.29495
-5.29454
-5.29428
-5.29402
-5.29361
-5.29336
-5.29295
-5.29255
-5.292
-5.29161
-5.29123
-5.29086
-5.29034
-5.28998
-5.28964
-5.28915
-5.28898
-5.28883
-5.28854
-5.28856
-5.28845
-5.28836
-5.28813
-5.28792
-5.28788
-5.2877
-5.28724
-5.28711
-5.28698
-5.28658
-5.28664
-5.28672
-5.28667
-5.28647
-5.2863
-5.28613
-5.28628
-5.28644
-5.28631
-5.28633
-5.28636
-5.28625
-5.28629
-5.28618
-5.28608
-5.28612
-5.28586
-5.2862
-5.28624
-5.28641
-5.28673
-5.28689
-5.28673
-5.28701
-5.28698
-5.28708
-5.28686
-5.28662
-5.28621
-5.28608
-5.28577
-5.28575
-5.2854
-5.28517
-5.28492
-5.28448
-5.28402
-5.28383
-5.28361
-5.28321
-5.28247
-5.28201
-5.28136
-5.28052
-5.28026
-5.27966
-5.27902
-5.2785
-5.27779
-5.27735
-5.27702
-5.2762
-5.27534
-5.27429
-5.27305
-5.27207
-5.2712
-5.26999
-5.26904
-5.26805
-5.26642
-5.2652
-5.26378
-5.26248
-5.26128
-5.25974
-5.25771
-5.2564
-5.2552
-5.25366
-5.25223
-5.25047
-5.24897
-5.2476
-5.24604
-5.24446
-5.243
-5.24106
-5.23911
-5.23744
-5.23545
-5.2336
-5.23174
-5.22988
-5.22802
-5.22601
-5.224
-5.22171
-5.22019
-5.21824
-5.21616
-5.21441
-5.2124
-5.21073
-5.20925
-5.20783
-5.20615
-5.20469
-5.20314
-5.20211
-5.20055
-5.19892
-5.19782
-5.19681
-5.19559
-5.19491
-5.19388
-5.19295
-5.19273
-5.19246
-5.19215
-5.19195
-5.19201
-5.19189
-5.19173
-5.19199
-5.19251
-5.19301
-5.19377
-5.19465
-5.19549
-5.19645
-5.19737
-5.19855
-5.19954
-5.20064
-5.20214
-5.20375
-5.20531
-5.20697
-5.20902
-5.21071
-5.21309
-5.21524
-5.21703
-5.21919
-5.22156
-5.224
-5.22635
-5.22906
-5.23166
-5.23431
-5.23699
-5.23986
-5.24246
-5.24539
-5.24848
-5.25099
-5.25395
-5.25693
-5.2596
-5.26241
-5.26507
-5.26801
-5.27094
-5.27324
-5.27596
-5.27881
-5.28147
-5.28409
-5.28683
-5.28922
-5.29201
-5.2943
-5.29624
-5.29857
-5.301
-5.30337
-5.30552
-5.30746
-5.30919
-5.31175
-5.31333
-5.31485
-5.31659
-5.31857
-5.32001
-5.32154
-5.32298
-5.32465
-5.3261
-5.32716
-5.32859
-5.32965
-5.33062
-5.33122
-5.33218
-5.33291
-5.33342
-5.33429
-5.33493
-5.33534
-5.33597
-5.33637
-5.33639
-5.33617
-5.33633
-5.3361
-5.33595
-5.33571
-5.3357
-5.33531
-5.33484
-5.33398
-5.33335
-5.33265
-5.33171
-5.33085
-5.33007
-5.32936
-5.32828
-5.32697
-5.32619
-5.32474
-5.32306
-5.32132
-5.31981
-5.31838
-5.31689
-5.31503
-5.31325
-5.31127
-5.30937
-5.30726
-5.30525
-5.30319
-5.30137
-5.2992
-5.29713
-5.29487
-5.29256
-5.2899
-5.28751
-5.28524
-5.28278
-5.27998
-5.27746
-5.27476
-5.2722
-5.26946
-5.26701
-5.26454
-5.26162
-5.25929
-5.25681
-5.25403
-5.25155
-5.24879
-5.24633
-5.24374
-5.24102
-5.23787
-5.23551
-5.23287
-5.23041
-5.22815
-5.22577
-5.22329
-5.22086
-5.21848
-5.21661
-5.2145
-5.21244
-5.21061
-5.20854
-5.20639
-5.20446
-5.20277
-5.20115
-5.19946
-5.19786
-5.19649
-5.19506
-5.19387
-5.19308
-5.19193
-5.19133
-5.19037
-5.18981
-5.18889
-5.18808
-5.18752
-5.18705
-5.187
-5.18689
-5.18673
-5.18667
-5.18702
-5.18747
-5.18771
-5.18836
-5.18911
-5.1898
-5.19058
-5.19131
-5.19214
-5.1932
-5.19421
-5.19545
-5.19708
-5.19849
-5.20014
-5.20171
-5.20335
-5.20568
-5.20763
-5.20934
-5.21126
-5.21325
-5.215
-5.21695
-5.21926
-5.22162
-5.22372
-5.22601
-5.2282
-5.23057
-5.23312
-5.2357
-5.23846
-5.24048
-5.24312
-5.24563
-5.24815
-5.25052
-5.25289
-5.25556
-5.25823
-5.26059
-5.26324
-5.26556
-5.26772
-5.2703
-5.27241
-5.27494
-5.27728
-5.27943
-5.28184
-5.28406
-5.28638
-5.2882
-5.29027
-5.29227
-5.29407
-5.29596
-5.29808
-5.29984
-5.30183
-5.30329
-5.30498
-5.30629
-5.30767
-5.30882
-5.31005
-5.31149
-5.31254
-5.31366
-5.31439
-5.31518
-5.31589
-5.31635
-5.31673
-5.31732
-5.31766
-5.31807
-5.31824
-5.31877
-5.31861
-5.31836
-5.31833
-5.31821
-5.3177
-5.31725
-5.31657
-5.31611
-5.31542
-5.31465
-5.31365
-5.31243
-5.31173
-5.31052
-5.30908
-5.30803
-5.30692
-5.30574
-5.3039
-5.30231
-5.30067
-5.29897
-5.29723
-5.29575
-5.29392
-5.29236
-5.29061
-5.28928
-5.28762
-5.28548
-5.28347
-5.28159
-5.27985
-5.2781
-5.27618
-5.27426
-5.27249
-5.27041
-5.26849
-5.26657
-5.26467
-5.26278
-5.2609
-5.2592
-5.25722
-5.25556
-5.25363
-5.25173
-5.24986
-5.24818
-5.24654
-5.24525
-5.2437
-5.24234
-5.24103
-5.23977
-5.23811
-5.23696
-5.23587
-5.23468
-5.2337
-5.23264
-5.23163
-5.23099
-5.23012
-5.22931
-5.22856
-5.22804
-5.22728
-5.22674
-5.22628
-5.22603
-5.22555
-5.22514
-5.22495
-5.22483
-5.22493
-5.22464
-5.22458
-5.22489
-5.22511
-5.22571
-5.22622
-5.2268
-5.22729
-5.228
-5.22862
-5.2293
-5.22974
-5.23084
-5.23184
-5.23291
-5.23357
-5.23428
-5.2349
-5.23602
-5.23718
-5.23793
-5.23903
-5.24017
-5.24164
-5.24301
-5.24455
-5.24613
-5.24758
-5.24906
-5.25026
-5.25193
-5.25378
-5.25518
-5.2566
-5.25772
-5.25931
-5.26075
-5.26264
-5.26423
-5.26552
-5.26695
-5.26837
-5.27008
-5.27194
-5.27347
-5.27483
-5.27617
-5.27764
-5.27894
-5.28021
-5.28145
-5.28281
-5.28444
-5.28589
-5.28685
-5.28807
-5.28926
-5.29041
-5.29136
-5.29243
-5.2936
-5.29428
-5.29522
-5.29642
-5.29727
-5.29823
-5.29915
-5.29971
-5.30038
-5.30116
-5.30174
-5.30228
-5.30262
-5.30307
-5.30378
-5.30369
-5.30431
-5.30458
-5.30467
-5.30456
-5.30456
-5.30482
-5.3052
-5.30538
-5.30553
-5.30564
-5.30541
-5.30529
-5.30529
-5.3048
-5.30473
-5.30448
-5.30374
-5.30311
-5.30261
-5.30252
-5.30195
-5.30196
-5.30148
-5.30112
-5.30043
-5.29987
-5.29957
-5.29895
-5.29814
-5.29731
-5.2966
-5.29587
-5.29511
-5.29462
-5.29411
-5.29342
-5.2924
-5.29136
-5.2903
-5.28936
-5.28839
-5.2874
-5.28654
-5.28566
-5.28445
-5.28352
-5.28272
-5.28159
-5.2806
-5.27913
-5.27749
-5.27643
-5.27521
-5.27396
-5.27255
-5.27127
-5.27013
-5.26867
-5.26719
-5.26585
-5.2648
-5.26344
-5.26191
-5.26068
-5.25958
-5.25818
-5.25678
-5.25567
-5.25396
-5.25285
-5.25129
-5.24988
-5.24848
-5.24708
-5.24554
-5.24446
-5.24309
-5.24204
-5.24085
-5.23953
-5.23823
-5.23665
-5.2357
-5.23447
-5.23342
-5.2324
-5.23142
-5.23031
-5.22925
-5.22822
-5.22708
-5.22659
-5.22568
-5.22498
-5.22417
-5.22325
-5.22269
-5.22217
-5.22141
-5.22099
-5.22063
-5.22016
-5.2199
-5.21954
-5.21952
-5.21911
-5.21874
-5.21856
-5.21843
-5.21804
-5.21799
-5.21768
-5.21771
-5.21762
-5.21755
-5.21767
-5.21781
-5.21782
-5.218
-5.21804
-5.21824
-5.21846
-5.21882
-5.21889
-5.2191
-5.21931
-5.21936
-5.21969
-5.22032
-5.22017
-5.2203
-5.2207
-5.22078
-5.22084
-5.22101
-5.22039
-5.2202
-5.21996
-5.22
-5.21999
-5.2198
-5.21927
-5.21899
-5.21838
-5.21849
-5.21795
-5.21753
-5.21692
-5.21627
-5.21559
-5.21503
-5.21369
-5.21307
-5.21243
-5.21176
-5.21077
-5.20992
-5.20904
-5.20831
-5.20726
-5.20636
-5.20561
-5.20471
-5.20411
-5.20353
-5.20249
-5.20178
-5.20124
-5.20071
-5.20021
-5.19959
-5.1987
-5.19799
-5.19717
-5.19655
-5.19597
-5.19559
-5.19541
-5.19498
-5.19477
-5.19461
-5.19436
-5.19433
-5.19391
-5.19402
-5.19434
-5.19459
-5.19521
-5.19516
-5.19563
-5.19634
-5.19712
-5.19813
-5.19922
-5.2001
-5.2012
-5.20223
-5.20319
-5.20469
-5.20611
-5.20777
-5.20919
-5.2107
-5.21228
-5.21378
-5.21551
-5.21731
-5.21917
-5.2211
-5.22325
-5.22561
-5.22773
-5.2299
-5.23183
-5.23411
-5.23629
-5.23957
-5.24199
-5.24445
-5.24679
-5.24948
-5.25204
-5.25493
-5.25724
-5.25988
-5.26268
-5.26535
-5.26818
-5.27102
-5.27371
-5.27625
-5.27909
-5.28163
-5.28445
-5.28697
-5.28916
-5.29149
-5.29395
-5.29654
-5.29895
-5.30133
-5.30412
-5.30658
-5.30915
-5.31199
-5.31432
-5.31676
-5.31884
-5.32133
-5.32316
-5.32523
-5.32755
-5.32965
-5.33108
-5.33291
-5.33451
-5.33635
-5.33812
-5.33951
-5.34083
-5.34222
-5.34353
-5.34462
-5.34563
-5.3467
-5.34754
-5.3486
-5.34942
-5.34986
-5.35006
-5.35017
-5.35065
-5.35103
-5.35148
-5.35169
-5.35181
-5.35184
-5.35193
-5.35208
-5.35199
-5.35182
-5.35124
-5.35043
-5.34984
-5.34885
-5.34777
-5.34646
-5.34566
-5.34462
-5.34335
-5.34215
-5.34071
-5.33919
-5.33774
-5.33636
-5.33476
-5.33323
-5.33132
-5.32964
-5.32774
-5.32547
-5.32374
-5.32179
-5.31963
-5.31741
-5.31497
-5.31233
-5.31009
-5.3078
-5.30531
-5.30293
-5.3005
-5.29803
-5.29537
-5.29268
-5.28996
-5.28705
-5.28458
-5.28162
-5.27879
-5.2761
-5.27339
-5.27067
-5.26794
-5.26521
-5.26231
-5.25957
-5.25667
-5.25393
-5.25105
-5.24817
-5.24516
-5.24231
-5.23932
-5.2365
-5.23355
-5.23077
-5.22802
-5.22514
-5.22244
-5.21993
-5.21729
-5.21468
-5.21242
-5.20989
-5.20724
-5.20464
-5.20208
-5.19971
-5.19783
-5.1954
-5.19302
-5.19083
-5.18854
-5.1866
-5.18456
-5.18272
-5.18094
-5.17921
-5.17768
-5.17622
-5.17465
-5.17269
-5.1711
-5.16971
-5.16808
-5.1665
-5.165
-5.16385
-5.16246
-5.16099
-5.15988
-5.15884
-5.15786
-5.15679
-5.15563
-5.15485
-5.15397
-5.15347
-5.15302
-5.15249
-5.15188
-5.15118
-5.15084
-5.15087
-5.1505
-5.15051
-5.15042
-5.15054
-5.15058
-5.15097
-5.15112
-5.15133
-5.15159
-5.15175
-5.15227
-5.15284
-5.15316
-5.15368
-5.15485
-5.15546
-5.15612
-5.15682
-5.15726
-5.15788
-5.1587
-5.15985
-5.16074
-5.16151
-5.16261
-5.16359
-5.16444
-5.16518
-5.16593
-5.16701
-5.16812
-5.16939
-5.17099
-5.17215
-5.17362
-5.17466
-5.17557
-5.17724
-5.17846
-5.1797
-5.18095
-5.18251
-5.18392
-5.18534
-5.18676
-5.18804
-5.18948
-5.19061
-5.19205
-5.19349
-5.19478
-5.19638
-5.19798
-5.19897
-5.20026
-5.20156
-5.20285
-5.20414
-5.20543
-5.20686
-5.208
-5.20973
-5.21086
-5.21229
-5.21371
-5.21498
-5.21655
-5.21782
-5.21893
-5.22019
-5.22175
-5.22285
-5.2244
-5.22534
-5.22657
-5.2275
-5.22858
-5.22965
-5.23117
-5.23283
-5.23404
-5.23493
-5.23612
-5.23745
-5.23847
-5.23964
-5.24064
-5.24193
-5.24321
-5.24433
-5.24558
-5.24667
-5.24775
-5.24866
-5.2494
-5.25058
-5.25143
-5.25273
-5.2537
-5.2548
-5.25573
-5.25663
-5.25751
-5.25852
-5.2595
-5.26045
-5.26123
-5.26212
-5.26269
-5.26322
-5.26403
-5.26465
-5.26539
-5.26549
-5.26616
-5.2668
-5.26755
-5.26796
-5.26864
-5.26898
-5.26928
-5.26939
-5.26931
-5.26949
-5.26948
-5.26943
-5.26949
-5.26952
-5.26935
-5.26914
-5.2692
-5.26921
-5.26904
-5.26867
-5.26812
-5.26783
-5.26765
-5.26744
-5.26703
-5.26674
-5.26627
-5.26575
-5.26535
-5.26477
-5.26415
-5.2635
-5.26282
-5.26196
-5.26121
-5.26029
-5.25979
-5.25896
-5.25825
-5.25737
-5.25662
-5.25569
-5.25459
-5.25361
-5.25247
-5.25146
-5.25028
-5.24923
-5.24787
-5.2468
-5.24556
-5.24446
-5.2432
-5.24193
-5.24035
-5.23891
-5.23777
-5.23647
-5.23517
-5.23401
-5.23285
-5.23184
-5.23083
-5.22983
-5.22882
-5.22721
-5.2259
-5.2249
-5.22345
-5.22261
-5.22147
-5.22034
-5.21906
-5.21825
-5.21729
-5.21603
-5.21509
-5.21384
-5.21292
-5.21169
-5.21048
-5.20942
-5.20838
-5.20719
-5.20617
-5.20516
-5.20385
-5.20271
-5.20173
-5.20076
-5.19965
-5.19856
-5.19718
-5.19626
-5.19536
-5.19478
-5.19376
-5.19307
-5.19193
-5.19127
-5.19048
-5.18956
-5.18881
-5.18823
-5.18753
-5.18655
-5.18575
-5.18512
-5.18468
-5.18396
-5.18343
-5.18292
-5.1823
-5.18187
-5.18147
-5.18095
-5.18048
-5.18034
-5.18055
-5.1808
-5.18019
-5.18068
-5.18061
-5.18029
-5.18031
-5.18024
-5.18066
-5.18098
-5.18135
-5.18178
-5.1821
-5.18247
-5.18274
-5.18337
-5.1839
-5.18448
-5.18526
-5.18624
-5.18682
-5.18745
-5.18783
-5.18886
-5.19024
-5.19092
-5.19209
-5.19316
-5.19428
-5.19574
-5.19693
-5.19833
-5.19976
-5.20077
-5.20213
-5.20367
-5.20494
-5.20684
-5.20818
-5.20984
-5.21108
-5.2128
-5.2144
-5.21586
-5.21764
-5.21929
-5.22111
-5.2228
-5.2248
-5.22635
-5.22792
-5.2295
-5.23138
-5.23282
-5.23487
-5.23661
-5.23821
-5.24041
-5.24215
-5.24389
-5.24532
-5.24705
-5.24862
-5.25048
-5.25218
-5.25387
-5.25525
-5.25676
-5.25841
-5.26004
-5.26166
-5.26311
-5.26484
-5.2664
-5.26794
-5.26977
-5.27127
-5.27289
-5.27389
-5.27517
-5.27643
-5.27781
-5.27931
-5.28064
-5.2821
-5.28307
-5.28432
-5.28554
-5.28658
-5.28789
-5.28887
-5.29013
-5.29135
-5.29239
-5.29309
-5.29392
-5.29471
-5.29548
-5.29651
-5.29766
-5.29833
-5.29896
-5.30001
-5.30058
-5.30141
-5.30222
-5.30253
-5.30296
-5.30351
-5.30373
-5.30421
-5.30451
-5.30492
-5.30531
-5.30551
-5.30583
-5.30626
-5.30652
-5.30674
-5.30693
-5.30724
-5.30767
-5.30761
-5.30768
-5.30757
-5.30788
-5.30772
-5.30752
-5.30775
-5.30781
-5.30754
-5.30754
-5.30738
-5.30719
-5.30667
-5.30644
-5.30618
-5.3059
-5.30561
-5.30499
-5.30466
-5.30431
-5.30395
-5.30357
-5.30287
-5.30246
-5.30174
-5.30115
-5.3004
-5.3001
-5.29963
-5.2993
-5.29836
-5.29817
-5.29721
-5.2967
-5.29634
-5.29596
-5.29558
-5.29505
-5.29451
-5.29381
-5.29326
-5.2927
-5.29214
-5.29173
-5.29132
-5.2912
-5.29048
-5.29006
-5.28949
-5.28906
-5.28864
-5.28806
-5.28733
-5.28659
-5.28601
-5.28543
-5.28515
-5.28471
-5.28398
-5.28355
-5.28311
-5.28253
-5.28195
-5.28137
-5.28093
-5.28081
-5.28038
-5.2798
-5.27922
-5.2788
-5.27807
-5.27766
-5.27739
-5.27698
-5.27612
-5.27541
-5.27486
-5.27416
-5.27317
-5.27293
-5.27224
-5.27156
-5.27104
-5.27068
-5.26987
-5.26936
-5.26872
-5.26838
-5.26805
-5.26743
-5.26711
-5.26666
-5.26621
-5.26578
-5.26535
-5.26493
-5.26467
-5.26427
-5.26389
-5.26351
-5.2633
-5.26265
-5.26231
-5.26198
-5.26182
-5.26166
-5.26137
-5.2614
-5.26098
-5.26073
-5.26049
-5.26012
-5.25991
-5.25971
-5.25967
-5.25905
-5.25904
-5.2589
-5.25876
-5.25895
-5.25839
-5.25814
-5.25806
-5.25814
-5.25824
-5.25849
-5.25816
-5.25813
-5.25858
-5.25843
-5.25844
-5.25846
-5.2588
-5.25854
-5.25844
-5.25835
-5.25843
-5.25836
-5.2583
-5.2584
-5.25821
-5.25832
-5.25829
-5.25812
-5.25811
-5.2584
-5.25855
-5.25856
-5.25872
-5.25888
-5.25891
-5.25908
-5.25927
-5.2596
-5.25964
-5.25969
-5.25989
-5.2601
-5.2603
-5.26037
-5.26058
-5.26096
-5.26133
-5.26156
-5.26225
-5.26233
-5.26227
-5.26296
-5.26321
-5.26346
-5.26401
-5.26457
-5.26498
-5.26524
-5.26565
-5.26562
-5.26558
-5.26586
-5.26644
-5.26671
-5.26699
-5.26728
-5.26786
-5.26815
-5.26829
-5.26843
-5.26873
-5.26902
-5.26978
-5.26977
-5.27008
-5.27053
-5.27099
-5.27085
-5.27115
-5.27146
-5.27192
-5.27268
-5.27299
-5.27329
-5.27375
-5.2739
-5.27419
-5.27464
-5.27508
-5.27552
-5.2758
-5.27592
-5.27619
-5.27676
-5.27716
-5.27726
-5.27796
-5.27834
-5.27857
-5.27908
-5.27944
-5.27978
-5.27981
-5.27998
-5.27999
-5.28014
-5.28027
-5.28084
-5.28065
-5.28044
-5.28036
-5.28058
-5.28062
-5.28065
-5.28097
-5.28127
-5.28125
-5.28107
-5.28072
-5.2805
-5.28042
-5.28047
-5.28051
-5.28008
-5.27978
-5.27931
-5.27929
-5.2791
-5.27904
-5.27867
-5.27828
-5.27818
-5.27792
-5.2775
-5.27751
-5.27722
-5.27722
-5.27736
-5.27689
-5.27671
-5.27653
-5.27619
-5.276
-5.27595
-5.27561
-5.27526
-5.27521
-5.27471
-5.27436
-5.27401
-5.27367
-5.27333
-5.27315
-5.27267
-5.2725
-5.27218
-5.27188
-5.27174
-5.2716
-5.27148
-5.27152
-5.27142
-5.27133
-5.27065
-5.27044
-5.27039
-5.27066
-5.27034
-5.27018
-5.26973
-5.26959
-5.26932
-5.26921
-5.26896
-5.26872
-5.2688
-5.26903
-5.26867
-5.26862
-5.26842
-5.26868
-5.26895
-5.26908
-5.2692
-5.26903
-5.26885
-5.26883
-5.2685
-5.26863
-5.26859
-5.26856
-5.26866
-5.26861
-5.26855
-5.26848
-5.26825
-5.26816
-5.26805
-5.26823
-5.2681
-5.26795
-5.26824
-5.26822
-5.26787
-5.26766
-5.26743
-5.26718
-5.26706
-5.26647
-5.26632
-5.26585
-5.26521
-5.26455
-5.26418
-5.26379
-5.26338
-5.26296
-5.26267
-5.26237
-5.2619
-5.26172
-5.26123
-5.26102
-5.2605
-5.26028
-5.25973
-5.25918
-5.25832
-5.25745
-5.25687
-5.25628
-5.25569
-5.25525
-5.25434
-5.25358
-5.25297
-5.2522
-5.25128
-5.25065
-5.24988
-5.24925
-5.24876
-5.24828
-5.24779
-5.24715
-5.2465
-5.2457
-5.24505
-5.2444
-5.24374
-5.24293
-5.24272
-5.24191
-5.24124
-5.24071
-5.23973
-5.23875
-5.23791
-5.23707
-5.23637
-5.23566
-5.23465
-5.23393
-5.23321
-5.23263
-5.23189
-5.23084
-5.23009
-5.22918
-5.22857
-5.22764
-5.22686
-5.22593
-5.22513
-5.22388
-5.22292
-5.22256
-5.22174
-5.22107
-5.2201
-5.21927
-5.21843
-5.21744
-5.21615
-5.21531
-5.21447
-5.21378
-5.21294
-5.21225
-5.21156
-5.21088
-5.2099
-5.20907
-5.20841
-5.2076
-5.20679
-5.20615
-5.20521
-5.20429
-5.20368
-5.20278
-5.20204
-5.20132
-5.20062
-5.20008
-5.19925
-5.19815
-5.19767
-5.19705
-5.19631
-5.19589
-5.19519
-5.19482
-5.19417
-5.19354
-5.19264
-5.19222
-5.19182
-5.19161
-5.19112
-5.19081
-5.19053
-5.19013
-5.18991
-5.18957
-5.18896
-5.18868
-5.18829
-5.18838
-5.18805
-5.18791
-5.18826
-5.18834
-5.18831
-5.18816
-5.18865
-5.18889
-5.189
-5.18961
-5.19011
-5.1905
-5.19109
-5.19111
-5.19148
-5.19189
-5.1922
-5.19316
-5.19386
-5.19476
-5.19541
-5.19626
-5.19701
-5.19811
-5.19927
-5.20002
-5.20097
-5.20228
-5.2035
-5.20492
-5.20624
-5.20746
-5.20874
-5.20991
-5.21145
-5.21303
-5.21482
-5.21651
-5.21825
-5.22033
-5.22216
-5.22389
-5.22581
-5.22792
-5.23007
-5.23225
-5.23432
-5.23612
-5.2381
-5.24056
-5.24259
-5.24479
-5.24685
-5.24893
-5.25102
-5.25341
-5.25582
-5.25822
-5.26061
-5.26255
-5.26493
-5.26669
-5.26874
-5.27107
-5.27338
-5.27566
-5.27745
-5.27966
-5.28184
-5.28368
-5.28577
-5.28782
-5.28953
-5.29133
-5.29322
-5.29492
-5.2967
-5.29843
-5.29979
-5.30109
-5.30277
-5.30424
-5.30564
-5.30666
-5.30777
-5.30865
-5.30945
-5.31049
-5.31129
-5.31202
-5.31267
-5.31324
-5.31374
-5.31415
-5.31463
-5.31459
-5.31476
-5.31485
-5.31502
-5.31496
-5.31542
-5.31505
-5.31475
-5.31468
-5.31377
-5.3134
-5.31264
-5.31227
-5.31153
-5.31102
-5.30998
-5.30918
-5.30846
-5.30737
-5.30653
-5.30547
-5.3042
-5.30317
-5.30149
-5.2999
-5.29886
-5.29762
-5.29633
-5.29484
-5.29316
-5.29144
-5.28998
-5.28848
-5.28634
-5.28447
-5.28257
-5.28093
-5.27913
-5.27714
-5.27468
-5.27265
-5.2706
-5.26853
-5.26645
-5.2645
-5.26255
-5.26043
-5.25846
-5.25663
-5.25464
-5.25235
-5.25006
-5.24792
-5.24578
-5.24379
-5.24166
-5.23954
-5.23742
-5.23532
-5.23322
-5.23113
-5.22936
-5.22715
-5.22511
-5.22293
-5.22092
-5.21908
-5.21696
-5.21486
-5.21278
-5.21072
-5.20884
-5.20683
-5.20501
-5.20305
-5.20128
-5.19969
-5.19813
-5.19645
-5.19435
-5.19304
-5.19162
-5.19023
-5.18857
-5.18726
-5.18614
-5.1849
-5.18371
-5.18211
-5.18085
-5.17963
-5.17816
-5.17688
-5.17565
-5.17462
-5.17363
-5.17268
-5.17178
-5.17093
-5.17028
-5.16952
-5.16881
-5.16799
-5.16736
-5.16663
-5.1661
-5.1656
-5.16515
-5.16504
-5.16482
-5.16448
-5.16403
-5.16362
-5.16323
-5.16303
-5.16286
-5.16272
-5.1629
-5.1625
-5.16228
-5.16238
-5.1625
-5.16248
-5.16248
-5.16264
-5.1625
-5.16253
-5.16257
-5.16246
-5.1622
-5.16225
-5.16215
-5.16235
-5.16225
-5.16214
-5.16203
-5.16207
-5.16225
-5.16228
-5.16215
-5.16231
-5.16232
-5.16217
-5.16231
-5.16215
-5.16198
-5.16225
-5.16222
-5.16204
-5.16185
-5.1615
-5.16176
-5.16171
-5.16196
-5.16146
-5.16156
-5.16167
-5.16177
-5.16158
-5.16154
-5.16136
-5.16149
-5.16147
-5.16116
-5.16147
-5.16179
-5.16196
-5.162
-5.16221
-5.16213
-5.16236
-5.16261
-5.16272
-5.163
-5.16299
-5.163
-5.16333
-5.16307
-5.16328
-5.1635
-5.16374
-5.16399
-5.16396
-5.16424
-5.16453
-5.16469
-5.16471
-5.16504
-5.16538
-5.16573
-5.16624
-5.16661
-5.16683
-5.16736
-5.16789
-5.16812
-5.16851
-5.16875
-5.16899
-5.16939
-5.16993
-5.17032
-5.17041
-5.17065
-5.17118
-5.17157
-5.1721
-5.17218
-5.17255
-5.17308
-5.17345
-5.17396
-5.17418
-5.17469
-5.1746
-5.17466
-5.17502
-5.17523
-5.17559
-5.17565
-5.17602
-5.17639
-5.17676
-5.17714
-5.17707
-5.17761
-5.17801
-5.17811
-5.17854
-5.17912
-5.17956
-5.18002
-5.18065
-5.18114
-5.1815
-5.18172
-5.18242
-5.18298
-5.18387
-5.18388
-5.18421
-5.18487
-5.18571
-5.18657
-5.18701
-5.18792
-5.18887
-5.18969
-5.19054
-5.19172
-5.19262
-5.19341
-5.19453
-5.19553
-5.19656
-5.19731
-5.1984
-5.19982
-5.20111
-5.20229
-5.20364
-5.20487
-5.20613
-5.20741
-5.20872
-5.21006
-5.21141
-5.21264
-5.21434
-5.21576
-5.21735
-5.21851
-5.21998
-5.22162
-5.22313
-5.22479
-5.22602
-5.22755
-5.2291
-5.23049
-5.23205
-5.23345
-5.23486
-5.23626
-5.23797
-5.23922
-5.24076
-5.24215
-5.24368
-5.2452
-5.24731
-5.24865
-5.25058
-5.25233
-5.25377
-5.25503
-5.25657
-5.25824
-5.25912
-5.26013
-5.26156
-5.2628
-5.26386
-5.26518
-5.26616
-5.26695
-5.26785
-5.26886
-5.26981
-5.27087
-5.27189
-5.27269
-5.27405
-5.27475
-5.27494
-5.27552
-5.27604
-5.2765
-5.27675
-5.27677
-5.27688
-5.27723
-5.2775
-5.27755
-5.27737
-5.27712
-5.2771
-5.27685
-5.27682
-5.27656
-5.27638
-5.27596
-5.27547
-5.27489
-5.27424
-5.27335
-5.27238
-5.27148
-5.2705
-5.26929
-5.26816
-5.2674
-5.26596
-5.2646
-5.26317
-5.26181
-5.26024
-5.25845
-5.2566
-5.25483
-5.25286
-5.25083
-5.2486
-5.24632
-5.244
-5.24179
-5.23909
-5.23696
-5.2348
-5.23232
-5.22982
-5.22745
-5.22493
-5.22255
-5.21988
-5.21751
-5.215
-5.21236
-5.21004
-5.2079
-5.2058
-5.20328
-5.2008
-5.19852
-5.19675
-5.19429
-5.19219
-5.19031
-5.18821
-5.18648
-5.18499
-5.18343
-5.18181
-5.18059
-5.17931
-5.17844
-5.17736
-5.17655
-5.17584
-5.17524
-5.17475
-5.17422
-5.17395
-5.17365
-5.17361
-5.17353
-5.17356
-5.17371
-5.17411
-5.17447
-5.17509
-5.17566
-5.17603
-5.17695
-5.17796
-5.17922
-5.18041
-5.18138
-5.18259
-5.18387
-5.18567
-5.18679
-5.18842
-5.18996
-5.19155
-5.19334
-5.19487
-5.19643
-5.19803
-5.19921
-5.20116
-5.20313
-5.20497
-5.20666
-5.20851
-5.21036
-5.21206
-5.2142
-5.21587
-5.21784
-5.21979
-5.22126
-5.22316
-5.22503
-5.22641
-5.22822
-5.22953
-5.23081
-5.23219
-5.23384
-5.23529
-5.23669
-5.2382
-5.2395
-5.24091
-5.24196
-5.24327
-5.24437
-5.24526
-5.24611
-5.24721
-5.24795
-5.24879
-5.24973
-5.25032
-5.251
-5.25149
-5.25254
-5.25309
-5.25344
-5.25404
-5.25446
-5.25483
-5.25532
-5.25591
-5.25633
-5.25655
-5.25644
-5.2563
-5.25674
-5.25684
-5.25677
-5.25683
-5.25641
-5.25643
-5.25642
-5.25655
-5.25652
-5.25662
-5.25641
-5.25633
-5.2564
-5.25616
-5.25622
-5.25627
-5.25616
-5.25575
-5.25548
-5.25537
-5.2557
-5.25558
-5.25531
-5.25519
-5.25522
-5.25525
-5.25513
-5.25501
-5.25443
-5.25461
-5.25449
-5.25436
-5.25393
-5.25379
-5.25366
-5.25336
-5.25322
-5.25261
-5.2526
-5.25228
-5.2521
-5.25192
-5.25187
-5.25166
-5.25129
-5.2509
-5.25065
-5.25038
-5.25025
-5.24995
-5.24963
-5.24914
-5.24863
-5.2484
-5.24845
-5.24803
-5.24759
-5.24697
-5.24648
-5.24597
-5.24559
-5.24473
-5.24415
-5.24355
-5.24368
-5.24303
-5.24237
-5.24153
-5.24097
-5.24024
-5.23934
-5.23843
-5.23795
-5.23685
-5.23619
-5.23536
-5.23453
-5.23368
-5.23268
-5.23197
-5.23111
-5.23025
-5.22923
-5.22852
-5.2275
-5.2265
-5.2255
-5.22466
-5.22383
-5.22286
-5.22221
-5.22143
-5.22051
-5.21962
-5.21875
-5.21775
-5.21723
-5.21689
-5.21628
-5.2157
-5.215
-5.21434
-5.21386
-5.21372
-5.21377
-5.2134
-5.21292
-5.21233
-5.21208
-5.21171
-5.21154
-5.21111
-5.21101
-5.21111
-5.21094
-5.21066
-5.21072
-5.21082
-5.21094
-5.21111
-5.21115
-5.21168
-5.21193
-5.21222
-5.21238
-5.21256
-5.21293
-5.21316
-5.21356
-5.21383
-5.21457
-5.21518
-5.21565
-5.21613
-5.21661
-5.21681
-5.21716
-5.21752
-5.21819
-5.2187
-5.21937
-5.21973
-5.22023
-5.22074
-5.22124
-5.22173
-5.22236
-5.22284
-5.2233
-5.22375
-5.22419
-5.22462
-5.22488
-5.22527
-5.2255
-5.22586
-5.22621
-5.22653
-5.227
-5.22698
-5.22696
-5.22721
-5.2276
-5.22736
-5.22756
-5.22759
-5.22759
-5.22774
-5.22786
-5.22781
-5.22805
-5.22812
-5.22802
-5.22791
-5.22792
-5.22838
-5.22852
-5.2285
-5.22861
-5.22871
-5.22865
-5.22873
-5.22864
-5.22825
-5.22829
-5.22849
-5.22822
-5.22825
-5.22812
-5.22799
-5.2277
-5.22756
-5.22743
-5.22714
-5.22716
-5.22733
-5.22735
-5.22723
-5.22727
-5.22671
-5.22661
-5.22652
-5.2266
-5.22684
-5.22679
-5.22691
-5.2269
-5.22705
-5.22707
-5.22696
-5.22718
-5.22726
-5.22737
-5.22781
-5.22812
-5.2286
-5.22912
-5.22936
-5.22963
-5.23024
-5.23027
-5.23079
-5.23119
-5.23146
-5.23193
-5.23242
-5.2328
-5.23336
-5.23381
-5.23459
-5.23525
-5.2358
-5.23683
-5.23774
-5.23853
-5.23935
-5.24021
-5.24079
-5.24155
-5.24173
-5.2427
-5.24384
-5.24486
-5.2459
-5.24696
-5.24789
-5.2493
-5.25042
-5.25142
-5.25258
-5.25405
-5.25524
-5.25645
-5.25751
-5.25859
-5.25998
-5.26123
-5.26248
-5.26375
-5.26517
-5.2666
-5.26818
-5.26947
-5.27076
-5.2722
-5.2735
-5.2751
-5.27625
-5.2777
-5.27916
-5.28061
-5.28176
-5.28307
-5.28438
-5.28553
-5.28699
-5.28845
-5.28975
-5.29121
-5.29252
-5.29368
-5.29469
-5.296
-5.29732
-5.29848
-5.29995
-5.30127
-5.30259
-5.30361
-5.30524
-5.30658
-5.30791
-5.30925
-5.3106
-5.31195
-5.3133
-5.31466
-5.31603
-5.3174
-5.31862
-5.32016
-5.32139
-5.32264
-5.32404
-5.32515
-5.32657
-5.32799
-5.32973
-5.33117
-5.33292
-5.33437
-5.33584
-5.33731
-5.33909
-5.34057
-5.34206
-5.34371
-5.34507
-5.34627
-5.34779
-5.34946
-5.35083
-5.35221
-5.35374
-5.35497
-5.35651
-5.35805
-5.35928
-5.36097
-5.3625
-5.36403
-5.36541
-5.36708
-5.36859
-5.36994
-5.37128
-5.37277
-5.37454
-5.37599
-5.37773
-5.37916
-5.38071
-5.38194
-5.38329
-5.38462
-5.38578
-5.38705
-5.38829
-5.38966
-5.39068
-5.39197
-5.39307
-5.39413
-5.395
-5.39597
-5.3969
-5.39792
-5.39875
-5.39952
-5.39994
-5.40106
-5.40181
-5.40251
-5.40299
-5.40356
-5.40376
-5.4039
-5.40412
-5.40412
-5.40405
-5.40375
-5.40354
-5.4031
-5.40304
-5.40245
-5.40224
-5.40181
-5.40145
-5.40086
-5.40064
-5.3999
-5.39908
-5.39819
-5.39707
-5.39603
-5.39491
-5.39388
-5.39232
-5.39099
-5.3896
-5.38798
-5.38646
-5.38487
-5.38338
-5.38183
-5.38053
-5.37887
-5.37671
-5.37481
-5.37287
-5.37105
-5.36888
-5.36668
-5.36476
-5.36282
-5.36086
-5.35828
-5.35614
-5.35414
-5.35214
-5.34954
-5.3477
-5.34571
-5.34374
-5.34209
-5.34015
-5.33824
-5.3362
-5.33419
-5.33221
-5.33056
-5.32881
-5.32709
-5.32511
-5.32302
-5.32128
-5.31943
-5.31763
-5.31573
-5.31373
-5.31192
-5.31047
-5.30952
-5.30832
-5.30686
-5.3056
-5.30439
-5.30322
-5.30225
-5.30132
-5.30014
-5.29914
-5.29849
-5.29742
-5.29638
-5.29553
-5.29471
-5.29392
-5.29315
-5.29272
-5.29186
-5.29132
-5.2908
-5.29015
-5.28982
-5.28905
-5.28845
-5.2877
-5.28712
-5.28655
-5.28613
-5.28557
-5.28441
-5.28401
-5.28346
-5.28292
-5.28282
-5.28243
-5.28174
-5.28119
-5.28065
-5.27995
-5.27925
-5.27855
-5.27784
-5.27744
-5.27673
-5.27602
-5.27531
-5.2749
-5.27433
-5.27392
-5.27336
-5.27249
-5.27177
-5.27076
-5.2702
-5.26964
-5.26908
-5.26853
-5.26723
-5.26654
-5.266
-5.26578
-5.26496
-5.26476
-5.26426
-5.26408
-5.26345
-5.26314
-5.26285
-5.26227
-5.26171
-5.26116
-5.26079
-5.26073
-5.26054
-5.26038
-5.26008
-5.2598
-5.25955
-5.25947
-5.25927
-5.25893
-5.25923
-5.2591
-5.25869
-5.2586
-5.25854
-5.25836
-5.2585
-5.25837
-5.25826
-5.25803
-5.25797
-5.25808
-5.25837
-5.25869
-5.25902
-5.25908
-5.25946
-5.25986
-5.26028
-5.26087
-5.26088
-5.26136
-5.26185
-5.26206
-5.26213
-5.26251
-5.26291
-5.26332
-5.26404
-5.26477
-5.2652
-5.26549
-5.26623
-5.26698
-5.26758
-5.26803
-5.26848
-5.26893
-5.26937
-5.26966
-5.26979
-5.27037
-5.27078
-5.27104
-5.27129
-5.27182
-5.2719
-5.27256
-5.2729
-5.27339
-5.2734
-5.27339
-5.27382
-5.27378
-5.27402
-5.27424
-5.27398
-5.27416
-5.27386
-5.27429
-5.27455
-5.27464
-5.2747
-5.27444
-5.2746
-5.27459
-5.27516
-5.27465
-5.27487
-5.27476
-5.27447
-5.27447
-5.27398
-5.27362
-5.27309
-5.27299
-5.27286
-5.27225
-5.27147
-5.27127
-5.27105
-5.27081
-5.27024
-5.27011
-5.26935
-5.26887
-5.26853
-5.26817
-5.26779
-5.26739
-5.26683
-5.26624
-5.26565
-5.26489
-5.26426
-5.26347
-5.26282
-5.26231
-5.26194
-5.26141
-5.26102
-5.26062
-5.25976
-5.25889
-5.25802
-5.25714
-5.2564
-5.25551
-5.25461
-5.25401
-5.25311
-5.2525
-5.25189
-5.25098
-5.25022
-5.24946
-5.24854
-5.24763
-5.24686
-5.2461
-5.24549
-5.24518
-5.24457
-5.24382
-5.24321
-5.24231
-5.24156
-5.24081
-5.24022
-5.23948
-5.23874
-5.23785
-5.23712
-5.23685
-5.23613
-5.23556
-5.23485
-5.23429
-5.23344
-5.23259
-5.23205
-5.23122
-5.23054
-5.23018
-5.22997
-5.22947
-5.22883
-5.22805
-5.22728
-5.22682
-5.22622
-5.22549
-5.22507
-5.22452
-5.22383
-5.2233
-5.22265
-5.22216
-5.22154
-5.22095
-5.22037
-5.22027
-5.2199
-5.21955
-5.21937
-5.21907
-5.2188
-5.21856
-5.21835
-5.21787
-5.21772
-5.21776
-5.21783
-5.21763
-5.21762
-5.21765
-5.2174
-5.2175
-5.21764
-5.21781
-5.21786
-5.21826
-5.2184
-5.21857
-5.21923
-5.21963
-5.22022
-5.22069
-5.22136
-5.22206
-5.22264
-5.22341
-5.22407
-5.22476
-5.22564
-5.2264
-5.22719
-5.22816
-5.22887
-5.2293
-5.23066
-5.23176
-5.23257
-5.23357
-5.23459
-5.23563
-5.2367
-5.23779
-5.2395
-5.24094
-5.24193
-5.24295
-5.24413
-5.24548
-5.24669
-5.24822
-5.2493
-5.25055
-5.2518
-5.25291
-5.25448
-5.2559
-5.25702
-5.25815
-5.25943
-5.2604
-5.26183
-5.26325
-5.26452
-5.26593
-5.26748
-5.26842
-5.26981
-5.27103
-5.27254
-5.27374
-5.27491
-5.27607
-5.27722
-5.27804
-5.27899
-5.28006
-5.28112
-5.28184
-5.28285
-5.28382
-5.28462
-5.28553
-5.28687
-5.28772
-5.28839
-5.28902
-5.28977
-5.29048
-5.29115
-5.29179
-5.29254
-5.29279
-5.29316
-5.29364
-5.29407
-5.29431
-5.29451
-5.29482
-5.29494
-5.29546
-5.29534
-5.29503
-5.29513
-5.29548
-5.29519
-5.29516
-5.29509
-5.29482
-5.29467
-5.29447
-5.29424
-5.29426
-5.2941
-5.29405
-5.29396
-5.29354
-5.29308
-5.29259
-5.29206
-5.29181
-5.29153
-5.29091
-5.29043
-5.28976
-5.28892
-5.28821
-5.28762
-5.28687
-5.28595
-5.28501
-5.28421
-5.28355
-5.28257
-5.28174
-5.2812
-5.28066
-5.27966
-5.2788
-5.2778
-5.2771
-5.27579
-5.27495
-5.27426
-5.27327
-5.27214
-5.27132
-5.27082
-5.27003
-5.26909
-5.26803
-5.26712
-5.26624
-5.26537
-5.26452
-5.26384
-5.26257
-5.26193
-5.26131
-5.26116
-5.26089
-5.26018
-5.2598
-5.25899
-5.25865
-5.25818
-5.25773
-5.25746
-5.25721
-5.25668
-5.25632
-5.25628
-5.25566
-5.25552
-5.25524
-5.25514
-5.2549
-5.25469
-5.25434
-5.25401
-5.2537
-5.25356
-5.25344
-5.25319
-5.2531
-5.25288
-5.25268
-5.25264
-5.25278
-5.25232
-5.25234
-5.25237
-5.25242
-5.25233
-5.25241
-5.25266
-5.25262
-5.2526
-5.25275
-5.25291
-5.25309
-5.25329
