1.65785
1.66449
1.67151
1.67818
1.68474
1.69144
1.69875
1.70596
1.71305
1.72125
1.72861
1.73683
1.74494
1.75294
1.76108
1.76934
1.7775
1.78603
1.79444
1.80323
1.81261
1.82188
1.83054
1.83981
1.84846
1.85794
1.86704
1.87648
1.88602
1.89612
1.90629
1.91654
1.92685
1.93793
1.94785
1.95781
1.96852
1.97875
1.98923
1.9997
2.0099
2.01982
2.03018
2.04047
2.0502
2.05984
2.07009
2.0795
2.08876
2.09883
2.10826
2.11701
2.12557
2.13415
2.1425
2.15036
2.15773
2.16554
2.17258
2.1798
2.18647
2.19281
2.19882
2.20473
2.21027
2.21545
2.21978
2.22373
2.22753
2.23094
2.23444
2.23682
2.23904
2.24086
2.24229
2.24356
2.2442
2.24494
2.24506
2.24456
2.2437
2.24225
2.24093
2.23881
2.23685
2.23434
2.23155
2.22873
2.22518
2.22163
2.21787
2.21367
2.20977
2.20524
2.20057
2.19579
2.19044
2.18597
2.18146
2.17595
2.17139
2.16636
2.16161
2.1569
2.15202
2.14746
2.14301
2.13844
2.13375
2.1297
2.12628
2.12279
2.11972
2.11636
2.11392
2.11095
2.10795
2.10516
2.1033
2.10117
2.09901
2.0973
2.09603
2.094
2.09289
2.09148
2.09049
2.08991
2.08997
2.08994
2.09005
2.09005
2.08991
2.09036
2.0909
2.0915
2.09241
2.09312
2.09362
2.09389
2.09441
2.0954
2.09588
2.0968
2.09719
2.09728
2.09778
2.09748
2.09756
2.09755
2.09695
2.09647
2.09611
2.09658
2.09693
2.09642
2.09529
2.09378
2.09262
2.09108
2.0894
2.08759
2.08565
2.08357
2.0821
2.07905
2.0771
2.07503
2.07214
2.06962
2.06725
2.06479
2.06201
2.0594
2.05599
2.05324
2.05019
2.04733
2.04418
2.04074
2.03775
2.03497
2.03143
2.02835
2.02525
2.02165
2.01875
2.01486
2.01145
2.00802
2.00482
2.00088
1.99765
1.99417
1.99018
1.98642
1.9836
1.98028
1.97669
1.97379
1.97014
1.96646
1.9625
1.95898
1.95517
1.95107
1.94621
1.94224
1.93847
1.93463
1.93049
1.92677
1.92226
1.91744
1.91279
1.90831
1.90352
1.89842
1.89372
1.8892
1.88485
1.87947
1.87427
1.86948
1.86439
1.85973
1.85478
1.84978
1.84449
1.83965
1.83406
1.82867
1.82303
1.81785
1.81243
1.807
1.80158
1.79617
1.79078
1.78542
1.78009
1.77504
1.77004
1.76462
1.7595
1.7547
1.74949
1.74508
1.74053
1.73607
1.73172
1.72748
1.72311
1.71911
1.71499
1.71076
1.70643
1.70272
1.69891
1.69525
1.69223
1.68863
1.68568
1.68287
1.67999
1.67727
1.67495
1.67279
1.67055
1.66895
1.66702
1.6655
1.66413
1.66291
1.66209
1.66117
1.66088
1.66074
1.66025
1.65989
1.66015
1.66006
1.66008
1.66023
1.66049
1.66061
1.6606
1.66044
1.66087
1.66089
1.66197
1.66239
1.66362
1.66443
1.66506
1.66599
1.66698
1.66802
1.66934
1.67095
1.67163
1.67306
1.67501
1.67626
1.67801
1.67954
1.68133
1.68289
1.68447
1.68629
1.68812
1.68972
1.69181
1.69365
1.69526
1.69736
1.69897
1.70058
1.70171
1.70308
1.70444
1.70629
1.70765
1.70877
1.70965
1.71052
1.71211
1.71369
1.71455
1.71613
1.71794
1.71999
1.72227
1.72431
1.72537
1.72666
1.72795
1.72922
1.73144
1.73316
1.73439
1.73608
1.73822
1.73962
1.74099
1.74329
1.7446
1.74586
1.74733
1.74779
1.74892
1.74976
1.75006
1.75103
1.7517
1.75278
1.75284
1.75331
1.75346
1.75378
1.75402
1.75443
1.75428
1.75501
1.75542
1.75575
1.75625
1.75619
1.75581
1.7556
1.75459
1.75449
1.75432
1.75409
1.75405
1.75348
1.75239
1.75126
1.75058
1.74989
1.74967
1.74896
1.74825
1.74732
1.74641
1.74553
1.74445
1.74438
1.74413
1.74419
1.74384
1.74311
1.74246
1.74193
1.74223
1.74242
1.74274
1.7432
1.74381
1.74482
1.746
1.74759
1.74863
1.75011
1.75177
1.75316
1.75547
1.75775
1.76025
1.7632
1.76565
1.76833
1.77148
1.77487
1.77873
1.78354
1.78788
1.79221
1.79702
1.80208
1.80737
1.81339
1.81893
1.82494
1.83143
1.83767
1.84415
1.85134
1.85826
1.86565
1.87302
1.88083
1.88909
1.89731
1.90596
1.91431
1.92355
1.93223
1.94154
1.951
1.96011
1.96933
1.97914
1.98904
1.99925
2.00928
2.01814
2.02774
2.03735
2.04646
2.05625
2.06598
2.07514
2.08419
2.09408
2.10381
2.11287
2.12172
2.13033
2.13869
2.14699
2.15424
2.16164
2.16841
2.17479
2.18098
2.18695
2.19221
2.19672
2.20095
2.20463
2.20823
2.21051
2.21244
2.21398
2.21513
2.21515
2.21453
2.21324
2.21178
2.2094
2.20588
2.2017
2.19734
2.19258
2.18669
2.18065
2.17352
2.16555
2.15725
2.14886
2.1397
2.1293
2.11889
2.10754
2.096
2.08405
2.07196
2.06001
2.04701
2.03422
2.02068
2.00741
1.99395
1.98008
1.96561
1.95152
1.93712
1.9234
1.90871
1.89476
1.8811
1.86703
1.85305
1.83944
1.82573
1.81267
1.79956
1.78641
1.77397
1.76129
1.74888
1.73698
1.72513
1.71333
1.70234
1.69142
1.68108
1.67107
1.66093
1.65114
1.64147
1.63288
1.62466
1.61656
1.60859
1.60099
1.59375
1.58713
1.58087
1.57402
1.56873
1.56356
1.55923
1.55477
1.5509
1.54738
1.54395
1.54039
1.53811
1.5352
1.53285
1.53178
1.5303
1.52961
1.52897
1.52911
1.5281
1.52785
1.52812
1.52843
1.52925
1.53033
1.53071
1.53206
1.53391
1.53624
1.53905
1.54185
1.54488
1.54741
1.55064
1.55432
1.55821
1.56277
1.56681
1.57104
1.57496
1.57954
1.58428
1.58967
1.59472
1.59992
1.60477
1.61023
1.6158
1.62197
1.62775
1.63387
1.64006
1.64632
1.65216
1.6583
1.66471
1.67092
1.67715
1.68315
1.68963
1.69539
1.70136
1.70804
1.7142
1.71984
1.72591
1.7324
1.73763
1.74351
1.74932
1.75529
1.76093
1.766
1.77099
1.77708
1.78259
1.788
1.79307
1.79804
1.80267
1.80791
1.81234
1.81642
1.82088
1.82476
1.82854
1.83247
1.83655
1.84078
1.84516
1.84897
1.85197
1.85562
1.85895
1.86244
1.86585
1.86944
1.87344
1.87666
1.87981
1.88266
1.88569
1.88843
1.89136
1.89424
1.89636
1.8994
1.90241
1.90562
1.90833
1.91076
1.91366
1.9163
1.91893
1.92155
1.92392
1.92677
1.92963
1.93202
1.93442
1.93683
1.93975
1.94245
1.94518
1.94746
1.94954
1.95286
1.95575
1.95892
1.9619
1.9647
1.96828
1.97168
1.97514
1.97868
1.98228
1.98595
1.98969
1.99351
1.99693
2.00043
2.00425
2.00791
2.01261
2.01692
2.02107
2.02507
2.02988
2.0343
2.03856
2.0434
2.04809
2.05286
2.05773
2.06245
2.0675
2.07265
2.07837
2.0837
2.08913
2.09465
2.10002
2.10573
2.11201
2.11815
2.12438
2.13023
2.13665
2.14293
2.14978
2.15649
2.16328
2.16945
2.17594
2.18253
2.18944
2.19691
2.20447
2.21138
2.21837
2.22542
2.23255
2.24021
2.2477
2.25524
2.26306
2.27141
2.27858
2.2865
2.2942
2.30144
2.30988
2.31783
2.32552
2.33392
2.34156
2.34939
2.35693
2.36416
2.37156
2.37862
2.38582
2.39363
2.40083
2.40764
2.41406
2.42078
2.42733
2.43343
2.43859
2.44401
2.44942
2.45432
2.45944
2.46402
2.46782
2.4713
2.47444
2.4782
2.48087
2.48293
2.48533
2.48684
2.48843
2.48961
2.49012
2.48972
2.48912
2.48856
2.48732
2.48564
2.48351
2.48142
2.47889
2.47497
2.4711
2.46681
2.46236
2.45726
2.4513
2.44568
2.43994
2.43338
2.42721
2.42001
2.41298
2.4052
2.39668
2.38863
2.38012
2.3714
2.36226
2.35318
2.34395
2.33506
2.32581
2.31597
2.30629
2.29653
2.28695
2.27635
2.26645
2.25676
2.24682
2.23664
2.22622
2.21631
2.20642
2.19632
2.18675
2.17699
2.168
2.15812
2.14854
2.13952
2.13033
2.12124
2.1115
2.10259
2.09329
2.08434
2.07478
2.06605
2.05744
2.04896
2.04061
2.03215
2.02407
2.01589
2.00882
2.00119
1.99396
1.98665
1.97927
1.9728
1.96626
1.95943
1.95255
1.94611
1.94011
1.93481
1.92947
1.92388
1.91899
1.91434
1.90944
1.90526
1.90108
1.89691
1.89299
1.8898
1.88639
1.88347
1.88082
1.87843
1.87606
1.87395
1.87234
1.87075
1.86917
1.86833
1.86774
1.86788
1.86801
1.86814
1.86849
1.86882
1.86887
1.87008
1.87148
1.87305
1.87453
1.8764
1.87863
1.88025
1.88173
1.88375
1.88582
1.88769
1.8898
1.89214
1.89444
1.89667
1.89809
1.89963
1.9015
1.90321
1.90423
1.90527
1.90605
1.90606
1.90552
1.90513
1.90485
1.90442
1.90285
1.90085
1.89863
1.89568
1.89247
1.88899
1.88425
1.87945
1.87289
1.86696
1.86046
1.85315
1.84551
1.83705
1.82802
1.81844
1.8083
1.79763
1.78596
1.77427
1.76209
1.74946
1.73639
1.72268
1.70932
1.69537
1.68086
1.66632
1.65177
1.63726
1.62258
1.60727
1.59188
1.5769
1.56094
1.54571
1.53053
1.51448
1.49928
1.48423
1.46914
1.45403
1.43943
1.42535
1.41207
1.39842
1.38562
1.37323
1.36077
1.34853
1.33724
1.32619
1.31589
1.3066
1.29713
1.28941
1.28154
1.27376
1.26657
1.26022
1.25423
1.24908
1.24455
1.24111
1.23804
1.23534
1.23373
1.23224
1.23135
1.23129
1.23157
1.23267
1.23408
1.2358
1.23901
1.24129
1.24479
1.24877
1.2532
1.25854
1.26381
1.26994
1.27618
1.28299
1.28962
1.29651
1.30363
1.31047
1.3182
1.32606
1.33353
1.34106
1.34861
1.35663
1.36459
1.37175
1.37877
1.3866
1.39399
1.40139
1.40828
1.41487
1.42091
1.42586
1.43188
1.43654
1.44053
1.44456
1.4479
1.451
1.45411
1.45649
1.45838
1.45882
1.45997
1.46065
1.46037
1.45963
1.45869
1.4566
1.45482
1.45217
1.44964
1.44628
1.44309
1.43984
1.43537
1.43163
1.4272
1.42259
1.41758
1.41246
1.40795
1.40289
1.39802
1.39289
1.38799
1.38286
1.37777
1.37225
1.36728
1.36264
1.3576
1.35267
1.34761
1.34316
1.33858
1.33439
1.32936
1.32591
1.32211
1.31869
1.31541
1.31201
1.30875
1.30512
1.30186
1.29896
1.2964
1.29371
1.29111
1.28861
1.2862
1.2841
1.28161
1.27942
1.2773
1.27477
1.27253
1.27059
1.2687
1.26687
1.26486
1.26265
1.26075
1.25914
1.25759
1.25611
1.25445
1.25288
1.25187
1.25119
1.25013
1.24943
1.2486
1.24815
1.24809
1.2477
1.24748
1.24745
1.24809
1.24798
1.24883
1.25039
1.25149
1.25309
1.25451
1.25646
1.2592
1.26251
1.26543
1.26895
1.27186
1.27587
1.28026
1.28504
1.28997
1.29484
1.30083
1.30749
1.31384
1.32134
1.32879
1.3369
1.34544
1.35441
1.36404
1.37384
1.38406
1.39469
1.40523
1.41737
1.42916
1.44133
1.45338
1.46698
1.48042
1.49323
1.50681
1.52092
1.53579
1.55042
1.56481
1.57965
1.59445
1.61062
1.62599
1.64174
1.65736
1.67332
1.68984
1.70616
1.72228
1.73866
1.75503
1.77089
1.78719
1.80294
1.81908
1.83465
1.8501
1.86637
1.88178
1.89677
1.91207
1.92694
1.9416
1.95605
1.97027
1.98353
1.99703
2.01075
2.02398
2.03742
2.05011
2.06252
2.07514
2.08747
2.09928
2.11009
2.12133
2.1323
2.14323
2.15364
2.16353
2.17364
2.18299
2.19233
2.20142
2.21001
2.21811
2.22622
2.2341
2.242
2.24896
2.25642
2.26321
2.26979
2.27668
2.28313
2.28918
2.29506
2.30126
2.30658
2.31225
2.31802
2.32341
2.32868
2.3336
2.33888
2.34358
2.34842
2.35316
2.35806
2.36215
2.36688
2.37106
2.37492
2.37945
2.38415
2.38855
2.39289
2.39621
2.40021
2.40415
2.40805
2.41214
2.41619
2.42019
2.42415
2.42781
2.43119
2.43477
2.43805
2.442
2.44494
2.44805
2.45159
2.45505
2.4582
2.46127
2.46402
2.46715
2.4697
2.47286
2.47493
2.47688
2.47941
2.48155
2.48329
2.4851
2.48673
2.48792
2.48891
2.48992
2.49046
2.491
2.49081
2.49132
2.49011
2.48935
2.48854
2.48767
2.48578
2.48382
2.48156
2.47922
2.47634
2.47338
2.47035
2.46653
2.46265
2.458
2.45353
2.44878
2.44328
2.43776
2.43223
2.42622
2.42
2.4138
2.4079
2.40086
2.39389
2.38751
2.38076
2.37365
2.36573
2.35846
2.35064
2.34301
2.33584
2.32864
2.32096
2.31401
2.30684
2.29921
2.29187
2.28433
2.27709
2.26991
2.26279
2.25551
2.24903
2.24214
2.23486
2.22765
2.22052
2.21396
2.20747
2.20058
2.19448
2.18797
2.18153
2.17515
2.16834
2.16253
2.15581
2.14961
2.14343
2.13777
2.13187
2.12574
2.11962
2.11373
2.10807
2.10191
2.09572
2.08974
2.08348
2.07814
2.07154
2.06561
2.05961
2.05331
2.04694
2.04025
2.03348
2.02735
2.02089
2.01411
2.00723
2.00051
1.99321
1.98654
1.97905
1.97147
1.96452
1.957
1.94939
1.94145
1.93343
1.92581
1.91787
1.91009
1.90177
1.89362
1.88468
1.87641
1.86833
1.85972
1.85131
1.84262
1.8339
1.82565
1.81785
1.80957
1.80128
1.793
1.78449
1.776
1.76753
1.75909
1.75069
1.74283
1.73405
1.72605
1.71788
1.70954
1.70153
1.6936
1.68529
1.67805
1.67091
1.66317
1.65555
1.6483
1.64119
1.63398
1.62644
1.61906
1.61232
1.60623
1.60008
1.5941
1.58856
1.58273
1.57709
1.5719
1.56716
1.5624
1.5581
1.55378
1.54969
1.54609
1.54248
1.53935
1.536
1.53314
1.53053
1.52843
1.52659
1.5255
1.52372
1.52244
1.52145
1.52001
1.51981
1.51966
1.5193
1.51971
1.52016
1.52089
1.52191
1.52321
1.52503
1.52737
1.52951
1.5324
1.53485
1.53806
1.54153
1.54526
1.5495
1.55352
1.5573
1.5623
1.56754
1.57253
1.57848
1.58441
1.59033
1.59621
1.60254
1.60907
1.6158
1.62247
1.62955
1.63681
1.64422
1.65227
1.66071
1.66928
1.6775
1.6856
1.69381
1.70188
1.71004
1.71854
1.7271
1.73598
1.74468
1.75342
1.76245
1.77151
1.78035
1.78993
1.79879
1.80788
1.81648
1.8253
1.83409
1.84283
1.85152
1.85991
1.86871
1.87719
1.88509
1.89337
1.90153
1.90957
1.91724
1.92524
1.93284
1.94051
1.94776
1.9541
1.96047
1.96759
1.97472
1.98112
1.98704
1.99292
1.9983
2.00362
2.00889
2.01312
2.01775
2.02181
2.02529
2.02866
2.03094
2.0331
2.03512
2.03675
2.038
2.03885
2.03931
2.03912
2.03853
2.03801
2.03661
2.03552
2.03306
2.03021
2.02767
2.02451
2.02096
2.01703
2.01369
2.00927
2.00402
1.99843
1.99275
1.98748
1.98094
1.97412
1.96702
1.95942
1.95183
1.94449
1.93646
1.92873
1.92058
1.91227
1.90407
1.89551
1.88709
1.87858
1.86929
1.86067
1.85202
1.84336
1.83421
1.82557
1.81649
1.80769
1.79896
1.79056
1.78177
1.77333
1.76453
1.75611
1.74807
1.74019
1.73199
1.72493
1.71758
1.7109
1.7037
1.69695
1.68992
1.68336
1.67702
1.67139
1.66575
1.66034
1.65565
1.65119
1.646
1.64154
1.63731
1.63356
1.62981
1.62653
1.62324
1.61994
1.61735
1.61474
1.61187
1.61017
1.60869
1.60718
1.60563
1.60428
1.60336
1.60263
1.6016
1.60099
1.59935
1.59933
1.5997
1.60024
1.60044
1.60055
1.60128
1.6019
1.60266
1.60403
1.60527
1.60663
1.60762
1.60919
1.61062
1.61215
1.61401
1.61595
1.61749
1.6191
1.62054
1.62253
1.62459
1.62646
1.62814
1.63035
1.6326
1.6349
1.63723
1.63959
1.64174
1.64392
1.64683
1.64881
1.65103
1.65351
1.65599
1.65897
1.6617
1.66419
1.66692
1.67012
1.67284
1.6753
1.67727
1.67946
1.68188
1.68476
1.68738
1.68973
1.69182
1.69413
1.69665
1.69867
1.7009
1.7031
1.70551
1.70766
1.70978
1.71212
1.71443
1.71648
1.71874
1.72097
1.72319
1.72538
1.72755
1.72923
1.73064
1.73252
1.73415
1.73624
1.73808
1.73991
1.7415
1.74404
1.74609
1.74766
1.74971
1.75177
1.75334
1.75564
1.75771
1.75954
1.76186
1.76347
1.7658
1.76743
1.76907
1.77096
1.77261
1.77476
1.77669
1.77862
1.78008
1.78227
1.78399
1.78643
1.78791
1.79012
1.79209
1.7943
1.79626
1.79773
1.79992
1.80184
1.80327
1.80492
1.8063
1.80861
1.81041
1.81242
1.8139
1.81582
1.81744
1.81925
1.82101
1.82221
1.82312
1.82442
1.8259
1.82705
1.8286
1.83006
1.8307
1.83125
1.83195
1.8323
1.8328
1.83318
1.83298
1.8329
1.83296
1.83242
1.83225
1.83245
1.83182
1.83107
1.83046
1.82949
1.82866
1.82797
1.82694
1.82581
1.82482
1.82374
1.8221
1.82061
1.81929
1.81765
1.81594
1.81417
1.81307
1.81143
1.80903
1.80754
1.80555
1.80329
1.80101
1.79919
1.79689
1.79483
1.79302
1.79098
1.78872
1.78696
1.78475
1.78282
1.78093
1.77908
1.77728
1.77554
1.77459
1.77297
1.77213
1.77065
1.76971
1.76789
1.76686
1.76543
1.76432
1.76329
1.76234
1.76122
1.76091
1.76019
1.75955
1.75898
1.75849
1.7583
1.75891
1.75861
1.7591
1.75867
1.75854
1.75846
1.75841
1.75889
1.75891
1.75872
1.75878
1.75862
1.75894
1.75902
1.75933
1.75915
1.75894
1.75894
1.75915
1.7593
1.75893
1.75873
1.7587
1.75787
1.75768
1.75667
1.75653
1.7558
1.75399
1.75303
1.75193
1.75095
1.74934
1.74807
1.74617
1.74484
1.74263
1.7405
1.73916
1.73646
1.73407
1.73102
1.72781
1.72442
1.72134
1.71809
1.71491
1.71156
1.70804
1.70364
1.69957
1.69486
1.69049
1.68525
1.67987
1.67485
1.66995
1.66397
1.65837
1.65316
1.64786
1.64249
1.63658
1.63109
1.62484
1.61904
1.61298
1.60764
1.60206
1.59602
1.5905
1.58478
1.57889
1.57282
1.56756
1.56216
1.55664
1.55124
1.54645
1.54134
1.53664
1.53235
1.52801
1.52363
1.51947
1.51577
1.51183
1.50885
1.50566
1.50297
1.50032
1.49843
1.49685
1.4946
1.49316
1.49203
1.49147
1.49125
1.49162
1.4921
1.49317
1.4946
1.4964
1.49809
1.50063
1.50355
1.50614
1.50983
1.51294
1.51741
1.5225
1.52726
1.53242
1.5382
1.54438
1.55119
1.55814
1.56548
1.57345
1.58132
1.59004
1.59914
1.6086
1.61795
1.62887
1.63868
1.64933
1.65984
1.67116
1.68328
1.69524
1.70678
1.7191
1.73243
1.74604
1.75943
1.77356
1.78745
1.80157
1.81567
1.83045
1.84519
1.86034
1.87542
1.89064
1.90599
1.92171
1.93728
1.9527
1.96818
1.98444
2.00026
2.01609
2.03216
2.04822
2.06401
2.07974
2.09541
2.11123
2.1267
2.14157
2.15703
2.17233
2.1877
2.20216
2.21641
2.23069
2.24449
2.2578
2.27108
2.28385
2.2968
2.30921
2.32154
2.33329
2.34495
2.35626
2.36768
2.37825
2.38868
2.39824
2.4074
2.4164
2.42499
2.43245
2.44069
2.44803
2.45494
2.46143
2.46725
2.47312
2.47832
2.48261
2.48647
2.49015
2.49412
2.49671
2.49864
2.50088
2.5027
2.50412
2.50515
2.50553
2.50577
2.50562
2.50534
2.5047
2.50368
2.50232
2.50061
2.49832
2.49619
2.49325
2.49073
2.48742
2.48334
2.47922
2.47483
2.47017
2.46551
2.4606
2.45547
2.44939
2.44335
2.43735
2.43165
2.42529
2.41878
2.41236
2.40556
2.39888
2.3921
2.38546
2.37802
2.37003
2.36246
2.35534
2.34771
2.34007
2.33291
2.32577
2.31867
2.31089
2.30317
2.29576
2.28845
2.28124
2.27438
2.26814
2.26157
2.2549
2.24841
2.24235
2.23575
2.23033
2.22513
2.22015
2.21518
2.21022
2.20551
2.20132
2.19741
2.19378
2.19069
2.18814
2.18541
2.18252
2.18042
2.17912
2.17695
2.17583
2.17504
2.17482
2.17446
2.17491
2.17521
2.1761
2.17659
2.17838
2.18025
2.18246
2.18523
2.1876
2.19077
2.1945
2.19829
2.20239
2.20631
2.21052
2.2155
2.22124
2.22678
2.23259
2.23842
2.24474
2.25132
2.25789
2.26494
2.27198
2.27924
2.28719
2.29582
2.30369
2.31174
2.31998
2.32863
2.33744
2.34665
2.35552
2.36454
2.37392
2.38343
2.39329
2.40253
2.41186
2.42152
2.43125
2.4413
2.45115
2.46106
2.47172
2.48121
2.49143
2.50142
2.5114
2.52161
2.53179
2.54169
2.55154
2.56157
2.57153
2.58141
2.59144
2.60088
2.61068
2.62036
2.62966
2.63905
2.64804
2.65709
2.66549
2.67369
2.68194
2.68949
2.69706
2.70416
2.71174
2.71836
2.72448
2.73106
2.73737
2.74389
2.74965
2.75464
2.75982
2.76471
2.76953
2.77357
2.77851
2.78194
2.78529
2.78834
2.79132
2.79375
2.79635
2.79816
2.79942
2.80111
2.80274
2.80334
2.8039
2.8049
2.80417
2.80389
2.8031
2.80205
2.80147
2.80017
2.79839
2.79638
2.79464
2.79197
2.78981
2.78675
2.78351
2.78034
2.77653
2.77305
2.76944
2.76594
2.76184
2.75787
2.75357
2.74965
2.74494
2.74064
2.73628
2.73187
2.72766
2.72365
2.71913
2.71459
2.7098
2.70524
2.70044
2.69588
2.69134
2.68657
2.68205
2.67756
2.67261
2.66842
2.66377
2.65939
2.65457
2.65051
2.64624
2.64201
2.63758
2.63343
2.62932
2.62548
2.62144
2.61744
2.61372
2.60979
2.60613
2.60227
2.59868
2.59512
2.59159
2.58737
2.58365
2.57948
2.57606
2.57291
2.56881
2.56523
2.5619
2.55861
2.55485
2.55161
2.5479
2.54398
2.54081
2.5367
2.53311
2.53003
2.52675
2.52399
2.52078
2.51737
2.51401
2.51142
2.5084
2.50543
2.50276
2.49943
2.49665
2.49369
2.49104
2.48894
2.48644
2.48378
2.48192
2.47967
2.4775
2.47541
2.4739
2.47176
2.46995
2.46847
2.46636
2.46459
2.46243
2.46108
2.45981
2.45839
2.45706
2.45628
2.45534
2.45448
2.45392
2.45318
2.4525
2.45186
2.45127
2.45096
2.45043
2.44991
2.44941
2.44867
2.44817
2.44741
2.44686
2.44604
2.44542
2.44451
2.44401
2.44297
2.44184
2.44135
2.44028
2.43886
2.43734
2.43618
2.43537
2.43322
2.43094
2.42924
2.42715
2.42443
2.42204
2.41925
2.41678
2.41367
2.4104
2.40721
2.40386
2.39963
2.39596
2.39117
2.38744
2.38307
2.37879
2.37438
2.36982
2.36513
2.36079
2.35585
2.35103
2.34608
2.34079
2.33564
2.3299
2.32431
2.31888
2.31335
2.30727
2.3016
2.29538
2.2891
2.28252
2.27685
2.27066
2.26467
2.25863
2.25233
2.24648
2.24012
2.23351
2.22736
2.22145
2.21505
2.20889
2.2025
2.19611
2.19023
2.18412
2.17707
2.17101
2.16474
2.15803
2.15233
2.1462
2.14012
2.13409
2.12766
2.12297
2.11692
2.11167
2.1065
2.10071
2.09573
2.0899
2.08465
2.07904
2.07379
2.0689
2.06438
2.05999
2.05527
2.05068
2.04697
2.04268
2.03927
2.03506
2.03149
2.02809
2.02462
2.02156
2.01844
2.01621
2.01344
2.01109
2.00868
2.0067
2.00586
2.004
2.00257
2.00132
2.00026
1.99939
1.99918
1.99819
1.99812
1.99822
1.99827
1.99899
1.99892
1.99927
2.00077
2.00173
2.00286
2.00393
2.00542
2.00756
2.00987
2.01211
2.01404
2.01637
2.01935
2.02249
2.02531
2.02781
2.03071
2.03328
2.03648
2.04008
2.04382
2.04746
2.05149
2.0559
2.0602
2.06489
2.0685
2.07272
2.07756
2.08275
2.08783
2.09231
2.09786
2.10328
2.10906
2.11471
2.12046
2.12631
2.1325
2.13878
2.1454
2.15187
2.15818
2.16458
2.17131
2.17763
2.18475
2.19171
2.19874
2.2056
2.21325
2.22024
2.2273
2.23418
2.24137
2.24886
2.25617
2.26378
2.27073
2.27846
2.28576
2.29312
2.30078
2.30826
2.31604
2.32388
2.33154
2.33975
2.34778
2.35635
2.36499
2.37369
2.38174
2.38962
2.39853
2.40704
2.41513
2.42402
2.43274
2.44155
2.45018
2.4589
2.46793
2.47704
2.48598
2.49501
2.50435
2.51377
2.52351
2.53284
2.54176
2.55219
2.56197
2.57158
2.58149
2.59194
2.60221
2.61229
2.62265
2.63258
2.64279
2.65328
2.66332
2.67337
2.68369
2.69427
2.70485
2.71543
2.726
2.73633
2.74663
2.75739
2.7674
2.77785
2.78826
2.79837
2.80867
2.81891
2.82882
2.83866
2.84842
2.85808
2.86788
2.87612
2.88569
2.89514
2.90422
2.9134
2.9222
2.93108
2.93956
2.94811
2.95625
2.96468
2.97244
2.97999
2.98662
2.99374
3.00065
3.00731
3.01349
3.01989
3.02628
3.03239
3.03773
3.04278
3.04753
3.05197
3.0556
3.05914
3.06258
3.06591
3.06863
3.07097
3.07317
3.07522
3.07637
3.07784
3.07839
3.07826
3.07793
3.0769
3.07541
3.07392
3.0717
3.06803
3.06435
3.06088
3.05666
3.05192
3.04642
3.04039
3.03384
3.027
3.01939
3.01078
3.00212
2.99317
2.98299
2.97253
2.96134
2.9494
2.93771
2.92554
2.9122
2.89889
2.88493
2.87103
2.85675
2.84186
2.82663
2.81157
2.79621
2.78033
2.76422
2.74741
2.73138
2.71447
2.69743
2.68054
2.66309
2.64609
2.62933
2.61259
2.59566
2.57881
2.5616
2.54477
2.52786
2.51163
2.49466
2.47914
2.46317
2.44822
2.43286
2.41856
2.40462
2.39058
2.37717
2.36394
2.35185
2.33972
2.32708
2.31586
2.30488
2.29462
2.28509
2.27582
2.26705
2.25854
2.25078
2.24329
2.23704
2.23081
2.22508
2.21987
2.21491
2.21093
2.2072
2.20419
2.20094
2.19815
2.19655
2.19467
2.19443
2.1939
2.1933
2.19382
2.19425
2.1953
2.19718
2.19893
2.20101
2.20364
2.20608
2.20952
2.21299
2.21669
2.22014
2.22404
2.22764
2.23214
2.23655
2.24109
2.24598
2.25122
2.25556
2.26021
2.26514
2.27057
2.27577
2.28097
2.28589
2.29078
2.29561
2.30012
2.30504
2.30986
2.31408
2.31842
2.32262
2.32693
2.33131
2.33482
2.33815
2.34154
2.34474
2.34776
2.35058
2.35296
2.35515
2.35736
2.35986
2.36166
2.36303
2.36466
2.36634
2.36733
2.36764
2.36775
2.36864
2.3691
2.37011
2.36973
2.36943
2.368
2.36666
2.36613
2.36522
2.36442
2.36325
2.36196
2.36033
2.35883
2.35748
2.35581
2.35357
2.35175
2.34987
2.34794
2.3462
2.34467
2.34238
2.34032
2.33823
2.33566
2.33356
2.33147
2.32915
2.32732
2.32552
2.32325
2.32126
2.31907
2.31739
2.31575
2.31393
2.31167
2.3097
2.30779
2.30545
2.30366
2.30193
2.30098
2.29937
2.29784
2.29613
2.29496
2.29339
2.29261
2.29166
2.29078
2.2902
2.2897
2.28877
2.28768
2.28689
2.2864
2.28573
2.28535
2.28527
2.28476
2.28478
2.28508
2.28518
2.28483
2.28451
2.2847
2.28418
2.28464
2.28439
2.2851
2.28484
2.28481
2.28477
2.28471
2.28461
2.28448
2.28503
2.28456
2.28428
2.28393
2.28351
2.28302
2.28244
2.28202
2.28102
2.27992
2.2792
2.27789
2.27695
2.27589
2.27374
2.2722
2.27028
2.26824
2.26632
2.26498
2.2623
2.25998
2.258
2.25541
2.25268
2.24982
2.24659
2.24323
2.23974
2.23612
2.23286
2.229
2.22525
2.22114
2.21668
2.21283
2.20886
2.20431
2.19989
2.19537
2.19099
2.18675
2.18171
2.17657
2.17159
2.16677
2.16139
2.15617
2.1504
2.14625
2.14082
2.13582
2.13052
2.12517
2.11953
2.11409
2.1086
2.10283
2.09679
2.09073
2.08464
2.07925
2.07361
2.06772
2.06183
2.0557
2.04981
2.04442
2.0388
2.03273
2.02716
2.02091
2.01494
2.0095
2.00411
1.99878
1.99328
1.98809
1.98275
1.97749
1.97208
1.96749
1.96253
1.95744
1.9532
1.94884
1.94413
1.93957
1.93587
1.9316
1.92773
1.92355
1.91929
1.91545
1.91179
1.90879
1.90599
1.90338
1.9012
1.89923
1.89721
1.89612
1.89475
1.89334
1.89261
1.89184
1.89103
1.89113
1.89069
1.89043
1.89082
1.89112
1.89158
1.89145
1.89168
1.89226
1.89244
1.89342
1.89396
1.89478
1.89536
1.89616
1.89667
1.89712
1.89771
1.89818
1.8985
1.89864
1.89809
1.89779
1.89724
1.89639
1.89476
1.89352
1.89144
1.88971
1.88663
1.88314
1.88021
1.87684
1.87281
1.86835
1.86345
1.8586
1.85261
1.84596
1.83987
1.83267
1.82486
1.81718
1.80917
1.80038
1.79106
1.78198
1.77242
1.76268
1.75348
1.74342
1.73374
1.7235
1.7132
1.70264
1.6916
1.6818
1.67181
1.6619
1.65233
1.64265
1.63311
1.62324
1.61404
1.60503
1.59623
1.58812
1.57952
1.57092
1.56281
1.55518
1.54758
1.54047
1.53364
1.52707
1.52029
1.51449
1.50873
1.50323
1.49824
1.49279
1.48784
1.48339
1.47895
1.475
1.47153
1.46807
1.46461
1.46137
1.4586
1.45582
1.45373
1.45161
1.45043
1.44824
1.44673
1.44517
1.44428
1.44357
1.44304
1.44245
1.44226
1.44225
1.44143
1.44125
1.44147
1.44161
1.44261
1.44329
1.4441
1.44531
1.44665
1.44766
1.44928
1.4508
1.45246
1.45426
1.45595
1.45777
1.45901
1.46134
1.46357
1.46617
1.46916
1.47179
1.47481
1.47771
1.48052
1.48322
1.48654
1.48929
1.49337
1.49712
1.50125
1.50505
1.50923
1.51356
1.519
1.52363
1.52864
1.53405
1.53985
1.54531
1.55069
1.55621
1.56212
1.56818
1.57439
1.58099
1.58772
1.59412
1.6009
1.60782
1.61463
1.62182
1.62865
1.63584
1.64291
1.65058
1.65836
1.66601
1.67375
1.68183
1.69024
1.69873
1.70705
1.7152
1.72317
1.73168
1.73999
1.74858
1.75721
1.76586
1.77428
1.7832
1.79187
1.8003
1.80968
1.81783
1.82691
1.83548
1.84401
1.85249
1.86116
1.86953
1.87808
1.88559
1.89375
1.90159
1.9096
1.91824
1.92631
1.93502
1.94195
1.94951
1.95771
1.96533
1.97286
1.97983
1.9867
1.99324
2.00019
2.00728
2.01406
2.02075
2.02713
2.03391
2.04014
2.04678
2.05286
2.05912
2.06555
2.07215
2.07821
2.08419
2.09036
2.09645
2.10223
2.10793
2.11356
2.11934
2.1248
2.13016
2.13543
2.14035
2.14515
2.15032
2.15511
2.15975
2.16401
2.16811
2.17276
2.1765
2.1798
2.18314
2.1865
2.18963
2.193
2.19491
2.19727
2.1996
2.20117
2.20315
2.20459
2.20524
2.20579
2.2065
2.20639
2.20641
2.2056
2.20467
2.20315
2.20223
2.19951
2.1969
2.19369
2.19037
2.18669
2.18217
2.17803
2.17331
2.16777
2.16239
2.15669
2.15139
2.14508
2.13871
2.13182
2.1249
2.11749
2.11079
2.10313
2.09501
2.08692
2.07888
2.06944
2.06032
2.05128
2.04282
2.03422
2.02526
2.01572
2.00583
1.99611
1.98656
1.97646
1.96656
1.95662
1.94665
1.93643
1.92716
1.91741
1.90743
1.89722
1.88777
1.87811
1.86801
1.85772
1.84797
1.8378
1.82914
1.81935
1.80964
1.80025
1.7912
1.78223
1.77289
1.76437
1.75571
1.74693
1.73922
1.73066
1.72223
1.71367
1.70597
1.69815
1.69022
1.68243
1.67477
1.66701
1.6594
1.6524
1.64507
1.63813
1.6311
1.62422
1.61749
1.61092
1.60524
1.59971
1.59362
1.58842
1.5829
1.5778
1.57214
1.56691
1.56185
1.55697
1.55252
1.54874
1.54418
1.53958
1.5359
1.53193
1.52865
1.52533
1.52246
1.52053
1.51761
1.51563
1.51388
1.51211
1.50985
1.50829
1.50746
1.50662
1.50579
1.50544
1.50558
1.50596
1.50612
1.50677
1.50744
1.50908
1.51075
1.51244
1.51439
1.51685
1.51934
1.52209
1.5251
1.52839
1.53218
1.53575
1.53983
1.54369
1.54829
1.55315
1.55826
1.56386
1.56947
1.57508
1.58117
1.58749
1.59356
1.60008
1.6073
1.61473
1.62188
1.62945
1.63696
1.64488
1.65249
1.66096
1.66957
1.67807
1.68645
1.69445
1.70399
1.71265
1.72137
1.73015
1.73897
1.74782
1.75765
1.76651
1.77584
1.78563
1.79417
1.80266
1.81132
1.82015
1.82864
1.83726
1.84577
1.85367
1.8619
1.87023
1.87815
1.88589
1.89297
1.90082
1.90799
1.91519
1.92169
1.92796
1.934
1.93957
1.94586
1.95167
1.95674
1.96181
1.96686
1.97118
1.97501
1.97931
1.98311
1.98618
1.98925
1.99231
1.99489
1.99796
2.00007
2.00243
2.00482
2.00603
2.00751
2.00807
2.00844
2.00911
2.00984
2.01016
2.01033
2.01155
2.01192
2.01215
2.01179
2.01132
2.01123
2.0113
2.01032
2.00977
2.0094
2.00874
2.00781
2.00709
2.00587
2.00537
2.00511
2.00415
2.00369
2.00302
2.00238
2.00156
2.00103
2.00032
1.99944
1.99936
1.99912
1.998
1.99794
1.99869
1.99859
1.99884
1.99919
1.99942
2.00049
2.00119
2.00202
2.00272
2.00331
2.00474
2.00582
2.00725
2.00905
2.01097
2.01252
2.01467
2.01646
2.01763
2.02035
2.02317
2.02536
2.02741
2.03003
2.03273
2.03478
2.03763
2.04005
2.04326
2.04653
2.04983
2.0527
2.05583
2.05947
2.06265
2.0656
2.06951
2.07294
2.07659
2.07951
2.08336
2.08622
2.08952
2.09277
2.09597
2.09888
2.10173
2.1045
2.10745
2.11007
2.11262
2.11508
2.11745
2.11997
2.12216
2.12425
2.12648
2.12813
2.12967
2.13184
2.13317
2.1344
2.13553
2.13704
2.13772
2.13903
2.13999
2.14061
2.1409
2.14182
2.14241
2.14315
2.1438
2.14414
2.14463
2.14506
2.14468
2.14473
2.14423
2.14342
2.14328
2.14309
2.14334
2.14281
2.14224
2.14188
2.14148
2.14129
2.14084
2.14059
2.14009
2.13981
2.13902
2.13894
2.13909
2.1385
2.13767
2.1373
2.13644
2.13582
2.13543
2.13456
2.13367
2.13278
2.13211
2.13144
2.13052
2.12982
2.12911
2.12862
2.12788
2.12711
2.12632
2.12527
2.1242
2.12333
2.1222
2.12127
2.12078
2.12001
2.11896
2.11811
2.11745
2.11625
2.11525
2.11347
2.11211
2.1107
2.10947
2.10745
2.10585
2.10442
2.10269
2.10161
2.09998
2.09805
2.09628
2.0942
2.09206
2.09009
2.08708
2.08472
2.08182
2.07956
2.077
2.07413
2.07167
2.06914
2.06607
2.06317
2.06069
2.05719
2.0541
2.05071
2.04703
2.04352
2.0402
2.03754
2.03386
2.03038
2.02684
2.02325
2.01985
2.01688
2.01339
2.00936
2.0053
2.00119
1.99728
1.99333
1.98982
1.98603
1.98149
1.97764
1.97327
1.96888
1.96422
1.96002
1.95555
1.95131
1.94657
1.94254
1.93875
1.9347
1.93041
1.92589
1.92088
1.91709
1.91331
1.9093
1.90532
1.90088
1.8972
1.89307
1.88898
1.88518
1.88167
1.87773
1.87386
1.87004
1.8663
1.86263
1.85904
1.85649
1.85307
1.84951
1.84652
1.84387
1.84108
1.83816
1.83512
1.83266
1.83057
1.82811
1.82602
1.82381
1.82245
1.82001
1.81818
1.81672
1.81516
1.8142
1.81289
1.81171
1.81066
1.80902
1.80822
1.80731
1.80652
1.80657
1.8065
1.8063
1.80645
1.80624
1.8066
1.80683
1.80667
1.80685
1.80735
1.8077
1.8086
1.80934
1.81015
1.81053
1.81145
1.81242
1.81344
1.81401
1.8151
1.81645
1.81758
1.81896
1.82035
1.82126
1.82241
1.82354
1.82538
1.82671
1.82777
1.82928
1.83026
1.83191
1.83231
1.83289
1.83388
1.83432
1.83542
1.83595
1.83664
1.837
1.83728
1.83697
1.83681
1.83654
1.83641
1.83641
1.83629
1.83559
1.83476
1.8343
1.83324
1.83277
1.83146
1.82955
1.82823
1.82678
1.82569
1.82423
1.82241
1.82046
1.81814
1.81522
1.8129
1.8107
1.80838
1.80499
1.80195
1.79881
1.7958
1.79268
1.78971
1.78615
1.78274
1.77949
1.7759
1.77248
1.76899
1.76518
1.76132
1.75764
1.7539
1.7494
1.74486
1.74076
1.7364
1.73226
1.72835
1.72371
1.71882
1.71467
1.71077
1.70665
1.70256
1.69874
1.69496
1.69122
1.6873
1.68319
1.67937
1.67539
1.67196
1.66812
1.66508
1.6614
1.65806
1.65456
1.65187
1.64904
1.64559
1.64271
1.64018
1.63799
1.63637
1.63414
1.63153
1.62902
1.62685
1.62501
1.62256
1.62068
1.61913
1.61768
1.61632
1.61432
1.61337
1.61201
1.61122
1.60978
1.60816
1.6071
1.6061
1.60515
1.60427
1.60368
1.60193
1.60096
1.60026
1.59961
1.59875
1.59841
1.59786
1.59711
1.59685
1.59663
1.5957
1.59552
1.59511
1.59473
1.59437
1.59426
1.59393
1.59314
1.5926
1.59256
1.59326
1.59301
1.59326
1.59232
1.59237
1.59196
1.59156
1.59119
1.59036
1.59052
1.59045
1.59018
1.59017
1.59018
1.59022
1.58981
1.58943
1.5898
1.58995
1.59037
1.59106
1.59105
1.59131
1.59182
1.59212
1.59291
1.593
1.59334
1.59416
1.59403
1.59437
1.59471
1.59528
1.59607
1.5961
1.59659
1.59703
1.59718
1.59752
1.59778
1.59748
1.59781
1.59732
1.59671
1.59598
1.59583
1.59506
1.59388
1.59301
1.59171
1.59021
1.58851
1.58658
1.58442
1.58202
1.57936
1.57693
1.5735
1.57004
1.56629
1.5625
1.55842
1.55356
1.54865
1.54273
1.53724
1.53146
1.52541
1.51956
1.51273
1.50565
1.49808
1.49078
1.48326
1.47578
1.46789
1.45983
1.45212
1.44428
1.43538
1.42665
1.41833
1.40998
1.40138
1.39327
1.3847
1.37643
1.36776
1.35942
1.3512
1.34311
1.33543
1.32792
1.32061
1.31351
1.3064
1.2993
1.29222
1.2859
1.28035
1.27438
1.26921
1.26388
1.25914
1.25498
1.25069
1.24725
1.24395
1.2415
1.23871
1.23655
1.23527
1.23415
1.23342
1.23286
1.23294
1.23271
1.23336
1.23442
1.23613
1.23824
1.24052
1.24368
1.24675
1.24974
1.25335
1.25687
1.26101
1.26601
1.27137
1.27733
1.28316
1.28982
1.29633
1.30365
1.31032
1.31801
1.32576
1.33402
1.34255
1.35108
1.35985
1.36885
1.37828
1.38743
1.39771
1.4079
1.41774
1.42818
1.43824
1.44909
1.45928
1.46999
1.47999
1.49047
1.50043
1.51084
1.52093
1.53069
1.54059
1.54963
1.55973
1.56919
1.57845
1.58776
1.59661
1.60522
1.61406
1.6224
1.63023
1.63801
1.64501
1.65242
1.65928
1.66558
1.67227
1.67815
1.68393
1.68938
1.69449
1.69927
1.7037
1.70709
1.71087
1.71432
1.71697
1.71954
1.72181
1.72378
1.72546
1.72686
1.72823
1.72788
1.72849
1.72886
1.72899
1.7289
1.72885
1.72764
1.72672
1.7261
1.72532
1.72439
1.72235
1.72115
1.71934
1.71815
1.71638
1.71404
1.7121
1.71009
1.70875
1.70712
1.70496
1.70302
1.70081
1.69834
1.69586
1.69339
1.6914
1.68942
1.68722
1.68504
1.68288
1.68052
1.67794
1.67565
1.67388
1.67143
1.66926
1.66714
1.66482
1.66255
1.66129
1.65959
1.65794
1.65657
1.65476
1.6525
1.65076
1.64976
1.64856
1.64737
1.64572
1.64432
1.64268
1.64081
1.63941
1.63775
1.6368
1.63509
1.63311
1.63157
1.62999
1.6281
1.62615
1.62461
1.62298
1.62079
1.61899
1.61684
1.61458
1.6122
1.6097
1.60707
1.60454
1.60162
1.59831
1.59581
1.59291
1.58983
1.58635
1.58268
1.57908
1.57505
1.57084
1.56668
1.56186
1.5566
1.55115
1.54576
1.54042
1.53562
1.52967
1.52378
1.51724
1.51054
1.50366
1.49664
1.4897
1.48262
1.47541
1.46856
1.46135
1.4538
1.44615
1.43842
1.43063
1.42254
1.41392
1.40624
1.39781
1.38986
1.38216
1.374
1.36563
1.35804
1.35027
1.3421
1.33449
1.32627
1.31864
1.31138
1.30402
1.29777
1.29048
1.28407
1.27737
1.27109
1.26501
1.25889
1.25322
1.24776
1.24253
1.23752
1.23249
1.22818
1.22362
1.21954
1.21569
1.21208
1.20918
1.20653
1.20362
1.20094
1.19874
1.19604
1.19404
1.19251
1.19095
1.18984
1.18846
1.18752
1.18701
1.18622
1.18585
1.18543
1.18565
1.18557
1.18589
1.18612
1.18674
1.18703
1.18793
1.18897
1.18941
1.19093
1.19233
1.19407
1.1952
1.19715
1.19895
1.20107
1.20328
1.20509
1.20793
1.21012
1.21286
1.21493
1.21729
1.21971
1.22242
1.2254
1.22795
1.23077
1.23362
1.23625
1.23867
1.24207
1.24524
1.24818
1.25089
1.25336
1.25654
1.25924
1.26193
1.26461
1.2675
1.27038
1.27226
1.27484
1.27761
1.27987
1.28232
1.28448
1.28706
1.28934
1.29157
1.29396
1.29531
1.29731
1.29947
1.30153
1.30327
1.30514
1.30644
1.30763
1.30848
1.31017
1.31151
1.31225
1.31311
1.31433
1.3147
1.31543
1.3153
1.31481
1.3149
1.31438
1.31421
1.3139
1.31395
1.31363
1.31318
1.3126
1.31166
1.31011
1.3094
1.30858
1.30643
1.30491
1.30327
1.3013
1.29922
1.2973
1.29554
1.29345
1.29129
1.28834
1.28605
1.2837
1.28155
1.27862
1.27542
1.27291
1.27037
1.26781
1.26524
1.26217
1.25887
1.25581
1.25349
1.25118
1.2489
1.2464
1.24418
1.24176
1.23891
1.23683
1.23456
1.23188
1.22951
1.22817
1.22594
1.22427
1.22173
1.21976
1.21765
1.21611
1.21517
1.21385
1.21241
1.21132
1.21132
1.21096
1.21073
1.2104
1.20996
1.20943
1.20928
1.20929
1.20897
1.20978
1.21074
1.2114
1.21246
1.21347
1.21465
1.21553
1.21684
1.21858
1.22052
1.22265
1.22475
1.22705
1.23028
1.23372
1.23689
1.24076
1.24412
1.24771
1.25177
1.25604
1.26055
1.26529
1.27002
1.27522
1.2809
1.28657
1.29271
1.29908
1.30521
1.31204
1.31863
1.32544
1.33272
1.34071
1.34819
1.35614
1.3643
1.37291
1.38149
1.38955
1.39877
1.40794
1.41778
1.42804
1.43752
1.44717
1.45698
1.46742
1.47778
1.48804
1.49915
1.50991
1.52031
1.5313
1.54239
1.55333
1.56459
1.57641
1.58758
1.59976
1.6115
1.62329
1.63437
1.64572
1.65731
1.66891
1.68073
1.6918
1.70332
1.71456
1.72646
1.73781
1.74933
1.76052
1.77161
1.78235
1.7932
1.80345
1.81379
1.82445
1.83423
1.84455
1.85469
1.86438
1.87338
1.88239
1.89166
1.90068
1.90896
1.91721
1.92543
1.93287
1.94026
1.94734
1.95386
1.96078
1.96664
1.97263
1.97804
1.98332
1.98799
1.99205
1.99622
1.99975
2.00314
2.00541
2.00777
2.00973
2.01153
2.01269
2.01345
2.01405
2.01353
2.01309
2.01227
2.01129
2.01041
2.00868
2.00633
2.00361
2.00055
1.99713
1.99338
1.98906
1.98442
1.97971
1.97494
1.96989
1.96409
1.95874
1.95218
1.94587
1.93908
1.93257
1.9261
1.9192
1.91188
1.90441
1.89703
1.88951
1.88187
1.87364
1.86555
1.85713
1.84912
1.84105
1.83293
1.82477
1.81658
1.80837
1.7992
1.79003
1.78159
1.77318
1.76481
1.75624
1.74797
1.74001
1.73212
1.72407
1.71612
1.70851
1.701
1.69337
1.68611
1.67826
1.67127
1.66443
1.65774
1.65121
1.64436
1.63841
1.63239
1.62631
1.62041
1.61446
1.60918
1.60337
1.59824
1.59354
1.58905
1.58451
1.58042
1.57653
1.57284
1.56887
1.56557
1.56199
1.55908
1.55612
1.55335
1.55123
1.54881
1.5468
1.54471
1.54254
1.54076
1.53913
1.53787
1.5365
1.53597
1.53483
1.53379
1.5326
1.53125
1.53022
1.52925
1.52882
1.5277
1.52735
1.52605
1.52525
1.5259
1.52511
1.52454
1.52395
1.52333
1.5222
1.52175
1.521
1.52068
1.51958
1.51841
1.51717
1.51586
1.51496
1.51373
1.51267
1.51153
1.51031
1.50901
1.5074
1.50499
1.50324
1.50118
1.50002
1.49857
1.49587
1.49409
1.49203
1.48946
1.48736
1.48501
1.48315
1.48129
1.47873
1.47669
1.47444
1.47273
1.47083
1.46877
1.46704
1.46563
1.46433
1.46266
1.46159
1.45994
1.45938
1.4585
1.45753
1.45673
1.45634
1.4559
1.45612
1.45558
1.4562
1.45679
1.45759
1.4586
1.45984
1.46082
1.46251
1.46419
1.46658
1.46848
1.47085
1.47346
1.47655
1.48035
1.48391
1.48769
1.49196
1.49548
1.50044
1.50466
1.50934
1.51471
1.52006
1.52587
1.53188
1.5376
1.54401
1.55037
1.55763
1.56435
1.57125
1.57856
1.58556
1.59295
1.60025
1.60818
1.61626
1.62447
1.63256
1.64078
1.64984
1.65829
1.66709
1.67527
1.68354
1.69166
1.70058
1.70959
1.71867
1.72805
1.73726
1.74629
1.75537
1.76473
1.77462
1.78407
1.79378
1.80256
1.8116
1.82114
1.83116
1.84095
1.85001
1.85955
1.86883
1.87832
1.88803
1.89722
1.90636
1.91593
1.9252
1.93392
1.94256
1.95183
1.96124
1.96982
1.97828
1.98684
1.99502
2.00304
2.01089
2.01832
2.02675
2.034
2.04151
2.04806
2.05507
2.06109
2.06707
2.07323
2.07907
2.0841
2.08879
2.09337
2.09806
2.10237
2.10628
2.10956
2.11242
2.11462
2.11664
2.11774
2.11889
2.11912
2.11915
2.11874
2.11838
2.11782
2.11612
2.11376
2.11099
2.10879
2.10547
2.10227
2.09823
2.09409
2.0894
2.0844
2.07937
2.07408
2.06856
2.06235
2.05619
2.04987
2.0427
2.03638
2.02973
2.02278
2.0158
2.00905
2.00255
1.99609
1.9897
1.98266
1.97621
1.96988
1.9637
1.9584
1.95256
1.94716
1.94172
1.93626
1.93176
1.92751
1.92303
1.91905
1.91534
1.91214
1.90778
1.90466
1.90279
1.90024
1.89821
1.89646
1.89451
1.89308
1.89216
1.89079
1.89015
1.89001
1.88964
1.88926
1.88935
1.88918
1.88945
1.88969
1.89108
1.89192
1.89318
1.89483
1.89639
1.89857
1.90111
1.90353
1.90557
1.90794
1.91015
1.91292
1.91599
1.91864
1.92156
1.92452
1.92749
1.93097
1.93397
1.93648
1.9397
1.94219
1.94465
1.94732
1.94971
1.95253
1.95482
1.95729
1.96018
1.963
1.96478
1.96696
1.9693
1.97178
1.97345
1.97525
1.97695
1.97901
1.98096
1.98255
1.98352
1.98437
1.98484
1.98661
1.98679
1.98706
1.98765
1.98808
1.98811
1.9882
1.98765
1.98763
1.98719
1.98656
1.98551
1.98498
1.98306
1.98117
1.97981
1.978
1.97575
1.97329
1.96967
1.96656
1.96374
1.96071
1.95628
1.95239
1.94854
1.94523
1.94102
1.9364
1.93161
1.92739
1.92254
1.91779
1.91267
1.90767
1.90184
1.89639
1.8911
1.88526
1.87935
1.87363
1.86836
1.86259
1.85656
1.85077
1.84548
1.83998
1.83404
1.82839
1.82256
1.81753
1.8121
1.80701
1.80107
1.79572
1.79074
1.78638
1.78143
1.77664
1.77273
1.7685
1.76396
1.76031
1.75709
1.75358
1.75049
1.74807
1.7456
1.74334
1.74054
1.73795
1.73555
1.73359
1.73159
1.7293
1.72818
1.72748
1.7265
1.72618
1.72557
1.72465
1.72416
1.72408
1.7244
1.72441
1.72482
1.72586
1.7268
1.7274
1.72838
1.72924
1.73069
1.73154
1.73346
1.73498
1.73636
1.73757
1.73909
1.74092
1.74257
1.74401
1.74574
1.74798
1.75
1.75204
1.75432
1.75637
1.75841
1.75995
1.76196
1.7637
1.76589
1.76781
1.76969
1.77176
1.77379
1.77552
1.7772
1.7781
1.77942
1.7802
1.78165
1.7828
1.78388
1.78443
1.78588
1.78728
1.78838
1.78944
1.79044
1.79141
1.7921
1.79299
1.79386
1.7947
1.79529
1.7961
1.79691
1.79772
1.79805
1.79815
1.799
1.80035
1.80125
1.80194
1.80316
1.80443
1.80575
1.80689
1.80786
1.80914
1.81026
1.81121
1.81322
1.81458
1.81629
1.8176
1.81926
1.82151
1.82337
1.82558
1.82791
1.83058
1.83312
1.83649
1.83901
1.84091
1.84389
1.84697
1.84992
1.85274
1.8559
1.8594
1.86275
1.86668
1.87046
1.87433
1.87828
1.88255
1.88665
1.89105
1.896
1.89981
1.90414
1.90852
1.91366
1.91811
1.92234
1.92683
1.93157
1.93608
1.94106
1.94603
1.95051
1.95496
1.95913
1.96375
1.96808
1.9726
1.97705
1.98168
1.98575
1.98998
1.99389
1.99819
2.00238
2.00575
2.00925
2.01216
2.01495
2.01713
2.02039
2.02328
2.02627
2.02866
2.03138
2.03373
2.0357
2.03801
2.04018
2.04148
2.04313
2.0444
2.04577
2.047
2.04834
2.04906
2.04989
2.05036
2.05118
2.05163
2.05149
2.05194
2.05228
2.0525
2.05189
2.05166
2.05108
2.05135
2.05056
2.0504
2.04893
2.04785
2.04691
2.04564
2.04451
2.04354
2.04224
2.04108
2.03959
2.03754
2.03611
2.03386
2.03177
2.03006
2.02802
2.02564
2.02268
2.01986
2.0179
2.01512
2.01224
2.00998
2.00737
2.00513
2.00182
1.9984
1.99512
1.9922
1.98918
1.98556
1.98183
1.97776
1.97381
1.97047
1.96678
1.96226
1.95763
1.95313
1.94757
1.94262
1.93853
1.93338
1.92885
1.92423
1.91951
1.9147
1.90957
1.90435
1.89905
1.89295
1.88726
1.88174
1.87591
1.87002
1.86384
1.8576
1.85132
1.84523
1.83887
1.83271
1.82628
1.8203
1.81454
1.80853
1.80251
1.79696
1.7902
1.78393
1.77767
1.77119
1.76496
1.759
1.75235
1.74596
1.73986
1.73428
1.72827
1.72255
1.71664
1.71055
1.70429
