-0.759507
-0.743474
-0.727761
-0.711887
-0.695374
-0.678222
-0.661156
-0.643457
-0.625369
-0.606656
-0.587563
-0.568334
-0.548737
-0.528776
-0.508459
-0.487795
-0.466792
-0.445703
-0.424057
-0.402587
-0.380585
-0.358065
-0.335281
-0.312251
-0.28851
-0.26504
-0.241619
-0.218026
-0.194284
-0.169934
-0.145721
-0.121669
-0.0970819
-0.0724676
-0.0483357
-0.0242305
6.05639e-005
0.0240279
0.0486055
0.0732821
0.0970655
0.120168
0.143522
0.166618
0.189909
0.212645
0.234559
0.256585
0.277735
0.297984
0.317547
0.337607
0.35694
0.375526
0.393828
0.411347
0.428791
0.445904
0.462434
0.478611
0.493944
0.508906
0.522529
0.535772
0.548151
0.559904
0.571512
0.582496
0.592616
0.602359
0.611005
0.619524
0.627199
0.635003
0.641738
0.647897
0.653248
0.658284
0.662777
0.666495
0.669694
0.672384
0.67458
0.676052
0.677536
0.679286
0.679873
0.680034
0.679544
0.678658
0.67739
0.675515
0.673769
0.671205
0.669041
0.66585
0.662609
0.658614
0.654841
0.650344
0.64586
0.641646
0.637236
0.632402
0.627882
0.622969
0.617679
0.612267
0.606747
0.601134
0.595924
0.590167
0.583876
0.578508
0.572632
0.566743
0.560852
0.554729
0.54935
0.54352
0.537973
0.531996
0.52632
0.51951
0.51422
0.508533
0.502698
0.497442
0.491808
0.487007
0.482081
0.477514
0.47283
0.468031
0.463841
0.459541
0.455135
0.451343
0.447446
0.444405
0.440776
0.43728
0.433916
0.430682
0.428056
0.425074
0.422453
0.41971
0.417323
0.414564
0.412153
0.409602
0.407149
0.40503
0.402998
0.400566
0.398691
0.396648
0.394912
0.393236
0.391856
0.390526
0.389483
0.388237
0.386787
0.385608
0.384214
0.382843
0.381489
0.38039
0.379543
0.378223
0.376909
0.375359
0.374052
0.373225
0.371917
0.371089
0.370019
0.368227
0.367155
0.365602
0.364774
0.36347
0.361931
0.360402
0.359125
0.357865
0.357105
0.355889
0.35446
0.353306
0.351707
0.350632
0.349604
0.34863
0.347473
0.346862
0.34632
0.345613
0.344986
0.343965
0.343758
0.343407
0.343641
0.343263
0.34348
0.343337
0.34356
0.343674
0.344406
0.34504
0.346059
0.347232
0.34808
0.349332
0.350511
0.352343
0.353628
0.355336
0.357953
0.360279
0.362801
0.365283
0.368211
0.370626
0.373736
0.376823
0.380614
0.384391
0.38864
0.392641
0.397121
0.402324
0.407773
0.413712
0.419903
0.426351
0.432578
0.43931
0.446069
0.4531
0.459922
0.467983
0.476082
0.483979
0.49216
0.501346
0.510819
0.520338
0.530387
0.540003
0.550871
0.561787
0.573473
0.584724
0.596021
0.607365
0.619476
0.631871
0.644065
0.656536
0.669283
0.682782
0.696546
0.71057
0.724369
0.738178
0.752711
0.767722
0.781999
0.797462
0.813139
0.828781
0.844861
0.860646
0.876609
0.89322
0.909746
0.925933
0.942735
0.960139
0.977408
0.994289
1.01149
1.02828
1.04559
1.06295
1.08033
1.09795
1.11533
1.13244
1.15023
1.16772
1.1849
1.20174
1.21848
1.23559
1.25231
1.26887
1.28527
1.30148
1.31749
1.33303
1.34835
1.36389
1.37846
1.39322
1.40769
1.4221
1.43618
1.4497
1.46263
1.47544
1.48764
1.49947
1.51138
1.5224
1.53302
1.54393
1.55393
1.56325
1.57236
1.58101
1.58895
1.59641
1.60339
1.61037
1.61684
1.62257
1.62828
1.63298
1.63693
1.64106
1.64419
1.64678
1.64907
1.65057
1.65177
1.65243
1.65205
1.6516
1.65037
1.64858
1.64625
1.64337
1.64018
1.6355
1.63076
1.62598
1.6202
1.61414
1.6071
1.5998
1.5925
1.58449
1.57602
1.56759
1.55801
1.54826
1.53835
1.52806
1.51717
1.50569
1.49366
1.48156
1.46942
1.45727
1.44463
1.43155
1.41851
1.40506
1.39146
1.37774
1.36417
1.35003
1.33607
1.32233
1.30833
1.29483
1.28088
1.26746
1.25387
1.24014
1.22724
1.21375
1.20017
1.18675
1.17328
1.16073
1.14839
1.13628
1.12417
1.11232
1.10097
1.08967
1.07913
1.06842
1.05898
1.04889
1.03937
1.03042
1.02158
1.01332
1.00518
0.997632
0.99021
0.983396
0.976472
0.969441
0.963507
0.958193
0.953259
0.948467
0.943574
0.939546
0.936381
0.932634
0.929509
0.927244
0.924875
0.923361
0.922458
0.921681
0.921028
0.920734
0.919829
0.920235
0.921223
0.922787
0.923954
0.925681
0.927235
0.929089
0.931472
0.934614
0.937542
0.940965
0.944388
0.948039
0.952144
0.956688
0.961174
0.966066
0.971108
0.975558
0.981085
0.986466
0.991682
0.996956
1.00203
1.00736
1.01245
1.01775
1.02278
1.02846
1.03382
1.03883
1.04325
1.04824
1.05283
1.05749
1.06194
1.06594
1.06971
1.073
1.0765
1.07949
1.08242
1.08458
1.08666
1.08842
1.09033
1.09119
1.09218
1.09185
1.09215
1.09208
1.09119
1.08946
1.08763
1.08617
1.08389
1.08152
1.07907
1.07582
1.07227
1.06891
1.06576
1.06162
1.05747
1.05261
1.04705
1.04202
1.03705
1.03193
1.02643
1.02105
1.01581
1.00953
1.00392
0.998269
0.992363
0.986464
0.980349
0.974518
0.968751
0.963065
0.957721
0.952254
0.946679
0.941496
0.936478
0.93164
0.926755
0.922316
0.918334
0.914337
0.910335
0.906336
0.90307
0.900063
0.897559
0.895081
0.892391
0.890214
0.888309
0.887399
0.886279
0.885431
0.884612
0.88454
0.88497
0.884934
0.885391
0.885852
0.886308
0.887235
0.889586
0.891428
0.892991
0.894748
0.896929
0.899042
0.901557
0.903982
0.906784
0.909712
0.912512
0.915411
0.918398
0.922181
0.925783
0.929191
0.933356
0.936818
0.940529
0.943753
0.9472
0.950618
0.954233
0.957553
0.960084
0.963256
0.966336
0.969075
0.971943
0.974932
0.977067
0.979784
0.982112
0.984282
0.986048
0.988125
0.989302
0.990536
0.991582
0.992677
0.993817
0.994518
0.995018
0.995315
0.994928
0.995056
0.995221
0.994701
0.994461
0.993057
0.991936
0.990621
0.989115
0.987422
0.985787
0.98325
0.981263
0.979107
0.976787
0.973345
0.970716
0.967941
0.964786
0.961498
0.958324
0.954788
0.950897
0.947138
0.943997
0.940276
0.936222
0.93208
0.927855
0.923311
0.919173
0.914963
0.910204
0.905378
0.900488
0.895294
0.89028
0.885205
0.880309
0.875594
0.870577
0.865257
0.859874
0.854906
0.849629
0.844521
0.839099
0.833599
0.828018
0.822593
0.816838
0.81099
0.805043
0.798992
0.793556
0.787766
0.781377
0.775108
0.768229
0.760979
0.753834
0.747031
0.739845
0.732513
0.725513
0.71788
0.710092
0.702149
0.694531
0.686272
0.678097
0.670003
0.661271
0.652141
0.64358
0.633902
0.624074
0.614099
0.604703
0.594688
0.585262
0.575466
0.565549
0.555515
0.545131
0.534164
0.523824
0.513156
0.502891
0.491832
0.481194
0.469779
0.459044
0.448033
0.437238
0.425948
0.415134
0.403843
0.392807
0.382035
0.370816
0.360121
0.349479
0.338177
0.327668
0.317241
0.30642
0.295456
0.285079
0.274577
0.264436
0.254427
0.244315
0.234589
0.225257
0.215842
0.206591
0.197513
0.188612
0.179171
0.170639
0.1623
0.154399
0.146218
0.138484
0.13072
0.123652
0.117043
0.110174
0.103531
0.0966348
0.0904517
0.0849844
0.0795134
0.0738008
0.0685713
0.0633457
0.0586069
0.0541151
0.0498718
0.0463613
0.042382
0.0388994
0.0351932
0.0319872
0.0295235
0.0270818
0.0258659
0.0239504
0.022059
0.0201925
0.0190759
0.0182286
0.0174104
0.0171044
0.0168299
0.0173092
0.0175791
0.018845
0.0196625
0.0209942
0.0230807
0.0252018
0.0266349
0.0290655
0.0320117
0.0347515
0.0384884
0.0422583
0.0465425
0.0506184
0.0547265
0.0598286
0.0644778
0.0701183
0.0755439
0.0809955
0.0874349
0.0936561
0.10038
0.107363
0.114123
0.121381
0.129375
0.137139
0.145151
0.153409
0.161429
0.16993
0.178909
0.1874
0.196842
0.206752
0.216644
0.226513
0.237318
0.247848
0.2581
0.268551
0.279678
0.290993
0.302731
0.314404
0.326006
0.337772
0.349696
0.361771
0.37447
0.387545
0.399785
0.412866
0.425579
0.438637
0.452031
0.46503
0.478587
0.49197
0.505411
0.518659
0.532427
0.546464
0.559794
0.573612
0.587184
0.600739
0.614266
0.627513
0.641431
0.655044
0.668101
0.68131
0.694419
0.707658
0.720531
0.733507
0.746094
0.75876
0.771251
0.783314
0.794937
0.806588
0.818256
0.829205
0.840387
0.851068
0.861718
0.871842
0.881669
0.891191
0.900875
0.909992
0.918528
0.927198
0.935029
0.942252
0.94958
0.955802
0.962353
0.968263
0.974008
0.979339
0.98401
0.988016
0.992074
0.995939
0.998886
1.00139
1.00298
1.00388
1.00481
1.00579
1.00608
1.00593
1.00534
1.00431
1.00358
1.0017
0.999639
0.997164
0.994282
0.991001
0.986848
0.982314
0.977649
0.972867
0.967496
0.961792
0.955767
0.949193
0.942326
0.935179
0.927528
0.920112
0.911981
0.904117
0.896056
0.888055
0.879168
0.870374
0.861453
0.852662
0.843537
0.834819
0.825804
0.816268
0.807914
0.799072
0.790243
0.780961
0.771966
0.763034
0.75442
0.745419
0.736768
0.728
0.71961
0.712093
0.704259
0.696602
0.689135
0.681387
0.673611
0.66678
0.660181
0.653583
0.646753
0.640663
0.6346
0.629532
0.62402
0.618794
0.614341
0.609943
0.605845
0.60181
0.598562
0.594899
0.592269
0.58947
0.586983
0.58553
0.583908
0.582596
0.581353
0.580898
0.580507
0.580418
0.580386
0.580888
0.581196
0.582269
0.583617
0.585234
0.587354
0.589248
0.591869
0.594729
0.597336
0.600402
0.603196
0.606669
0.610571
0.614889
0.619129
0.623281
0.627329
0.632227
0.636273
0.64114
0.645852
0.650638
0.655243
0.660858
0.665783
0.67073
0.675686
0.679915
0.685088
0.689994
0.6951
0.699916
0.704431
0.708396
0.713246
0.71753
0.721722
0.725817
0.730772
0.734656
0.739152
0.742813
0.747323
0.750753
0.754068
0.75727
0.7606
0.763822
0.766937
0.770192
0.773108
0.775933
0.778431
0.781331
0.783675
0.78571
0.788407
0.790811
0.79341
0.795491
0.798025
0.800777
0.803033
0.805042
0.807052
0.80931
0.811585
0.813883
0.816453
0.818577
0.820987
0.823927
0.8262
0.828773
0.831653
0.834605
0.83763
0.840975
0.843682
0.846477
0.849604
0.853308
0.856868
0.860049
0.863333
0.866724
0.870463
0.874554
0.878998
0.882834
0.887267
0.891336
0.896244
0.90079
0.905456
0.910482
0.915148
0.920174
0.92532
0.930826
0.937172
0.942671
0.948526
0.954256
0.960341
0.966296
0.97212
0.978051
0.984567
0.990463
0.99718
1.00375
1.00993
1.01619
1.02301
1.02968
1.03689
1.04321
1.05079
1.0577
1.06562
1.0731
1.08013
1.08695
1.09426
1.10183
1.10891
1.11647
1.12401
1.13129
1.13806
1.14598
1.15385
1.16118
1.1682
1.17466
1.18151
1.18802
1.19539
1.20169
1.20833
1.21437
1.22027
1.22625
1.23209
1.238
1.24326
1.24883
1.25446
1.25991
1.26492
1.26974
1.27412
1.27854
1.28276
1.28558
1.28842
1.29154
1.29494
1.29837
1.3016
1.30391
1.30577
1.30793
1.31013
1.31263
1.31447
1.31589
1.31641
1.31749
1.31842
1.31943
1.3203
1.32127
1.32139
1.32211
1.32224
1.32226
1.32195
1.32179
1.32155
1.32124
1.32062
1.32019
1.31995
1.31967
1.31864
1.31806
1.31794
1.31709
1.31696
1.31658
1.31549
1.31489
1.31431
1.31375
1.31321
1.3127
1.31247
1.31203
1.31139
1.31079
1.31023
1.30996
1.30974
1.30956
1.30895
1.30886
1.30883
1.30908
1.30939
1.3095
1.31013
1.31033
1.31009
1.31013
1.31045
1.31129
1.31216
1.31234
1.31278
1.31277
1.31375
1.31378
1.31431
1.31485
1.31516
1.31572
1.31628
1.31684
1.31739
1.3177
1.31872
1.31924
1.31998
1.32046
1.32115
1.32157
1.32172
1.3228
1.32336
1.3234
1.32412
1.32407
1.32397
1.32357
1.32337
1.3231
1.32278
1.32265
1.32245
1.32194
1.32162
1.32099
1.32053
1.32001
1.31894
1.31876
1.31802
1.31722
1.31658
1.31588
1.3151
1.31377
1.31333
1.31257
1.31126
1.31012
1.30866
1.30714
1.30506
1.3029
1.30139
1.29981
1.29792
1.2962
1.29464
1.29229
1.29082
1.2888
1.28574
1.28333
1.28085
1.27853
1.27566
1.27271
1.27017
1.26731
1.26438
1.26136
1.25827
1.25462
1.25137
1.2478
1.24439
1.24137
1.23803
1.23437
1.23062
1.22654
1.22286
1.21884
1.21426
1.20982
1.20602
1.20187
1.1974
1.19307
1.1884
1.18387
1.179
1.17404
1.16873
1.16332
1.15781
1.15243
1.1467
1.14136
1.13542
1.13034
1.12394
1.11793
1.113
1.10677
1.0997
1.09326
1.0867
1.07932
1.0728
1.06594
1.05874
1.05169
1.0443
1.03634
1.02949
1.02232
1.01458
1.00701
0.999606
0.992617
0.985083
0.977733
0.969852
0.962167
0.953481
0.945487
0.93795
0.929676
0.921873
0.91359
0.905557
0.897781
0.889307
0.88135
0.873437
0.865577
0.857538
0.84909
0.841445
0.83389
0.826195
0.81837
0.810906
0.803331
0.796617
0.78981
0.78292
0.776919
0.770612
0.76473
0.7588
0.752832
0.747314
0.74129
0.73573
0.730643
0.725796
0.721676
0.717569
0.713963
0.71014
0.706587
0.702828
0.699832
0.697601
0.695177
0.693288
0.691696
0.690165
0.689418
0.688735
0.68788
0.687574
0.688061
0.688379
0.689492
0.690438
0.691939
0.693756
0.696128
0.698331
0.700608
0.703919
0.70706
0.710751
0.71475
0.719295
0.724141
0.728806
0.734007
0.739501
0.745043
0.75111
0.757938
0.764558
0.771689
0.778844
0.786257
0.793924
0.801355
0.809265
0.817407
0.826494
0.835315
0.844344
0.853572
0.862989
0.872104
0.881389
0.891315
0.901391
0.911605
0.921706
0.932403
0.942963
0.953853
0.964341
0.975134
0.986219
0.996621
1.00729
1.01844
1.02887
1.04024
1.05085
1.06165
1.07215
1.0828
1.09335
1.10379
1.11361
1.12425
1.13399
1.14428
1.15389
1.16329
1.17221
1.18089
1.18954
1.1984
1.20672
1.21474
1.2217
1.22882
1.23534
1.24197
1.24823
1.25386
1.25909
1.26392
1.26832
1.27278
1.27657
1.27992
1.28258
1.28479
1.28656
1.28786
1.28848
1.28912
1.28931
1.2888
1.28713
1.28694
1.28488
1.28262
1.2797
1.27661
1.27312
1.26923
1.26473
1.26033
1.25558
1.25048
1.24457
1.23882
1.23253
1.22595
1.21933
1.21222
1.20413
1.19701
1.18872
1.1807
1.17249
1.16386
1.15531
1.14612
1.13752
1.12855
1.11946
1.11003
1.10098
1.09161
1.08168
1.07241
1.06284
1.05346
1.04379
1.03433
1.02412
1.01413
1.00484
0.995058
0.984789
0.97548
0.965692
0.955668
0.945653
0.935651
0.925181
0.914488
0.905259
0.89533
0.885907
0.876272
0.866665
0.85733
0.847786
0.838274
0.828799
0.819362
0.809723
0.800365
0.791049
0.781778
0.772793
0.763131
0.754239
0.745396
0.735882
0.726903
0.71798
0.708873
0.700067
0.691563
0.68288
0.674264
0.665715
0.657478
0.648832
0.640502
0.632008
0.623352
0.615742
0.607735
0.599575
0.591264
0.583526
0.576124
0.568098
0.560653
0.552588
0.545591
0.538701
0.531922
0.524773
0.518702
0.512508
0.505951
0.499997
0.493443
0.487015
0.480956
0.474785
0.469227
0.463803
0.458032
0.452157
0.447382
0.441544
0.436086
0.431974
0.427763
0.423215
0.418811
0.415276
0.411407
0.407924
0.404348
0.40068
0.397162
0.39331
0.390087
0.387254
0.384331
0.381315
0.378206
0.375483
0.372908
0.371442
0.369158
0.367503
0.36527
0.363662
0.361715
0.360873
0.360171
0.359127
0.35774
0.357211
0.356817
0.356556
0.356668
0.35643
0.356321
0.356338
0.356721
0.356986
0.357373
0.357878
0.3585
0.359478
0.360086
0.361047
0.360911
0.361603
0.36312
0.364499
0.366218
0.368033
0.369943
0.371706
0.373801
0.375983
0.37849
0.380599
0.38351
0.385776
0.38812
0.389816
0.392308
0.394872
0.397746
0.400446
0.403453
0.406043
0.408935
0.411404
0.414413
0.417478
0.420597
0.424009
0.427472
0.430743
0.434063
0.437189
0.440118
0.444295
0.448032
0.45157
0.455389
0.459247
0.463141
0.466831
0.470797
0.474313
0.478343
0.481682
0.486252
0.490129
0.493792
0.497722
0.502156
0.505888
0.510362
0.514133
0.518645
0.522691
0.526992
0.531306
0.535389
0.539482
0.543582
0.547448
0.551557
0.555908
0.560017
0.564121
0.56822
0.572311
0.57615
0.580216
0.584026
0.588058
0.591344
0.595086
0.599282
0.603446
0.607335
0.611428
0.614998
0.619005
0.623446
0.627354
0.630966
0.634761
0.638012
0.64192
0.645278
0.648564
0.652014
0.655384
0.658431
0.66115
0.664018
0.66655
0.669226
0.67204
0.67451
0.676872
0.679122
0.681018
0.683038
0.684697
0.686955
0.688365
0.689888
0.692002
0.693022
0.694149
0.695143
0.695519
0.69624
0.697305
0.697509
0.697094
0.697263
0.697537
0.697434
0.696957
0.696828
0.696326
0.695698
0.695185
0.694309
0.693796
0.692687
0.690745
0.688937
0.687268
0.685985
0.68461
0.682428
0.680166
0.678071
0.676391
0.67441
0.672376
0.670056
0.667698
0.665308
0.663135
0.660946
0.658989
0.65655
0.654117
0.651939
0.649543
0.647657
0.645807
0.643999
0.642001
0.640061
0.638185
0.636137
0.634887
0.634438
0.633114
0.631881
0.630504
0.629228
0.627817
0.626756
0.625807
0.625214
0.624738
0.624382
0.623666
0.623071
0.622357
0.622008
0.622023
0.622161
0.622663
0.622325
0.622347
0.622729
0.623949
0.62432
0.625044
0.625876
0.626334
0.627614
0.628994
0.629986
0.63155
0.632959
0.634692
0.635781
0.637666
0.63938
0.641399
0.642997
0.645131
0.647317
0.64979
0.651823
0.654135
0.656239
0.658852
0.661249
0.663907
0.666341
0.668789
0.671247
0.67323
0.675215
0.677442
0.680148
0.682369
0.685065
0.687511
0.689947
0.692611
0.695263
0.69742
0.699563
0.701932
0.704527
0.706626
0.708951
0.711021
0.713557
0.715839
0.71811
0.72061
0.722858
0.724856
0.727088
0.729315
0.731538
0.734481
0.7367
0.73868
0.741385
0.743611
0.746086
0.748569
0.750823
0.75333
0.755849
0.757903
0.760215
0.761823
0.764172
0.766783
0.769416
0.772071
0.774508
0.77745
0.780414
0.782918
0.785685
0.788234
0.790563
0.792669
0.795276
0.797657
0.800053
0.801981
0.804641
0.807068
0.809499
0.812174
0.814607
0.817276
0.819938
0.82283
0.825466
0.828085
0.830683
0.833496
0.83604
0.838553
0.841272
0.843471
0.845628
0.847983
0.84981
0.851829
0.853797
0.855954
0.858057
0.859866
0.86186
0.86428
0.866164
0.867996
0.870256
0.871743
0.873181
0.874813
0.876643
0.878433
0.880186
0.881424
0.882634
0.884301
0.885708
0.887101
0.888724
0.890102
0.891722
0.893348
0.894747
0.896644
0.897603
0.899074
0.90034
0.901406
0.90276
0.904648
0.905871
0.90764
0.909237
0.91139
0.913622
0.916176
0.918337
0.920828
0.922931
0.925616
0.928162
0.930815
0.933818
0.936933
0.939681
0.942546
0.94577
0.949598
0.953068
0.956904
0.96111
0.964483
0.96847
0.972591
0.976607
0.981001
0.985051
0.988999
0.99381
0.998765
1.0041
1.00983
1.01521
1.02051
1.02643
1.03201
1.03774
1.04457
1.05083
1.05748
1.06403
1.07048
1.07755
1.08547
1.09233
1.09907
1.10641
1.11364
1.12146
1.12891
1.13622
1.14386
1.15158
1.15914
1.16749
1.17589
1.18385
1.19233
1.20058
1.20884
1.21709
1.22532
1.23376
1.24213
1.25092
1.25842
1.26653
1.27477
1.28238
1.29032
1.29759
1.30444
1.31107
1.31796
1.32435
1.33073
1.33609
1.34212
1.34808
1.35298
1.35753
1.3622
1.36578
1.36969
1.3732
1.37533
1.37728
1.37905
1.38037
1.38101
1.38168
1.38214
1.38165
1.38046
1.37906
1.37695
1.37438
1.37159
1.36835
1.3649
1.36076
1.35668
1.35216
1.34674
1.34092
1.33493
1.32857
1.32134
1.31448
1.30632
1.2983
1.2907
1.28231
1.27341
1.26424
1.25507
1.2452
1.23536
1.22533
1.21513
1.20455
1.19431
1.18348
1.17232
1.16204
1.15099
1.1399
1.12927
1.1184
1.10779
1.09673
1.08572
1.07575
1.06513
1.05437
1.04397
1.03369
1.02332
1.01357
1.00327
0.993871
0.985138
0.975882
0.966596
0.957527
0.948925
0.940801
0.933162
0.924329
0.917197
0.91033
0.903252
0.895967
0.889685
0.883446
0.877496
0.871357
0.865756
0.860935
0.855694
0.85124
0.84709
0.843731
0.839958
0.836738
0.834072
0.830996
0.828475
0.826508
0.824375
0.822797
0.822015
0.821787
0.821151
0.82131
0.82154
0.822083
0.822455
0.823615
0.825081
0.827334
0.829408
0.831785
0.834702
0.837675
0.840701
0.843778
0.847624
0.851996
0.855685
0.860612
0.866052
0.87176
0.877251
0.88276
0.888524
0.895017
0.901512
0.908484
0.915446
0.922871
0.93027
0.937877
0.945203
0.953201
0.961141
0.969495
0.978014
0.98717
0.995989
1.0047
1.01378
1.02345
1.03274
1.04237
1.05183
1.06159
1.07093
1.08031
1.09044
1.09962
1.10905
1.11894
1.12832
1.13814
1.14743
1.1569
1.16652
1.17677
1.1857
1.19499
1.2039
1.21242
1.22102
1.22968
1.23815
1.24641
1.25373
1.26131
1.26864
1.27548
1.28253
1.28955
1.29604
1.30199
1.30764
1.31321
1.31846
1.32313
1.3277
1.33168
1.33482
1.33832
1.34074
1.3435
1.34541
1.34766
1.34953
1.35077
1.35162
1.3516
1.35144
1.35113
1.35042
1.34885
1.3469
1.34504
1.34232
1.33923
1.336
1.33241
1.3287
1.32463
1.31996
1.3152
1.30986
1.30371
1.29773
1.29119
1.28459
1.2777
1.26956
1.26188
1.25441
1.24646
1.23826
1.23033
1.22193
1.21286
1.2036
1.19464
1.18528
1.17601
1.16637
1.15636
1.14624
1.1358
1.12647
1.11612
1.10596
1.09577
1.08579
1.0758
1.06535
1.05491
1.04499
1.03465
1.02485
1.01536
1.00525
0.995974
0.986091
0.976582
0.967461
0.95802
0.948992
0.939909
0.931745
0.923308
0.915091
0.907347
0.899603
0.89163
0.8844
0.87696
0.870522
0.86389
0.858035
0.852244
0.847005
0.841842
0.83652
0.832009
0.82759
0.82399
0.820491
0.817337
0.81477
0.812552
0.810203
0.808445
0.806796
0.805737
0.804306
0.804185
0.804412
0.804502
0.804932
0.806182
0.807525
0.809438
0.811193
0.813507
0.816132
0.819304
0.823014
0.826052
0.830094
0.834651
0.83875
0.843106
0.847709
0.853511
0.859057
0.864819
0.870787
0.87695
0.882815
0.889334
0.895532
0.902119
0.90812
0.914726
0.922167
0.929467
0.936615
0.943597
0.950643
0.95798
0.965355
0.972516
0.980172
0.987588
0.994993
1.00238
1.00972
1.01702
1.02402
1.03143
1.03828
1.04551
1.05264
1.05966
1.06632
1.07283
1.07873
1.08495
1.09077
1.09641
1.10188
1.10789
1.11297
1.11786
1.12278
1.12724
1.13172
1.13597
1.13952
1.1433
1.14685
1.15015
1.15297
1.15601
1.15856
1.16086
1.16266
1.16468
1.16645
1.16771
1.16872
1.16922
1.17019
1.17067
1.1704
1.17012
1.16911
1.16808
1.16681
1.16554
1.16379
1.16204
1.16006
1.15834
1.15543
1.15255
1.14946
1.14689
1.14412
1.1414
1.13777
1.13397
1.13072
1.12683
1.12278
1.11811
1.11354
1.10861
1.10355
1.09863
1.09361
1.08897
1.08354
1.07779
1.0727
1.06756
1.06286
1.05741
1.05218
1.04621
1.04072
1.03572
1.03049
1.0253
1.01965
1.01382
1.00851
1.00352
0.998591
0.993504
0.988745
0.984081
0.979517
0.974822
0.969761
0.965061
0.961209
0.95701
0.952949
0.949031
0.945501
0.941881
0.938175
0.935348
0.932198
0.928728
0.925904
0.923005
0.920274
0.918192
0.916038
0.913812
0.911997
0.91035
0.909113
0.907802
0.906176
0.90592
0.904624
0.903972
0.903721
0.903871
0.903937
0.903677
0.903331
0.903375
0.903568
0.903908
0.904875
0.905744
0.906513
0.908143
0.909187
0.910606
0.91288
0.915042
0.917092
0.918545
0.920845
0.922305
0.924606
0.926787
0.929566
0.932221
0.934508
0.937389
0.940622
0.943964
0.947173
0.950489
0.953911
0.956956
0.960104
0.963593
0.967665
0.971834
0.976102
0.980225
0.984444
0.988757
0.992921
0.997176
1.002
1.00643
1.0107
1.01554
1.02022
1.0257
1.0315
1.03641
1.04164
1.04693
1.05254
1.05796
1.06321
1.069
1.07484
1.08049
1.08571
1.09145
1.09748
1.10305
1.10842
1.11429
1.12018
1.1256
1.13199
1.13742
1.14357
1.14947
1.15535
1.1612
1.16727
1.17258
1.17832
1.18353
1.18892
1.19449
1.19998
1.20587
1.21071
1.21593
1.22081
1.22557
1.23021
1.23497
1.23959
1.24408
1.24865
1.25211
1.25613
1.25975
1.26343
1.26719
1.27029
1.2732
1.27642
1.27897
1.28134
1.28376
1.28576
1.28782
1.28922
1.29116
1.29293
1.29429
1.29549
1.29702
1.29791
1.29915
1.29978
1.30052
1.30115
1.30144
1.30164
1.30199
1.30204
1.30227
1.30221
1.30212
1.30177
1.30189
1.30177
1.30166
1.30182
1.30154
1.30082
1.30136
1.30149
1.30121
1.3015
1.30188
1.30212
1.30367
1.30461
1.30566
1.30635
1.30717
1.30834
1.31013
1.31156
1.31361
1.31457
1.31661
1.31854
1.32082
1.32321
1.32571
1.32807
1.33172
1.33426
1.33687
1.33956
1.34278
1.34582
1.34889
1.35175
1.35511
1.35823
1.36111
1.36421
1.3668
1.36935
1.37256
1.37522
1.37756
1.37981
1.38195
1.38422
1.38683
1.38906
1.39137
1.39328
1.39501
1.39631
1.39716
1.39829
1.39895
1.39938
1.39981
1.39976
1.40017
1.39959
1.3985
1.39738
1.3955
1.39453
1.39254
1.39002
1.38721
1.38385
1.38019
1.37671
1.37268
1.3686
1.36445
1.35928
1.35406
1.3483
1.34273
1.33688
1.33075
1.32458
1.3179
1.31097
1.30378
1.29634
1.28842
1.28004
1.27191
1.26358
1.25553
1.2468
1.23814
1.22762
1.21839
1.20901
1.19975
1.18988
1.18014
1.16982
1.16038
1.15039
1.14009
1.12999
1.11962
1.10922
1.09906
1.08914
1.07876
1.06889
1.05858
1.04881
1.03959
1.0302
1.02067
1.011
1.00168
0.992491
0.982717
0.973575
0.964352
0.954818
0.946188
0.937509
0.929514
0.921007
0.913683
0.906108
0.898289
0.890958
0.884845
0.878272
0.87221
0.865944
0.859963
0.854756
0.849846
0.845
0.840464
0.836482
0.832821
0.829244
0.826238
0.823085
0.82051
0.818759
0.817592
0.816771
0.815579
0.814738
0.814011
0.813881
0.814108
0.814693
0.815395
0.816215
0.817633
0.819408
0.82202
0.825227
0.828307
0.83222
0.836482
0.841332
0.845562
0.850374
0.855764
0.861247
0.867299
0.873674
0.880128
0.886654
0.893728
0.900862
0.908772
0.916488
0.924724
0.933713
0.942004
0.950793
0.96007
0.969587
0.979575
0.990025
0.999964
1.0101
1.02068
1.03119
1.04188
1.05273
1.06396
1.07534
1.08684
1.0987
1.10995
1.12202
1.13392
1.14567
1.15747
1.16932
1.18122
1.19314
1.20533
1.21728
1.22948
1.24142
1.25357
1.2657
1.27802
1.29006
1.30227
1.31418
1.32624
1.33798
1.34963
1.36142
1.37285
1.38393
1.39512
1.40618
1.41661
1.42738
1.43824
1.44895
1.45949
1.46962
1.47885
1.48886
1.49869
1.50809
1.51753
1.5263
1.5351
1.54345
1.55159
1.55951
1.56697
1.57421
1.58146
1.5892
1.59622
1.60277
1.60956
1.6161
1.6224
1.62797
1.63376
1.63955
1.6446
1.64939
1.65393
1.65844
1.66294
1.6667
1.67044
1.67343
1.67617
1.67889
1.68158
1.68427
1.68621
1.68742
1.6891
1.69005
1.69099
1.69145
1.6919
1.69164
1.69162
1.69138
1.69091
1.69046
1.68932
1.68796
1.68689
1.68537
1.6827
1.6808
1.67872
1.67647
1.67453
1.67218
1.66944
1.66607
1.66303
1.6601
1.65655
1.65312
1.64982
1.64664
1.64335
1.63948
1.63552
1.63123
1.62637
1.62216
1.61739
1.61328
1.60935
1.60415
1.59962
1.59505
1.59043
1.58529
1.58036
1.57539
1.57039
1.56561
1.56057
1.55599
1.55091
1.54582
1.54096
1.53561
1.53025
1.52585
1.52096
1.51608
1.5112
1.50632
1.50145
1.49635
1.49173
1.48617
1.48157
1.47651
1.47146
1.46666
1.4614
1.45664
1.45213
1.4474
1.44221
1.43777
1.43262
1.42846
1.42385
1.41974
1.41542
1.41113
1.40615
1.40096
1.39653
1.39262
1.38827
1.38371
1.37969
1.37547
1.37154
1.36718
1.36287
1.35887
1.35468
1.3508
1.34699
1.34349
1.3403
1.33647
1.3332
1.32929
1.32595
1.32247
1.31932
1.31627
1.31332
1.31024
1.30727
1.30442
1.30192
1.2993
1.29729
1.29541
1.29317
1.29131
1.28935
1.28849
1.28681
1.28527
1.28364
1.28264
1.28131
1.28062
1.28008
1.27993
1.28019
1.28012
1.28045
1.28094
1.28134
1.28191
1.28288
1.28401
1.28481
1.28577
1.28713
1.28888
1.29103
1.29286
1.29459
1.29647
1.29874
1.30092
1.30348
1.30618
1.30878
1.31176
1.31487
1.31811
1.32147
1.3252
1.32881
1.33278
1.33613
1.34007
1.34388
1.34802
1.35202
1.35635
1.36101
1.36551
1.37033
1.37498
1.37994
1.38473
1.39005
1.39494
1.40013
1.40512
1.41039
1.4157
1.42152
1.42713
1.43228
1.43768
1.4431
1.4483
1.45349
1.45845
1.46341
1.46837
1.47331
1.47921
1.48461
1.48951
1.49511
1.49973
1.5048
1.50984
1.51509
1.51959
1.52429
1.52944
1.53406
1.53913
1.54367
1.54865
1.55358
1.55822
1.56281
1.56759
1.57208
1.57652
1.58138
1.58594
1.59019
1.59439
1.59876
1.60306
1.60777
1.61169
1.61554
1.61882
1.62275
1.62611
1.6301
1.63328
1.63661
1.64008
1.6432
1.64598
1.64888
1.65216
1.65507
1.65763
1.65981
1.66234
1.6645
1.66651
1.66862
1.67034
1.6719
1.67355
1.67503
1.67587
1.67605
1.67605
1.67732
1.67672
1.67689
1.67735
1.67714
1.67697
1.67588
1.67483
1.67358
1.67212
1.6707
1.66907
1.66747
1.66518
1.66293
1.66047
1.65757
1.65421
1.65138
1.64834
1.64559
1.64167
1.63709
1.63351
1.62902
1.62459
1.61999
1.61472
1.60977
1.60441
1.5989
1.59395
1.58837
1.58241
1.57679
1.57008
1.56421
1.55774
1.55188
1.54519
1.53865
1.53225
1.52529
1.51849
1.51138
1.50445
1.49698
1.49018
1.48333
1.47645
1.46905
1.46235
1.45467
1.44745
1.44047
1.43253
1.42531
1.4181
1.41139
1.40422
1.39732
1.38996
1.38289
1.37585
1.36934
1.36264
1.35575
1.34892
1.34216
1.3357
1.32883
1.32227
1.31579
1.30891
1.3026
1.29613
1.29071
1.28491
1.2792
1.27335
1.26736
1.26171
1.25592
1.25097
1.24564
1.24043
1.23557
1.23035
1.22572
1.22074
1.21587
1.21137
1.20748
1.20347
1.19959
1.19583
1.19173
1.18751
1.18414
1.18091
1.17709
1.17412
1.1708
1.16762
1.16529
1.16286
1.16032
1.1584
1.15613
1.15423
1.15223
1.15035
1.14885
1.14724
1.14551
1.14416
1.14293
1.14183
1.14061
1.13927
1.13878
1.13816
1.13789
1.13702
1.13698
1.13705
1.13651
1.13631
1.13669
1.13669
1.13702
1.13744
1.13844
1.13904
1.13973
1.14049
1.14134
1.14274
1.14373
1.14479
1.14591
1.1471
1.14883
1.15013
1.15197
1.15362
1.15556
1.15682
1.15836
1.1597
1.16205
1.16322
1.16563
1.16735
1.16885
1.17038
1.17194
1.17375
1.17559
1.17769
1.17956
1.18145
1.18335
1.18502
1.1867
1.18791
1.19008
1.19179
1.19373
1.19544
1.19715
1.19911
1.2013
1.2035
1.20545
1.2074
1.20886
1.21056
1.21273
1.21442
1.2161
1.21801
1.21991
1.2218
1.22344
1.22459
1.2262
1.22804
1.22986
1.23143
1.23345
1.23498
1.23624
1.23772
1.2399
1.24182
1.24346
1.24533
1.24764
1.24872
1.2505
1.25224
1.2537
1.25489
1.25676
1.25811
1.25966
1.2607
1.26168
1.26311
1.26401
1.2651
1.26615
1.26714
1.26809
1.26898
1.26958
1.27037
1.2711
1.27178
1.27216
1.2732
1.27369
1.27413
1.27427
1.27435
1.2746
1.27431
1.27468
1.27475
1.27475
1.27493
1.2748
1.27461
1.27411
1.27451
1.27388
1.27343
1.27292
1.27187
1.27195
1.27149
1.27073
1.26967
1.26855
1.26712
1.26661
1.26555
1.26372
1.26279
1.26156
1.26029
1.25847
1.25757
1.25638
1.25513
1.2536
1.25226
1.25088
1.24921
1.24798
1.24623
1.24468
1.24333
1.24171
1.23956
1.23762
1.23589
1.23388
1.23185
1.23002
1.22792
1.2258
1.2234
1.22147
1.2195
1.21727
1.21502
1.21274
1.21068
1.20836
1.20578
1.20318
1.2008
1.19768
1.19551
1.19356
1.19039
1.18792
1.18544
1.18247
1.17948
1.17672
1.17419
1.1714
1.16933
1.16724
1.16466
1.16159
1.159
1.15639
1.15378
1.15068
1.14806
1.14567
1.14328
1.14064
1.138
1.13464
1.13248
1.12983
1.12695
1.12407
1.12216
1.11953
1.11692
1.11406
1.11074
1.10816
1.10559
1.1028
1.1005
1.09799
1.09526
1.09256
1.08989
1.08748
1.08535
1.08301
1.08022
1.07772
1.07573
1.07283
1.07045
1.06836
1.06584
1.06362
1.06144
1.0598
1.05798
1.05647
1.05477
1.05313
1.05084
1.04982
1.04886
1.04774
1.0462
1.04498
1.04383
1.04227
1.04079
1.03986
1.03925
1.03896
1.0385
1.03787
1.03708
1.03637
1.03645
1.03636
1.03659
1.03616
1.03605
1.03576
1.03603
1.03635
1.03626
1.03647
1.03698
1.03682
1.0372
1.03714
1.03689
1.03764
1.03796
1.03831
1.03893
1.03935
1.03954
1.04025
1.04097
1.04122
1.04221
1.04297
1.04373
1.04449
1.04525
1.04577
1.04675
1.04725
1.04796
1.04866
1.04909
1.0495
1.04989
1.05
1.05032
1.05062
1.05184
1.0523
1.05249
1.05216
1.05276
1.05308
1.05385
1.0541
1.05456
1.05475
1.05514
1.05551
1.05537
1.05497
1.05551
1.05555
1.05582
1.05535
1.05487
1.05463
1.05439
1.05463
1.05488
1.05491
1.05543
1.05524
1.05533
1.05544
1.05535
1.05553
1.05576
1.05602
1.05658
1.05695
1.05738
1.05738
1.05792
1.05852
1.05847
1.05897
1.06002
1.0609
1.06185
1.06288
1.06374
1.0654
1.06641
1.06797
1.06985
1.0718
1.07334
1.07495
1.07663
1.07838
1.07996
1.0816
1.08354
1.08506
1.08713
1.08876
1.09093
1.09267
1.09494
1.09726
1.1001
1.10298
1.10541
1.10789
1.11039
1.11269
1.11574
1.11858
1.1212
1.12408
1.12723
1.12992
1.13287
1.1356
1.1381
1.14063
1.14317
1.14596
1.14878
1.15185
1.15469
1.15755
1.16042
1.16356
1.16574
1.16891
1.17185
1.17457
1.17803
1.1815
1.18476
1.18804
1.19109
1.19417
1.19775
1.20087
1.20401
1.20694
1.21012
1.21382
1.21705
1.22054
1.22358
1.22711
1.23043
1.234
1.23736
1.24145
1.24507
1.24775
1.25116
1.25434
1.25801
1.26144
1.26487
1.26855
1.27271
1.27614
1.27956
1.28272
1.28612
1.28925
1.29237
1.29546
1.299
1.30227
1.30526
1.30845
1.3116
1.31445
1.31774
1.32097
1.32366
1.32677
1.32957
1.3323
1.33495
1.33728
1.34001
1.34313
1.3452
1.34741
1.34977
1.35155
1.35371
1.35527
1.35721
1.35903
1.36122
1.36257
1.36379
1.36465
1.36586
1.36671
1.36742
1.36824
1.36868
1.36923
1.37012
1.37038
1.37074
1.37023
1.37029
1.36997
1.36877
1.36789
1.3671
1.36639
1.36456
1.36304
1.36161
1.35928
1.35702
1.35482
1.35222
1.35039
1.34791
1.34524
1.34262
1.33886
1.33538
1.33147
1.32785
1.32379
1.31977
1.31506
1.31016
1.30577
1.30093
1.29541
1.28992
1.28399
1.27809
1.27223
1.26616
1.26014
1.25343
1.24652
1.23919
1.2319
1.22444
1.21631
1.2085
1.20076
1.19263
1.18411
1.17544
1.16665
1.15797
1.14967
1.14102
1.13156
1.12274
1.11362
1.10468
1.09571
1.0867
1.07719
1.06769
1.05819
1.04871
1.04
1.03061
1.02225
1.01348
1.00431
0.995251
0.986303
0.978203
0.96952
0.960987
0.953097
0.944898
0.936883
0.929544
0.922168
0.914765
0.907825
0.900876
0.894166
0.888187
0.882463
0.876282
0.87061
0.865215
0.860583
0.855997
0.851945
0.848188
0.844252
0.840863
0.837782
0.835012
0.832556
0.830416
0.828593
0.826849
0.826145
0.825279
0.824732
0.824263
0.824353
0.823796
0.824758
0.825791
0.826653
0.829025
0.830737
0.833231
0.835299
0.838139
0.840785
0.844435
0.847882
0.851359
0.855583
0.859585
0.86408
0.869063
0.873804
0.87974
0.88566
0.890835
0.89646
0.902286
0.908547
0.915236
0.922104
0.92866
0.935378
0.943213
0.950711
0.958345
0.965627
0.97327
0.981266
0.990089
0.998285
1.00657
1.01493
1.02337
1.03163
1.03995
1.04856
1.05697
1.06517
1.07365
1.08263
1.09162
1.10038
1.10914
1.11766
1.12641
1.13514
1.14385
1.15253
1.16118
1.16979
1.17788
1.18663
1.1951
1.20374
1.21208
1.22011
1.22854
1.2369
1.24517
1.25335
1.2612
1.2692
1.27685
1.28463
1.29206
1.29914
1.30609
1.31317
1.32083
1.32716
1.33359
1.33988
1.3465
1.35249
1.35809
1.36377
1.36929
1.37537
1.3808
1.38607
1.39164
1.39679
1.40177
1.40633
1.41072
1.41492
1.41894
1.42279
1.42621
1.42969
1.433
1.43637
1.43933
1.44235
1.44496
1.44741
1.44969
1.45133
1.45306
1.45489
1.45681
1.45859
1.46025
1.46153
1.4627
1.46375
1.46422
1.46555
1.46655
1.46698
1.46734
1.46786
1.46832
1.46849
1.46908
1.46939
1.46966
1.47014
1.47084
1.47104
1.47146
1.47139
1.4718
1.47221
1.47262
1.4728
1.47275
1.47295
1.4734
1.47339
1.47363
1.47414
1.47418
1.47471
1.47527
1.47512
1.47546
1.47606
1.47667
1.47753
1.47743
1.47782
1.47773
1.47884
1.47898
1.47912
1.47924
1.47983
1.48016
1.48071
1.48075
1.481
1.48171
1.48141
1.48107
1.48093
1.48099
1.48075
1.48095
1.48062
1.48023
1.48004
1.47954
1.47947
1.47935
1.47869
1.47893
1.4784
1.47781
1.47717
1.47647
1.47621
1.47542
1.47458
1.47394
1.47349
1.47253
1.47153
1.4705
1.4692
1.46811
1.46723
1.46586
1.46447
1.46354
1.46237
1.46142
1.46047
1.45927
1.45783
1.45663
1.45591
1.45495
1.45352
1.45233
1.45091
1.45021
1.44904
1.44763
1.44647
1.44507
1.44416
1.44276
1.44233
1.44166
1.44049
1.43957
1.43839
1.43767
1.43647
1.43524
1.43399
1.43271
1.43212
1.43054
1.42916
1.42821
1.42674
1.42498
1.4234
1.42176
1.41981
1.41804
1.41643
1.41499
1.41275
1.41067
1.40801
1.40671
1.40483
1.40237
1.39957
1.39666
1.39437
1.39125
1.38802
1.38492
1.3817
1.37789
1.37444
1.37111
1.36719
1.36339
1.35947
1.35592
1.35177
1.34702
1.3424
1.33791
1.33307
1.32836
1.32355
1.31863
1.31362
1.30851
1.30332
1.29827
1.29242
1.28698
1.28122
1.27612
1.27047
1.26452
1.25876
1.25272
1.24736
1.24148
1.23558
1.22989
1.22396
1.21825
1.21254
1.20684
1.20067
1.19525
1.18937
1.18376
1.17796
1.1722
1.16554
1.16014
1.15385
1.14788
1.14248
1.13741
1.13197
1.12638
1.12212
1.11774
1.11277
1.10817
1.10397
1.09943
1.09553
1.09204
1.08849
1.08487
1.08145
1.07798
1.07472
1.07191
1.06835
1.06598
1.06456
1.06266
1.061
1.05959
1.05868
1.05827
1.05789
1.0573
1.057
1.05722
1.05797
1.05901
1.05987
1.06127
1.06249
1.06427
1.06611
1.0685
1.0712
1.07422
1.07755
1.08143
1.08563
1.08989
1.09446
1.09957
1.10474
1.10948
1.11548
1.12152
1.12783
1.13417
1.14101
1.14835
1.15593
1.16349
1.17152
1.17975
1.18842
1.19727
1.20628
1.21521
1.22499
1.23393
1.24297
1.25258
1.26226
1.27174
1.2815
1.29103
1.30103
1.31053
1.32022
1.33008
1.33937
1.34832
1.35714
1.36654
1.37577
1.38458
1.39245
1.40131
1.40944
1.41707
1.4249
1.43196
1.43846
1.44488
1.4512
1.45668
1.46204
1.46654
1.47113
1.47509
1.47864
1.48177
1.48449
1.48702
1.48889
1.49058
1.49159
1.49242
1.49282
1.4928
1.49213
1.49128
1.48979
1.48814
1.48659
1.48394
1.48092
1.47731
1.4736
1.47005
1.46594
1.46153
1.45612
1.45165
1.44621
1.44078
1.43514
1.42906
1.42328
1.41734
1.41125
1.40576
1.39896
1.39207
1.38534
1.3788
1.37197
1.36512
1.3585
1.35117
1.34458
1.33753
1.33054
1.32433
1.31746
1.31068
1.30472
1.29815
1.29241
1.28679
1.28107
1.27501
1.26933
1.26382
1.25822
1.25302
1.24776
1.24314
1.23823
1.23373
1.22965
1.22575
1.22156
1.21802
1.21443
1.21077
1.20778
1.20472
1.20207
1.19863
1.19608
1.19393
1.19146
1.18938
1.18746
1.18543
1.18331
1.18155
1.18017
1.17939
1.17872
1.17721
1.17627
1.17568
1.17493
1.175
1.17442
1.17391
1.17324
1.17287
1.17231
1.17229
1.17208
1.17167
1.17178
1.17144
1.17113
1.1711
1.17157
1.17182
1.17185
1.17117
1.17124
1.17156
1.17166
1.17152
1.1714
1.17154
1.17169
1.17257
1.17227
1.17247
1.17268
1.1734
1.17366
1.17395
1.1745
1.17485
1.17595
1.17612
1.17681
1.17731
1.17785
1.1782
1.17884
1.17979
1.18079
1.18161
1.1825
1.18321
1.18424
1.18535
1.18677
1.18827
1.18936
1.19006
1.19157
1.19316
1.19508
1.19685
1.19871
1.20041
1.20292
1.20504
1.20725
1.20834
1.21071
1.21317
1.21594
1.21832
1.22101
1.22401
1.22707
1.22948
1.23291
1.23566
1.23871
1.2418
1.24493
1.24832
1.25126
1.25446
1.25767
1.26112
1.26409
1.26753
1.27095
1.27435
1.27747
1.28056
1.28383
1.28657
1.28949
1.29258
1.2956
1.29853
1.30161
1.30387
1.30579
1.30809
1.31027
1.31257
1.31475
1.31656
1.31776
1.31858
1.31999
1.32149
1.3231
1.32408
1.32516
1.32585
1.32688
1.32729
1.32731
1.32767
1.32813
1.32798
1.3277
1.32728
1.32674
1.32632
1.32506
1.32417
1.32317
1.32231
1.32135
1.32006
1.31893
1.31748
1.31619
1.31412
1.31222
1.31052
1.30876
1.30696
1.3056
1.30398
1.30233
1.30018
1.29826
1.29609
1.2944
1.29248
1.29056
1.28866
1.28677
1.28467
1.28283
1.28102
1.27924
1.27751
1.27581
1.2744
1.2728
1.27148
1.26997
1.26852
1.26712
1.26553
1.26473
1.26398
1.2628
1.26145
1.26111
1.26011
1.25941
1.25876
1.25793
1.25716
1.25669
1.25578
1.25517
1.25485
1.25458
1.25412
1.25297
1.25235
1.25201
1.25147
1.25096
1.25072
1.25027
1.25009
1.25041
1.25003
1.24943
1.24955
1.24921
1.24911
1.24901
1.24915
1.24904
1.24892
1.24902
1.24863
1.24797
1.24753
1.24729
1.24677
1.24718
1.24682
1.24641
1.2457
1.24469
1.24411
1.24321
1.24249
1.24144
1.24056
1.23983
1.23854
1.23739
1.23614
1.23432
1.23263
1.23059
1.22844
1.22666
1.22477
1.22227
1.22062
1.21812
1.21573
1.21346
1.21083
1.20806
1.20541
1.20239
1.19948
1.19597
1.19256
1.18927
1.18514
1.18112
1.17722
1.17321
1.16908
1.16532
1.16121
1.15795
1.15339
1.14849
1.14374
1.13889
1.13396
1.12919
1.12362
1.11845
1.11346
1.10816
1.10232
1.0969
1.09143
1.08615
1.08083
1.07499
1.06935
1.06368
1.05798
1.05201
1.04602
1.03977
1.03398
1.02817
1.02211
1.01628
1.00996
1.00436
0.998272
0.992178
0.986082
0.980465
0.974606
0.968747
0.963129
0.957031
0.950934
0.945079
0.938983
0.933127
0.927513
0.92214
0.916285
0.910431
0.904817
0.898719
0.892861
0.887
0.881617
0.875265
0.869389
0.863508
0.857619
0.851724
0.845821
0.83991
0.833991
0.828063
0.822125
0.816417
0.810216
0.804486
0.798744
0.79275
0.787225
0.781207
0.775176
0.768652
0.762597
0.756048
0.74997
0.743884
0.737788
0.731203
0.725092
0.718976
0.712615
0.706735
0.701096
0.694977
0.688621
0.682751
0.676892
0.670804
0.665212
0.659156
0.653123
0.647597
0.641379
0.635435
0.629531
0.623911
0.617859
0.6121
0.606641
0.601246
0.595681
0.58971
0.584302
0.578502
0.573279
0.567916
0.563144
0.558247
0.553473
0.549068
0.544558
0.540193
0.535738
0.531922
0.52779
0.524071
0.520533
0.517424
0.514269
0.511318
0.508334
0.505807
0.503502
0.501907
0.499345
0.497508
0.495919
0.494826
0.493752
0.493426
0.493371
0.493351
0.493853
0.494638
0.495951
0.497315
0.499212
0.500683
0.503174
0.505241
0.507849
0.510517
0.513726
0.516514
0.520323
0.524429
0.52883
0.533761
0.538739
0.544
0.549298
0.555591
0.561667
0.568003
0.574833
0.581665
0.588733
0.595785
0.603053
0.610043
0.617708
0.626276
0.634531
0.642942
0.651255
0.660179
0.669217
0.677873
0.686615
0.695426
0.705256
0.714404
0.723336
0.732277
0.742175
0.75085
0.75973
0.768562
0.776848
0.785541
0.794144
0.802887
0.811518
0.820026
0.827918
0.835908
0.843745
0.851903
0.860133
0.867707
0.875343
0.882794
0.890298
0.897851
0.904969
0.911412
0.916938
0.922751
0.928853
0.934523
0.940004
0.945301
0.950174
0.954869
0.959872
0.964466
0.968416
0.972931
0.977297
0.981278
0.985122
0.988834
0.99242
0.995407
0.999004
1.00201
1.00493
1.00799
1.01048
1.01362
1.01644
1.01944
1.02214
1.02478
1.02712
1.02967
1.03313
1.03535
1.03777
1.04017
1.04182
1.04392
1.04648
1.04878
1.05107
1.05358
1.05607
1.05855
1.06102
1.063
1.06544
1.06788
1.0703
1.07223
1.07438
1.07628
1.07841
1.081
1.08333
1.08612
1.08816
1.09018
1.09218
1.09415
1.09728
1.09942
1.10128
1.10262
1.10487
1.10612
1.1078
1.10894
1.11075
1.11201
1.11322
1.11484
1.11639
1.11788
1.11904
1.11965
1.12042
1.12111
1.12196
1.12272
1.1234
1.12375
1.12424
1.12489
1.12448
1.1247
1.1253
1.12533
1.12527
1.12535
1.12486
1.12476
1.12456
1.12452
1.12414
1.12344
1.1224
1.12129
1.12009
1.11929
1.11794
1.11651
1.11501
1.1132
1.11229
1.11059
1.10884
1.10752
1.1064
1.10474
1.10305
1.10132
1.09908
1.09682
1.09502
1.09344
1.09112
1.0888
1.08672
1.08489
1.08306
1.08125
1.07945
1.07792
1.07666
1.0747
1.07303
1.07163
1.07029
1.06851
1.0675
1.06559
1.06423
1.06268
1.06193
1.06125
1.05992
1.05939
1.05846
1.05761
1.05757
1.0569
1.05704
1.05606
1.05542
1.05511
1.0549
1.05527
1.05502
1.0551
1.05432
1.05532
1.05522
1.05569
1.05651
1.05695
1.0582
1.05932
1.06077
1.06159
1.06252
1.06425
1.06633
1.06752
1.06881
1.07019
1.07213
1.07343
1.07578
1.07772
1.0795
1.08136
1.08328
1.08528
1.08758
1.08995
1.09238
1.09511
1.09765
1.10049
1.10313
1.10559
1.10784
1.11038
1.11272
1.11509
1.11822
1.12138
1.12457
1.12778
1.13078
1.13404
1.13731
1.14012
1.14343
1.14626
1.1491
1.15244
1.15553
1.15863
1.16197
1.1653
1.1684
1.17149
1.17433
1.17668
1.17951
1.18257
1.18537
1.18864
1.19166
1.19466
1.1974
1.20037
1.20331
1.20648
1.20938
1.21154
1.2144
1.21699
1.2198
1.22233
1.22532
1.22828
1.23072
1.23361
1.23622
1.23831
1.24011
1.24236
1.2448
1.24743
1.25001
1.25205
1.25428
1.25668
1.25854
1.26058
1.26278
1.26467
1.26672
1.26845
1.27034
1.27213
1.27384
1.27472
1.27598
1.27714
1.27795
1.27888
1.2797
1.2804
1.28098
1.28191
1.28223
1.28217
1.28198
1.28214
1.28191
1.28154
1.28151
1.28085
1.28004
1.27909
1.27823
1.27673
1.27557
1.27426
1.27207
1.27022
1.26798
1.26583
1.26329
1.26061
1.25803
1.25506
1.2522
1.24921
1.24584
1.24257
1.23919
1.23544
1.23204
1.22902
1.22444
1.22022
1.21639
1.21221
1.20794
1.20357
1.19911
1.19457
1.18899
1.18381
1.17928
1.17469
1.1698
1.16461
1.1596
1.15407
1.14922
1.1441
1.13894
1.134
1.12831
1.12285
1.11786
1.11287
1.10764
1.10289
1.09743
1.09198
1.0868
1.0814
1.0758
1.0712
1.06591
1.06091
1.05549
1.05061
1.04579
1.04104
1.03637
1.03226
1.02799
1.02358
1.01926
1.01552
1.0114
1.00739
1.00374
0.999964
0.99559
0.992066
0.988914
0.985896
0.982777
0.979799
0.976966
0.974281
0.971507
0.969609
0.967627
0.965562
0.963657
0.962156
0.960818
0.959403
0.958394
0.956826
0.956385
0.956351
0.955761
0.954855
0.955076
0.954978
0.955043
0.955509
0.955894
0.956437
0.957134
0.957501
0.958258
0.958919
0.95972
0.961141
0.962696
0.96438
0.966189
0.967637
0.969199
0.971354
0.973373
0.975732
0.978427
0.980969
0.983353
0.986054
0.989065
0.99214
0.995032
0.997735
1.00096
1.00399
1.00657
1.00917
1.01252
1.01563
1.01899
1.02188
1.02572
1.02882
1.03167
1.03499
1.03851
1.04152
1.04401
1.04694
1.05006
1.05338
1.0564
1.05935
1.06225
1.06508
1.06761
1.07102
1.0734
1.07571
1.07721
1.07888
1.08119
1.08293
1.08532
1.0869
1.08864
1.0903
1.09163
1.09288
1.09453
1.09586
1.09663
1.09827
1.09912
1.10012
1.10081
1.10166
1.10243
1.10337
1.10423
1.10502
1.10549
1.10589
1.10646
1.10672
1.10715
1.10751
1.10757
1.10731
1.10794
1.10779
1.10757
1.10728
1.10717
1.10675
1.10602
1.1057
1.10532
1.10463
1.10388
1.10305
1.10216
