-3.33899
-3.33889
-3.33848
-3.33838
-3.33843
-3.33818
-3.33793
-3.33784
-3.3379
-3.33795
-3.33786
-3.33792
-3.33753
-3.3376
-3.33781
-3.33788
-3.33809
-3.33816
-3.33838
-3.33814
-3.33821
-3.33843
-3.3385
-3.33858
-3.3382
-3.33812
-3.3388
-3.33888
-3.33865
-3.33903
-3.33926
-3.33919
-3.33943
-3.33951
-3.33914
-3.33953
-3.33977
-3.34016
-3.34009
-3.34018
-3.34027
-3.33976
-3.33969
-3.33963
-3.33972
-3.33996
-3.34005
-3.34014
-3.34022
-3.34046
-3.34039
-3.34001
-3.34009
-3.34017
-3.34039
-3.34061
-3.34098
-3.34104
-3.3411
-3.341
-3.3409
-3.3408
-3.34084
-3.34073
-3.34091
-3.34079
-3.34081
-3.34083
-3.34054
-3.34071
-3.34102
-3.34102
-3.34102
-3.34087
-3.34101
-3.34115
-3.34099
-3.34082
-3.3408
-3.34093
-3.34091
-3.34088
-3.34101
-3.34053
-3.34065
-3.34047
-3.34059
-3.34055
-3.34052
-3.34034
-3.34016
-3.34012
-3.34009
-3.34036
-3.34063
-3.3406
-3.34011
-3.34023
-3.3405
-3.34062
-3.34074
-3.34086
-3.34068
-3.34064
-3.34046
-3.34043
-3.34039
-3.34066
-3.34032
-3.34029
-3.3398
-3.34006
-3.34032
-3.34013
-3.34055
-3.3405
-3.34046
-3.34026
-3.34037
-3.34078
-3.34088
-3.34068
-3.34078
-3.34043
-3.34038
-3.34003
-3.33983
-3.33993
-3.33988
-3.33983
-3.33993
-3.33958
-3.33938
-3.33919
-3.33945
-3.33971
-3.33982
-3.33978
-3.33959
-3.33956
-3.33953
-3.3395
-3.33963
-3.33991
-3.33959
-3.33957
-3.33971
-3.3394
-3.33893
-3.33863
-3.33847
-3.33832
-3.33802
-3.33817
-3.33817
-3.33742
-3.33743
-3.33744
-3.33744
-3.3373
-3.33716
-3.33671
-3.33687
-3.33658
-3.33673
-3.33674
-3.33659
-3.33659
-3.33674
-3.33674
-3.33688
-3.33658
-3.33672
-3.3364
-3.33669
-3.33667
-3.33665
-3.33633
-3.33631
-3.33613
-3.3358
-3.33562
-3.33558
-3.33555
-3.33552
-3.33533
-3.33514
-3.33541
-3.33552
-3.33549
-3.3356
-3.33557
-3.33539
-3.33551
-3.33579
-3.33637
-3.33635
-3.33619
-3.33618
-3.33632
-3.33617
-3.33617
-3.33664
-3.33665
-3.33682
-3.337
-3.33688
-3.33661
-3.3371
-3.3373
-3.33765
-3.3377
-3.33745
-3.33751
-3.33771
-3.33777
-3.33783
-3.33819
-3.33825
-3.33846
-3.33836
-3.33841
-3.3386
-3.3385
-3.33853
-3.33842
-3.33829
-3.33846
-3.33848
-3.33879
-3.33894
-3.3394
-3.33939
-3.34013
-3.33996
-3.33993
-3.3402
-3.34016
-3.34027
-3.34023
-3.34033
-3.34089
-3.34083
-3.34108
-3.34088
-3.34112
-3.34106
-3.34101
-3.3411
-3.34105
-3.34099
-3.34109
-3.34104
-3.34144
-3.3414
-3.34151
-3.34192
-3.34219
-3.34215
-3.34227
-3.34225
-3.34238
-3.34281
-3.34279
-3.34293
-3.34292
-3.34292
-3.34291
-3.34276
-3.34276
-3.34262
-3.34232
-3.34248
-3.34249
-3.34266
-3.34267
-3.34253
-3.3427
-3.34272
-3.34273
-3.3429
-3.34291
-3.34293
-3.34295
-3.34281
-3.34282
-3.34268
-3.3427
-3.34271
-3.34272
-3.34257
-3.34243
-3.34213
-3.34213
-3.34213
-3.34198
-3.34183
-3.34182
-3.34227
-3.34226
-3.34226
-3.34285
-3.34284
-3.34253
-3.34267
-3.3425
-3.34264
-3.34232
-3.34246
-3.34275
-3.34273
-3.34272
-3.34256
-3.34254
-3.34238
-3.34237
-3.34236
-3.34191
-3.34205
-3.34205
-3.34205
-3.34191
-3.34161
-3.34178
-3.34194
-3.34181
-3.34183
-3.34171
-3.34174
-3.34162
-3.34136
-3.34125
-3.3413
-3.34136
-3.34141
-3.34163
-3.34155
-3.34177
-3.34215
-3.34224
-3.34217
-3.34242
-3.34297
-3.34307
-3.34317
-3.34328
-3.34324
-3.34335
-3.34362
-3.34419
-3.34431
-3.34458
-3.34485
-3.34513
-3.34495
-3.34492
-3.34505
-3.34471
-3.34453
-3.34495
-3.34492
-3.34518
-3.3453
-3.3454
-3.34566
-3.34561
-3.3454
-3.34549
-3.34542
-3.34535
-3.34573
-3.34595
-3.34601
-3.34592
-3.34597
-3.34587
-3.34606
-3.34609
-3.34596
-3.34628
-3.3463
-3.34615
-3.346
-3.34614
-3.34612
-3.3461
-3.34607
-3.34618
-3.3466
-3.3464
-3.34619
-3.34628
-3.34637
-3.34614
-3.34577
-3.34568
-3.3459
-3.34581
-3.34571
-3.34562
-3.34566
-3.34571
-3.34545
-3.34549
-3.34537
-3.34526
-3.34514
-3.34487
-3.34505
-3.34493
-3.34481
-3.34499
-3.34471
-3.34459
-3.34432
-3.34421
-3.34424
-3.34398
-3.34402
-3.34421
-3.3441
-3.344
-3.34375
-3.34366
-3.34356
-3.34332
-3.34354
-3.34346
-3.34354
-3.34362
-3.3437
-3.34364
-3.34374
-3.34368
-3.34379
-3.34375
-3.34386
-3.34383
-3.34365
-3.34378
-3.34376
-3.34374
-3.34373
-3.34373
-3.34372
-3.34403
-3.34419
-3.3442
-3.34436
-3.34423
-3.34425
-3.34427
-3.34476
-3.34524
-3.34542
-3.34516
-3.34504
-3.34523
-3.34542
-3.34562
-3.34551
-3.34525
-3.3453
-3.34519
-3.34509
-3.34499
-3.34488
-3.34523
-3.34483
-3.34487
-3.34477
-3.34481
-3.345
-3.3452
-3.34509
-3.34512
-3.34531
-3.34535
-3.34538
-3.34511
-3.34514
-3.34501
-3.34474
-3.34461
-3.34433
-3.34449
-3.34451
-3.34467
-3.34453
-3.34439
-3.34455
-3.34455
-3.34426
-3.34395
-3.34365
-3.3435
-3.34365
-3.34364
-3.34364
-3.34333
-3.34347
-3.34346
-3.3436
-3.34359
-3.34328
-3.34312
-3.34311
-3.34294
-3.34308
-3.34292
-3.34275
-3.34274
-3.34228
-3.34211
-3.34225
-3.34194
-3.34223
-3.34222
-3.3422
-3.34249
-3.34248
-3.34232
-3.34246
-3.34259
-3.34213
-3.34212
-3.34195
-3.34179
-3.34178
-3.34191
-3.34205
-3.34189
-3.34202
-3.34216
-3.34215
-3.34228
-3.34242
-3.34225
-3.34254
-3.34237
-3.34235
-3.34218
-3.34201
-3.34169
-3.34152
-3.3418
-3.34178
-3.34176
-3.34173
-3.34171
-3.34184
-3.34197
-3.34194
-3.34192
-3.34174
-3.34187
-3.342
-3.34228
-3.3421
-3.34238
-3.34205
-3.34203
-3.34201
-3.34183
-3.34166
-3.34179
-3.34177
-3.34175
-3.34158
-3.34201
-3.3423
-3.34213
-3.34227
-3.3421
-3.34179
-3.34193
-3.34208
-3.34207
-3.34176
-3.34146
-3.34145
-3.34176
-3.34176
-3.34222
-3.34253
-3.34193
-3.34179
-3.34196
-3.34242
-3.34259
-3.34291
-3.34309
-3.34311
-3.34344
-3.34362
-3.34365
-3.34413
-3.34417
-3.3439
-3.34379
-3.34383
-3.34372
-3.34377
-3.34381
-3.34355
-3.3436
-3.34365
-3.34385
-3.34421
-3.34426
-3.34447
-3.34437
-3.34442
-3.34433
-3.34408
-3.34444
-3.34465
-3.34471
-3.34476
-3.34512
-3.34518
-3.34523
-3.34559
-3.34564
-3.34585
-3.3459
-3.3458
-3.34569
-3.34574
-3.34564
-3.34553
-3.34557
-3.34577
-3.3458
-3.34584
-3.34618
-3.34621
-3.34564
-3.34551
-3.34569
-3.34541
-3.34558
-3.3459
-3.34561
-3.34547
-3.34502
-3.34503
-3.34473
-3.34442
-3.34442
-3.34441
-3.34455
-3.34439
-3.34422
-3.34465
-3.34433
-3.34445
-3.34427
-3.34424
-3.3439
-3.34386
-3.34382
-3.34393
-3.34358
-3.34353
-3.34302
-3.34282
-3.34276
-3.343
-3.3431
-3.34318
-3.34312
-3.3429
-3.34268
-3.34277
-3.34255
-3.34248
-3.34256
-3.34218
-3.34226
-3.34234
-3.34227
-3.3425
-3.34212
-3.34205
-3.34198
-3.34191
-3.34169
-3.34177
-3.34156
-3.34149
-3.34143
-3.34076
-3.34116
-3.3411
-3.3409
-3.341
-3.34095
-3.3409
-3.34116
-3.34142
-3.34108
-3.34105
-3.34102
-3.341
-3.34082
-3.34065
-3.34079
-3.34093
-3.34138
-3.34168
-3.34168
-3.34169
-3.34155
-3.34142
-3.34114
-3.34101
-3.34134
-3.34138
-3.34142
-3.34161
-3.34151
-3.34186
-3.34192
-3.34183
-3.34175
-3.34167
-3.34189
-3.34212
-3.34236
-3.34275
-3.34269
-3.34263
-3.34242
-3.34253
-3.34248
-3.34274
-3.343
-3.34311
-3.34323
-3.3435
-3.34407
-3.34389
-3.34417
-3.34429
-3.34457
-3.345
-3.34513
-3.34526
-3.34524
-3.34567
-3.3458
-3.34593
-3.34606
-3.34589
-3.34601
-3.34599
-3.34611
-3.34638
-3.3465
-3.34662
-3.34673
-3.34669
-3.3468
-3.3469
-3.34715
-3.34739
-3.34793
-3.34787
-3.34809
-3.34786
-3.34808
-3.34814
-3.34804
-3.34794
-3.34798
-3.34832
-3.3485
-3.34821
-3.34838
-3.34854
-3.34823
-3.34807
-3.34821
-3.34804
-3.34801
-3.34767
-3.34779
-3.34759
-3.34739
-3.34763
-3.34757
-3.34765
-3.34743
-3.34735
-3.34743
-3.34749
-3.34726
-3.34702
-3.34617
-3.34638
-3.34643
-3.34619
-3.34609
-3.34599
-3.34619
-3.34579
-3.34569
-3.34559
-3.34549
-3.34569
-3.34559
-3.34595
-3.34585
-3.34606
-3.34581
-3.34557
-3.34608
-3.34569
-3.3456
-3.34567
-3.34543
-3.34566
-3.34512
-3.3452
-3.34527
-3.3452
-3.34498
-3.34491
-3.34484
-3.34477
-3.34486
-3.3448
-3.34459
-3.34484
-3.34463
-3.34473
-3.34468
-3.34417
-3.34412
-3.34408
-3.34449
-3.34444
-3.3447
-3.34481
-3.34478
-3.34474
-3.3447
-3.34482
-3.34448
-3.34415
-3.34396
-3.34408
-3.34405
-3.34387
-3.34384
-3.34366
-3.34363
-3.3439
-3.34388
-3.3437
-3.34321
-3.34288
-3.34271
-3.34238
-3.34265
-3.34247
-3.34229
-3.34256
-3.34253
-3.3425
-3.34278
-3.34274
-3.34271
-3.34268
-3.34264
-3.34231
-3.34212
-3.34193
-3.34189
-3.34186
-3.34166
-3.34162
-3.34204
-3.34215
-3.34195
-3.34206
-3.34186
-3.34182
-3.34147
-3.34128
-3.34123
-3.34148
-3.34174
-3.34154
-3.3418
-3.34175
-3.34155
-3.34135
-3.34115
-3.34111
-3.34076
-3.34071
-3.34082
-3.34062
-3.34043
-3.34054
-3.3402
-3.34016
-3.34012
-3.33978
-3.3396
-3.33927
-3.33924
-3.33921
-3.33934
-3.33901
-3.339
-3.33913
-3.33897
-3.33911
-3.33895
-3.33895
-3.33896
-3.33911
-3.33897
-3.33929
-3.33886
-3.33888
-3.33845
-3.33849
-3.33882
-3.33917
-3.33906
-3.33942
-3.33932
-3.33923
-3.33959
-3.33981
-3.34019
-3.34012
-3.33989
-3.33998
-3.34022
-3.34001
-3.34041
-3.34051
-3.34062
-3.34057
-3.34038
-3.34049
-3.34045
-3.34056
-3.34083
-3.34095
-3.34107
-3.34118
-3.3413
-3.34127
-3.34124
-3.3415
-3.34177
-3.34158
-3.34185
-3.34211
-3.34236
-3.34216
-3.34226
-3.34221
-3.3423
-3.34239
-3.34233
-3.34241
-3.34248
-3.34285
-3.34307
-3.34298
-3.34364
-3.34384
-3.34389
-3.34408
-3.34396
-3.34414
-3.34387
-3.34388
-3.3439
-3.34391
-3.34406
-3.34376
-3.34345
-3.34313
-3.34311
-3.34279
-3.34291
-3.34258
-3.34239
-3.34235
-3.34215
-3.34225
-3.34235
-3.34229
-3.34268
-3.34262
-3.3427
-3.34248
-3.3424
-3.34232
-3.34224
-3.342
-3.34176
-3.34167
-3.34128
-3.34118
-3.34078
-3.34069
-3.34058
-3.34063
-3.34083
-3.34058
-3.34047
-3.34067
-3.34056
-3.34076
-3.3405
-3.34054
-3.34044
-3.34003
-3.33992
-3.33952
-3.33911
-3.33901
-3.33906
-3.33896
-3.33871
-3.33861
-3.33837
-3.33843
-3.33834
-3.33841
-3.33848
-3.33855
-3.33848
-3.33871
-3.33849
-3.33843
-3.33852
-3.33862
-3.33872
-3.33868
-3.33848
-3.3383
-3.33827
-3.33855
-3.33853
-3.33866
-3.33865
-3.3382
-3.33835
-3.33836
-3.33822
-3.33839
-3.33841
-3.33813
-3.33832
-3.33821
-3.3384
-3.33875
-3.33896
-3.33917
-3.33893
-3.33914
-3.33921
-3.33914
-3.33937
-3.3393
-3.33938
-3.33947
-3.33956
-3.33965
-3.3396
-3.3394
-3.3395
-3.3396
-3.33985
-3.33996
-3.33991
-3.34017
-3.34013
-3.34008
-3.33974
-3.3397
-3.34011
-3.34022
-3.34033
-3.34089
-3.34115
-3.34111
-3.34137
-3.34163
-3.34174
-3.34184
-3.34195
-3.34205
-3.34201
-3.34211
-3.34236
-3.34232
-3.34242
-3.34267
-3.34277
-3.34302
-3.34326
-3.34321
-3.3433
-3.3434
-3.34364
-3.34358
-3.34337
-3.34376
-3.3437
-3.34364
-3.34357
-3.34335
-3.34343
-3.34366
-3.34359
-3.34351
-3.34374
-3.34396
-3.34403
-3.3444
-3.34447
-3.34438
-3.34428
-3.34419
-3.3444
-3.34429
-3.34404
-3.34424
-3.34397
-3.34386
-3.34405
-3.34423
-3.34426
-3.34428
-3.3443
-3.34477
-3.34494
-3.3451
-3.34481
-3.34466
-3.34466
-3.34466
-3.34526
-3.3451
-3.34494
-3.34477
-3.34475
-3.34503
-3.34501
-3.34514
-3.34511
-3.34492
-3.34474
-3.3447
-3.34482
-3.34387
-3.34368
-3.34363
-3.34389
-3.34384
-3.34379
-3.34359
-3.34369
-3.34363
-3.34328
-3.34337
-3.34347
-3.34371
-3.34366
-3.3436
-3.34339
-3.34348
-3.34373
-3.34352
-3.34346
-3.3434
-3.34364
-3.34343
-3.34382
-3.34376
-3.34371
-3.3438
-3.34389
-3.34368
-3.34347
-3.34327
-3.34336
-3.34331
-3.34295
-3.34274
-3.34284
-3.34263
-3.34243
-3.34253
-3.34248
-3.34243
-3.34192
-3.34218
-3.34213
-3.34193
-3.34158
-3.34153
-3.34179
-3.34145
-3.34186
-3.34212
-3.34178
-3.34204
-3.34185
-3.34182
-3.34163
-3.3422
-3.34232
-3.34229
-3.34226
-3.34208
-3.34236
-3.34233
-3.34261
-3.34274
-3.34287
-3.34285
-3.34283
-3.34282
-3.34281
-3.34325
-3.34309
-3.34338
-3.34322
-3.34321
-3.34306
-3.34321
-3.34335
-3.3435
-3.34366
-3.34366
-3.34351
-3.34381
-3.34397
-3.34397
-3.34413
-3.34414
-3.34385
-3.34431
-3.34447
-3.34418
-3.34434
-3.3448
-3.34466
-3.34467
-3.34453
-3.345
-3.34531
-3.34517
-3.34503
-3.34519
-3.34536
-3.34522
-3.34553
-3.34569
-3.3457
-3.34571
-3.34617
-3.34617
-3.34573
-3.34619
-3.34649
-3.34695
-3.34665
-3.34666
-3.34681
-3.34681
-3.34696
-3.34696
-3.3471
-3.34695
-3.34694
-3.34694
-3.34723
-3.34707
-3.34721
-3.3472
-3.34703
-3.34687
-3.3467
-3.34638
-3.34621
-3.34589
-3.34617
-3.34614
-3.34597
-3.34564
-3.34531
-3.34512
-3.34494
-3.34491
-3.34472
-3.34514
-3.3451
-3.34491
-3.34486
-3.34467
-3.34447
-3.34442
-3.34407
-3.34402
-3.34412
-3.34421
-3.34386
-3.34395
-3.34359
-3.34353
-3.34347
-3.34341
-3.34319
-3.34283
-3.34277
-3.3427
-3.34264
-3.34258
-3.34206
-3.342
-3.34209
-3.34203
-3.34197
-3.34177
-3.34156
-3.34151
-3.34132
-3.34127
-3.34108
-3.3409
-3.34101
-3.34159
-3.34172
-3.34201
-3.342
-3.34184
-3.34185
-3.3417
-3.34172
-3.34158
-3.34146
-3.34134
-3.34138
-3.34158
-3.34149
-3.34155
-3.34177
-3.34169
-3.34147
-3.34141
-3.3415
-3.3419
-3.3417
-3.34166
-3.34147
-3.34174
-3.34171
-3.34153
-3.34136
-3.34179
-3.34192
-3.3422
-3.34233
-3.34262
-3.3426
-3.34273
-3.34256
-3.34239
-3.34267
-3.34309
-3.34367
-3.34364
-3.34345
-3.34341
-3.34382
-3.34393
-3.34402
-3.34442
-3.34481
-3.34489
-3.34496
-3.34473
-3.3451
-3.345
-3.34521
-3.3451
-3.34499
-3.34502
-3.34489
-3.34522
-3.34523
-3.34539
-3.34539
-3.34538
-3.34537
-3.34535
-3.34548
-3.34561
-3.34558
-3.34554
-3.34535
-3.3453
-3.34511
-3.3449
-3.345
-3.3451
-3.34519
-3.34498
-3.34491
-3.34485
-3.34463
-3.34457
-3.34465
-3.34504
-3.34528
-3.34506
-3.34514
-3.34508
-3.34517
-3.34495
-3.34489
-3.34483
-3.34477
-3.34442
-3.34436
-3.34431
-3.34411
-3.34406
-3.34357
-3.34337
-3.34333
-3.3436
-3.34417
-3.34398
-3.3438
-3.34347
-3.34344
-3.34326
-3.34294
-3.34291
-3.3435
-3.34348
-3.34362
-3.3436
-3.34374
-3.34327
-3.34341
-3.34309
-3.34338
-3.34337
-3.34275
-3.34259
-3.34243
-3.34241
-3.34255
-3.34224
-3.34253
-3.34251
-3.34234
-3.34218
-3.34231
-3.34214
-3.34197
-3.3418
-3.34148
-3.34115
-3.34158
-3.34111
-3.34108
-3.3409
-3.34117
-3.34145
-3.34126
-3.34108
-3.3409
-3.34101
-3.34083
-3.34079
-3.34075
-3.34132
-3.34143
-3.34154
-3.34195
-3.34206
-3.34247
-3.34258
-3.34254
-3.34234
-3.342
-3.34211
-3.34206
-3.34187
-3.34167
-3.34148
-3.34098
-3.34094
-3.34059
-3.34085
-3.34111
-3.34122
-3.34118
-3.34129
-3.3414
-3.34136
-3.34147
-3.34113
-3.34124
-3.34165
-3.34162
-3.34143
-3.34094
-3.34076
-3.34057
-3.34039
-3.34051
-3.34093
-3.3409
-3.34072
-3.34084
-3.34081
-3.34048
-3.3403
-3.33998
-3.3398
-3.33932
-3.3393
-3.33927
-3.3391
-3.33892
-3.33905
-3.33873
-3.33901
-3.33899
-3.33866
-3.33849
-3.33832
-3.3383
-3.33843
-3.33811
-3.33824
-3.33807
-3.3385
-3.33833
-3.33832
-3.3386
-3.33858
-3.33871
-3.3384
-3.33853
-3.33852
-3.3385
-3.33879
-3.33878
-3.33862
-3.33891
-3.3392
-3.3392
-3.33889
-3.33874
-3.33874
-3.33874
-3.3386
-3.33861
-3.33862
-3.33863
-3.3388
-3.33898
-3.33991
-3.33979
-3.33983
-3.33987
-3.34022
-3.34027
-3.34017
-3.34023
-3.3403
-3.34021
-3.34059
-3.34052
-3.34061
-3.341
-3.34109
-3.34119
-3.34099
-3.3408
-3.34121
-3.34163
-3.34174
-3.34171
-3.34168
-3.3418
-3.34192
-3.3422
-3.34232
-3.34259
-3.34286
-3.34268
-3.3431
-3.34321
-3.34332
-3.34343
-3.34368
-3.34377
-3.34386
-3.3441
-3.34418
-3.3441
-3.34387
-3.34393
-3.34413
-3.34418
-3.34437
-3.34471
-3.34459
-3.34476
-3.34493
-3.34509
-3.34509
-3.34509
-3.34524
-3.34522
-3.34506
-3.34519
-3.34531
-3.34529
-3.3451
-3.34507
-3.34518
-3.3456
-3.3454
-3.34551
-3.34532
-3.34527
-3.34523
-3.34488
-3.34483
-3.34494
-3.34504
-3.34499
-3.34495
-3.34506
-3.34502
-3.34483
-3.34479
-3.34445
-3.34456
-3.34468
-3.3448
-3.34462
-3.34459
-3.34426
-3.34454
-3.34437
-3.34451
-3.34434
-3.34433
-3.34417
-3.34386
-3.34401
-3.34431
-3.34416
-3.34431
-3.34432
-3.34432
-3.34433
-3.34434
-3.34466
-3.34452
-3.34453
-3.34455
-3.34472
-3.34489
-3.34491
-3.34463
-3.3448
-3.34512
-3.34499
-3.34471
-3.34488
-3.34489
-3.34491
-3.34478
-3.34479
-3.3445
-3.34406
-3.34407
-3.34438
-3.34454
-3.34454
-3.34424
-3.34424
-3.34439
-3.34454
-3.34453
-3.34421
-3.34466
-3.34464
-3.34462
-3.3449
-3.34488
-3.3447
-3.34422
-3.34404
-3.34385
-3.34382
-3.34363
-3.34374
-3.3437
-3.34321
-3.34316
-3.34312
-3.34307
-3.34318
-3.34328
-3.34323
-3.34303
-3.34283
-3.34278
-3.34258
-3.34253
-3.34248
-3.34243
-3.34253
-3.34233
-3.34228
-3.34223
-3.34188
-3.34199
-3.34194
-3.3419
-3.34185
-3.34181
-3.34192
-3.34188
-3.34154
-3.3415
-3.34161
-3.34143
-3.34185
-3.34121
-3.34103
-3.34115
-3.34097
-3.34109
-3.34137
-3.34164
-3.34162
-3.3416
-3.34158
-3.34142
-3.3411
-3.34063
-3.34078
-3.34062
-3.34047
-3.34047
-3.34002
-3.34017
-3.34018
-3.34005
-3.33991
-3.33994
-3.33981
-3.34014
-3.33988
-3.33976
-3.33981
-3.33985
-3.33975
-3.34011
-3.34017
-3.34008
-3.3403
-3.34037
-3.3406
-3.34053
-3.34061
-3.34054
-3.34063
-3.34118
-3.34127
-3.34122
-3.34132
-3.34157
-3.34167
-3.34177
-3.34187
-3.34213
-3.34238
-3.34248
-3.34259
-3.34284
-3.34324
-3.34349
-3.34373
-3.34368
-3.34377
-3.34431
-3.3444
-3.34463
-3.34486
-3.34524
-3.34561
-3.34598
-3.34605
-3.34611
-3.34556
-3.34591
-3.34626
-3.3466
-3.34679
-3.34697
-3.347
-3.34702
-3.34704
-3.3469
-3.34675
-3.34706
-3.34706
-3.34675
-3.34688
-3.34747
-3.34745
-3.34803
-3.348
-3.34811
-3.34777
-3.34788
-3.34813
-3.34808
-3.34817
-3.34826
-3.34835
-3.34828
-3.34821
-3.34798
-3.34775
-3.34782
-3.34789
-3.3478
-3.34756
-3.34732
-3.34677
-3.34683
-3.34688
-3.34678
-3.34668
-3.34643
-3.34663
-3.34667
-3.34672
-3.34662
-3.34681
-3.34656
-3.3463
-3.34635
-3.3461
-3.34614
-3.34635
-3.3464
-3.3463
-3.34635
-3.34641
-3.34632
-3.34638
-3.34659
-3.34681
-3.34642
-3.34649
-3.34627
-3.34634
-3.34642
-3.34636
-3.34614
-3.34608
-3.34587
-3.34582
-3.34592
-3.34602
-3.34613
-3.34594
-3.34606
-3.34572
-3.34615
-3.34627
-3.34655
-3.34638
-3.34652
-3.34665
-3.34665
-3.34679
-3.34694
-3.34724
-3.3474
-3.34725
-3.34726
-3.34727
-3.34714
-3.3467
-3.34657
-3.34644
-3.34617
-3.34635
-3.34638
-3.34641
-3.3463
-3.34634
-3.34623
-3.34582
-3.34556
-3.34546
-3.34536
-3.34542
-3.34562
-3.34553
-3.34544
-3.34535
-3.34542
-3.34564
-3.34571
-3.34564
-3.34617
-3.34579
-3.34587
-3.3458
-3.34604
-3.34612
-3.34591
-3.346
-3.34594
-3.34603
-3.34582
-3.34561
-3.34585
-3.34579
-3.34558
-3.34553
-3.34547
-3.34556
-3.34565
-3.34559
-3.34553
-3.34562
-3.3457
-3.34549
-3.34497
-3.34521
-3.34529
-3.34537
-3.3456
-3.34567
-3.3459
-3.34552
-3.34529
-3.34582
-3.34604
-3.34626
-3.34663
-3.34654
-3.34645
-3.34621
-3.34642
-3.34663
-3.34669
-3.34659
-3.34695
-3.34715
-3.3475
-3.34755
-3.34729
-3.34749
-3.34737
-3.34711
-3.34699
-3.34687
-3.34704
-3.34706
-3.34723
-3.34724
-3.34725
-3.34725
-3.34694
-3.34693
-3.34677
-3.34659
-3.34642
-3.34638
-3.34619
-3.34615
-3.34594
-3.34619
-3.34627
-3.3462
-3.34598
-3.34589
-3.34581
-3.34571
-3.34562
-3.34597
-3.34556
-3.34545
-3.34488
-3.34477
-3.3445
-3.34453
-3.3444
-3.34458
-3.34431
-3.34403
-3.34391
-3.34393
-3.34366
-3.34354
-3.34342
-3.34331
-3.34289
-3.34278
-3.34298
-3.34258
-3.34249
-3.34255
-3.34262
-3.34269
-3.34247
-3.34211
-3.3425
-3.34245
-3.34256
-3.34238
-3.3425
-3.34279
-3.34308
-3.34293
-3.34293
-3.34295
-3.34327
-3.3433
-3.34348
-3.34368
-3.34373
-3.34408
-3.3443
-3.34452
-3.34414
-3.34452
-3.34475
-3.34483
-3.34477
-3.34486
-3.34481
-3.34505
-3.34515
-3.34509
-3.34534
-3.34559
-3.34553
-3.34593
-3.34602
-3.34642
-3.34635
-3.34644
-3.34637
-3.34674
-3.34666
-3.34673
-3.34664
-3.34655
-3.3466
-3.34725
-3.34714
-3.34718
-3.34705
-3.34708
-3.34694
-3.34741
-3.34727
-3.34681
-3.34666
-3.34665
-3.34663
-3.34707
-3.34719
-3.34701
-3.34683
-3.34649
-3.3466
-3.34655
-3.34651
-3.34661
-3.34655
-3.3465
-3.34644
-3.34608
-3.34617
-3.34596
-3.3459
-3.34584
-3.34578
-3.34557
-3.34566
-3.3456
-3.34555
-3.34534
-3.34544
-3.34525
-3.3452
-3.34501
-3.34542
-3.34509
-3.34506
-3.34503
-3.34486
-3.34499
-3.34483
-3.34483
-3.34437
-3.34468
-3.34469
-3.34456
-3.34458
-3.34445
-3.34449
-3.34437
-3.34472
-3.34492
-3.34482
-3.34487
-3.34509
-3.3453
-3.34537
-3.34529
-3.34597
-3.34604
-3.34612
-3.34605
-3.34628
-3.34635
-3.34613
-3.34606
-3.34628
-3.34621
-3.34613
-3.3462
-3.34626
-3.34633
-3.34684
-3.34689
-3.34709
-3.34714
-3.34703
-3.34721
-3.34709
-3.34696
-3.34682
-3.34698
-3.34668
-3.34713
-3.34697
-3.34696
-3.34709
-3.34706
-3.34702
-3.34683
-3.34739
-3.34764
-3.34774
-3.34737
-3.3473
-3.34708
-3.34685
-3.34677
-3.34654
-3.34615
-3.34606
-3.34581
-3.34572
-3.34547
-3.34552
-3.34572
-3.34577
-3.34551
-3.34571
-3.34606
-3.34611
-3.34601
-3.34605
-3.3458
-3.34555
-3.3456
-3.34581
-3.34571
-3.34577
-3.34568
-3.3456
-3.34537
-3.34514
-3.34506
-3.34454
-3.34402
-3.34441
-3.34405
-3.344
-3.34395
-3.34375
-3.34356
-3.34323
-3.3432
-3.34348
-3.34361
-3.3442
-3.34419
-3.34418
-3.34418
-3.34404
-3.3439
-3.34376
-3.34377
-3.3441
-3.34412
-3.34415
-3.34418
-3.34406
-3.34425
-3.34414
-3.34434
-3.34468
-3.34503
-3.34508
-3.34513
-3.34518
-3.34523
-3.34498
-3.34503
-3.34478
-3.34469
-3.34474
-3.34479
-3.34469
-3.34489
-3.3451
-3.34545
-3.3458
-3.34555
-3.3456
-3.34565
-3.3457
-3.34574
-3.34564
-3.34568
-3.34588
-3.34623
-3.34628
-3.34632
-3.34607
-3.34596
-3.34616
-3.34636
-3.3464
-3.34645
-3.34635
-3.34625
-3.34645
-3.34635
-3.34625
-3.3463
-3.3465
-3.34625
-3.34631
-3.34652
-3.34642
-3.34663
-3.34714
-3.34705
-3.34681
-3.34672
-3.34663
-3.34669
-3.34675
-3.34681
-3.34702
-3.34693
-3.34684
-3.3472
-3.34741
-3.34747
-3.34753
-3.34773
-3.34779
-3.34754
-3.34744
-3.3475
-3.34755
-3.34744
-3.34764
-3.34829
-3.34818
-3.34807
-3.34781
-3.348
-3.34803
-3.34806
-3.34794
-3.34767
-3.34754
-3.34786
-3.34789
-3.3479
-3.34792
-3.34763
-3.34764
-3.34765
-3.34781
-3.34751
-3.34751
-3.34721
-3.34706
-3.34705
-3.34704
-3.34674
-3.34703
-3.34656
-3.3467
-3.34638
-3.34636
-3.34634
-3.34632
-3.34645
-3.34628
-3.34625
-3.34607
-3.34574
-3.34601
-3.34568
-3.34519
-3.34516
-3.34482
-3.34478
-3.34444
-3.34425
-3.34406
-3.34416
-3.34427
-3.34423
-3.34433
-3.34428
-3.34423
-3.34449
-3.34443
-3.34408
-3.34373
-3.34352
-3.34377
-3.34387
-3.34396
-3.34391
-3.344
-3.34425
-3.34434
-3.34459
-3.34438
-3.34432
-3.34396
-3.34406
-3.34415
-3.3441
-3.3442
-3.34384
-3.34348
-3.34343
-3.34354
-3.34349
-3.34359
-3.34324
-3.3435
-3.34361
-3.34356
-3.34307
-3.34303
-3.343
-3.34281
-3.34278
-3.34275
-3.34287
-3.343
-3.34313
-3.3431
-3.34278
-3.34292
-3.3429
-3.34289
-3.34272
-3.34286
-3.343
-3.343
-3.34314
-3.34314
-3.34329
-3.34328
-3.34328
-3.34343
-3.34328
-3.34314
-3.34314
-3.34299
-3.34299
-3.34315
-3.343
-3.34301
-3.34347
-3.34332
-3.34378
-3.34424
-3.34439
-3.3444
-3.3444
-3.3444
-3.34456
-3.34471
-3.34457
-3.34472
-3.34487
-3.34472
-3.34488
-3.34488
-3.34533
-3.34549
-3.34549
-3.34579
-3.34579
-3.34594
-3.3461
-3.34655
-3.3464
-3.3461
-3.3461
-3.34565
-3.34581
-3.34581
-3.34596
-3.34612
-3.34627
-3.34628
-3.34628
-3.34629
-3.34614
-3.3463
-3.34615
-3.34601
-3.34557
-3.34588
-3.34604
-3.3462
-3.34606
-3.34577
-3.34578
-3.34579
-3.3458
-3.34536
-3.34523
-3.34509
-3.34511
-3.34542
-3.34544
-3.34576
-3.34577
-3.34594
-3.34611
-3.34597
-3.34569
-3.3457
-3.34587
-3.34589
-3.34575
-3.34577
-3.34578
-3.34534
-3.34505
-3.34552
-3.34538
-3.34554
-3.3454
-3.3454
-3.34556
-3.34557
-3.34572
-3.34572
-3.34542
-3.34557
-3.34542
-3.34557
-3.34586
-3.346
-3.34599
-3.34598
-3.34612
-3.34595
-3.34593
-3.34591
-3.34619
-3.34601
-3.34614
-3.34611
-3.34623
-3.34634
-3.34631
-3.34643
-3.34624
-3.34574
-3.34525
-3.34491
-3.34486
-3.34482
-3.34477
-3.34487
-3.34467
-3.34462
-3.34457
-3.34437
-3.34447
-3.34487
-3.34482
-3.34477
-3.34487
-3.34497
-3.34492
-3.34502
-3.34482
-3.34416
-3.34427
-3.34423
-3.34418
-3.34399
-3.34395
-3.34391
-3.34403
-3.34414
-3.34366
-3.34408
-3.34406
-3.34388
-3.34371
-3.34385
-3.34353
-3.34352
-3.34351
-3.34351
-3.3435
-3.3435
-3.34351
-3.34337
-3.34293
-3.34294
-3.34311
-3.34314
-3.34331
-3.34334
-3.34307
-3.34296
-3.34285
-3.34259
-3.34263
-3.34223
-3.34197
-3.34203
-3.34208
-3.34214
-3.34205
-3.34257
-3.34293
-3.34315
-3.34337
-3.34329
-3.34396
-3.34418
-3.34441
-3.34448
-3.3447
-3.34462
-3.34485
-3.34492
-3.34499
-3.34522
-3.34529
-3.34551
-3.34513
-3.34505
-3.34497
-3.34504
-3.3451
-3.34517
-3.34538
-3.34514
-3.34535
-3.34526
-3.34532
-3.34583
-3.34573
-3.34578
-3.34598
-3.34558
-3.34548
-3.34598
-3.34617
-3.34636
-3.3464
-3.34629
-3.34663
-3.34651
-3.3464
-3.34643
-3.34631
-3.34649
-3.34622
-3.34609
-3.34597
-3.3466
-3.34647
-3.34649
-3.34667
-3.34669
-3.34641
-3.34688
-3.3469
-3.34661
-3.34678
-3.34679
-3.34711
-3.34712
-3.34714
-3.34685
-3.34686
-3.34656
-3.34688
-3.34703
-3.34704
-3.34689
-3.34689
-3.34735
-3.34704
-3.34674
-3.34719
-3.34703
-3.34687
-3.34656
-3.34654
-3.34668
-3.34666
-3.34664
-3.34677
-3.34659
-3.34671
-3.34698
-3.3468
-3.34676
-3.34657
-3.34637
-3.34617
-3.34582
-3.34562
-3.34557
-3.34566
-3.34575
-3.34569
-3.34547
-3.34555
-3.34548
-3.34511
-3.34488
-3.34465
-3.34472
-3.3451
-3.34516
-3.34508
-3.34499
-3.34505
-3.34527
-3.34517
-3.34508
-3.34484
-3.34504
-3.34525
-3.3447
-3.34445
-3.34435
-3.34425
-3.34445
-3.3442
-3.34365
-3.34355
-3.34329
-3.34319
-3.34309
-3.34299
-3.34289
-3.34279
-3.34239
-3.34259
-3.34279
-3.343
-3.34321
-3.34326
-3.34317
-3.34292
-3.34268
-3.34244
-3.34221
-3.34182
-3.34189
-3.34166
-3.34158
-3.3412
-3.34128
-3.34091
-3.34039
-3.34018
-3.34042
-3.34066
-3.34061
-3.34041
-3.34067
-3.34078
-3.34089
-3.34101
-3.34097
-3.3408
-3.34077
-3.34045
-3.34029
-3.33983
-3.33997
-3.34012
-3.33997
-3.34013
-3.34014
-3.34016
-3.34048
-3.34081
-3.34098
-3.34086
-3.34105
-3.34124
-3.34128
-3.34148
-3.34183
-3.34188
-3.34209
-3.342
-3.34206
-3.34213
-3.34189
-3.34166
-3.34113
-3.34136
-3.34159
-3.34152
-3.34161
-3.34154
-3.34163
-3.34172
-3.34166
-3.34175
-3.34185
-3.34164
-3.34204
-3.34199
-3.34209
-3.34219
-3.34229
-3.34224
-3.3425
-3.34275
-3.3427
-3.34281
-3.34291
-3.34316
-3.34342
-3.34367
-3.34377
-3.34402
-3.34442
-3.34467
-3.34447
-3.34457
-3.34466
-3.3449
-3.34515
-3.34554
-3.34578
-3.34587
-3.34625
-3.34649
-3.34642
-3.34619
-3.34627
-3.34634
-3.34641
-3.34663
-3.34685
-3.34706
-3.34743
-3.34749
-3.34785
-3.3479
-3.34795
-3.34815
-3.3482
-3.34809
-3.34814
-3.34833
-3.34867
-3.34901
-3.34889
-3.34907
-3.34925
-3.34943
-3.34946
-3.34948
-3.34965
-3.34937
-3.34924
-3.34956
-3.34942
-3.34958
-3.34944
-3.3496
-3.3496
-3.34946
-3.34961
-3.34976
-3.3496
-3.3496
-3.34959
-3.34897
-3.34896
-3.34925
-3.34908
-3.34906
-3.34903
-3.34916
-3.34928
-3.3494
-3.34922
-3.34918
-3.34914
-3.3491
-3.34921
-3.34916
-3.34911
-3.34861
-3.34826
-3.34821
-3.3483
-3.34825
-3.34849
-3.34844
-3.34868
-3.34877
-3.34886
-3.34865
-3.34859
-3.34868
-3.34862
-3.34887
-3.34881
-3.34875
-3.34885
-3.34849
-3.34874
-3.34823
-3.34818
-3.34813
-3.34794
-3.34804
-3.34785
-3.34796
-3.34792
-3.34788
-3.34785
-3.34766
-3.34733
-3.3473
-3.34712
-3.34725
-3.34753
-3.3469
-3.34688
-3.34671
-3.34669
-3.34683
-3.34681
-3.34694
-3.34723
-3.34737
-3.34735
-3.34764
-3.34733
-3.34732
-3.34715
-3.34699
-3.34667
-3.34681
-3.3468
-3.34633
-3.34602
-3.3457
-3.34584
-3.34553
-3.34521
-3.34505
-3.34488
-3.34487
-3.34486
-3.34469
-3.34483
-3.34467
-3.34466
-3.34465
-3.34479
-3.34479
-3.34523
-3.34538
-3.34553
-3.34537
-3.34553
-3.34568
-3.34614
-3.34584
-3.3457
-3.34571
-3.34572
-3.34528
-3.3453
-3.34547
-3.3455
-3.34568
-3.34555
-3.34589
-3.34563
-3.34582
-3.34556
-3.3453
-3.34551
-3.34571
-3.34577
-3.34583
-3.3459
-3.34597
-3.34619
-3.34642
-3.3465
-3.34643
-3.34651
-3.34659
-3.34653
-3.34662
-3.34671
-3.34696
-3.3469
-3.34669
-3.34693
-3.34718
-3.34712
-3.34752
-3.34776
-3.348
-3.34794
-3.34787
-3.3484
-3.34833
-3.34826
-3.34863
-3.34824
-3.34831
-3.34806
-3.34812
-3.34816
-3.34805
-3.34839
-3.34858
-3.3483
-3.34802
-3.34788
-3.34803
-3.34804
-3.34788
-3.34817
-3.34815
-3.34813
-3.3484
-3.34821
-3.34817
-3.34843
-3.34837
-3.34801
-3.34795
-3.34788
-3.34796
-3.34819
-3.3481
-3.34817
-3.34793
-3.34768
-3.34789
-3.34794
-3.34739
-3.34728
-3.34733
-3.34737
-3.34711
-3.34685
-3.34659
-3.34632
-3.34636
-3.34656
-3.3466
-3.34679
-3.34669
-3.34658
-3.34633
-3.34608
-3.34614
-3.3462
-3.34611
-3.34633
-3.34641
-3.34649
-3.34642
-3.34651
-3.34646
-3.34656
-3.34637
-3.34664
-3.34676
-3.34674
-3.34672
-3.34656
-3.3464
-3.3464
-3.34625
-3.34626
-3.34597
-3.34583
-3.3457
-3.34602
-3.3462
-3.34592
-3.3461
-3.34612
-3.3463
-3.34632
-3.34604
-3.34606
-3.34638
-3.34639
-3.3464
-3.34671
-3.34656
-3.34656
-3.34641
-3.3467
-3.34639
-3.34652
-3.34635
-3.34648
-3.34675
-3.34687
-3.34684
-3.34665
-3.34691
-3.34672
-3.34653
-3.34664
-3.34659
-3.3467
-3.34665
-3.34661
-3.34641
-3.34637
-3.34617
-3.34598
-3.34609
-3.34651
-3.34662
-3.34629
-3.34595
-3.34562
-3.34545
-3.34528
-3.34526
-3.34509
-3.34523
-3.34507
-3.34521
-3.34551
-3.34566
-3.34582
-3.34613
-3.34569
-3.34555
-3.34511
-3.34498
-3.34471
-3.34428
-3.34431
-3.34434
-3.34452
-3.34456
-3.3449
-3.34448
-3.34453
-3.34457
-3.34431
-3.34436
-3.34425
-3.34415
-3.3442
-3.3444
-3.3446
-3.34435
-3.3444
-3.3443
-3.34435
-3.34471
-3.34476
-3.34421
-3.34426
-3.34446
-3.34421
-3.34426
-3.34416
-3.34451
-3.34456
-3.34476
-3.34496
-3.3447
-3.3449
-3.34525
-3.34529
-3.34549
-3.34508
-3.34527
-3.34562
-3.34566
-3.3457
-3.34574
-3.34593
-3.34612
-3.34585
-3.34619
-3.34638
-3.34641
-3.34645
-3.34663
-3.34666
-3.34685
-3.34703
-3.34721
-3.34694
-3.34697
-3.34699
-3.34702
-3.34704
-3.34722
-3.34754
-3.34741
-3.34743
-3.34729
-3.34746
-3.34748
-3.34749
-3.34751
-3.34752
-3.34768
-3.34753
-3.34739
-3.34754
-3.3474
-3.3474
-3.34739
-3.34739
-3.34739
-3.34738
-3.34722
-3.34721
-3.34704
-3.34688
-3.34671
-3.34654
-3.34637
-3.34619
-3.34617
-3.34614
-3.34626
-3.34623
-3.34605
-3.34616
-3.34597
-3.34578
-3.34574
-3.3457
-3.34565
-3.34545
-3.34525
-3.34535
-3.34545
-3.3457
-3.34549
-3.34544
-3.34568
-3.34577
-3.34556
-3.34519
-3.34513
-3.34492
-3.34485
-3.34479
-3.34442
-3.34451
-3.34445
-3.34423
-3.34417
-3.34395
-3.34359
-3.34323
-3.34257
-3.34236
-3.34261
-3.34271
-3.34251
-3.34246
-3.34242
-3.34253
-3.34235
-3.34262
-3.34229
-3.34242
-3.3424
-3.34209
-3.34208
-3.34223
-3.34208
-3.34209
-3.3421
-3.34228
-3.34245
-3.34234
-3.34222
-3.34227
-3.34217
-3.34238
-3.34304
-3.34311
-3.34304
-3.34311
-3.34335
-3.34314
-3.34308
-3.34303
-3.34298
-3.34339
-3.34395
-3.34391
-3.34387
-3.34353
-3.34365
-3.34407
-3.34434
-3.34506
-3.34487
-3.34529
-3.34556
-3.34582
-3.34593
-3.34604
-3.34615
-3.34655
-3.3465
-3.3466
-3.34684
-3.34723
-3.34746
-3.34739
-3.34747
-3.34754
-3.34745
-3.34767
-3.34757
-3.34747
-3.34752
-3.34757
-3.3473
-3.34719
-3.34722
-3.34739
-3.34727
-3.34728
-3.34684
-3.34686
-3.34686
-3.34717
-3.34732
-3.34762
-3.34777
-3.34761
-3.3473
-3.34729
-3.34727
-3.3471
-3.34708
-3.34737
-3.3475
-3.34702
-3.3473
-3.34712
-3.34725
-3.34767
-3.34749
-3.34716
-3.34713
-3.34695
-3.34677
-3.34659
-3.34671
-3.34668
-3.34665
-3.34678
-3.34644
-3.34656
-3.34669
-3.34636
-3.34663
-3.3463
-3.34612
-3.3458
-3.34577
-3.34574
-3.34557
-3.34584
-3.34567
-3.3461
-3.34622
-3.3462
-3.34648
-3.34645
-3.34658
-3.34671
-3.34668
-3.34666
-3.34633
-3.34615
-3.34613
-3.34625
-3.34622
-3.34604
-3.34647
-3.34659
-3.34641
-3.34622
-3.34619
-3.3463
-3.34611
-3.34562
-3.34558
-3.34494
-3.34489
-3.345
-3.3451
-3.34536
-3.34531
-3.34526
-3.34535
-3.3453
-3.34555
-3.34564
-3.34528
-3.34521
-3.345
-3.34479
-3.34487
-3.34496
-3.34519
-3.34513
-3.34506
-3.34529
-3.34492
-3.34485
-3.34477
-3.3447
-3.34448
-3.34396
-3.34359
-3.34352
-3.3436
-3.34353
-3.34361
-3.34325
-3.34303
-3.34312
-3.34305
-3.34329
-3.34324
-3.34303
-3.34282
-3.34262
-3.34287
-3.34312
-3.34323
-3.34289
-3.34285
-3.34266
-3.34277
-3.34244
-3.34211
-3.34179
-3.34176
-3.3419
-3.34203
-3.34217
-3.34201
-3.34185
-3.34185
-3.3423
-3.34246
-3.34216
-3.34217
-3.34218
-3.34204
-3.34235
-3.34207
-3.34209
-3.34226
-3.34213
-3.3423
-3.34203
-3.34205
-3.34208
-3.34211
-3.34213
-3.34231
-3.34234
-3.34222
-3.34225
-3.34274
-3.34322
-3.34325
-3.34343
-3.34391
-3.34364
-3.34367
-3.3437
-3.34388
-3.34406
-3.34424
-3.34441
-3.34444
-3.34477
-3.3448
-3.34452
-3.345
-3.34503
-3.3452
-3.34508
-3.34495
-3.34468
-3.34485
-3.34458
-3.34476
-3.34494
-3.34466
-3.34469
-3.34457
-3.3446
-3.34493
-3.34496
-3.34499
-3.34502
-3.3452
-3.34509
-3.34527
-3.3453
-3.34534
-3.34507
-3.3454
-3.34559
-3.34592
-3.34596
-3.34599
-3.34602
-3.3459
-3.34578
-3.34566
-3.34553
-3.34556
-3.34528
-3.34531
-3.34533
-3.3455
-3.34567
-3.34569
-3.34585
-3.34587
-3.34603
-3.34588
-3.34619
-3.34649
-3.34634
-3.34589
-3.34588
-3.34602
-3.34601
-3.34584
-3.34583
-3.34581
-3.34548
-3.34561
-3.34573
-3.346
-3.34597
-3.34593
-3.34575
-3.3457
-3.34551
-3.34532
-3.34542
-3.34522
-3.34548
-3.34528
-3.34507
-3.34517
-3.34527
-3.34537
-3.34547
-3.34527
-3.34522
-3.34517
-3.34511
-3.34491
-3.34486
-3.34466
-3.34461
-3.34487
-3.34482
-3.34524
-3.3455
-3.34561
-3.34527
-3.34508
-3.3446
-3.34457
-3.34439
-3.34437
-3.34419
-3.34418
-3.34431
-3.3443
-3.34414
-3.34398
-3.34367
-3.34383
-3.34368
-3.34369
-3.3437
-3.34356
-3.34388
-3.34375
-3.34362
-3.3438
-3.34383
-3.34432
-3.34406
-3.3441
-3.34429
-3.34434
-3.34439
-3.34429
-3.34434
-3.3447
-3.34476
-3.34467
-3.34458
-3.34464
-3.3444
-3.34476
-3.34468
-3.34459
-3.34496
-3.34518
-3.34524
-3.345
-3.34522
-3.34558
-3.34564
-3.34585
-3.34591
-3.34597
-3.34602
-3.34622
-3.34628
-3.34602
-3.34607
-3.34626
-3.34646
-3.3465
-3.34684
-3.34642
-3.34661
-3.34679
-3.34667
-3.347
-3.34718
-3.34721
-3.34723
-3.34755
-3.34742
-3.34789
-3.34837
-3.34838
-3.3484
-3.34826
-3.34858
-3.34814
-3.3483
-3.34817
-3.34787
-3.34789
-3.34759
-3.34715
-3.34731
-3.34702
-3.34719
-3.3472
-3.34721
-3.34722
-3.34738
-3.34694
-3.34726
-3.34712
-3.34743
-3.3476
-3.34746
-3.34763
-3.34779
-3.34781
-3.34737
-3.34738
-3.3471
-3.34681
-3.34698
-3.34699
-3.34746
-3.34733
-3.34734
-3.34766
-3.34767
-3.34784
-3.34785
-3.34787
-3.34818
-3.34819
-3.34821
-3.34837
-3.34838
-3.34839
-3.34855
-3.34841
-3.34841
-3.34842
-3.34858
-3.34873
-3.34858
-3.34858
-3.34873
-3.34843
-3.34827
-3.34827
-3.34811
-3.34825
-3.34824
-3.34823
-3.34822
-3.34821
-3.34819
-3.34802
-3.34785
-3.34768
-3.34751
-3.34734
-3.34716
-3.34729
-3.34726
-3.34708
-3.3469
-3.34672
-3.34639
-3.34651
-3.34647
-3.34644
-3.34671
-3.34637
-3.34633
-3.3463
-3.34611
-3.34607
-3.34603
-3.34614
-3.3461
-3.34622
-3.34602
-3.34599
-3.34595
-3.34576
-3.34541
-3.34522
-3.34519
-3.3453
-3.34556
-3.34553
-3.34564
-3.34575
-3.34557
-3.34553
-3.3455
-3.34531
-3.34528
-3.3454
-3.34522
-3.34564
-3.34546
-3.34558
-3.34555
-3.34523
-3.3452
-3.34518
-3.34546
-3.34559
-3.34511
-3.3451
-3.34523
-3.34536
-3.3452
-3.34503
-3.34487
-3.34501
-3.34499
-3.34529
-3.34543
-3.34542
-3.34557
-3.34541
-3.3451
-3.3451
-3.34525
-3.3454
-3.346
-3.34615
-3.3463
-3.3463
-3.34645
-3.34646
-3.34646
-3.34662
-3.34662
-3.34663
-3.34633
-3.34604
-3.34619
-3.3465
-3.34636
-3.34637
-3.34623
-3.34624
-3.3464
-3.34642
-3.34673
-3.34644
-3.34646
-3.34632
-3.34664
-3.3468
-3.34697
-3.34683
-3.3467
-3.34717
-3.34734
-3.34736
-3.34752
-3.34739
-3.34741
-3.34727
-3.34729
-3.34776
-3.34778
-3.34765
-3.34751
-3.34753
-3.3477
-3.34756
-3.34727
-3.34729
-3.3473
-3.34746
-3.34762
-3.34763
-3.34763
-3.34764
-3.34719
-3.34749
-3.34733
-3.34718
-3.34717
-3.34747
-3.34745
-3.34729
-3.34712
-3.34695
-3.34662
-3.3466
-3.34657
-3.34654
-3.34665
-3.34692
-3.34702
-3.34698
-3.34708
-3.34703
-3.34728
-3.34692
-3.34701
-3.34725
-3.34794
-3.34802
-3.3478
-3.34787
-3.3478
-3.34727
-3.34704
-3.34711
-3.34702
-3.34709
-3.347
-3.34692
-3.34714
-3.3472
-3.34712
-3.34733
-3.3477
-3.34762
-3.34739
-3.34716
-3.34708
-3.34701
-3.34693
-3.34701
-3.34665
-3.34658
-3.34622
-3.34602
-3.34627
-3.34607
-3.34619
-3.34615
-3.34627
-3.34609
-3.34638
-3.34636
-3.34636
-3.3462
-3.34621
-3.34667
-3.34684
-3.34702
-3.34704
-3.34678
-3.34651
-3.34671
-3.34661
-3.34666
-3.34657
-3.34618
-3.34624
-3.34616
-3.34624
-3.34601
-3.34624
-3.34602
-3.34626
-3.34589
-3.34552
-3.34546
-3.3457
-3.34579
-3.34558
-3.34567
-3.34576
-3.34585
-3.34625
-3.34634
-3.34658
-3.34636
-3.34645
-3.34639
-3.34617
-3.34625
-3.34618
-3.34626
-3.34649
-3.34612
-3.3465
-3.34657
-3.34664
-3.34686
-3.34708
-3.34745
-3.34752
-3.34743
-3.34749
-3.34739
-3.3473
-3.3472
-3.3474
-3.34745
-3.34764
-3.34784
-3.34788
-3.34791
-3.34825
-3.34828
-3.34815
-3.34818
-3.3479
-3.34792
-3.34763
-3.34795
-3.34826
-3.34827
-3.34827
-3.34827
-3.34812
-3.34751
-3.34705
-3.34704
-3.34718
-3.34701
-3.34669
-3.34667
-3.34649
-3.34632
-3.34598
-3.3461
-3.34607
-3.34589
-3.3457
-3.34581
-3.34607
-3.34633
-3.34613
-3.34563
-3.34573
-3.34568
-3.34563
-3.34527
-3.34506
-3.34485
-3.34479
-3.34489
-3.34482
-3.34476
-3.34469
-3.34432
-3.34441
-3.34389
-3.34397
-3.34375
-3.34322
-3.343
-3.34247
-3.3424
-3.34248
-3.3424
-3.34248
-3.34226
-3.34233
-3.34226
-3.34204
-3.34197
-3.3419
-3.34153
-3.34131
-3.34125
-3.34149
-3.34128
-3.34137
-3.34117
-3.34112
-3.34108
-3.34074
-3.341
-3.34098
-3.34095
-3.34109
-3.34107
-3.34107
-3.34123
-3.34109
-3.34095
-3.34128
-3.34117
-3.34091
-3.34066
-3.34072
-3.34079
-3.34102
-3.3411
-3.3412
-3.3416
-3.34186
-3.34213
-3.34271
-3.34254
-3.34283
-3.34282
-3.34297
-3.34312
-3.34328
-3.34328
-3.34329
-3.34346
-3.34347
-3.34363
-3.3438
-3.34351
-3.34382
-3.34413
-3.34414
-3.34445
-3.34475
-3.3449
-3.3452
-3.34519
-3.34502
-3.34531
-3.34559
-3.34616
-3.34643
-3.3467
-3.3465
-3.34661
-3.34671
-3.34695
-3.34719
-3.34712
-3.34734
-3.34711
-3.34733
-3.34754
-3.34789
-3.34779
-3.34753
-3.34741
-3.34759
-3.34731
-3.34717
-3.34718
-3.34734
-3.34733
-3.34733
-3.34716
-3.34714
-3.34711
-3.34738
-3.34734
-3.3473
-3.3474
-3.34719
-3.34698
-3.34677
-3.34685
-3.34663
-3.34685
-3.34677
-3.34683
-3.34674
-3.3468
-3.34671
-3.34646
-3.34636
-3.34625
-3.34615
-3.34574
-3.34548
-3.34537
-3.34556
-3.34514
-3.34533
-3.34491
-3.3448
-3.34498
-3.34472
-3.34475
-3.34479
-3.34482
-3.34456
-3.34429
-3.34418
-3.34391
-3.3438
-3.34369
-3.34358
-3.34347
-3.34352
-3.34341
-3.34331
-3.34321
-3.34341
-3.34301
-3.34291
-3.34267
-3.34258
-3.34234
-3.34226
-3.34217
-3.34194
-3.34202
-3.3421
-3.34203
-3.34241
-3.3422
-3.34229
-3.34223
-3.34233
-3.34243
-3.34239
-3.34235
-3.34216
-3.34212
-3.34209
-3.34207
-3.34204
-3.34202
-3.34201
-3.34245
-3.34229
-3.34244
-3.34213
-3.34229
-3.34245
-3.34246
-3.34247
-3.34249
-3.34266
-3.34238
-3.34225
-3.34198
-3.34186
-3.34189
-3.34238
-3.34242
-3.34276
-3.3425
-3.34284
-3.34273
-3.34263
-3.34252
-3.34257
-3.34307
-3.34296
-3.34286
-3.34306
-3.3431
-3.343
-3.34259
-3.34248
-3.34253
-3.34272
-3.34291
-3.3431
-3.34299
-3.34302
-3.3432
-3.34323
-3.34371
-3.34344
-3.34376
-3.34348
-3.34334
-3.34321
-3.34291
-3.34307
-3.34292
-3.34262
-3.34247
-3.34276
-3.3426
-3.34244
-3.34212
-3.34225
-3.34193
-3.34175
-3.34157
-3.34138
-3.34164
-3.3416
-3.34141
-3.34151
-3.34116
-3.34125
-3.34105
-3.34114
-3.34122
-3.34116
-3.34109
-3.34132
-3.34094
-3.34087
-3.34094
-3.34101
-3.34078
-3.34054
-3.34045
-3.34067
-3.34043
-3.34019
-3.34025
-3.34001
-3.33977
-3.33937
-3.33928
-3.33904
-3.3391
-3.33901
-3.33877
-3.33884
-3.3389
-3.33882
-3.33874
-3.33881
-3.33889
-3.33867
-3.3386
-3.33839
-3.33818
-3.33813
-3.33823
-3.33834
-3.3383
-3.33842
-3.3387
-3.33868
-3.33867
-3.33822
-3.33852
-3.33854
-3.33841
-3.33858
-3.33892
-3.33912
-3.33902
-3.33893
-3.33884
-3.33907
-3.339
-3.3391
-3.33905
-3.33931
-3.33942
-3.33924
-3.33937
-3.33951
-3.3395
-3.3398
-3.33996
-3.34027
-3.34029
-3.34061
-3.34094
-3.34127
-3.34145
-3.34118
-3.34137
-3.34141
-3.34175
-3.34194
-3.34213
-3.34247
-3.34251
-3.34239
-3.34288
-3.34322
-3.34355
-3.34373
-3.3436
-3.34407
-3.34439
-3.3444
-3.34426
-3.34395
-3.3441
-3.34439
-3.34438
-3.34435
-3.34463
-3.34474
-3.34485
-3.34525
-3.3455
-3.34574
-3.34552
-3.3462
-3.34596
-3.34618
-3.34608
-3.34598
-3.34572
-3.34576
-3.34564
-3.34582
-3.34615
-3.34631
-3.34632
-3.34603
-3.34588
-3.34573
-3.34572
-3.34586
-3.34585
-3.34583
-3.34581
-3.34594
-3.34592
-3.34589
-3.34586
-3.34613
-3.34624
-3.34621
-3.34617
-3.34583
-3.34564
-3.34529
-3.34479
-3.3443
-3.3441
-3.34405
-3.34385
-3.34395
-3.3439
-3.34415
-3.34425
-3.34389
-3.34384
-3.34409
-3.34433
-3.34397
-3.34437
-3.34446
-3.345
-3.34524
-3.34518
-3.34496
-3.3449
-3.34468
-3.34476
-3.34469
-3.34492
-3.34485
-3.34508
-3.3447
-3.34463
-3.34485
-3.34477
-3.34484
-3.34491
-3.34483
-3.3446
-3.34421
-3.34428
-3.34419
-3.34426
-3.34417
-3.34378
-3.34308
-3.34284
-3.34321
-3.34282
-3.34258
-3.34279
-3.34255
-3.3423
-3.34267
-3.34318
-3.34264
-3.34285
-3.34292
-3.34329
-3.34335
-3.34312
-3.34334
-3.34326
-3.34303
-3.3428
-3.34257
-3.3425
-3.34243
-3.34251
-3.34245
-3.34223
-3.34248
-3.34242
-3.34252
-3.34231
-3.34227
-3.34207
-3.34203
-3.34199
-3.34136
-3.34163
-3.3416
-3.34158
-3.34141
-3.34139
-3.34183
-3.34137
-3.34152
-3.34213
-3.34228
-3.34259
-3.34275
-3.34231
-3.34233
-3.34235
-3.34252
-3.34285
-3.34272
-3.34291
-3.34309
-3.34312
-3.34316
-3.34305
-3.34354
-3.34358
-3.34362
-3.34336
-3.34341
-3.3436
-3.3435
-3.34324
-3.34328
-3.34363
-3.34383
-3.34402
-3.34406
-3.34395
-3.34399
-3.34373
-3.34377
-3.34381
-3.344
-3.34388
-3.34376
-3.34364
-3.34352
-3.34385
-3.34388
-3.3439
-3.34408
-3.34395
-3.34412
-3.34429
-3.34431
-3.34417
-3.34389
-3.3439
-3.34361
-3.34362
-3.34394
-3.3438
-3.3438
-3.34411
-3.34397
-3.34398
-3.34398
-3.34383
-3.34369
-3.34354
-3.34354
-3.34354
-3.34369
-3.34369
-3.34354
-3.34369
-3.34385
-3.34415
-3.34414
-3.34429
-3.34429
-3.34414
-3.34428
-3.34398
-3.34397
-3.34396
-3.34396
-3.34395
-3.34424
-3.34439
-3.34453
-3.34467
-3.34466
-3.34464
-3.34433
-3.34401
-3.34385
-3.34383
-3.34366
-3.3438
-3.34393
-3.34391
-3.34374
-3.34372
-3.34385
-3.34368
-3.34381
-3.34364
-3.34346
-3.34299
-3.34281
-3.34249
-3.34231
-3.34199
-3.34196
-3.34194
-3.34161
-3.34204
-3.34202
-3.3423
-3.34243
-3.3421
-3.34193
-3.34176
-3.34143
-3.34172
-3.34185
-3.34168
-3.34182
-3.34181
-3.34179
-3.34178
-3.34193
-3.34192
-3.34192
-3.34191
-3.34176
-3.34192
-3.34192
-3.34223
-3.34209
-3.34225
-3.34241
-3.34228
-3.3423
-3.34232
-3.34264
-3.34237
-3.34239
-3.34227
-3.34216
-3.3425
-3.34253
-3.34258
-3.34277
-3.34282
-3.34302
-3.34307
-3.34237
-3.34227
-3.34233
-3.3427
-3.34261
-3.34268
-3.34274
-3.34251
-3.34274
-3.34297
-3.3432
-3.34313
-3.34291
-3.34315
-3.34309
-3.34348
-3.34357
-3.34367
-3.34361
-3.34356
-3.34351
-3.34346
-3.34341
-3.34352
-3.34392
-3.34343
-3.34308
-3.34349
-3.34314
-3.34325
-3.34381
-3.34392
-3.34417
-3.34473
-3.34483
-3.34508
-3.34518
-3.34512
-3.34521
-3.345
-3.34508
-3.34501
-3.34509
-3.34471
-3.34448
-3.34454
-3.3443
-3.34421
-3.34426
-3.34445
-3.34464
-3.34468
-3.34471
-3.34458
-3.3446
-3.34462
-3.34447
-3.34433
-3.34448
-3.34462
-3.34491
-3.3452
-3.34488
-3.34485
-3.34482
-3.34509
-3.3446
-3.34455
-3.34435
-3.34446
-3.34425
-3.34434
-3.34413
-3.34407
-3.344
-3.34394
-3.34371
-3.34349
-3.34342
-3.34319
-3.34312
-3.34289
-3.34236
-3.34228
-3.34204
-3.34196
-3.34173
-3.34165
-3.34172
-3.34164
-3.34187
-3.34149
-3.34141
-3.34118
-3.34126
-3.34148
-3.34141
-3.34119
-3.34127
-3.34121
-3.34114
-3.34123
-3.34117
-3.34126
-3.3409
-3.341
-3.34094
-3.3412
-3.3413
-3.3414
-3.34136
-3.34132
-3.34128
-3.34109
-3.34105
-3.34087
-3.34083
-3.34126
-3.34123
-3.3412
-3.34117
-3.34129
-3.34172
-3.34155
-3.34153
-3.3415
-3.34118
-3.34085
-3.34083
-3.34081
-3.34064
-3.34062
-3.3406
-3.34058
-3.34056
-3.34069
-3.34097
-3.3408
-3.34062
-3.3406
-3.34088
-3.34101
-3.34129
-3.34142
-3.34124
-3.34107
-3.34075
-3.34103
-3.341
-3.34083
-3.34081
-3.34094
-3.34077
-3.3406
-3.34013
-3.34011
-3.33979
-3.33962
-3.34006
-3.34004
-3.34003
-3.34002
-3.34001
-3.33985
-3.33984
-3.33999
-3.33999
-3.33938
-3.33938
-3.33908
-3.33909
-3.33925
-3.33941
-3.33957
-3.33958
-3.33975
-3.33992
-3.34024
-3.34011
-3.34014
-3.34001
-3.33989
-3.34007
-3.3404
-3.34028
-3.34062
-3.3405
-3.34053
-3.34087
-3.34091
-3.34065
-3.34099
-3.34087
-3.34076
-3.34065
-3.34084
-3.34073
-3.34076
-3.34095
-3.34114
-3.34117
-3.34105
-3.34124
-3.34142
-3.3413
-3.34148
-3.34181
-3.34183
-3.3417
-3.34202
-3.34174
-3.34205
-3.34192
-3.34193
-3.34208
-3.34194
-3.34194
-3.34209
-3.34163
-3.34162
-3.34161
-3.34145
-3.34129
-3.34112
-3.3408
-3.34093
-3.34075
-3.34103
-3.34115
-3.34142
-3.34139
-3.34105
-3.34071
-3.34052
-3.34032
-3.34028
-3.34009
-3.34004
-3.34014
-3.33995
-3.3399
-3.33984
-3.33979
-3.33989
-3.33999
-3.33978
-3.33958
-3.33952
-3.33977
-3.33956
-3.33951
-3.3396
-3.33925
-3.33859
-3.33838
-3.33832
-3.33797
-3.33776
-3.33771
-3.33766
-3.33761
-3.33725
-3.33736
-3.33731
-3.33727
-3.33737
-3.33718
-3.33683
-3.33725
-3.33751
-3.33793
-3.3379
-3.33787
-3.33784
-3.33797
-3.33795
-3.33808
-3.33837
-3.33805
-3.33805
-3.33789
-3.33804
-3.33804
-3.33805
-3.3379
-3.33807
-3.33824
-3.33826
-3.33813
-3.33831
-3.3382
-3.33823
-3.33827
-3.33847
-3.33806
-3.33781
-3.33787
-3.33778
-3.33784
-3.3379
-3.33842
-3.33864
-3.33887
-3.33894
-3.33887
-3.33895
-3.33918
-3.33941
-3.33949
-3.33957
-3.33935
-3.33929
-3.33937
-3.33945
-3.33968
-3.33976
-3.33983
-3.33991
-3.33983
-3.34005
-3.34027
-3.34033
-3.34085
-3.34076
-3.34066
-3.34071
-3.34091
-3.34095
-3.34084
-3.34072
-3.3409
-3.34153
-3.34185
-3.34217
-3.34249
-3.3428
-3.34265
-3.34265
-3.34249
-3.34248
-3.34231
-3.34214
-3.34227
-3.3424
-3.34222
-3.34233
-3.3423
-3.34211
-3.34221
-3.34217
-3.34212
-3.34207
-3.34187
-3.34181
-3.34161
-3.34185
-3.3421
-3.34189
-3.34198
-3.34222
-3.34215
-3.34209
-3.34188
-3.34181
-3.3416
-3.34154
-3.34163
-3.34171
-3.34165
-3.34174
-3.34168
-3.34208
-3.34217
-3.34211
-3.34191
-3.3414
-3.34134
-3.34129
-3.34109
-3.34104
-3.34114
-3.34079
-3.34075
-3.3407
-3.34081
-3.34092
-3.34088
-3.34084
-3.34095
-3.34106
-3.34102
-3.34099
-3.34095
-3.34092
-3.34058
-3.34055
-3.34037
-3.34049
-3.34061
-3.34059
-3.34056
-3.34054
-3.34082
-3.34079
-3.34108
-3.34076
-3.34059
-3.34027
-3.33995
-3.33964
-3.33963
-3.33992
-3.34007
-3.34021
-3.34006
-3.34006
