-4.98771
-4.98512
-4.98229
-4.9798
-4.97751
-4.97498
-4.9725
-4.97023
-4.96817
-4.96616
-4.96406
-4.96218
-4.9599
-4.95815
-4.9566
-4.95497
-4.95356
-4.95206
-4.95078
-4.94912
-4.94782
-4.94675
-4.9456
-4.94452
-4.94306
-4.94197
-4.94172
-4.94094
-4.93994
-4.93962
-4.93923
-4.93861
-4.93838
-4.93809
-4.93742
-4.9376
-4.93771
-4.93805
-4.93804
-4.93826
-4.93857
-4.93837
-4.93871
-4.93914
-4.93981
-4.94072
-4.94157
-4.9425
-4.94352
-4.94477
-4.9458
-4.94661
-4.94795
-4.94937
-4.951
-4.95271
-4.95464
-4.95633
-4.95807
-4.95971
-4.96141
-4.96315
-4.96508
-4.9669
-4.96906
-4.97094
-4.97299
-4.97507
-4.97686
-4.97911
-4.98152
-4.98363
-4.98575
-4.98771
-4.98996
-4.9922
-4.99413
-4.99604
-4.99808
-5.00025
-5.00225
-5.00422
-5.00632
-5.00779
-5.00983
-5.01153
-5.01351
-5.01531
-5.01707
-5.01865
-5.0202
-5.02186
-5.0235
-5.0254
-5.02727
-5.0288
-5.02985
-5.03147
-5.03321
-5.03477
-5.0363
-5.03779
-5.03895
-5.04023
-5.04133
-5.04254
-5.04372
-5.04516
-5.04597
-5.04704
-5.04762
-5.04892
-5.05018
-5.05095
-5.05228
-5.05311
-5.0539
-5.0545
-5.05535
-5.05646
-5.05721
-5.05762
-5.05828
-5.05844
-5.05885
-5.05891
-5.05906
-5.05947
-5.05968
-5.05984
-5.06011
-5.05987
-5.05973
-5.05956
-5.05979
-5.05998
-5.05998
-5.05979
-5.05942
-5.05916
-5.05888
-5.05856
-5.05838
-5.05832
-5.05764
-5.05724
-5.05698
-5.05626
-5.05538
-5.05464
-5.05405
-5.05346
-5.05272
-5.05243
-5.052
-5.05082
-5.05039
-5.04998
-5.04957
-5.04902
-5.04848
-5.04764
-5.04742
-5.04675
-5.04653
-5.04617
-5.04567
-5.04531
-5.0451
-5.04474
-5.04453
-5.04386
-5.04363
-5.04293
-5.04282
-5.0424
-5.04196
-5.04119
-5.0407
-5.04003
-5.03918
-5.03845
-5.03784
-5.0372
-5.03652
-5.03566
-5.03476
-5.03427
-5.0336
-5.03274
-5.032
-5.03108
-5.02997
-5.02914
-5.02844
-5.02801
-5.02697
-5.02576
-5.02468
-5.02376
-5.02253
-5.02145
-5.02084
-5.01979
-5.01891
-5.01806
-5.01693
-5.01569
-5.01524
-5.01453
-5.01403
-5.01327
-5.01227
-5.01162
-5.01118
-5.01065
-5.01018
-5.01007
-5.00971
-5.00956
-5.00916
-5.00897
-5.00897
-5.0087
-5.00863
-5.00844
-5.00828
-5.00844
-5.00846
-5.00879
-5.00898
-5.00946
-5.00949
-5.01025
-5.01008
-5.01004
-5.01027
-5.01016
-5.01016
-5.00997
-5.00988
-5.01019
-5.00985
-5.00975
-5.00914
-5.00893
-5.00836
-5.00774
-5.0072
-5.00647
-5.00567
-5.00498
-5.00408
-5.00359
-5.0026
-5.00172
-5.0011
-5.00029
-4.99915
-4.99814
-4.99694
-4.99587
-4.99509
-4.99384
-4.99272
-4.99145
-4.99017
-4.98889
-4.98746
-4.98617
-4.98475
-4.98318
-4.98207
-4.98082
-4.97973
-4.97851
-4.97715
-4.9761
-4.97493
-4.97377
-4.97277
-4.97164
-4.97053
-4.96943
-4.96819
-4.96712
-4.96592
-4.96487
-4.96383
-4.96281
-4.96164
-4.96047
-4.95916
-4.95816
-4.95715
-4.95599
-4.95483
-4.95382
-4.95326
-4.95223
-4.9512
-4.95076
-4.94971
-4.94834
-4.94741
-4.94617
-4.94521
-4.94379
-4.94281
-4.94196
-4.9408
-4.93963
-4.93829
-4.93709
-4.93573
-4.93451
-4.93328
-4.93159
-4.93051
-4.92927
-4.92804
-4.92666
-4.92513
-4.92407
-4.92303
-4.9217
-4.92055
-4.91927
-4.91817
-4.91696
-4.91564
-4.91451
-4.91358
-4.91271
-4.9119
-4.9113
-4.91047
-4.91002
-4.9098
-4.90936
-4.90885
-4.90874
-4.90903
-4.90897
-4.90901
-4.90916
-4.90926
-4.90964
-4.91027
-4.91133
-4.91206
-4.91306
-4.91418
-4.91542
-4.91633
-4.91752
-4.91899
-4.92012
-4.92152
-4.92365
-4.92544
-4.92765
-4.92981
-4.93209
-4.93461
-4.93694
-4.93921
-4.94187
-4.94447
-4.94715
-4.95035
-4.95347
-4.95651
-4.95945
-4.96259
-4.96563
-4.969
-4.97226
-4.97539
-4.97899
-4.9823
-4.98547
-4.98863
-4.99208
-4.99537
-4.99863
-5.00187
-5.00522
-5.00882
-5.01178
-5.01468
-5.01782
-5.0209
-5.0236
-5.02608
-5.02877
-5.03168
-5.0342
-5.03662
-5.03894
-5.04131
-5.04358
-5.04543
-5.04747
-5.04925
-5.05091
-5.05245
-5.05372
-5.05532
-5.0565
-5.05756
-5.0588
-5.05946
-5.06016
-5.06059
-5.06104
-5.06154
-5.06162
-5.06189
-5.0622
-5.06211
-5.06191
-5.06146
-5.06107
-5.06058
-5.05986
-5.0595
-5.05877
-5.05811
-5.05738
-5.05659
-5.05558
-5.05467
-5.05355
-5.05254
-5.05134
-5.05025
-5.04897
-5.04752
-5.04635
-5.045
-5.04365
-5.04228
-5.0409
-5.03953
-5.03846
-5.03725
-5.03589
-5.03471
-5.03323
-5.03193
-5.03066
-5.02986
-5.0291
-5.02807
-5.02661
-5.02535
-5.02443
-5.02354
-5.02271
-5.02161
-5.0204
-5.01955
-5.01859
-5.01768
-5.01681
-5.01599
-5.01567
-5.01465
-5.01412
-5.01349
-5.01305
-5.01281
-5.0126
-5.01214
-5.01187
-5.01178
-5.01158
-5.01141
-5.01096
-5.01085
-5.01062
-5.01026
-5.01007
-5.00975
-5.0099
-5.00991
-5.01009
-5.00998
-5.00988
-5.01008
-5.01014
-5.0099
-5.00966
-5.00943
-5.00934
-5.00955
-5.0096
-5.00965
-5.00939
-5.00958
-5.0096
-5.00977
-5.00977
-5.00946
-5.0093
-5.00927
-5.00907
-5.00917
-5.00895
-5.00872
-5.00863
-5.00807
-5.00781
-5.00783
-5.00739
-5.00754
-5.00737
-5.00719
-5.00731
-5.0071
-5.00674
-5.00666
-5.00657
-5.00587
-5.00561
-5.00518
-5.00474
-5.00444
-5.00428
-5.0041
-5.00361
-5.0034
-5.00319
-5.0028
-5.00255
-5.00229
-5.00171
-5.00156
-5.00095
-5.00046
-4.99981
-4.99914
-4.9983
-4.99759
-4.99731
-4.99671
-4.99608
-4.99544
-4.99477
-4.99423
-4.99366
-4.99292
-4.99216
-4.99122
-4.99056
-4.98988
-4.98932
-4.98828
-4.98768
-4.98644
-4.98548
-4.9845
-4.98335
-4.98218
-4.98128
-4.98021
-4.97913
-4.97787
-4.9772
-4.97636
-4.97506
-4.97404
-4.9727
-4.97121
-4.97016
-4.9691
-4.96788
-4.96636
-4.96483
-4.9636
-4.96268
-4.96146
-4.96069
-4.95979
-4.95798
-4.95664
-4.95562
-4.95491
-4.95391
-4.95309
-4.95214
-4.95106
-4.95031
-4.94944
-4.94845
-4.94794
-4.94702
-4.94582
-4.94482
-4.94401
-4.94309
-4.94237
-4.94169
-4.94075
-4.94017
-4.93963
-4.9393
-4.93917
-4.93879
-4.93862
-4.93819
-4.93798
-4.93767
-4.93726
-4.93752
-4.93768
-4.93775
-4.93787
-4.93835
-4.93859
-4.93888
-4.93953
-4.93992
-4.94052
-4.94102
-4.94142
-4.94187
-4.94252
-4.94306
-4.94365
-4.94443
-4.9454
-4.94626
-4.94716
-4.94839
-4.94936
-4.94975
-4.95062
-4.95181
-4.95258
-4.95381
-4.95522
-4.95603
-4.95701
-4.95769
-4.95883
-4.95967
-4.96051
-4.96164
-4.96277
-4.96404
-4.96499
-4.96592
-4.96743
-4.96817
-4.96933
-4.97016
-4.97111
-4.97172
-4.9726
-4.97343
-4.97437
-4.97481
-4.9755
-4.97569
-4.97612
-4.97665
-4.97743
-4.97799
-4.97849
-4.97877
-4.97884
-4.97884
-4.97907
-4.97893
-4.97888
-4.9789
-4.9784
-4.97827
-4.97808
-4.97766
-4.97747
-4.97661
-4.97598
-4.97527
-4.9745
-4.97351
-4.97275
-4.97162
-4.97058
-4.96947
-4.9677
-4.96693
-4.96565
-4.96416
-4.96293
-4.96149
-4.96001
-4.95879
-4.95753
-4.95562
-4.95399
-4.95233
-4.95064
-4.94878
-4.94691
-4.94532
-4.94372
-4.94242
-4.94096
-4.93921
-4.93747
-4.93558
-4.93371
-4.93172
-4.9299
-4.92856
-4.92696
-4.92539
-4.92402
-4.9224
-4.92128
-4.91992
-4.91847
-4.91709
-4.91578
-4.91484
-4.91399
-4.91321
-4.91268
-4.91179
-4.91098
-4.91013
-4.90968
-4.90918
-4.90909
-4.90912
-4.9091
-4.9092
-4.90957
-4.91036
-4.91052
-4.91126
-4.91197
-4.91296
-4.91423
-4.91533
-4.91656
-4.91777
-4.91956
-4.92117
-4.92292
-4.9248
-4.9265
-4.92863
-4.93074
-4.93312
-4.93577
-4.93839
-4.94112
-4.94397
-4.94678
-4.94984
-4.95301
-4.95642
-4.95993
-4.96383
-4.9672
-4.97096
-4.97434
-4.97823
-4.98203
-4.98574
-4.98949
-4.99343
-4.99771
-5.00187
-5.00559
-5.00978
-5.01397
-5.01771
-5.02159
-5.02576
-5.02961
-5.03358
-5.03721
-5.04125
-5.04495
-5.0486
-5.05264
-5.05632
-5.06008
-5.06346
-5.06693
-5.07046
-5.07391
-5.07697
-5.07994
-5.08222
-5.08546
-5.08845
-5.09105
-5.0937
-5.09624
-5.09899
-5.10104
-5.10329
-5.10543
-5.10748
-5.10973
-5.11158
-5.11378
-5.11544
-5.1173
-5.11861
-5.11983
-5.12172
-5.12261
-5.12372
-5.12489
-5.12567
-5.12683
-5.12716
-5.12801
-5.12878
-5.12934
-5.12967
-5.13008
-5.13042
-5.1307
-5.13107
-5.13123
-5.13117
-5.13152
-5.13135
-5.13143
-5.13131
-5.13069
-5.13047
-5.13021
-5.13036
-5.13
-5.12991
-5.12963
-5.12916
-5.12865
-5.12811
-5.12768
-5.12676
-5.12582
-5.12499
-5.12443
-5.12369
-5.12276
-5.12196
-5.12098
-5.12012
-5.11953
-5.11861
-5.11752
-5.11609
-5.11479
-5.1136
-5.11224
-5.11146
-5.11019
-5.1089
-5.10803
-5.10683
-5.10559
-5.10463
-5.10334
-5.10201
-5.10065
-5.09926
-5.09752
-5.09591
-5.09425
-5.09271
-5.09113
-5.08936
-5.0877
-5.08646
-5.08487
-5.08293
-5.08125
-5.07923
-5.07731
-5.07504
-5.07288
-5.07083
-5.06903
-5.06718
-5.06483
-5.06289
-5.0606
-5.05811
-5.05557
-5.05298
-5.0505
-5.04767
-5.0451
-5.04263
-5.03982
-5.03696
-5.03436
-5.03128
-5.02845
-5.02559
-5.02239
-5.01931
-5.01605
-5.01306
-5.01004
-5.00715
-5.00379
-5.00071
-4.99777
-4.99451
-4.99155
-4.98828
-4.98516
-4.98204
-4.97908
-4.97583
-4.97305
-4.96953
-4.96649
-4.96302
-4.96004
-4.9574
-4.9548
-4.95179
-4.94929
-4.94638
-4.94354
-4.94122
-4.93881
-4.93663
-4.93407
-4.93145
-4.92921
-4.92721
-4.92485
-4.92319
-4.92134
-4.91958
-4.91778
-4.91594
-4.91452
-4.91305
-4.91185
-4.91092
-4.90995
-4.9091
-4.90837
-4.90776
-4.90711
-4.90659
-4.90648
-4.90648
-4.90615
-4.90638
-4.90673
-4.90717
-4.90727
-4.90777
-4.90821
-4.9089
-4.90968
-4.91039
-4.91133
-4.91234
-4.91373
-4.91503
-4.91609
-4.91796
-4.91943
-4.9208
-4.92235
-4.92364
-4.92525
-4.92644
-4.92795
-4.92947
-4.931
-4.93269
-4.93391
-4.93513
-4.93634
-4.93783
-4.939
-4.94059
-4.94169
-4.94291
-4.94424
-4.94537
-4.94676
-4.94809
-4.94921
-4.95072
-4.95172
-4.95279
-4.95349
-4.95427
-4.95496
-4.95557
-4.95595
-4.95624
-4.95659
-4.95654
-4.9567
-4.95646
-4.95642
-4.95629
-4.9562
-4.95616
-4.95556
-4.95501
-4.95465
-4.95389
-4.95332
-4.95219
-4.95125
-4.95006
-4.94846
-4.94706
-4.94525
-4.94333
-4.94161
-4.93995
-4.93803
-4.93586
-4.93375
-4.9314
-4.92926
-4.92688
-4.92457
-4.92217
-4.9197
-4.917
-4.91454
-4.91155
-4.90866
-4.90585
-4.903
-4.90009
-4.89699
-4.8937
-4.89037
-4.88716
-4.88423
-4.88098
-4.87787
-4.8746
-4.87087
-4.86774
-4.86448
-4.86107
-4.85799
-4.85477
-4.85129
-4.84829
-4.84502
-4.84211
-4.83939
-4.83657
-4.83382
-4.83067
-4.82804
-4.82534
-4.82255
-4.82015
-4.81753
-4.81514
-4.81284
-4.81063
-4.80852
-4.80635
-4.80413
-4.80231
-4.80059
-4.79913
-4.79762
-4.79607
-4.79492
-4.79359
-4.79236
-4.79093
-4.78992
-4.78948
-4.78884
-4.78831
-4.78834
-4.78818
-4.78783
-4.78788
-4.78805
-4.78817
-4.7884
-4.78873
-4.78917
-4.78956
-4.7902
-4.7911
-4.7918
-4.79275
-4.79395
-4.7951
-4.7965
-4.79799
-4.79929
-4.80082
-4.80245
-4.80433
-4.80599
-4.8076
-4.80989
-4.81183
-4.81385
-4.81595
-4.81798
-4.8204
-4.82305
-4.82548
-4.82798
-4.83086
-4.83381
-4.83667
-4.83991
-4.84291
-4.84582
-4.84879
-4.85182
-4.8552
-4.85833
-4.86135
-4.86488
-4.86799
-4.87129
-4.87493
-4.8786
-4.88214
-4.88571
-4.8893
-4.89336
-4.89714
-4.90092
-4.90427
-4.90776
-4.91141
-4.91505
-4.9193
-4.92278
-4.92625
-4.92971
-4.93329
-4.93716
-4.9407
-4.94437
-4.94785
-4.95115
-4.95442
-4.95781
-4.9613
-4.9637
-4.96681
-4.97003
-4.9735
-4.97663
-4.9797
-4.98258
-4.9857
-4.98861
-4.99118
-4.99413
-4.99704
-5.00004
-5.00267
-5.00526
-5.00763
-5.01024
-5.01295
-5.01515
-5.01743
-5.01966
-5.02213
-5.02409
-5.02659
-5.02858
-5.03051
-5.03254
-5.0345
-5.03611
-5.03766
-5.03915
-5.04089
-5.04242
-5.04359
-5.04486
-5.04638
-5.04754
-5.04865
-5.05001
-5.05117
-5.05227
-5.05288
-5.05418
-5.05514
-5.0559
-5.05646
-5.05728
-5.05836
-5.05878
-5.05993
-5.06088
-5.06118
-5.06206
-5.06244
-5.06293
-5.06325
-5.06428
-5.06483
-5.0652
-5.06553
-5.06569
-5.06628
-5.06654
-5.06708
-5.06744
-5.06779
-5.06797
-5.06813
-5.06827
-5.0684
-5.06897
-5.06893
-5.06933
-5.06927
-5.06936
-5.06929
-5.06952
-5.06974
-5.06997
-5.07019
-5.07027
-5.07019
-5.07058
-5.07081
-5.07091
-5.07116
-5.07126
-5.07107
-5.07165
-5.07193
-5.07177
-5.07208
-5.0727
-5.07272
-5.07291
-5.07295
-5.07362
-5.07414
-5.07422
-5.07431
-5.07472
-5.07513
-5.07526
-5.07584
-5.07629
-5.07659
-5.0769
-5.07767
-5.078
-5.07788
-5.07867
-5.07932
-5.08012
-5.08017
-5.08053
-5.08103
-5.08139
-5.08189
-5.08225
-5.08275
-5.08294
-5.08328
-5.08361
-5.08423
-5.08439
-5.08485
-5.08514
-5.08526
-5.08537
-5.08546
-5.08539
-5.08545
-5.08533
-5.0858
-5.08594
-5.0859
-5.08569
-5.08544
-5.08532
-5.08516
-5.08512
-5.0849
-5.08524
-5.08509
-5.08475
-5.08452
-5.08409
-5.08361
-5.08324
-5.08251
-5.08204
-5.08166
-5.08123
-5.08029
-5.07974
-5.07868
-5.07787
-5.07699
-5.07605
-5.0749
-5.07354
-5.07242
-5.07123
-5.06998
-5.06866
-5.06683
-5.06539
-5.06404
-5.06248
-5.06087
-5.05905
-5.05717
-5.0554
-5.05343
-5.05156
-5.04951
-5.04742
-5.0456
-5.04421
-5.04235
-5.04062
-5.03858
-5.03638
-5.03434
-5.03215
-5.03013
-5.02798
-5.02586
-5.02377
-5.02187
-5.02017
-5.01823
-5.01649
-5.01498
-5.01324
-5.01143
-5.00987
-5.00854
-5.00762
-5.00619
-5.00503
-5.00383
-5.0032
-5.00239
-5.00155
-5.00084
-5.00087
-5.00072
-5.00085
-5.00096
-5.00136
-5.00159
-5.00211
-5.00245
-5.00292
-5.00397
-5.0053
-5.0069
-5.00802
-5.0091
-5.01044
-5.01235
-5.01405
-5.01586
-5.01806
-5.02034
-5.02241
-5.02455
-5.02645
-5.02903
-5.03121
-5.03374
-5.03602
-5.03833
-5.04082
-5.04319
-5.04603
-5.04858
-5.05129
-5.05385
-5.0564
-5.05894
-5.06147
-5.06412
-5.06674
-5.06919
-5.07159
-5.07381
-5.07613
-5.07825
-5.08033
-5.08265
-5.08491
-5.08711
-5.08895
-5.09088
-5.09275
-5.0944
-5.09613
-5.09795
-5.1
-5.10184
-5.10316
-5.10472
-5.10606
-5.10749
-5.10855
-5.1097
-5.1108
-5.11183
-5.11251
-5.11344
-5.11432
-5.11499
-5.11577
-5.11606
-5.1166
-5.11725
-5.11817
-5.11935
-5.11975
-5.12011
-5.12029
-5.12075
-5.12103
-5.12114
-5.12153
-5.1225
-5.12285
-5.12334
-5.12365
-5.12411
-5.12394
-5.12437
-5.12433
-5.12488
-5.12512
-5.12474
-5.1248
-5.12485
-5.12504
-5.12536
-5.12522
-5.12568
-5.12581
-5.12578
-5.12573
-5.12597
-5.12588
-5.12578
-5.12566
-5.12537
-5.12505
-5.12547
-5.12495
-5.12486
-5.1246
-5.12475
-5.12488
-5.12452
-5.12414
-5.12371
-5.12356
-5.12306
-5.12268
-5.12226
-5.12241
-5.12207
-5.12169
-5.12156
-5.1211
-5.12089
-5.12034
-5.1196
-5.11866
-5.11752
-5.1168
-5.11588
-5.11476
-5.1136
-5.1124
-5.11085
-5.10971
-5.10822
-5.1073
-5.10633
-5.10518
-5.10382
-5.10258
-5.1013
-5.09983
-5.09846
-5.09661
-5.09517
-5.09399
-5.09233
-5.09048
-5.08829
-5.08636
-5.08441
-5.08242
-5.0807
-5.07925
-5.07732
-5.07521
-5.07337
-5.07135
-5.06901
-5.06678
-5.06438
-5.06211
-5.05951
-5.05733
-5.05514
-5.05277
-5.05037
-5.04826
-5.04567
-5.04366
-5.04133
-5.03868
-5.03615
-5.03361
-5.0312
-5.02891
-5.02616
-5.02384
-5.02119
-5.01913
-5.01645
-5.0139
-5.01164
-5.00905
-5.0066
-5.00368
-5.00119
-4.99854
-4.99588
-4.9935
-4.99081
-4.98796
-4.98555
-4.98314
-4.98042
-4.97739
-4.97451
-4.97178
-4.96905
-4.96618
-4.96347
-4.96077
-4.95809
-4.95558
-4.95309
-4.95139
-4.94866
-4.94611
-4.94361
-4.94146
-4.93905
-4.93655
-4.93426
-4.93204
-4.92973
-4.92795
-4.9258
-4.92389
-4.92237
-4.92064
-4.91901
-4.91718
-4.91546
-4.91446
-4.91356
-4.91249
-4.91138
-4.91039
-4.90967
-4.90907
-4.90875
-4.9084
-4.90833
-4.90837
-4.90808
-4.9085
-4.90874
-4.90909
-4.90955
-4.91025
-4.9109
-4.91164
-4.91262
-4.91352
-4.91435
-4.91509
-4.91619
-4.9175
-4.91871
-4.9201
-4.92169
-4.92285
-4.92433
-4.92582
-4.92733
-4.92869
-4.93005
-4.93155
-4.93289
-4.93406
-4.93551
-4.93694
-4.93818
-4.93925
-4.94043
-4.94173
-4.94329
-4.9442
-4.94537
-4.9462
-4.94713
-4.94801
-4.94855
-4.94934
-4.95024
-4.95109
-4.95174
-4.95235
-4.95307
-4.95359
-4.95393
-4.95437
-4.95448
-4.955
-4.95549
-4.95595
-4.95608
-4.95633
-4.95626
-4.95676
-4.9568
-4.95712
-4.95713
-4.95727
-4.95725
-4.95708
-4.95736
-4.95778
-4.95775
-4.95803
-4.95816
-4.9583
-4.95844
-4.9586
-4.95907
-4.9591
-4.9593
-4.95952
-4.9599
-4.9603
-4.96057
-4.96056
-4.96102
-4.96166
-4.96186
-4.96193
-4.96247
-4.96288
-4.9633
-4.96359
-4.96405
-4.96422
-4.96425
-4.96474
-4.96554
-4.9662
-4.96671
-4.96692
-4.96743
-4.96809
-4.96874
-4.96923
-4.96941
-4.97033
-4.97078
-4.97122
-4.97193
-4.97232
-4.97253
-4.97241
-4.97256
-4.97268
-4.97291
-4.97296
-4.97327
-4.97339
-4.97301
-4.97304
-4.97303
-4.97297
-4.97301
-4.97301
-4.9728
-4.9724
-4.97194
-4.97159
-4.97103
-4.97057
-4.97007
-4.96951
-4.96906
-4.96826
-4.96755
-4.96681
-4.96571
-4.96501
-4.96412
-4.96319
-4.96221
-4.96119
-4.96028
-4.95918
-4.95774
-4.95656
-4.95549
-4.95409
-4.95326
-4.95133
-4.94983
-4.9486
-4.94704
-4.94575
-4.94459
-4.9434
-4.94189
-4.94036
-4.93881
-4.93709
-4.93521
-4.93317
-4.93172
-4.92996
-4.9282
-4.9266
-4.92454
-4.92309
-4.9215
-4.91978
-4.91808
-4.91654
-4.91489
-4.91371
-4.91197
-4.91042
-4.90906
-4.90774
-4.90633
-4.90543
-4.90429
-4.90305
-4.90219
-4.90125
-4.90054
-4.8996
-4.8989
-4.89813
-4.8976
-4.89762
-4.89728
-4.89689
-4.89674
-4.89684
-4.8969
-4.89706
-4.89731
-4.89783
-4.89844
-4.89901
-4.89968
-4.9006
-4.90177
-4.90289
-4.9041
-4.9051
-4.90635
-4.90814
-4.90956
-4.91122
-4.91295
-4.91491
-4.91695
-4.91905
-4.92091
-4.92284
-4.92421
-4.92654
-4.92891
-4.93133
-4.93363
-4.93597
-4.93818
-4.94041
-4.94265
-4.94476
-4.94687
-4.94944
-4.9517
-4.95365
-4.95604
-4.95887
-4.96108
-4.96386
-4.966
-4.96826
-4.97003
-4.9722
-4.97448
-4.9764
-4.97842
-4.98037
-4.98226
-4.98393
-4.98552
-4.98689
-4.98818
-4.98969
-4.99112
-4.99231
-4.99326
-4.99411
-4.99457
-4.99554
-4.99641
-4.99703
-4.99755
-4.99782
-4.99844
-4.9988
-4.99906
-4.99906
-4.99926
-4.99891
-4.99844
-4.99818
-4.99751
-4.99705
-4.99663
-4.99596
-4.99504
-4.99418
-4.99322
-4.99202
-4.99088
-4.9898
-4.98863
-4.98678
-4.98531
-4.98345
-4.98182
-4.98013
-4.97821
-4.97608
-4.97404
-4.97179
-4.96964
-4.96759
-4.96549
-4.96335
-4.96087
-4.95865
-4.95595
-4.95398
-4.95168
-4.9495
-4.94686
-4.9445
-4.94213
-4.9396
-4.93721
-4.93482
-4.93259
-4.9302
-4.92753
-4.92501
-4.9225
-4.91986
-4.91693
-4.91433
-4.91175
-4.90905
-4.90682
-4.90448
-4.90218
-4.89975
-4.89752
-4.89518
-4.89258
-4.89018
-4.88797
-4.88582
-4.88388
-4.88214
-4.88016
-4.87824
-4.87639
-4.87475
-4.87333
-4.87184
-4.87027
-4.86937
-4.86765
-4.86647
-4.86521
-4.86435
-4.86341
-4.86226
-4.86151
-4.86069
-4.86012
-4.85933
-4.85864
-4.85849
-4.85813
-4.85772
-4.85755
-4.85747
-4.85763
-4.85789
-4.85808
-4.85837
-4.85889
-4.8595
-4.8599
-4.86007
-4.86109
-4.86204
-4.86307
-4.86433
-4.86552
-4.86693
-4.86781
-4.86892
-4.87085
-4.87255
-4.87432
-4.87631
-4.8779
-4.87956
-4.88114
-4.88322
-4.88537
-4.88742
-4.88937
-4.89183
-4.89419
-4.89675
-4.89906
-4.9011
-4.90365
-4.90592
-4.90809
-4.91043
-4.91281
-4.91551
-4.91808
-4.92082
-4.92342
-4.92602
-4.92863
-4.93093
-4.93352
-4.93594
-4.93834
-4.94072
-4.94321
-4.94551
-4.94792
-4.95012
-4.95271
-4.95509
-4.95725
-4.95918
-4.96118
-4.9631
-4.96491
-4.96664
-4.96871
-4.96992
-4.97132
-4.97216
-4.97333
-4.97423
-4.97532
-4.97613
-4.97711
-4.97752
-4.97781
-4.97812
-4.97846
-4.97838
-4.97832
-4.97815
-4.97786
-4.97716
-4.97665
-4.97634
-4.97533
-4.97453
-4.97379
-4.97297
-4.97207
-4.9708
-4.96931
-4.96853
-4.96724
-4.96607
-4.96456
-4.96333
-4.96223
-4.96112
-4.95955
-4.95814
-4.95675
-4.95568
-4.95433
-4.95317
-4.95206
-4.95084
-4.94998
-4.94904
-4.94816
-4.94675
-4.94617
-4.94552
-4.94481
-4.94404
-4.94351
-4.94292
-4.94273
-4.94248
-4.94218
-4.94228
-4.94248
-4.94247
-4.94301
-4.94333
-4.94405
-4.94441
-4.94499
-4.94551
-4.94656
-4.94722
-4.9481
-4.9489
-4.94975
-4.9508
-4.9525
-4.95349
-4.95466
-4.95572
-4.95694
-4.95803
-4.95974
-4.96085
-4.96166
-4.96277
-4.96402
-4.96525
-4.96691
-4.96825
-4.96926
-4.97023
-4.97102
-4.97221
-4.97322
-4.97417
-4.97522
-4.97607
-4.97687
-4.97761
-4.97798
-4.97876
-4.97917
-4.97967
-4.9801
-4.98048
-4.98065
-4.98106
-4.98126
-4.98141
-4.98135
-4.98155
-4.98139
-4.98134
-4.9811
-4.98142
-4.98096
-4.98076
-4.98054
-4.98015
-4.98005
-4.97963
-4.97936
-4.97864
-4.97868
-4.97842
-4.97804
-4.97782
-4.97748
-4.97733
-4.97706
-4.97729
-4.97741
-4.97729
-4.97737
-4.97767
-4.97803
-4.97831
-4.9785
-4.97953
-4.98003
-4.9806
-4.9811
-4.98199
-4.9828
-4.98338
-4.9842
-4.98539
-4.98636
-4.98739
-4.98865
-4.98997
-4.99136
-4.99326
-4.99476
-4.99645
-4.99805
-4.99953
-5.00134
-5.00288
-5.00444
-5.00602
-5.00791
-5.00934
-5.01153
-5.01311
-5.01482
-5.01666
-5.01831
-5.01994
-5.02137
-5.02351
-5.02529
-5.02687
-5.02793
-5.02923
-5.0303
-5.0313
-5.03236
-5.03319
-5.03379
-5.03459
-5.03515
-5.03576
-5.03613
-5.0367
-5.03731
-5.03768
-5.03764
-5.03795
-5.0383
-5.03825
-5.03794
-5.03769
-5.03702
-5.03626
-5.03571
-5.0352
-5.0343
-5.03346
-5.03239
-5.03122
-5.02983
-5.02835
-5.02695
-5.02503
-5.02304
-5.0219
-5.01995
-5.01824
-5.01648
-5.01453
-5.01254
-5.01036
-5.00846
-5.00684
-5.00505
-5.0037
-5.00173
-4.99976
-4.99779
-4.99567
-4.99357
-4.99147
-4.98955
-4.98794
-4.98606
-4.98421
-4.98239
-4.98046
-4.97886
-4.977
-4.97549
-4.97417
-4.9729
-4.97138
-4.9699
-4.96848
-4.96711
-4.96548
-4.96422
-4.9627
-4.96138
-4.96027
-4.95922
-4.95806
-4.95726
-4.95651
-4.95596
-4.95546
-4.95441
-4.9537
-4.95305
-4.95245
-4.95189
-4.95122
-4.95076
-4.95049
-4.95042
-4.95009
-4.94981
-4.94927
-4.94893
-4.94894
-4.949
-4.94895
-4.94894
-4.94884
-4.94878
-4.94908
-4.94912
-4.94922
-4.94952
-4.95002
-4.95012
-4.95058
-4.95125
-4.95167
-4.95245
-4.95359
-4.95419
-4.9547
-4.95541
-4.95619
-4.95718
-4.95823
-4.95934
-4.96066
-4.96174
-4.96289
-4.96454
-4.96611
-4.96758
-4.9691
-4.97084
-4.97248
-4.97387
-4.97546
-4.97726
-4.97911
-4.98085
-4.98294
-4.98554
-4.98742
-4.98934
-4.99114
-4.99344
-4.99562
-4.99783
-4.99992
-5.00189
-5.00403
-5.00664
-5.00898
-5.01133
-5.0137
-5.01578
-5.01817
-5.02057
-5.02313
-5.02523
-5.02765
-5.02976
-5.03202
-5.03442
-5.03682
-5.03891
-5.04159
-5.04351
-5.04602
-5.04806
-5.05038
-5.05268
-5.05496
-5.05737
-5.05946
-5.06167
-5.0637
-5.06555
-5.06797
-5.06976
-5.07136
-5.07339
-5.07507
-5.07702
-5.07863
-5.08034
-5.08202
-5.08395
-5.08584
-5.08754
-5.08934
-5.09094
-5.09249
-5.09429
-5.09574
-5.09683
-5.09788
-5.09902
-5.10056
-5.10189
-5.10317
-5.10425
-5.10541
-5.10668
-5.10773
-5.10888
-5.10952
-5.11025
-5.11063
-5.1114
-5.11212
-5.11263
-5.11323
-5.11333
-5.11338
-5.11368
-5.11408
-5.11428
-5.11458
-5.11438
-5.11474
-5.11491
-5.11489
-5.11437
-5.11427
-5.11413
-5.11381
-5.11361
-5.11337
-5.11326
-5.11313
-5.11297
-5.11264
-5.11198
-5.11177
-5.11138
-5.11098
-5.11042
-5.11015
-5.10987
-5.10943
-5.10914
-5.1087
-5.1084
-5.10795
-5.10749
-5.10719
-5.10659
-5.10599
-5.10554
-5.10495
-5.1045
-5.10422
-5.10364
-5.10321
-5.10324
-5.10267
-5.10271
-5.10276
-5.10251
-5.10211
-5.10172
-5.10133
-5.10109
-5.10086
-5.10033
-5.10011
-5.09988
-5.09936
-5.09914
-5.09877
-5.09886
-5.09865
-5.09829
-5.09822
-5.09786
-5.09765
-5.09744
-5.09754
-5.09703
-5.09637
-5.09602
-5.09522
-5.09502
-5.09468
-5.09449
-5.0943
-5.09411
-5.09378
-5.09346
-5.09314
-5.09267
-5.09251
-5.09206
-5.09161
-5.09088
-5.0909
-5.09079
-5.09068
-5.09029
-5.08975
-5.08953
-5.08932
-5.08912
-5.08849
-5.08817
-5.08786
-5.08772
-5.0879
-5.08779
-5.088
-5.08793
-5.08802
-5.08813
-5.08795
-5.08764
-5.08765
-5.08782
-5.08786
-5.08776
-5.08783
-5.08791
-5.08756
-5.08736
-5.08794
-5.08792
-5.08822
-5.08822
-5.08838
-5.08869
-5.08886
-5.08919
-5.08937
-5.08924
-5.08957
-5.08959
-5.08991
-5.09037
-5.09068
-5.09082
-5.09095
-5.09121
-5.09116
-5.09124
-5.0913
-5.09163
-5.09149
-5.09163
-5.09158
-5.09165
-5.09169
-5.09155
-5.09152
-5.09115
-5.09043
-5.08968
-5.08904
-5.08865
-5.08822
-5.08774
-5.08736
-5.08663
-5.08601
-5.08533
-5.08445
-5.08382
-5.08344
-5.08256
-5.08162
-5.08078
-5.0799
-5.07881
-5.07782
-5.07648
-5.07464
-5.07352
-5.07219
-5.07082
-5.06926
-5.06781
-5.06633
-5.06495
-5.06355
-5.06151
-5.06034
-5.0587
-5.05689
-5.05505
-5.0535
-5.05148
-5.04975
-5.04802
-5.04628
-5.04453
-5.04279
-5.04106
-5.03918
-5.03702
-5.03532
-5.0338
-5.03214
-5.03067
-5.02907
-5.0272
-5.02552
-5.02388
-5.02213
-5.02073
-5.01892
-5.01731
-5.01606
-5.01487
-5.01373
-5.0125
-5.01194
-5.01129
-5.01056
-5.0099
-5.009
-5.00893
-5.00848
-5.0081
-5.00764
-5.0074
-5.00694
-5.00685
-5.00668
-5.00658
-5.00671
-5.00676
-5.00703
-5.00677
-5.00688
-5.00706
-5.00746
-5.00792
-5.00845
-5.00919
-5.00955
-5.01041
-5.01104
-5.01187
-5.01321
-5.014
-5.015
-5.01619
-5.01683
-5.01782
-5.01946
-5.02084
-5.02226
-5.02357
-5.02477
-5.02646
-5.02773
-5.02904
-5.03052
-5.03189
-5.03359
-5.03486
-5.03632
-5.03779
-5.04005
-5.04158
-5.04328
-5.04516
-5.0469
-5.04837
-5.0506
-5.05241
-5.05392
-5.05591
-5.05776
-5.05993
-5.06181
-5.0637
-5.0653
-5.06721
-5.06883
-5.07107
-5.07316
-5.0751
-5.07689
-5.07884
-5.08125
-5.08289
-5.08453
-5.08693
-5.08871
-5.09048
-5.09209
-5.09399
-5.09603
-5.09789
-5.09973
-5.1017
-5.10335
-5.10526
-5.10729
-5.10884
-5.1105
-5.11197
-5.11339
-5.11477
-5.11594
-5.11722
-5.11859
-5.12006
-5.12146
-5.12265
-5.12363
-5.12483
-5.12582
-5.12643
-5.12711
-5.12772
-5.12855
-5.12961
-5.13027
-5.1307
-5.13105
-5.13145
-5.13192
-5.13199
-5.13196
-5.1317
-5.13179
-5.13178
-5.13092
-5.13027
-5.12967
-5.12896
-5.12846
-5.12741
-5.12595
-5.12485
-5.12349
-5.12218
-5.12078
-5.11927
-5.11766
-5.11595
-5.11383
-5.11223
-5.11052
-5.10872
-5.10682
-5.10468
-5.10229
-5.09965
-5.09693
-5.09412
-5.09122
-5.08809
-5.08533
-5.08218
-5.07911
-5.07566
-5.07259
-5.069
-5.0652
-5.06163
-5.05845
-5.05522
-5.05164
-5.04785
-5.04447
-5.0409
-5.0373
-5.03365
-5.02983
-5.02583
-5.02195
-5.01776
-5.0137
-5.00933
-5.00557
-5.0018
-4.99773
-4.99397
-4.99007
-4.98619
-4.98263
-4.97909
-4.97543
-4.9715
-4.9679
-4.96435
-4.96068
-4.95722
-4.95395
-4.95043
-4.94713
-4.94358
-4.94024
-4.93697
-4.93347
-4.93003
-4.92637
-4.92355
-4.9208
-4.91783
-4.9151
-4.9123
-4.90975
-4.90728
-4.90475
-4.90247
-4.90028
-4.89789
-4.8962
-4.89415
-4.89236
-4.89067
-4.88907
-4.88743
-4.8862
-4.88506
-4.88373
-4.88265
-4.88167
-4.88095
-4.88033
-4.87981
-4.87925
-4.87893
-4.87887
-4.87875
-4.87828
-4.8782
-4.87822
-4.87849
-4.87884
-4.87944
-4.87998
-4.88045
-4.88131
-4.8821
-4.88267
-4.88316
-4.88403
-4.88497
-4.88599
-4.88722
-4.88852
-4.88988
-4.89146
-4.8928
-4.89449
-4.89593
-4.89743
-4.89912
-4.90072
-4.9022
-4.90388
-4.90575
-4.90781
-4.90991
-4.91158
-4.91359
-4.91564
-4.9177
-4.91965
-4.92161
-4.92375
-4.92545
-4.92733
-4.92967
-4.93157
-4.93379
-4.93571
-4.93795
-4.94004
-4.94198
-4.94422
-4.94646
-4.9484
-4.95048
-4.95255
-4.95401
-4.95605
-4.95839
-4.96025
-4.96224
-4.96421
-4.96631
-4.96837
-4.9704
-4.9721
-4.97391
-4.97569
-4.97742
-4.97925
-4.9809
-4.98249
-4.98358
-4.98478
-4.98622
-4.98776
-4.98909
-4.99067
-4.99189
-4.99335
-4.9946
-4.99579
-4.99662
-4.99755
-4.99856
-4.99936
-5.0004
-5.00109
-5.00172
-5.00244
-5.00265
-5.00342
-5.00338
-5.00374
-5.00405
-5.00416
-5.00453
-5.00456
-5.00485
-5.00495
-5.00501
-5.00503
-5.00488
-5.00454
-5.00447
-5.00423
-5.00426
-5.00442
-5.00365
-5.00347
-5.00312
-5.0029
-5.00281
-5.00255
-5.00243
-5.00245
-5.0023
-5.00199
-5.00196
-5.00132
-5.00097
-5.00045
-4.99992
-4.99923
-4.99898
-4.99856
-4.99768
-4.99694
-4.99618
-4.99587
-4.99509
-4.99429
-4.99363
-4.99296
-4.99243
-4.99189
-4.99118
-4.99076
-4.99003
-4.98945
-4.98885
-4.98839
-4.98778
-4.98761
-4.98714
-4.98666
-4.98588
-4.9854
-4.98492
-4.98476
-4.98384
-4.98308
-4.98248
-4.9819
-4.98088
-4.98033
-4.97995
-4.97944
-4.97912
-4.97852
-4.97841
-4.97773
-4.97754
-4.97695
-4.9764
-4.97636
-4.97637
-4.9763
-4.97628
-4.97633
-4.97644
-4.97678
-4.9772
-4.97755
-4.97782
-4.97833
-4.97892
-4.97946
-4.98023
-4.98109
-4.9822
-4.9831
-4.98394
-4.98533
-4.98681
-4.98809
-4.98991
-4.99167
-4.99352
-4.99516
-4.99688
-4.99928
-5.00116
-5.00311
-5.00559
-5.00739
-5.00969
-5.01175
-5.01417
-5.01663
-5.01899
-5.02183
-5.02456
-5.02685
-5.02917
-5.03165
-5.03443
-5.03707
-5.03954
-5.04246
-5.04506
-5.04764
-5.05049
-5.05284
-5.05531
-5.05803
-5.0604
-5.0624
-5.06465
-5.06682
-5.06908
-5.07141
-5.07335
-5.07535
-5.07697
-5.07849
-5.08037
-5.082
-5.08292
-5.08419
-5.08551
-5.08671
-5.08751
-5.08819
-5.08877
-5.08923
-5.08988
-5.09058
-5.09101
-5.09149
-5.09156
-5.09153
-5.09124
-5.09086
-5.09068
-5.09042
-5.08991
-5.08963
-5.08912
-5.08854
-5.08774
-5.08704
-5.08613
-5.08532
-5.08417
-5.08344
-5.08254
-5.08145
-5.08035
-5.07909
-5.07782
-5.07671
-5.07544
-5.07434
-5.07294
-5.07172
-5.07051
-5.06978
-5.06891
-5.06762
-5.06681
-5.06587
-5.06511
-5.06422
-5.06304
-5.06219
-5.06166
-5.06084
-5.06002
-5.05952
-5.05857
-5.05776
-5.05681
-5.05629
-5.05516
-5.05447
-5.05345
-5.05272
-5.0521
-5.05131
-5.05033
-5.04916
-5.0484
-5.04716
-5.04586
-5.04483
-5.0436
-5.04248
-5.04116
-5.03979
-5.03823
-5.03678
-5.03513
-5.03344
-5.03201
-5.03085
-5.02935
-5.02736
-5.02534
-5.0233
-5.02138
-5.01944
-5.01763
-5.01566
-5.01397
-5.01198
-5.01028
-5.00873
-5.00703
-5.00533
-5.00379
-5.00151
-4.99955
-4.9973
-4.99537
-4.99332
-4.99114
-4.98945
-4.98778
-4.9863
-4.98471
-4.98345
-4.98148
-4.98
-4.97857
-4.97687
-4.97553
-4.97408
-4.97268
-4.97148
-4.97048
-4.96953
-4.96818
-4.96718
-4.96608
-4.96519
-4.96465
-4.96386
-4.96251
-4.96183
-4.96134
-4.96046
-4.95992
-4.95929
-4.95916
-4.95877
-4.95859
-4.95845
-4.95791
-4.95786
-4.95801
-4.95791
-4.958
-4.95753
-4.95771
-4.95809
-4.9582
-4.95835
-4.95854
-4.95892
-4.95934
-4.95934
-4.95999
-4.96051
-4.96093
-4.96137
-4.962
-4.96251
-4.96321
-4.96393
-4.96469
-4.96502
-4.96568
-4.96636
-4.96708
-4.96781
-4.96872
-4.9698
-4.97045
-4.97127
-4.97196
-4.97296
-4.97383
-4.97472
-4.97561
-4.97652
-4.97759
-4.97836
-4.97914
-4.98023
-4.98101
-4.98195
-4.98289
-4.98382
-4.98474
-4.98566
-4.98642
-4.98732
-4.98805
-4.98877
-4.98947
-4.99016
-4.99082
-4.99146
-4.99222
-4.99296
-4.99382
-4.9945
-4.99499
-4.99575
-4.99617
-4.99655
-4.99703
-4.99748
-4.99788
-4.99808
-4.99823
-4.99863
-4.99898
-4.99943
-4.99936
-4.99939
-4.99967
-4.99973
-4.99943
-4.99892
-4.99864
-4.99815
-4.99775
-4.99729
-4.99645
-4.99601
-4.99535
-4.99448
-4.99369
-4.99269
-4.99148
-4.99021
-4.98858
-4.98735
-4.98652
-4.98549
-4.9841
-4.98283
-4.9815
-4.98029
-4.97875
-4.97762
-4.97587
-4.97454
-4.97305
-4.97125
-4.96973
-4.96837
-4.96671
-4.96521
-4.96372
-4.96241
-4.96113
-4.95957
-4.95806
-4.95674
-4.95532
-4.95426
-4.95372
-4.95264
-4.95149
-4.95056
-4.94988
-4.94883
-4.94802
-4.94731
-4.94671
-4.94666
-4.94688
-4.9466
-4.94643
-4.94608
-4.9463
-4.94693
-4.94753
-4.94871
-4.94909
-4.9502
-4.95127
-4.95245
-4.95359
-4.95484
-4.95619
-4.95795
-4.95936
-4.96101
-4.96291
-4.96504
-4.96711
-4.96896
-4.97103
-4.97317
-4.97523
-4.97765
-4.97982
-4.98205
-4.98447
-4.98694
-4.98915
-4.99154
-4.99411
-4.99686
-4.99933
-5.00197
-5.00416
-5.00683
-5.0095
-5.01248
-5.0153
-5.01828
-5.0211
-5.02361
-5.02596
-5.0286
-5.03122
-5.03368
-5.03627
-5.03914
-5.04183
-5.0439
-5.04671
-5.04903
-5.05163
-5.0545
-5.05674
-5.0588
-5.06114
-5.0633
-5.06542
-5.06752
-5.06989
-5.07207
-5.07423
-5.07651
-5.07831
-5.08053
-5.08272
-5.08443
-5.08672
-5.08837
-5.09016
-5.09176
-5.09364
-5.09549
-5.09717
-5.09927
-5.1009
-5.10311
-5.10499
-5.10669
-5.10868
-5.11033
-5.11212
-5.11388
-5.11546
-5.11702
-5.11825
-5.11961
-5.12109
-5.1227
-5.12413
-5.12538
-5.1272
-5.12869
-5.12985
-5.13097
-5.13221
-5.13357
-5.13459
-5.13526
-5.13635
-5.13679
-5.1378
-5.13891
-5.13997
-5.14114
-5.14195
-5.14271
-5.14357
-5.14423
-5.14513
-5.14582
-5.146
-5.14642
-5.14662
-5.14676
-5.14714
-5.14745
-5.14785
-5.14787
-5.14783
-5.14802
-5.14753
-5.14728
-5.14696
-5.14656
-5.14594
-5.14495
-5.14404
-5.14336
-5.14277
-5.14195
-5.14122
-5.13997
-5.13881
-5.13788
-5.13674
-5.13584
-5.13458
-5.13311
-5.13159
-5.13002
-5.12884
-5.12762
-5.12621
-5.1243
-5.12265
-5.12081
-5.11925
-5.11719
-5.11512
-5.11301
-5.11119
-5.1095
-5.1078
-5.10608
-5.10405
-5.10202
-5.10014
-5.0987
-5.09697
-5.09479
-5.09292
-5.09106
-5.08906
-5.08753
-5.08542
-5.08362
-5.08199
-5.08009
-5.07851
-5.0765
-5.07482
-5.07316
-5.07153
-5.06993
-5.06852
-5.06698
-5.06531
-5.06383
-5.06283
-5.06187
-5.06048
-5.05927
-5.05839
-5.05679
-5.05552
-5.05428
-5.05322
-5.05218
-5.05117
-5.05019
-5.04909
-5.04831
-5.04726
-5.04593
-5.04538
-5.04441
-5.04361
-5.04254
-5.04149
-5.04032
-5.03963
-5.03851
-5.03787
-5.03726
-5.03622
-5.03552
-5.03469
-5.03404
-5.03373
-5.03314
-5.03259
-5.03206
-5.03172
-5.03111
-5.03083
-5.03044
-5.03008
-5.02945
-5.02946
-5.02935
-5.02942
-5.02923
-5.02907
-5.02894
-5.02868
-5.02846
-5.02827
-5.02811
-5.02812
-5.02786
-5.02792
-5.02801
-5.02826
-5.02854
-5.02868
-5.02899
-5.02915
-5.02948
-5.02951
-5.03001
-5.0305
-5.03054
-5.03027
-5.03045
-5.03078
-5.03094
-5.03093
-5.03106
-5.03117
-5.03095
-5.03116
-5.03134
-5.03164
-5.03161
-5.03154
-5.03128
-5.03114
-5.0308
-5.03041
-5.03028
-5.0298
-5.02973
-5.02915
-5.02853
-5.02815
-5.02772
-5.02724
-5.02671
-5.02582
-5.02504
-5.0242
-5.0233
-5.02221
-5.02122
-5.02002
-5.01893
-5.0181
-5.01692
-5.01615
-5.01519
-5.01403
-5.01239
-5.01087
-5.00901
-5.00757
-5.00596
-5.00448
-5.00282
-5.00129
-4.9999
-4.99834
-4.99662
-4.9949
-4.99303
-4.9916
-4.98988
-4.98832
-4.98677
-4.98508
-4.98387
-4.98222
-4.9806
-4.9793
-4.97789
-4.97697
-4.97533
-4.97403
-4.97293
-4.97172
-4.97056
-4.9693
-4.96825
-4.96756
-4.96662
-4.96559
-4.96461
-4.96386
-4.96286
-4.96253
-4.96181
-4.96116
-4.96103
-4.96081
-4.9605
-4.95996
-4.95993
-4.96012
-4.96006
-4.96022
-4.96028
-4.9604
-4.96057
-4.96094
-4.96122
-4.96124
-4.96161
-4.96218
-4.96279
-4.96329
-4.96413
-4.96425
-4.965
-4.9658
-4.96632
-4.96732
-4.9682
-4.96895
-4.96972
-4.97082
-4.97148
-4.97277
-4.97408
-4.97495
-4.97584
-4.97659
-4.97781
-4.97829
-4.97938
-4.98019
-4.98085
-4.98183
-4.98252
-4.98306
-4.98423
-4.98495
-4.98613
-4.98718
-4.98823
-4.9893
-4.99053
-4.99117
-4.99258
-4.99355
-4.99498
-4.99628
-4.99729
-4.99861
-4.99995
-5.00115
-5.00192
-5.00315
-5.00409
-5.00505
-5.00648
-5.00777
-5.00954
-5.01071
-5.01205
-5.01371
-5.01508
-5.01661
-5.01801
-5.01943
-5.02115
-5.02259
-5.02404
-5.02565
-5.02712
-5.02861
-5.03025
-5.0316
-5.0331
-5.03462
-5.03629
-5.03796
-5.03933
-5.04085
-5.04253
-5.04375
-5.04511
-5.04662
-5.04798
-5.04962
-5.05111
-5.05258
-5.05405
-5.05549
-5.05693
-5.05819
-5.05944
-5.06066
-5.06187
-5.06305
-5.06421
-5.06564
-5.0669
-5.06798
-5.06903
-5.07005
-5.07089
-5.07214
-5.07322
-5.07426
-5.07557
-5.07624
-5.07717
-5.07807
-5.07878
-5.0796
-5.08038
-5.08127
-5.08198
-5.08279
-5.08327
-5.08385
-5.0844
-5.08476
-5.08492
-5.0852
-5.08559
-5.0861
-5.08671
-5.08699
-5.08738
-5.08774
-5.08775
-5.08788
-5.08798
-5.08789
-5.08792
-5.08807
-5.08789
-5.08828
-5.08804
-5.08807
-5.08793
-5.08745
-5.08726
-5.08704
-5.0871
-5.08698
-5.08625
-5.08595
-5.08578
-5.0856
-5.08509
-5.08458
-5.08405
-5.08381
-5.08341
-5.0833
-5.08303
-5.0826
-5.08231
-5.08172
-5.08097
-5.08052
-5.08022
-5.07992
-5.08007
-5.07976
-5.07946
-5.07901
-5.0787
-5.07825
-5.07781
-5.07752
-5.07708
-5.07665
-5.07592
-5.0752
-5.07494
-5.07484
-5.0743
-5.07392
-5.07339
-5.07303
-5.07283
-5.07249
-5.07247
-5.07186
-5.07156
-5.07112
-5.07116
-5.07105
-5.07096
-5.07059
-5.07023
-5.0705
-5.07047
-5.07032
-5.07033
-5.07006
-5.06996
-5.06972
-5.06965
-5.07005
-5.07002
-5.06985
-5.0697
-5.06972
-5.0699
-5.0698
-5.06956
-5.06964
-5.06972
-5.06997
-5.07023
-5.07034
-5.07046
-5.07059
-5.07026
-5.07069
-5.07066
-5.07062
-5.07074
-5.07114
-5.07123
-5.07115
-5.07106
-5.07094
-5.07066
-5.07064
-5.0706
-5.07053
-5.07057
-5.07073
-5.07069
-5.07045
-5.07032
-5.06999
-5.0699
-5.06915
-5.06879
-5.06852
-5.06863
-5.06807
-5.06714
-5.06644
-5.0655
-5.06404
-5.0628
-5.06179
-5.06053
-5.05935
-5.05793
-5.05642
-5.05513
-5.0536
-5.05184
-5.05029
-5.04882
-5.0468
-5.04456
-5.04223
-5.03998
-5.03765
-5.03525
-5.03293
-5.0301
-5.0275
-5.02454
-5.02168
-5.01922
-5.01627
-5.01358
-5.0107
-5.00794
-5.00486
-5.00221
-4.99924
-4.99627
-4.99315
-4.99018
-4.98768
-4.98489
-4.98213
-4.97924
-4.97609
-4.97297
-4.97036
-4.96749
-4.96482
-4.96206
-4.95907
-4.95659
-4.95403
-4.9517
-4.94914
-4.94712
-4.94472
-4.94286
-4.94049
-4.9382
-4.9363
-4.9348
-4.93323
-4.93145
-4.93007
-4.92878
-4.92757
-4.92676
-4.92574
-4.92496
-4.92381
-4.92305
-4.92223
-4.92134
-4.92084
-4.92027
-4.91993
-4.91982
-4.91918
-4.91938
-4.91935
-4.91939
-4.91965
-4.91998
-4.92052
-4.92083
-4.92105
-4.92148
-4.92181
-4.9222
-4.92264
-4.92344
-4.92413
-4.92502
-4.92594
-4.92676
-4.92761
-4.9288
-4.92971
-4.93051
-4.93148
-4.93216
-4.93317
-4.93389
-4.93523
-4.93658
-4.93763
-4.93869
-4.93975
-4.94065
-4.9411
-4.94169
-4.94272
-4.94389
-4.94475
-4.94543
-4.94639
-4.94718
-4.94794
-4.94853
-4.94953
-4.95035
-4.95099
-4.95158
-4.95244
-4.95341
-4.95433
-4.95476
-4.95483
-4.95546
-4.95589
-4.95627
-4.95628
-4.9564
-4.95645
-4.9566
-4.95684
-4.95686
-4.95682
-4.95671
-4.95623
-4.95614
-4.95538
-4.95515
-4.95455
-4.95357
-4.95283
-4.95171
-4.95097
-4.95031
-4.94943
-4.94862
-4.94743
-4.94647
-4.94529
-4.94389
-4.94256
-4.94117
-4.93941
-4.93773
-4.93614
-4.93479
-4.93293
-4.93132
-4.92935
-4.92748
-4.92557
-4.92332
-4.92164
-4.91962
-4.91759
-4.91568
-4.91362
-4.91155
-4.90964
-4.90744
-4.90526
-4.90356
-4.90144
-4.89921
-4.89704
-4.89523
-4.89349
-4.89198
-4.8904
-4.88892
-4.88784
-4.88672
-4.88572
-4.88515
-4.88396
-4.88336
-4.88259
-4.88213
-4.88182
-4.88166
-4.88152
-4.88153
-4.88186
-4.8822
-4.88286
-4.88368
-4.88421
-4.88551
-4.88697
-4.88828
-4.89006
-4.89198
-4.89391
-4.89613
-4.89819
-4.90023
-4.90286
-4.90562
-4.9088
-4.91181
-4.91492
-4.91769
-4.92086
-4.92413
-4.92765
-4.93125
-4.93463
-4.93839
-4.94177
-4.94566
-4.94961
-4.95376
-4.95751
-4.96114
-4.96496
-4.96911
-4.97283
-4.97672
-4.98076
-4.98496
-4.98901
-4.99305
-4.99692
-5.00092
-5.00489
-5.00913
-5.01303
-5.01689
-5.02085
-5.02445
-5.02799
-5.03147
-5.03518
-5.03851
-5.04222
-5.04554
-5.04893
-5.05208
-5.05529
-5.05825
-5.06096
-5.06372
-5.06638
-5.06893
-5.07107
-5.07326
-5.07548
-5.0779
-5.0796
-5.08178
-5.08325
-5.0849
-5.08674
-5.08802
-5.08947
-5.09082
-5.09204
-5.09286
-5.09355
-5.09428
-5.09475
-5.09526
-5.09566
-5.09595
-5.09613
-5.09635
-5.09632
-5.09618
-5.09594
-5.09591
-5.09517
-5.09464
-5.09387
-5.09316
-5.09221
-5.09132
-5.09036
-5.08916
-5.08819
-5.08715
-5.08588
-5.085
-5.08346
-5.08216
-5.08064
-5.07923
-5.07777
-5.07611
-5.07441
-5.07253
-5.07076
-5.06895
-5.06713
-5.06528
-5.06341
-5.06152
-5.06008
-5.05803
-5.05627
-5.05406
-5.05231
-5.05056
-5.04868
-5.0468
-5.04495
-5.04326
-5.04115
-5.03921
-5.03715
-5.03527
-5.03357
-5.03236
-5.03074
-5.02946
-5.02762
-5.02642
-5.02481
-5.02325
-5.02173
-5.02041
-5.01959
-5.01822
-5.01689
-5.01591
-5.01482
-5.01363
-5.01217
-5.01107
-5.01016
-5.00945
-5.00877
-5.00813
-5.00723
-5.00651
-5.00598
-5.00532
-5.00515
-5.00424
-5.00396
-5.0031
-5.0024
-5.00172
-5.00089
-5.00053
-4.99986
-4.99905
-4.99838
-4.99816
-4.99748
-4.99678
-4.99591
-4.99548
-4.99457
-4.99379
-4.99297
-4.99212
-4.99168
-4.9909
-4.98993
-4.98921
-4.98798
-4.98716
-4.98597
-4.98503
-4.98402
-4.98279
-4.9815
-4.98043
-4.97869
-4.97717
-4.97572
-4.97419
-4.97228
-4.97029
-4.96836
-4.96664
-4.96438
-4.96204
-4.9599
-4.95737
-4.95475
-4.95189
-4.94924
-4.94635
-4.94367
-4.94074
-4.93758
-4.93464
-4.93161
-4.92835
-4.92501
-4.92174
-4.9184
-4.91468
-4.91105
-4.90721
-4.90331
-4.89951
-4.89581
-4.89207
-4.88814
-4.88434
-4.88066
-4.87666
-4.87265
-4.86818
-4.86448
-4.86048
-4.85636
-4.85256
-4.84896
-4.84524
-4.84128
-4.83737
-4.83354
-4.83008
-4.82641
-4.82298
-4.8195
-4.81643
-4.81332
-4.81004
-4.80719
-4.80448
-4.80177
-4.7995
-4.79724
-4.7953
-4.79321
-4.7916
-4.79017
-4.78892
-4.78769
-4.7862
-4.78535
-4.78454
-4.78422
-4.78394
-4.78385
-4.7841
-4.78424
-4.78442
-4.78538
-4.78638
-4.78756
-4.78877
-4.78985
-4.7917
-4.79357
-4.7953
-4.79703
-4.79876
-4.8011
-4.80372
-4.80618
-4.80876
-4.81177
-4.81474
-4.81782
-4.82131
-4.82473
-4.82825
-4.83139
-4.83551
-4.8388
-4.84261
-4.84616
-4.84977
-4.85327
-4.8571
-4.86082
-4.86487
-4.86909
-4.87318
-4.87712
-4.88077
-4.88458
-4.88838
-4.89232
-4.89641
-4.90033
-4.90424
-4.90812
-4.91214
-4.91597
-4.91978
-4.92356
-4.92761
-4.93147
-4.93515
-4.93879
-4.94208
-4.94549
-4.9487
-4.95172
-4.95469
-4.95792
-4.96126
-4.96439
-4.96777
-4.97095
-4.97438
-4.97761
-4.98033
-4.9833
-4.98652
-4.98968
-4.99217
-4.99537
-4.9982
-5.00142
-5.00428
-5.00678
-5.00905
-5.01142
-5.01357
-5.01595
-5.0181
-5.02049
-5.02251
-5.02475
-5.02632
-5.02811
-5.03012
-5.03176
-5.03346
-5.03509
-5.03648
-5.03764
-5.03856
-5.03985
-5.0409
-5.04202
-5.0429
-5.04339
-5.04349
-5.04395
-5.04493
-5.04506
-5.04525
-5.04581
-5.04582
-5.04574
-5.04618
-5.04668
-5.04603
-5.04605
-5.04583
-5.04583
-5.04544
-5.04466
-5.04426
-5.04347
-5.04245
-5.04136
-5.04019
-5.0391
-5.03794
-5.03686
-5.03557
-5.03406
-5.03295
-5.03148
-5.0301
-5.02837
-5.02675
-5.02493
-5.02322
-5.02148
-5.0191
-5.01759
-5.01576
-5.0139
-5.01188
-5.00999
-5.00854
-5.00618
-5.00442
-5.00311
-5.00135
-4.99975
-4.99801
-4.99568
-4.99382
-4.99198
-4.99031
-4.98882
-4.9869
-4.98532
-4.98377
-4.9821
-4.98047
-4.97873
-4.97763
-4.97612
-4.97465
-4.97292
-4.97154
-4.97035
-4.9689
-4.96735
-4.96615
-4.96529
-4.96433
-4.96341
-4.96238
-4.96124
-4.96029
-4.95908
-4.95821
-4.95738
-4.95673
-4.95582
-4.95494
-4.95409
-4.95327
-4.95294
-4.95233
-4.95174
-4.95133
-4.95063
-4.95026
-4.94991
-4.94943
-4.94881
-4.94806
-4.94762
-4.94689
-4.94647
-4.94637
-4.94583
-4.94544
-4.94537
-4.94485
-4.94448
-4.94412
-4.94361
-4.94311
-4.94261
-4.94226
-4.94191
-4.94172
-4.94137
-4.94088
-4.94069
-4.94049
-4.94045
-4.9401
-4.9399
-4.93954
-4.93904
-4.93883
-4.93816
-4.93779
-4.93741
-4.93702
-4.93663
-4.93653
-4.93627
-4.936
-4.93572
-4.93528
-4.93482
-4.93405
-4.93327
-4.93262
-4.93211
-4.93143
-4.93104
-4.93063
-4.93005
-4.9293
-4.92868
-4.92819
-4.92738
-4.92685
-4.92599
-4.92511
-4.9239
-4.92298
-4.92188
-4.9209
-4.91976
-4.91888
-4.91799
-4.91677
-4.91628
-4.91531
-4.91462
-4.91376
-4.91242
-4.91122
-4.90999
-4.90859
-4.90778
-4.9068
-4.90549
-4.90448
-4.9033
-4.90211
-4.90091
-4.89986
-4.89864
-4.89742
-4.8962
-4.89483
-4.89376
-4.89255
-4.89164
-4.89029
-4.88925
-4.88823
-4.88692
-4.88578
-4.88466
-4.88387
-4.88249
-4.88145
-4.88029
-4.87917
-4.87853
-4.87763
-4.87677
-4.87611
-4.87534
-4.87477
-4.8741
-4.87274
-4.87203
-4.87153
-4.8714
-4.87088
-4.87057
-4.87034
-4.86987
-4.86993
-4.87007
-4.87029
-4.87028
-4.87022
-4.87069
-4.87094
-4.87175
-4.87234
-4.87303
-4.87367
-4.8744
-4.87523
-4.87617
-4.87721
-4.8785
-4.8802
-4.88111
-4.88227
-4.88429
-4.88566
-4.8876
-4.8901
-4.89224
-4.89465
-4.89745
-4.89991
-4.90262
-4.90527
-4.90786
-4.9107
-4.91332
-4.91634
-4.91928
-4.92245
-4.92524
-4.92825
-4.93163
-4.93476
-4.9381
-4.94164
-4.94538
-4.94916
-4.95282
-4.95651
-4.96008
-4.96381
-4.96756
-4.97117
-4.97478
-4.97869
-4.9826
-4.98664
-4.99067
-4.99407
-4.99775
-5.0014
-5.00531
-5.00843
-5.01197
-5.0153
-5.01888
-5.02211
-5.02559
-5.0287
-5.0319
-5.03503
-5.03809
-5.04094
-5.04371
-5.04656
-5.04918
-5.05188
-5.05434
-5.05643
-5.05889
-5.06112
-5.06342
-5.06549
-5.06763
-5.06984
-5.07182
-5.07402
-5.07554
-5.07728
-5.0788
-5.08054
-5.08236
-5.08381
-5.08504
-5.08649
-5.08773
-5.08891
-5.09017
-5.09122
-5.09236
-5.093
-5.09403
-5.09486
-5.09594
-5.09682
-5.09766
-5.0983
-5.0989
-5.09946
-5.09982
-5.10031
-5.10061
-5.10103
-5.10187
-5.10222
-5.10255
-5.10285
-5.10328
-5.10398
-5.10406
-5.10426
-5.10444
-5.1043
-5.10414
-5.10425
-5.10435
-5.10427
-5.10432
-5.10435
-5.10436
-5.10435
-5.10447
-5.10472
-5.1045
-5.10425
-5.10414
-5.1043
-5.10429
-5.10441
-5.10435
-5.10397
-5.10357
-5.103
-5.103
-5.10268
-5.10219
-5.10183
-5.1016
-5.10105
-5.10048
-5.09958
-5.09912
-5.09835
-5.0977
-5.09765
-5.09712
-5.09659
-5.09604
-5.09549
-5.09477
-5.0942
-5.09377
-5.09319
-5.09201
-5.09143
-5.09055
-5.08998
-5.08957
-5.08917
-5.08878
-5.08826
-5.0879
-5.08755
-5.08738
-5.08678
-5.08635
-5.0858
-5.08527
-5.08508
-5.08506
-5.08463
-5.08468
-5.08432
-5.08414
-5.08429
-5.08419
-5.08382
-5.08409
-5.08395
-5.08384
-5.08378
-5.08405
-5.08407
-5.08427
-5.08465
-5.08508
-5.08538
-5.08557
-5.0861
-5.08665
-5.08693
-5.08755
-5.08833
-5.08884
-5.08922
-5.09008
-5.09034
-5.09123
-5.09167
-5.09227
-5.09304
-5.0935
-5.09412
-5.09488
-5.09504
-5.09564
-5.09624
-5.09667
-5.09708
-5.09748
-5.09771
-5.09837
-5.09871
-5.09947
-5.10005
-5.10075
-5.10111
-5.10114
-5.10113
-5.10123
-5.10129
-5.10146
-5.10143
-5.1015
-5.10168
-5.10151
-5.10144
-5.10132
-5.10115
-5.10108
-5.10095
-5.10047
-5.09993
-5.09949
-5.0993
-5.09859
-5.09799
-5.09747
-5.09645
-5.09507
-5.09409
-5.0932
-5.09196
-5.09082
-5.08977
-5.08868
-5.08753
-5.08603
-5.08493
-5.08364
-5.0823
-5.08106
-5.07948
-5.07771
-5.07666
-5.07542
-5.07429
-5.07269
-5.07105
-5.06938
-5.06784
-5.06613
-5.06455
-5.0631
-5.06104
-5.05928
-5.05736
-5.05574
-5.05397
-5.0522
-5.05029
-5.0487
-5.04713
-5.04543
-5.0436
-5.0421
-5.04034
-5.03876
-5.03722
-5.03588
-5.03399
-5.03229
-5.03096
-5.02953
-5.02832
-5.02717
-5.02654
-5.02568
-5.02489
-5.02403
-5.02309
-5.02238
-5.0219
-5.02151
-5.02104
-5.02066
-5.02005
-5.01968
-5.01954
-5.01949
-5.01966
-5.01976
-5.01994
-5.02019
-5.02037
-5.02091
-5.02153
-5.02205
-5.02309
-5.02359
-5.02414
-5.02489
-5.02584
-5.02668
-5.0274
-5.02816
-5.02925
-5.03082
-5.03211
-5.03342
-5.03473
-5.03606
-5.03693
-5.03795
-5.03882
-5.03983
-5.04067
-5.04149
-5.04259
-5.04366
-5.0444
-5.04541
-5.04624
-5.04687
-5.04776
-5.04845
-5.04909
-5.04969
-5.05008
-5.05057
-5.05085
-5.05153
-5.05215
-5.05226
-5.05261
-5.05304
-5.05312
-5.05312
-5.05292
-5.0528
-5.05247
-5.05223
-5.05208
-5.05186
-5.05143
-5.05109
-5.05055
-5.05039
-5.04988
-5.04915
-5.04822
-5.04694
-5.04605
-5.04511
-5.04397
-5.04293
-5.042
-5.04056
-5.03938
-5.03815
-5.03703
-5.03587
-5.03451
-5.03312
-5.03183
-5.03051
-5.029
-5.02745
-5.02587
-5.02426
-5.02231
-5.02063
-5.01877
-5.01718
-5.01556
-5.01377
-5.01195
-5.01011
-5.00855
-5.00666
-5.00505
-5.00283
-5.00073
-4.99847
-4.99619
-4.99391
-4.99191
-4.99021
-4.98835
-4.98648
-4.98431
-4.9823
