2.34409
2.35418
2.36456
2.37426
2.38352
2.39304
2.40235
2.41119
2.41955
2.42769
2.43582
2.44347
2.45159
2.45873
2.46537
2.47198
2.47809
2.48418
2.48974
2.49575
2.501
2.50572
2.51039
2.51476
2.51956
2.52357
2.52607
2.52922
2.53254
2.53457
2.53652
2.53862
2.53991
2.5411
2.54267
2.54269
2.5426
2.54193
2.54162
2.54071
2.53945
2.53879
2.53705
2.53495
2.53226
2.52897
2.52557
2.52183
2.51775
2.51309
2.50858
2.50423
2.49885
2.49317
2.48695
2.48045
2.47345
2.46667
2.45965
2.45265
2.44544
2.43803
2.4302
2.42245
2.41408
2.40605
2.39767
2.38919
2.38111
2.37224
2.36307
2.35436
2.34561
2.33711
2.32812
2.31915
2.31069
2.30227
2.29366
2.28487
2.27639
2.26798
2.25941
2.2519
2.24352
2.23572
2.22754
2.21971
2.212
2.20463
2.19738
2.19001
2.18276
2.17514
2.16765
2.16076
2.15472
2.14783
2.14083
2.1342
2.1277
2.12132
2.11556
2.10969
2.1042
2.0986
2.09315
2.08736
2.08268
2.07767
2.07354
2.06837
2.06336
2.05924
2.05434
2.05033
2.04652
2.04313
2.03945
2.03548
2.0322
2.0296
2.02673
2.02479
2.02258
2.02106
2.01951
2.01769
2.01632
2.01517
2.01398
2.01372
2.01342
2.01332
2.01268
2.01223
2.0122
2.01258
2.01336
2.01407
2.01492
2.0159
2.01678
2.01754
2.01937
2.02082
2.02212
2.02422
2.02665
2.0289
2.03096
2.03308
2.03548
2.0372
2.03919
2.04241
2.04445
2.04652
2.0486
2.05094
2.0533
2.05616
2.05807
2.06073
2.06269
2.06493
2.06744
2.06974
2.07186
2.07427
2.07649
2.07951
2.08187
2.08505
2.08735
2.09023
2.09323
2.09682
2.10005
2.10365
2.10764
2.11152
2.11532
2.11927
2.12337
2.12788
2.13254
2.13664
2.14115
2.14604
2.15085
2.15604
2.16161
2.16682
2.17191
2.17663
2.1824
2.18849
2.1944
2.20012
2.20635
2.21235
2.21763
2.2236
2.22929
2.23491
2.24094
2.24711
2.25196
2.25717
2.26199
2.26714
2.27261
2.27742
2.28182
2.28628
2.29055
2.29417
2.29808
2.30159
2.30542
2.30885
2.3119
2.31531
2.31836
2.32157
2.3247
2.32729
2.33009
2.33239
2.33495
2.33705
2.33992
2.34165
2.34492
2.34806
2.35083
2.35423
2.35754
2.36126
2.36492
2.36804
2.37232
2.37632
2.38124
2.38565
2.39075
2.39606
2.40133
2.40705
2.41296
2.41882
2.4251
2.43084
2.43746
2.444
2.45019
2.45675
2.46392
2.47094
2.4783
2.4855
2.49229
2.49986
2.50722
2.51486
2.52252
2.53019
2.53809
2.54574
2.55362
2.5617
2.56902
2.57654
2.58377
2.59118
2.59877
2.60581
2.61303
2.62018
2.62702
2.63402
2.64096
2.64783
2.65486
2.66159
2.6685
2.67511
2.68165
2.68815
2.69483
2.70147
2.70831
2.71463
2.72092
2.72743
2.73391
2.74014
2.74563
2.75183
2.75803
2.76327
2.76947
2.77615
2.78212
2.78857
2.79455
2.80126
2.80725
2.81301
2.81926
2.8255
2.83198
2.83822
2.84468
2.85088
2.85705
2.86392
2.86977
2.87582
2.8818
2.88795
2.89425
2.89973
2.90509
2.91082
2.91615
2.92158
2.92658
2.93164
2.93673
2.94136
2.94551
2.9494
2.95302
2.9561
2.95935
2.96179
2.96364
2.96561
2.96745
2.96841
2.96848
2.96886
2.96879
2.96829
2.96757
2.96614
2.96399
2.96088
2.958
2.95439
2.95028
2.94568
2.9413
2.93618
2.93032
2.9247
2.91835
2.91057
2.90303
2.89456
2.88588
2.87677
2.867
2.85731
2.84748
2.83679
2.826
2.81488
2.80273
2.79054
2.77832
2.76611
2.75344
2.74081
2.72754
2.71437
2.70131
2.68745
2.674
2.66075
2.64749
2.63375
2.6203
2.60691
2.59361
2.58019
2.56641
2.55377
2.5413
2.52856
2.51606
2.50428
2.49301
2.48155
2.46992
2.45909
2.4486
2.43848
2.42848
2.41887
2.41014
2.40133
2.39319
2.38547
2.37818
2.37157
2.36468
2.35872
2.35321
2.34766
2.34328
2.33911
2.33562
2.33233
2.32923
2.32703
2.32477
2.32268
2.32147
2.32064
2.32043
2.32034
2.32061
2.32145
2.32188
2.32311
2.32438
2.32593
2.32773
2.33002
2.33229
2.33501
2.33768
2.34076
2.34375
2.34712
2.35086
2.35421
2.3579
2.36165
2.36546
2.36931
2.37318
2.37657
2.3802
2.38405
2.38763
2.39164
2.39534
2.39898
2.40182
2.40456
2.40768
2.41141
2.41478
2.41754
2.42017
2.42266
2.42549
2.42841
2.4307
2.43307
2.43528
2.43733
2.43923
2.44025
2.44231
2.44349
2.44476
2.44565
2.44614
2.4465
2.4472
2.44753
2.4475
2.44759
2.44757
2.44793
2.44771
2.44764
2.44773
2.44751
2.44746
2.44663
2.446
2.44508
2.44462
2.44412
2.44313
2.44237
2.44208
2.44179
2.44151
2.441
2.44003
2.43932
2.43864
2.43847
2.43761
2.43704
2.43626
2.43577
2.43581
2.43566
2.43532
2.43527
2.43479
2.43485
2.43496
2.43489
2.43559
2.43587
2.43572
2.43635
2.43607
2.43632
2.43663
2.43652
2.43694
2.43765
2.43794
2.43829
2.43965
2.44035
2.44133
2.44238
2.44324
2.44392
2.44466
2.44593
2.44679
2.44771
2.44893
2.44997
2.45108
2.45273
2.45373
2.45552
2.45715
2.45908
2.46109
2.46342
2.46558
2.4671
2.46918
2.47134
2.47358
2.47591
2.47808
2.48034
2.48292
2.48559
2.48858
2.49118
2.49386
2.49639
2.49972
2.50241
2.50615
2.50948
2.51288
2.5166
2.5204
2.52377
2.52746
2.5312
2.53524
2.53837
2.54179
2.54597
2.5497
2.55395
2.55846
2.56227
2.56609
2.57016
2.57471
2.57925
2.58329
2.58683
2.59082
2.59404
2.59747
2.60227
2.6063
2.60977
2.61268
2.61598
2.61895
2.62205
2.62529
2.62791
2.63065
2.6335
2.63548
2.63803
2.6409
2.64336
2.6454
2.64751
2.6492
2.65069
2.65246
2.65355
2.65443
2.65486
2.65483
2.65507
2.65484
2.65486
2.65442
2.65398
2.65356
2.65194
2.65033
2.64873
2.64689
2.64435
2.64206
2.63954
2.63632
2.63336
2.62995
2.62657
2.62322
2.61967
2.61569
2.61175
2.60764
2.60311
2.59816
2.5933
2.58829
2.58265
2.57736
2.57291
2.56761
2.56174
2.55649
2.55043
2.54405
2.53858
2.53282
2.52749
2.52142
2.51581
2.5102
2.50411
2.49804
2.49176
2.48601
2.48031
2.47372
2.46841
2.46247
2.45711
2.45163
2.44675
2.44153
2.43645
2.43129
2.42702
2.42245
2.41878
2.41483
2.41084
2.40658
2.40278
2.39921
2.39611
2.39349
2.39112
2.38851
2.38664
2.38479
2.38295
2.3821
2.38079
2.37975
2.37921
2.37846
2.37894
2.37919
2.3797
2.38047
2.38174
2.38277
2.38453
2.38629
2.38828
2.39145
2.39316
2.39579
2.39887
2.40165
2.40485
2.40822
2.41127
2.41446
2.41874
2.42267
2.4267
2.43082
2.43526
2.43977
2.44384
2.44795
2.4516
2.45549
2.45985
2.46418
2.4687
2.47316
2.47778
2.48207
2.48551
2.48931
2.49297
2.49622
2.49977
2.5024
2.5053
2.50821
2.51088
2.51328
2.51492
2.51628
2.51732
2.5178
2.51867
2.51919
2.5196
2.51914
2.51855
2.51708
2.5152
2.51315
2.51067
2.50752
2.50344
2.50012
2.49563
2.49092
2.4855
2.47937
2.47326
2.46667
2.45986
2.45184
2.44384
2.43537
2.42643
2.41751
2.40766
2.39759
2.38685
2.37542
2.36382
2.35179
2.33937
2.3268
2.31361
2.30006
2.28593
2.27148
2.25623
2.24166
2.22634
2.21149
2.19569
2.17994
2.16425
2.1484
2.13219
2.11539
2.09875
2.08278
2.06606
2.04933
2.03336
2.01719
2.00062
1.98463
1.96852
1.95304
1.937
1.92164
1.9065
1.89086
1.87596
1.86108
1.84698
1.83294
1.81898
1.80535
1.79255
1.7801
1.76898
1.75655
1.74474
1.7338
1.72301
1.71262
1.70214
1.69304
1.68385
1.67507
1.6667
1.65824
1.65066
1.64276
1.63598
1.62911
1.62334
1.61795
1.61174
1.60734
1.60281
1.59841
1.59484
1.59088
1.58847
1.58542
1.5827
1.58052
1.5789
1.57733
1.57606
1.57507
1.57412
1.57368
1.57374
1.57333
1.5739
1.57422
1.57503
1.57678
1.57803
1.5795
1.58046
1.58235
1.58395
1.58598
1.58844
1.59109
1.59391
1.59667
1.60032
1.60413
1.60786
1.61128
1.61508
1.61929
1.6234
1.6279
1.63231
1.63638
1.64107
1.64615
1.65185
1.65745
1.66295
1.66883
1.67389
1.67981
1.68587
1.69134
1.69744
1.70369
1.70959
1.71613
1.72282
1.72965
1.73664
1.74426
1.75181
1.75951
1.76713
1.77492
1.78311
1.79124
1.79881
1.80703
1.81591
1.82449
1.83373
1.8429
1.85274
1.86251
1.87223
1.88165
1.89125
1.90176
1.91173
1.92236
1.93341
1.94464
1.95605
1.96739
1.97938
1.99105
2.00265
2.0149
2.02729
2.03936
2.05228
2.06487
2.07758
2.09089
2.10408
2.11762
2.13076
2.144
2.15707
2.17093
2.18436
2.19759
2.21134
2.22462
2.23838
2.2519
2.26538
2.27859
2.29222
2.30506
2.31902
2.33215
2.34589
2.35877
2.37102
2.3831
2.39571
2.4074
2.41959
2.43155
2.44253
2.45349
2.46392
2.47477
2.48555
2.49552
2.5049
2.51465
2.52306
2.53157
2.53969
2.54765
2.55544
2.56233
2.56904
2.57507
2.58043
2.58559
2.59031
2.59458
2.59841
2.60204
2.60524
2.60752
2.60938
2.61153
2.61255
2.61316
2.61338
2.61395
2.61366
2.61325
2.61226
2.61095
2.60956
2.60764
2.60544
2.6025
2.59956
2.59688
2.59279
2.58924
2.58576
2.58189
2.57839
2.57429
2.57083
2.56683
2.56278
2.5587
2.55438
2.5508
2.54724
2.54374
2.53983
2.53649
2.53253
2.52943
2.52622
2.52293
2.52006
2.51689
2.51394
2.51145
2.50848
2.50647
2.5045
2.50328
2.50211
2.50125
2.5007
2.50071
2.50106
2.50152
2.5028
2.50397
2.50599
2.5079
2.5102
2.51264
2.51523
2.51894
2.52281
2.52659
2.53127
2.53586
2.54158
2.54722
2.55351
2.56067
2.56776
2.57571
2.58406
2.59231
2.6007
2.60969
2.61929
2.62901
2.6393
2.64945
2.66016
2.67095
2.68203
2.69339
2.70527
2.71692
2.72954
2.74214
2.75471
2.76747
2.78041
2.79374
2.80745
2.82128
2.83497
2.84825
2.86208
2.8757
2.88958
2.90419
2.9178
2.93162
2.94561
2.95903
2.9726
2.98651
2.99956
3.01293
3.02563
3.03789
3.05016
3.0622
3.0747
3.08621
3.09766
3.10905
3.11964
3.13038
3.14053
3.15032
3.15974
3.16877
3.17766
3.18639
3.19422
3.20164
3.20839
3.21495
3.22132
3.22677
3.23225
3.23729
3.24236
3.2465
3.24945
3.25244
3.25497
3.25633
3.25771
3.25912
3.25959
3.25962
3.25943
3.2588
3.25772
3.25619
3.25447
3.25207
3.249
3.24597
3.24228
3.23792
3.23337
3.22817
3.22256
3.21701
3.21082
3.20423
3.197
3.18986
3.18257
3.17394
3.16566
3.15701
3.14799
3.13886
3.1289
3.11836
3.10796
3.09724
3.08572
3.07389
3.06201
3.04935
3.03689
3.02441
3.01167
2.99868
2.98498
2.97153
2.95812
2.94378
2.92999
2.91577
2.90092
2.88592
2.87103
2.85601
2.8409
2.82496
2.80943
2.79384
2.77891
2.76371
2.74824
2.73275
2.71631
2.70108
2.68587
2.67071
2.65536
2.63959
2.62438
2.60901
2.59397
2.57929
2.56472
2.55003
2.53524
2.52227
2.50825
2.49416
2.47974
2.46598
2.4524
2.43925
2.42581
2.4128
2.40048
2.38764
2.37501
2.36235
2.35039
2.33865
2.32737
2.31582
2.30427
2.29366
2.28304
2.27265
2.262
2.25231
2.24188
2.23241
2.22316
2.2139
2.20487
2.19655
2.18845
2.18058
2.17245
2.16478
2.15781
2.15082
2.14356
2.137
2.13065
2.12403
2.11785
2.11188
2.10684
2.10079
2.09541
2.09047
2.08595
2.08114
2.07603
2.07206
2.06705
2.06246
2.05899
2.05471
2.05131
2.04782
2.04472
2.04055
2.03724
2.03429
2.03147
2.02901
2.02594
2.02345
2.02059
2.01806
2.01561
2.0135
2.01146
2.00949
2.00759
2.00502
2.00347
2.00124
1.99979
1.99812
1.99674
1.99489
1.99307
1.99127
1.98948
1.98793
1.98664
1.98462
1.98283
1.98129
1.97948
1.97791
1.9768
1.97447
1.97259
1.97142
1.96949
1.96706
1.96556
1.9638
1.96224
1.95969
1.95735
1.9557
1.95402
1.95184
1.94962
1.94786
1.94536
1.94307
1.941
1.93891
1.93608
1.93396
1.93255
1.92968
1.92705
1.92417
1.9225
1.92035
1.91796
1.91583
1.91347
1.91138
1.90906
1.90726
1.90525
1.90328
1.90086
1.89922
1.89714
1.89537
1.89389
1.89248
1.89114
1.89012
1.88895
1.88809
1.88637
1.88523
1.88444
1.884
1.88367
1.88322
1.88291
1.88248
1.88244
1.88158
1.88159
1.882
1.88233
1.88308
1.884
1.88486
1.8864
1.88764
1.88884
1.89024
1.89258
1.8944
1.89716
1.89965
1.90237
1.90531
1.90871
1.91258
1.9162
1.92004
1.9241
1.92839
1.93362
1.93834
1.94303
1.94817
1.9535
1.95927
1.96521
1.97107
1.97733
1.9835
1.99003
1.99667
2.00292
2.00854
2.01493
2.02112
2.02781
2.03473
2.04139
2.04823
2.05476
2.06144
2.06799
2.0744
2.0804
2.08595
2.09177
2.0971
2.10191
2.10692
2.11184
2.11619
2.11993
2.12281
2.12626
2.12904
2.13163
2.13306
2.1345
2.13572
2.13645
2.13573
2.135
2.13352
2.13179
2.12931
2.1268
2.12356
2.1203
2.11655
2.11159
2.10591
2.09953
2.09365
2.08758
2.08084
2.07297
2.06518
2.05701
2.04801
2.03867
2.0295
2.02003
2.01078
2.00031
1.99033
1.97968
1.96932
1.95881
1.94793
1.93718
1.92562
1.91449
1.90308
1.89189
1.88071
1.86955
1.85845
1.84718
1.83599
1.82515
1.81444
1.8041
1.79368
1.78366
1.77383
1.76371
1.7538
1.74409
1.7351
1.72609
1.71731
1.70902
1.70073
1.69245
1.68393
1.6759
1.66885
1.66156
1.65475
1.64796
1.64188
1.6358
1.62996
1.62434
1.61943
1.61425
1.60928
1.60475
1.60018
1.59652
1.59256
1.58853
1.58419
1.57953
1.57622
1.57306
1.57029
1.56716
1.5644
1.562
1.55924
1.55562
1.55308
1.55039
1.54804
1.54555
1.54411
1.5418
1.5403
1.53793
1.53612
1.53536
1.53397
1.53267
1.53121
1.5296
1.52881
1.52714
1.52606
1.52532
1.52468
1.52366
1.52324
1.52293
1.52274
1.52291
1.52321
1.52243
1.52324
1.52347
1.52408
1.52412
1.52431
1.52538
1.52662
1.52803
1.52912
1.53087
1.53256
1.53443
1.53553
1.53753
1.53972
1.54163
1.54421
1.5465
1.54948
1.5529
1.55676
1.56107
1.56485
1.56908
1.57376
1.57864
1.58372
1.58948
1.59472
1.60064
1.6058
1.61115
1.61694
1.62316
1.62933
1.63569
1.64247
1.6492
1.65683
1.66391
1.67069
1.67836
1.68643
1.69515
1.70355
1.71211
1.72082
1.7292
1.73724
1.74615
1.75544
1.76438
1.77369
1.78362
1.79343
1.8036
1.81365
1.8243
1.83433
1.84448
1.85498
1.86558
1.8758
1.88685
1.89702
1.90778
1.91911
1.93029
1.94156
1.95267
1.96363
1.97539
1.98652
1.9982
2.00899
2.02083
2.03249
2.04374
2.05554
2.06716
2.07956
2.09129
2.10332
2.11539
2.12702
2.13917
2.15159
2.16332
2.17506
2.18728
2.2
2.21246
2.22466
2.23683
2.24921
2.26129
2.27331
2.28525
2.29686
2.30836
2.31854
2.33025
2.34158
2.35273
2.36321
2.37396
2.38473
2.39501
2.40503
2.41501
2.42397
2.43333
2.44211
2.45006
2.45812
2.46579
2.47355
2.48089
2.48684
2.49235
2.49789
2.50322
2.50808
2.51224
2.51593
2.5189
2.52165
2.52369
2.52526
2.52711
2.52754
2.52801
2.52807
2.52771
2.52672
2.52559
2.52411
2.52205
2.51991
2.51772
2.51549
2.51253
2.50911
2.50571
2.5019
2.49769
2.49407
2.48985
2.48554
2.48116
2.47698
2.47277
2.46831
2.4641
2.46015
2.45576
2.45143
2.44741
2.44372
2.43987
2.43589
2.43153
2.42826
2.42463
2.42161
2.41849
2.4155
2.41314
2.41044
2.40763
2.40496
2.40268
2.40053
2.39827
2.39638
2.39485
2.3932
2.39215
2.39048
2.38891
2.38743
2.38652
2.38545
2.38492
2.3835
2.38285
2.38176
2.38118
2.38039
2.37986
2.37958
2.37858
2.37733
2.37678
2.37573
2.37489
2.37401
2.37309
2.37212
2.3706
2.36975
2.36859
2.36736
2.36582
2.3642
2.36274
2.36168
2.35982
2.35764
2.35609
2.35472
2.35254
2.35053
2.34845
2.34655
2.34434
2.34257
2.34098
2.33863
2.33576
2.33311
2.33068
2.32872
2.32628
2.3236
2.32094
2.31855
2.31668
2.31365
2.3114
2.30921
2.30662
2.30459
2.3029
2.30179
2.30031
2.29895
2.29748
2.29638
2.29494
2.2939
2.29373
2.293
2.29244
2.29205
2.2916
2.29132
2.29146
2.29204
2.29279
2.2935
2.29463
2.29572
2.29699
2.29845
2.29985
2.30193
2.30395
2.30615
2.30901
2.31133
2.31406
2.31697
2.32005
2.32329
2.32645
2.33001
2.33421
2.33807
2.34185
2.34624
2.34981
2.3552
2.35999
2.36442
2.36945
2.37411
2.37863
2.38325
2.38844
2.39372
2.39907
2.40473
2.41069
2.41694
2.42227
2.42811
2.43396
2.43958
2.44592
2.45128
2.45685
2.46261
2.46831
2.4737
2.47924
2.48396
2.48952
2.4947
2.4995
2.50413
2.50882
2.51259
2.51664
2.5207
2.52404
2.52736
2.53018
2.5332
2.53569
2.53812
2.53999
2.54081
2.54203
2.54315
2.54368
2.54362
2.54344
2.54291
2.54202
2.54052
2.53867
2.53669
2.53436
2.53143
2.52792
2.5243
2.52035
2.51656
2.5122
2.50682
2.50185
2.49637
2.49061
2.48434
2.47783
2.47109
2.46462
2.45794
2.45204
2.44453
2.43687
2.42907
2.4214
2.41363
2.40602
2.39835
2.39063
2.38313
2.37562
2.3674
2.35969
2.3525
2.34466
2.33617
2.32874
2.32047
2.31329
2.30602
2.29963
2.2927
2.28573
2.27945
2.27316
2.26711
2.26131
2.25602
2.251
2.24653
2.24235
2.23801
2.23398
2.23054
2.22768
2.22516
2.22349
2.22122
2.21932
2.21804
2.21714
2.21687
2.21627
2.21629
2.21671
2.21777
2.21873
2.22081
2.22329
2.22567
2.22892
2.23207
2.23537
2.23927
2.24379
2.24842
2.25341
2.25898
2.26466
2.27042
2.27649
2.28384
2.29076
2.29846
2.30594
2.31369
2.32193
2.33064
2.33934
2.3485
2.35761
2.36666
2.37589
2.38527
2.39528
2.40494
2.41544
2.42483
2.4348
2.44461
2.4552
2.46537
2.47557
2.48604
2.49628
2.50652
2.51652
2.52673
2.53739
2.54776
2.55808
2.56857
2.57947
2.58979
2.60002
2.61038
2.61989
2.62952
2.63901
2.64858
2.65776
2.66702
2.67657
2.68569
2.69438
2.70286
2.71088
2.71843
2.72623
2.73378
2.74108
2.74787
2.75415
2.76039
2.76658
2.7715
2.77757
2.78259
2.78754
2.79168
2.79572
2.79991
2.80327
2.80653
2.80919
2.81198
2.81441
2.81577
2.81724
2.8186
2.81937
2.81977
2.81958
2.81904
2.8184
2.8174
2.81583
2.81392
2.81215
2.81054
2.80741
2.8042
2.80068
2.79661
2.7925
2.78784
2.78387
2.77937
2.7734
2.76764
2.76163
2.75511
2.74907
2.74279
2.73652
2.72929
2.72185
2.71442
2.70704
2.69873
2.69047
2.68178
2.6734
2.66534
2.65641
2.64781
2.63933
2.63048
2.62154
2.61202
2.60267
2.59303
2.58358
2.57412
2.56465
2.55568
2.54627
2.53716
2.52814
2.51921
2.51017
2.50151
2.49278
2.48449
2.47569
2.46736
2.45953
2.45222
2.44496
2.43802
2.43142
2.42517
2.41856
2.41354
2.40843
2.40445
2.40017
2.39656
2.39289
2.38991
2.38689
2.38503
2.38362
2.38241
2.3814
2.38131
2.3814
2.38191
2.38282
2.38462
2.38631
2.38788
2.39076
2.39349
2.39629
2.39937
2.40272
2.40679
2.41132
2.41483
2.41923
2.42353
2.42841
2.4329
2.4372
2.44152
2.44656
2.45132
2.45603
2.46017
2.46467
2.4688
2.47275
2.47676
2.48008
2.4834
2.48646
2.49022
2.49248
2.49467
2.49678
2.49881
2.50024
2.50157
2.50206
2.50244
2.50268
2.50209
2.50113
2.5003
2.49839
2.49661
2.49401
2.49181
2.48905
2.48623
2.4824
2.47901
2.47513
2.47125
2.46715
2.4626
2.45691
2.45226
2.44723
2.44231
2.43706
2.43197
2.42585
2.42066
2.41593
2.41071
2.40528
2.39989
2.39383
2.38833
2.3834
2.37857
2.37411
2.36905
2.36439
2.35988
2.3553
2.35114
2.34717
2.34339
2.34029
2.33667
2.33374
2.33078
2.32802
2.32548
2.32339
2.32101
2.31908
2.31734
2.31603
2.31442
2.31346
2.31241
2.31176
2.31028
2.31012
2.30959
2.30915
2.30903
2.30849
2.30847
2.30824
2.30873
2.30801
2.30774
2.30766
2.30727
2.30703
2.30645
2.30599
2.30466
2.30342
2.30249
2.30113
2.29933
2.29732
2.29532
2.29333
2.2899
2.28717
2.2842
2.2812
2.27747
2.27372
2.27019
2.26617
2.26142
2.25691
2.25216
2.24695
2.24154
2.23592
2.2294
2.22344
2.21708
2.21083
2.20471
2.19802
2.19173
2.1854
2.17904
2.1722
2.16609
2.15882
2.15257
2.14617
2.13964
2.13347
2.12746
2.12186
2.11524
2.10932
2.10388
2.0994
2.09471
2.09054
2.08667
2.08288
2.07965
2.077
2.07422
2.07204
2.06999
2.06855
2.06701
2.06562
2.06486
2.06498
2.06477
2.06472
2.06554
2.067
2.0686
2.07108
2.07393
2.07668
2.07955
2.08326
2.08708
2.09148
2.09621
2.10148
2.10706
2.11268
2.1193
2.12617
2.13184
2.13894
2.14576
2.15277
2.16019
2.16777
2.17572
2.18331
2.19051
2.19803
2.20488
2.21275
2.22063
2.22853
2.23665
2.24475
2.2528
2.26056
2.26776
2.27535
2.28284
2.29022
2.29771
2.30458
2.31179
2.31835
2.32451
2.33049
2.33677
2.34287
2.34877
2.35447
2.36045
2.36575
2.37132
2.37645
2.38112
2.38559
2.39009
2.39389
2.39749
2.40064
2.40358
2.40727
2.41028
2.41308
2.41568
2.41807
2.42051
2.4225
2.42406
2.42516
2.42655
2.42774
2.4292
2.43022
2.43055
2.43067
2.43082
2.43077
2.43074
2.43049
2.42954
2.42885
2.42793
2.42654
2.42468
2.42331
2.42122
2.41864
2.4163
2.41323
2.40942
2.40633
2.40323
2.39963
2.39577
2.39141
2.38679
2.38192
2.37656
2.37141
2.36602
2.35965
2.35327
2.34689
2.34026
2.33316
2.32607
2.31924
2.31194
2.30419
2.29622
2.2883
2.2797
2.27019
2.2617
2.25304
2.24446
2.235
2.22564
2.21615
2.20677
2.19751
2.18791
2.17748
2.16745
2.15734
2.14716
2.1374
2.12711
2.11678
2.10617
2.09627
2.08587
2.07594
2.06578
2.05539
2.04502
2.03516
2.02437
2.01483
2.00438
1.99472
1.98464
1.97465
1.96473
1.95466
1.94518
1.93556
1.92629
1.91738
1.90763
1.89898
1.89071
1.88186
1.87364
1.8651
1.8572
1.84923
1.84144
1.83334
1.82543
1.81796
1.81043
1.80335
1.79647
1.78932
1.78287
1.77712
1.77159
1.76605
1.76
1.75443
1.7491
1.74424
1.73937
1.73451
1.73012
1.72574
1.72231
1.71889
1.71619
1.71301
1.71007
1.7076
1.70513
1.70361
1.70231
1.70076
1.69919
1.69807
1.69693
1.69671
1.69573
1.69518
1.69507
1.69585
1.69609
1.6965
1.69732
1.69804
1.69891
1.69968
1.70058
1.7016
1.70299
1.70496
1.70631
1.708
1.70978
1.71188
1.71357
1.71533
1.71739
1.71927
1.72144
1.72342
1.72568
1.72798
1.73008
1.73268
1.73531
1.73773
1.7404
1.74286
1.74509
1.74782
1.75033
1.75212
1.7549
1.75672
1.75855
1.76088
1.76346
1.76605
1.76866
1.77103
1.77343
1.77631
1.77874
1.78117
1.78411
1.78657
1.7893
1.79132
1.79384
1.79662
1.79893
1.80175
1.80434
1.80694
1.80908
1.8122
1.81557
1.81847
1.8221
1.82478
1.8277
1.8304
1.83309
1.83579
1.83874
1.84168
1.84462
1.84779
1.85047
1.85363
1.85677
1.86037
1.86276
1.86536
1.86794
1.87097
1.87422
1.87695
1.87965
1.88232
1.88567
1.8885
1.89128
1.89379
1.89577
1.89818
1.90006
1.90238
1.9044
1.90637
1.90878
1.91138
1.91344
1.91522
1.91719
1.91935
1.92122
1.92305
1.92556
1.92778
1.92877
1.93069
1.93209
1.93395
1.93554
1.93688
1.93844
1.93976
1.94131
1.94335
1.94467
1.94648
1.94784
1.94898
1.95039
1.95209
1.95383
1.95538
1.95748
1.95941
1.96141
1.96301
1.96542
1.96745
1.96982
1.97206
1.97441
1.97713
1.97973
1.98295
1.98679
1.99077
1.99466
1.99822
2.00194
2.00582
2.00963
2.01409
2.01847
2.02303
2.02801
2.03267
2.03703
2.04229
2.04772
2.05308
2.05861
2.06455
2.07041
2.07691
2.08429
2.09061
2.09732
2.10417
2.11139
2.1185
2.12572
2.13281
2.14
2.14824
2.15511
2.16278
2.17075
2.17877
2.18635
2.19467
2.20253
2.21039
2.21823
2.22606
2.23385
2.24159
2.24951
2.25783
2.26535
2.27252
2.27982
2.28675
2.29378
2.30115
2.30811
2.31489
2.32173
2.32789
2.33456
2.34077
2.34627
2.35154
2.35656
2.36156
2.36533
2.36908
2.37278
2.37621
2.37982
2.38194
2.38449
2.38673
2.38892
2.39055
2.39237
2.39339
2.39435
2.39501
2.39511
2.39516
2.39466
2.39483
2.39421
2.39331
2.39187
2.39016
2.38816
2.38565
2.38359
2.38055
2.37773
2.37442
2.37014
2.36659
2.36256
2.35807
2.35433
2.34989
2.34428
2.33895
2.33344
2.32797
2.32257
2.31627
2.31053
2.30463
2.29833
2.29212
2.28529
2.27903
2.27241
2.26566
2.25757
2.25057
2.24322
2.23551
2.22793
2.22074
2.21225
2.20438
2.1969
2.18862
2.1805
2.17183
2.16356
2.15523
2.14732
2.13887
2.13085
2.12182
2.113
2.10438
2.09597
2.08731
2.07791
2.06971
2.06151
2.05212
2.04371
2.03533
2.02723
2.01869
2.00997
2.00156
1.99323
1.98474
1.97683
1.96855
1.96015
1.9526
1.94496
1.93771
1.93063
1.92372
1.91725
1.91074
1.90419
1.89763
1.89131
1.88546
1.88011
1.87455
1.8695
1.86522
1.86098
1.85705
1.85295
1.84869
1.84523
1.84235
1.83981
1.83737
1.83505
1.83357
1.83246
1.83196
1.83112
1.83065
1.83177
1.8328
1.83398
1.83555
1.83704
1.83965
1.84313
1.8463
1.85011
1.85408
1.85845
1.86322
1.8684
1.87397
1.88042
1.88631
1.89258
1.89925
1.90629
1.91396
1.92224
1.93113
1.94039
1.95
1.95995
1.97049
1.98064
1.9916
2.00263
2.01444
2.02583
2.03822
2.05112
2.06379
2.076
2.08843
2.10157
2.11516
2.12821
2.14169
2.15533
2.16912
2.18328
2.1978
2.21219
2.22714
2.24193
2.25725
2.27164
2.28606
2.30096
2.31538
2.33
2.34459
2.35863
2.37261
2.38673
2.40123
2.41513
2.4289
2.44277
2.45622
2.46926
2.4826
2.49548
2.50864
2.52132
2.53376
2.54644
2.55884
2.57146
2.58258
2.59341
2.60441
2.61486
2.62523
2.63502
2.64447
2.65382
2.66257
2.67097
2.67948
2.68665
2.69417
2.70106
2.70758
2.7137
2.71967
2.72477
2.72947
2.73426
2.73841
2.74216
2.74527
2.74798
2.75029
2.75246
2.75398
2.75488
2.75564
2.75673
2.75696
2.75682
2.75608
2.75496
2.75325
2.75143
2.74951
2.74677
2.74394
2.74127
2.73854
2.73501
2.73119
2.72709
2.72246
2.71757
2.71241
2.70676
2.70134
2.69521
2.68934
2.68325
2.67671
2.67021
2.66377
2.6569
2.64962
2.64193
2.63408
2.62681
2.61892
2.61089
2.60275
2.59472
2.58659
2.57812
2.57028
2.56212
2.55316
2.54485
2.536
2.52759
2.51864
2.50991
2.50139
2.49238
2.48336
2.47482
2.46605
2.45731
2.44956
2.44088
2.43178
2.42346
2.41496
2.40654
2.39798
2.38951
2.38115
2.37339
2.36551
2.35778
2.35019
2.34251
2.33524
2.32813
2.32192
2.31566
2.3091
2.3025
2.29633
2.28989
2.28414
2.27813
2.27256
2.26721
2.26257
2.2579
2.2532
2.24897
2.24447
2.24066
2.23706
2.23343
2.23073
2.22726
2.22518
2.22257
2.22014
2.21812
2.2158
2.21411
2.2121
2.21048
2.20899
2.20764
2.20665
2.20603
2.20503
2.20438
2.20335
2.20217
2.20253
2.202
2.20178
2.20141
2.20086
2.20062
2.20019
2.19959
2.19929
2.19928
2.19884
2.19942
2.19957
2.2
2.20049
2.20127
2.20137
2.20176
2.20292
2.20388
2.2049
2.20524
2.20634
2.2075
2.20845
2.20945
2.21026
2.21111
2.21223
2.21291
2.21411
2.2151
2.21611
2.21691
2.21797
2.21832
2.21917
2.22001
2.22134
2.22217
2.22299
2.2233
2.22478
2.22599
2.2269
2.22776
2.22927
2.22998
2.23036
2.23089
2.23106
2.2316
2.23128
2.23177
2.23139
2.23156
2.23154
2.23061
2.22947
2.22834
2.22699
2.22539
2.22353
2.22116
2.21851
2.21581
2.21305
2.20975
2.20613
2.20242
2.19815
2.19354
2.18836
2.18331
2.17817
2.17196
2.16542
2.15901
2.15156
2.14401
2.13615
2.12845
2.12046
2.11121
2.10264
2.09381
2.08401
2.07517
2.06539
2.0559
2.04574
2.03542
2.0252
2.01413
2.00321
1.99293
1.98259
1.97198
1.96088
1.95003
1.93945
1.92821
1.91754
1.90696
1.89603
1.88596
1.87583
1.8654
1.85566
1.84664
1.83737
1.82838
1.81943
1.81054
1.80245
1.79445
1.78729
1.78048
1.77332
1.76679
1.76162
1.75612
1.7508
1.74589
1.74189
1.73832
1.73517
1.73245
1.72968
1.7271
1.72519
1.72345
1.72261
1.72218
1.72238
1.72297
1.72345
1.72429
1.72571
1.72699
1.72881
1.73092
1.73355
1.73619
1.7393
1.74238
1.74613
1.74933
1.75291
1.75685
1.7609
1.76527
1.7697
1.77394
1.77845
1.78273
1.78749
1.792
1.79649
1.80022
1.80416
1.80877
1.81262
1.81666
1.82042
1.82438
1.82878
1.83268
1.83608
1.83994
1.84381
1.8472
1.85134
1.85528
1.85951
1.86307
1.86768
1.87165
1.8762
1.88039
1.88446
1.88891
1.89375
1.89898
1.90365
1.90921
1.91495
1.92039
1.92624
1.93204
1.93826
1.94466
1.95148
1.95823
1.9654
1.97273
1.97973
1.98641
1.99371
2.00186
2.01014
2.01852
2.02677
2.03512
2.04329
2.05178
2.05984
2.06842
2.07656
2.08446
2.09262
2.10076
2.10864
2.11769
2.12622
2.13517
2.14357
2.15213
2.16084
2.16873
2.17651
2.18393
2.19147
2.19838
2.20636
2.21346
2.22041
2.22768
2.23429
2.24097
2.24748
2.25356
2.25921
2.26467
2.27066
2.27598
2.28134
2.28626
2.2905
2.29502
2.30031
2.30443
2.30811
2.31231
2.31583
2.3194
2.32204
2.32497
2.32747
2.32977
2.33261
2.33454
2.33604
2.33784
2.33921
2.34137
2.34238
2.34298
2.34389
2.34463
2.3452
2.34537
2.34537
2.34594
2.34539
2.34492
2.34455
2.34402
2.34311
2.3423
2.34111
2.33979
2.33833
2.33747
2.336
2.33441
2.3327
2.33088
2.32872
2.32621
2.32432
2.3221
2.32003
2.31739
2.31492
2.31237
2.30975
2.30708
2.3041
2.30156
2.29897
2.29586
2.29321
2.29029
2.28736
2.28441
2.28146
2.27852
2.27583
2.27292
2.27028
2.26767
2.2651
2.26258
2.26012
2.25772
2.25516
2.25267
2.25003
2.24773
2.24577
2.24344
2.24171
2.2401
2.23839
2.23681
2.23538
2.23435
2.23347
2.23228
2.23126
2.23018
2.23001
2.22978
2.22927
2.22919
2.22979
2.23084
2.23161
2.23283
2.23402
2.23542
2.23752
2.2391
2.24113
2.24361
2.24605
2.24894
2.25226
2.25577
2.25994
2.26357
2.26664
2.27012
2.27422
2.27822
2.28235
2.28635
2.29093
2.29488
2.29985
2.30416
2.30874
2.31381
2.31841
2.32274
2.3275
2.33197
2.33635
2.34038
2.34429
2.34853
2.3526
2.35624
2.3599
2.36285
2.36482
2.36748
2.37008
2.37212
2.37359
2.37544
2.37667
2.37753
2.37799
2.37733
2.37601
2.37523
2.37401
2.37283
2.37049
2.36723
2.36375
2.35912
2.35547
2.35043
2.34519
2.33952
2.33367
2.32741
2.32075
2.31321
2.30602
2.29823
2.28984
2.28087
2.27183
2.26296
2.25356
2.24389
2.2342
2.2238
2.21366
2.20331
2.19254
2.18159
2.17098
2.15999
2.14863
2.13694
2.12564
2.11402
2.10307
2.09135
2.07959
2.06734
2.05533
2.04308
2.03108
2.0196
2.00839
1.99676
1.98518
1.97391
1.96247
1.95063
1.93912
1.92867
1.91711
1.90639
1.89529
1.88382
1.87343
1.86341
1.85302
1.843
1.83312
1.82336
1.81325
1.80351
1.79391
1.7842
1.77534
1.7659
1.75659
1.74813
1.73884
1.73065
1.72234
1.7144
1.70612
1.69796
1.69017
1.68179
1.67425
1.66588
1.65812
1.65073
1.64298
1.63584
1.62859
1.62147
1.61472
1.60811
1.60211
1.596
1.58979
1.58349
1.57757
1.57204
1.5657
1.56
1.55494
1.55005
1.54508
1.54005
1.53568
1.53198
1.52775
1.52468
1.52084
1.51698
1.51332
1.50965
1.50669
1.50395
1.50122
1.49896
1.49648
1.49448
1.49347
1.49225
1.49153
1.49108
1.49043
1.49005
1.48972
1.49016
1.49089
1.49142
1.49321
1.49481
1.4967
1.49889
1.5016
1.5051
1.50863
1.51198
1.51536
1.51927
1.52321
1.52814
1.5331
1.53784
1.54307
1.54807
1.55379
1.55999
1.5664
1.57304
1.57916
1.58547
1.59221
1.59984
1.60716
1.61488
1.62225
1.63048
1.63883
1.64728
1.65535
1.66326
1.67124
1.67929
1.68786
1.69647
1.70486
1.71255
1.72072
1.72961
1.73801
1.74637
1.75495
1.76276
1.77148
1.77967
1.78755
1.79584
1.80357
1.81194
1.81974
1.82745
1.83507
1.84259
1.84977
1.85709
1.86454
1.87165
1.87793
1.8841
1.89088
1.89731
1.90316
1.9101
1.91646
1.92271
1.92861
1.93442
1.94011
1.94571
1.95145
1.9566
1.96214
1.96805
1.97266
1.9779
1.98279
1.98807
1.99324
1.99855
2.00304
2.00815
2.01242
2.01659
2.02138
2.02557
2.02989
2.03386
2.03722
2.04095
2.04456
2.04806
2.05118
2.05466
2.05754
2.06053
2.06338
2.0666
2.06872
2.07095
2.07281
2.07503
2.07712
2.07909
2.08118
2.08315
2.08501
2.08676
2.08815
2.08993
2.09113
2.09224
2.09302
2.09372
2.0946
2.09517
2.09592
2.09639
2.09731
2.09747
2.09761
2.09846
2.09979
2.10041
2.10081
2.10147
2.10242
2.10318
2.10399
2.10535
2.10607
2.10687
2.10753
2.10877
2.11013
2.11184
2.11344
2.11542
2.11753
2.11931
2.12173
2.12357
2.1263
2.12919
2.13176
2.1345
2.1374
2.14048
2.1442
2.14785
2.15166
2.15564
2.16002
2.16432
2.16901
2.17361
2.17787
2.18275
2.18703
2.19168
2.19669
2.20253
2.20823
2.2145
2.22013
2.22607
2.23183
2.23788
2.24374
2.24939
2.25529
2.26144
2.26758
2.27395
2.27957
2.28562
2.29137
2.29706
2.30291
2.30794
2.31359
2.31912
2.32403
2.32904
2.33318
2.33835
2.34286
2.34694
2.35107
2.35499
2.35894
2.36242
2.36518
2.36819
2.3712
2.37396
2.37622
2.37871
2.37997
2.38169
2.38315
2.38361
2.38406
2.38448
2.38512
2.38477
2.38394
2.38333
2.38224
2.38114
2.37981
2.37825
2.37622
2.37422
2.37249
2.37008
2.36723
2.36419
2.36122
2.35759
2.355
2.35129
2.34743
2.3439
2.33952
2.33525
2.3311
2.32683
2.32197
2.31773
2.31242
2.30702
2.30224
2.29738
2.29268
2.28717
2.28279
2.27738
2.27237
2.26754
2.26215
2.25719
2.25239
2.24657
2.24141
2.23546
2.22969
2.22386
2.21796
2.21176
2.20646
2.19989
2.19398
2.18729
2.18077
2.17466
2.16801
2.16129
2.15474
2.14886
2.14218
2.13592
2.12959
2.12247
2.11554
2.10781
2.10098
2.09385
2.08617
2.07892
2.07137
2.06401
2.05659
2.04864
2.04112
2.03356
2.02572
2.01808
2.01041
2.00246
1.99497
1.98722
1.97945
1.97142
1.96339
1.95584
1.94805
1.94004
1.93276
1.92526
1.91755
1.91012
1.90224
1.89466
1.88712
1.87964
1.87223
1.86489
1.85786
1.85091
1.84406
1.83729
1.83063
1.82407
1.81714
1.81057
1.80435
1.79826
1.7923
1.78671
1.78054
1.77475
1.76911
1.76313
1.75827
1.75308
1.74805
1.74343
1.73872
1.73418
1.72957
1.72536
1.72109
1.71746
1.71376
1.71024
1.70712
1.70442
1.70164
1.69879
1.69587
1.69288
1.69053
1.68811
1.68585
1.68423
1.68253
1.68098
1.67983
1.67858
1.67724
1.67652
1.67498
1.67454
1.67375
1.67333
1.67351
1.67334
1.67328
1.67285
1.67276
1.67375
1.6741
1.67432
1.67462
1.67549
1.67644
1.67747
1.6781
1.67903
1.67955
1.68037
1.68149
1.68242
1.68389
1.68564
1.68695
1.68806
1.6892
1.68966
1.69086
1.69209
1.69359
1.69486
1.6964
1.69794
1.69926
1.70083
1.7024
1.70445
1.70651
1.70784
1.70892
1.71072
1.71227
1.71405
1.71557
1.71683
1.71832
1.71931
1.72123
1.72265
1.72429
1.72517
1.72627
1.72733
1.72885
1.73033
1.73081
1.73174
1.73287
1.73373
1.73503
1.73606
1.73729
1.73824
1.73844
1.73932
1.74041
1.74147
1.74226
1.74279
1.74377
1.74497
1.74567
1.74636
1.74681
1.74725
1.74794
1.74864
1.74936
1.75083
1.75112
1.75217
1.75328
1.7542
1.7547
1.75577
1.75716
1.75864
1.76023
1.76218
1.76378
1.76551
1.7674
1.7692
1.77094
1.7731
1.7757
1.77827
1.7813
1.78408
1.78806
1.79157
1.7951
1.79818
1.8025
1.80759
1.8125
1.81795
1.82443
1.83075
1.8369
1.84363
1.85044
1.85782
1.86554
1.8731
1.88124
1.88995
1.89851
1.90715
1.91683
1.92706
1.9376
1.9482
1.95908
1.97024
1.98143
1.99358
2.0055
2.01812
2.0307
2.04274
2.05568
2.06829
2.08128
2.09413
2.10756
2.12033
2.13364
2.14697
2.16054
2.17386
2.18641
2.19938
2.21226
2.22528
2.23865
2.25186
2.26419
2.27681
2.28899
2.30118
2.31361
2.32506
2.33648
2.34738
2.35847
2.36852
2.37898
2.38839
2.39843
2.40812
2.41699
2.42503
2.43295
2.44099
2.44819
2.45504
2.46152
2.46716
2.47292
2.47808
2.48361
2.4883
2.49289
2.49737
2.50102
2.50458
2.50757
2.50999
2.51305
2.51458
2.51629
2.5177
2.51857
2.51915
2.51921
2.51948
2.51972
2.51946
2.51919
2.51868
2.51794
2.5165
2.51509
2.51323
2.51118
2.5092
2.50704
2.50424
2.50177
2.49941
2.49667
2.49431
2.49136
2.4888
2.4852
2.48152
2.47828
2.47498
2.47165
2.46854
2.46614
2.46349
2.46013
2.45655
2.45348
2.45069
2.44747
2.44455
2.4417
2.43918
2.43601
2.43319
2.43071
2.42834
2.42562
2.42278
2.42009
2.41826
2.41706
2.41506
2.41347
2.41205
2.41129
2.41048
2.40986
2.40919
2.40849
2.40824
2.40821
2.40839
2.40928
2.40967
2.41126
2.41212
2.4137
2.41599
2.41806
2.42084
2.42315
2.42547
2.42828
2.4311
2.43464
2.43795
2.44174
2.44601
2.45027
2.45476
2.45996
2.46513
2.47027
2.47512
2.48089
2.48635
2.49245
2.49846
2.5046
2.51134
2.51722
2.52365
2.53014
2.53642
2.54296
2.54947
2.55571
2.56236
2.56891
2.57462
2.58089
2.58723
2.59334
2.59873
2.60385
2.60842
2.6129
2.61702
2.62026
2.62333
2.62595
2.62762
2.63
2.63114
2.63223
2.63254
2.63228
2.63144
2.63026
2.62848
2.62586
2.62288
2.61905
2.61462
2.61031
2.60444
2.59798
2.59142
2.5838
2.57563
2.56715
2.5579
2.54861
2.53907
2.52831
2.51709
2.50494
2.49283
2.48032
2.46814
2.4551
2.44171
2.42774
2.41347
2.39939
2.38455
2.3702
2.3549
2.33939
2.32347
2.30811
2.29286
2.27725
2.26107
2.24556
2.22976
2.2137
2.19741
2.18138
2.16541
2.14976
2.13396
2.11828
2.10227
2.08689
2.07171
2.05649
2.04197
2.0277
2.01369
1.99947
1.98604
1.9722
1.95917
1.94624
1.93391
1.92171
1.91013
1.89919
1.8884
1.87803
1.86808
1.85904
1.85019
1.84155
1.83287
1.8256
1.81783
1.81148
1.80512
1.79873
1.79353
1.78831
1.78356
1.77927
1.77592
1.77304
1.77037
1.7684
1.76664
1.76533
1.76446
1.76403
1.76379
1.76421
1.76506
1.76632
1.7675
1.77005
1.7725
1.77557
1.77876
1.78256
1.78647
1.79071
1.79553
1.80018
1.80514
1.81063
1.81568
1.82195
1.82801
1.83454
1.84106
1.8478
1.85497
1.86233
1.8701
1.87779
1.88562
1.89358
1.90165
1.90983
1.91808
1.92569
1.93431
1.94249
1.95143
1.95965
1.96788
1.97633
1.98476
1.99316
2.00126
2.01003
2.01848
2.0271
2.03538
2.04332
2.05043
2.05814
2.06525
2.07319
2.08003
2.08745
2.09472
2.10184
2.10857
2.11443
2.12108
2.12759
2.13345
2.1394
2.14543
2.1518
2.15753
2.16288
2.16784
2.17267
2.17736
2.18242
2.18711
2.19146
2.19594
2.19961
2.20439
2.20815
2.21279
2.21715
2.22146
2.22597
2.22975
2.23399
2.23848
2.24274
2.24631
2.25064
2.25501
2.25969
2.26372
2.26856
2.27326
2.27807
2.28301
2.28736
2.29234
2.29772
2.3028
2.30878
2.31423
2.32036
2.32624
2.33234
2.33891
2.34573
2.35233
2.36015
2.36776
2.37541
2.38334
2.39204
2.40104
2.41011
2.41899
2.42891
2.43914
2.4492
2.46006
2.47123
2.48296
2.49452
2.50664
2.51858
2.53106
2.54408
2.55691
2.57003
2.58366
2.59755
2.61146
2.6256
2.64046
2.65528
2.67054
2.68598
2.70133
2.71659
2.73196
2.74768
2.76322
2.77858
2.79445
2.81031
2.82687
2.84218
2.85788
2.87371
2.88892
2.90372
2.91855
2.93365
2.94848
2.96302
2.97676
2.99063
3.00389
3.01697
3.02914
3.04108
3.05302
3.06395
3.07434
3.08441
3.0934
3.10203
3.10979
3.11738
3.12383
3.12959
3.13467
3.13928
3.1439
3.14707
3.14975
3.15123
3.1522
3.15245
3.15172
3.15074
3.14927
3.14612
3.1425
3.13819
3.13342
3.12845
3.12187
3.11487
3.10773
3.10022
3.09235
3.08319
3.07324
3.06324
3.05273
3.04127
3.02958
3.01746
3.00444
2.99129
2.97777
2.96463
2.94975
2.93601
2.92129
2.90681
2.89211
2.87746
2.86216
2.84695
2.83112
2.81494
2.79892
2.78306
2.76763
2.75193
2.7362
2.72024
2.70404
2.68811
2.67221
2.65637
2.64036
2.62465
2.60904
2.59352
2.57762
2.56207
2.54689
2.53184
2.51741
2.50288
2.48874
2.475
2.46142
2.44753
2.43358
2.42004
2.40622
2.39282
2.37914
2.3659
2.35359
2.34101
2.32816
2.31554
2.3041
2.29169
2.27999
2.26782
2.25637
2.24565
2.23543
2.22523
2.21554
2.20564
2.19626
2.18668
2.17787
2.16887
2.16114
2.15323
2.14514
2.13786
2.13064
2.12376
2.11744
2.11169
2.10653
2.10098
2.09601
2.09115
2.08688
2.08345
2.08085
2.07788
2.07431
2.0723
2.07041
2.06815
2.06698
2.06617
2.06475
2.06344
2.06417
2.06405
2.06452
2.06484
2.06598
2.06794
2.06951
2.07187
2.07479
2.07802
2.08154
2.08511
2.08897
2.09286
2.09725
2.10213
2.10653
2.11164
2.11673
2.1225
2.12823
2.13438
2.14046
2.14668
2.15401
2.16003
2.16664
2.17334
2.18038
2.18724
2.19344
2.20113
2.20789
2.21393
2.2207
2.22722
2.23396
2.24163
2.24852
2.25536
2.26188
2.26809
2.27493
2.28118
2.28733
2.2936
2.29975
2.306
2.31116
2.3169
2.32249
2.32842
2.33371
2.3386
2.34382
2.34912
2.35378
2.3578
2.36191
2.36586
2.3699
2.37403
2.37777
2.38185
2.38531
2.38863
2.39159
2.39489
2.39808
2.40116
2.40412
2.40625
2.40877
2.4112
2.41329
2.41579
2.41773
2.41959
2.42163
2.42385
2.42626
2.42813
2.43043
2.43221
2.43347
2.43542
2.43709
2.43826
2.44012
2.44172
2.4433
2.44511
2.44691
2.44869
2.45024
2.45177
2.45307
2.4546
2.45638
2.45768
2.45898
2.46005
2.46162
2.46296
2.46455
2.4664
2.46779
2.46992
2.4716
2.4733
2.47503
2.4768
2.47812
2.47972
2.48136
2.48304
2.48501
2.48703
2.48958
2.49218
2.49461
2.49685
2.49939
2.50152
2.50371
2.50622
2.50904
2.51169
2.51418
2.51723
2.51988
2.5231
2.52639
2.53025
2.53372
2.53751
2.54114
2.54511
2.54867
2.55232
2.55653
2.55963
2.56352
2.56701
2.57081
2.57541
2.57984
2.58433
2.58912
2.59301
2.59719
2.60189
2.60616
2.61069
2.61526
2.61984
2.6242
2.6288
2.63339
2.63798
2.64279
2.64708
2.65158
2.65555
2.66019
2.66428
2.6683
2.67271
2.67679
2.68076
2.68414
2.68835
2.69196
2.69565
2.6992
2.70185
2.70482
2.7076
2.70995
2.71233
2.71427
2.71622
2.71914
2.72086
2.72208
2.72256
2.7235
2.72391
2.72404
2.72435
2.72363
2.72259
2.72123
2.72002
2.7187
2.71631
2.71405
2.71069
2.70745
2.70382
2.70005
2.69589
2.69132
2.68636
2.68099
2.67498
2.66807
2.66219
2.65565
2.64749
2.64013
2.63163
2.62199
2.61268
2.60272
2.59189
2.58139
2.57027
2.55903
2.54767
2.53572
2.52391
2.5113
2.49863
2.48542
2.47265
2.45939
2.4454
2.43167
2.41749
2.40288
2.38786
2.37269
2.35764
2.34247
2.32746
2.31214
2.29677
2.28161
2.26643
2.25079
2.23518
2.21938
2.20364
2.18896
2.17389
2.15895
2.14366
2.12973
2.11525
2.10119
2.08685
2.0732
2.0593
2.04611
2.03293
2.02
2.00735
1.9952
1.98335
1.97154
1.96027
1.94906
1.9384
1.92853
1.91825
1.90853
1.89889
1.8898
1.8808
1.87188
1.86351
1.85498
1.84772
1.84029
1.83342
1.82636
1.81935
1.81312
1.80742
1.80152
1.79613
1.79101
1.78591
1.7813
1.77669
1.77305
1.7689
1.76523
1.76128
1.75778
1.75447
1.7516
1.74891
1.74639
1.74429
1.74209
1.7403
1.73841
1.73594
1.73432
1.73284
1.73148
1.73
1.72815
1.72738
1.72647
1.72567
1.72545
1.72533
1.72483
1.72443
1.72436
1.72414
1.72402
1.72398
1.72404
1.72395
1.72371
1.72427
1.72493
1.72544
1.72556
1.726
1.72629
1.72692
1.72811
1.72939
1.731
1.73173
1.73302
1.73463
1.73609
1.73738
1.73922
1.74114
1.7436
1.74541
1.74776
1.74993
1.75118
1.7532
1.75526
1.75736
1.75948
1.76187
1.76403
1.76596
1.76813
1.77126
1.77341
1.77602
1.77812
1.77993
1.7817
1.78342
1.78532
1.78691
1.78842
1.78961
1.79143
1.7929
1.79452
1.79602
1.79692
1.79745
1.79858
1.79885
1.79971
1.80018
1.80003
1.8002
1.80071
1.8001
1.80006
1.79987
1.79952
1.79854
1.79788
1.79684
1.79541
1.79384
1.79236
1.79099
1.78901
1.78691
1.78516
1.78282
1.78014
1.77784
1.77569
1.77274
1.77067
1.76758
1.76516
1.76245
1.75946
1.75693
1.75414
1.75111
1.74905
1.74628
1.74353
1.74106
1.73864
1.73626
1.7342
1.73148
1.72933
1.72655
1.72411
1.72154
1.71957
1.71821
1.71698
1.71565
1.71448
1.71321
1.71235
1.71141
1.71041
1.71006
1.70966
1.70945
1.70942
1.70935
1.70948
1.7103
1.71131
1.7123
1.71301
1.71465
1.71626
1.71785
1.72036
1.72357
1.72627
1.72894
1.73229
1.73561
1.7389
1.74238
1.74607
1.75043
1.75426
1.75852
1.76295
1.76732
1.77235
1.77777
1.78215
1.78692
1.79159
1.79711
1.80276
1.80852
1.81414
1.8201
1.82591
1.83154
1.8382
1.84442
1.85093
1.85697
1.86326
1.86956
1.87607
1.88208
1.88804
1.89419
1.9005
1.90624
1.91237
1.91814
1.92378
1.92904
1.93511
1.94077
1.94576
1.95081
1.95541
1.9598
1.96324
1.96693
1.97038
1.97382
1.97725
1.98017
1.98259
1.98473
1.98684
1.98868
1.99073
1.99225
1.99326
1.99401
1.99424
1.99445
1.99441
1.99412
1.99382
1.99282
1.99159
1.99039
1.98826
1.98691
1.98538
1.98345
1.98114
1.97893
1.97684
1.97465
1.9719
1.96835
1.96523
1.96206
1.95888
1.95569
1.95323
1.95055
1.94816
1.94559
1.94333
1.94115
1.9386
1.93616
1.93433
1.93216
1.93039
1.92902
1.92734
1.92609
1.92503
1.92417
1.92377
1.92334
1.92337
1.92292
1.92269
1.92343
1.92392
1.92442
1.92565
1.92713
1.9291
1.93108
1.93355
1.93603
1.93852
1.94126
1.94448
1.94771
1.95141
1.95464
1.95857
1.96298
1.96786
1.97344
1.97851
1.9838
1.98953
1.99524
2.0009
2.00748
2.01377
2.02024
2.02666
2.03326
2.04027
2.04745
2.05456
2.06182
2.06948
2.07728
2.08524
2.09333
2.10204
2.11041
2.11914
2.12751
2.13599
2.14483
2.15378
2.16283
2.17149
2.18072
2.18956
2.19944
2.20914
2.21916
2.22923
2.23935
2.24904
2.25828
2.26779
2.27732
2.28735
2.29714
