-5.15947
-5.15922
-5.15897
-5.15918
-5.15879
-5.15856
-5.15835
-5.15815
-5.15781
-5.1575
-5.1572
-5.15737
-5.15726
-5.15718
-5.15743
-5.15724
-5.15709
-5.15696
-5.15701
-5.1571
-5.15706
-5.15721
-5.15739
-5.15744
-5.15784
-5.15826
-5.15872
-5.15906
-5.15943
-5.16014
-5.16072
-5.16074
-5.16109
-5.16162
-5.16189
-5.16263
-5.16326
-5.16361
-5.16445
-5.16501
-5.16591
-5.16668
-5.16748
-5.168
-5.16854
-5.16942
-5.17016
-5.17153
-5.17232
-5.17329
-5.17367
-5.17467
-5.17539
-5.17628
-5.17733
-5.17841
-5.17964
-5.18105
-5.18277
-5.1839
-5.18519
-5.18603
-5.18719
-5.18851
-5.18984
-5.19117
-5.1925
-5.19415
-5.19534
-5.19654
-5.19773
-5.19893
-5.20027
-5.20146
-5.20264
-5.20382
-5.20544
-5.20659
-5.20729
-5.20842
-5.20953
-5.21063
-5.21186
-5.21277
-5.21396
-5.21467
-5.21551
-5.21632
-5.21694
-5.21799
-5.21886
-5.22014
-5.22109
-5.22184
-5.22301
-5.22353
-5.22431
-5.22459
-5.22513
-5.22547
-5.22607
-5.22661
-5.22711
-5.22771
-5.22795
-5.22815
-5.22844
-5.22868
-5.22902
-5.22886
-5.22909
-5.22928
-5.22926
-5.22904
-5.22877
-5.22815
-5.22764
-5.22692
-5.22676
-5.22611
-5.22526
-5.22422
-5.22314
-5.22247
-5.22177
-5.22103
-5.21996
-5.21932
-5.21864
-5.21794
-5.21706
-5.21617
-5.21525
-5.21462
-5.21367
-5.21285
-5.21233
-5.21135
-5.21021
-5.20906
-5.20806
-5.20721
-5.20606
-5.20492
-5.20407
-5.20263
-5.2018
-5.20098
-5.19956
-5.19876
-5.19782
-5.19689
-5.19582
-5.19477
-5.19388
-5.19315
-5.19229
-5.19174
-5.19136
-5.19009
-5.18914
-5.1885
-5.18787
-5.18696
-5.18606
-5.18562
-5.18519
-5.18447
-5.18345
-5.18259
-5.18188
-5.18088
-5.17988
-5.17903
-5.17848
-5.17763
-5.17677
-5.17635
-5.17563
-5.17535
-5.17445
-5.17354
-5.17291
-5.17241
-5.17174
-5.1703
-5.16958
-5.16869
-5.16822
-5.16727
-5.16598
-5.16481
-5.16375
-5.16235
-5.16137
-5.16034
-5.15927
-5.15815
-5.15639
-5.15533
-5.15423
-5.15262
-5.15096
-5.14986
-5.14826
-5.14661
-5.14475
-5.14314
-5.14119
-5.13948
-5.13773
-5.13609
-5.13425
-5.13221
-5.12998
-5.12832
-5.12601
-5.12368
-5.12116
-5.11891
-5.11694
-5.11481
-5.1125
-5.11018
-5.10815
-5.10596
-5.10362
-5.10128
-5.09911
-5.09679
-5.09448
-5.09174
-5.08948
-5.08694
-5.08459
-5.08242
-5.08029
-5.07835
-5.0763
-5.0743
-5.07235
-5.07044
-5.0689
-5.06741
-5.06583
-5.06415
-5.06253
-5.06143
-5.05978
-5.05834
-5.0568
-5.05548
-5.05406
-5.05285
-5.0517
-5.0509
-5.05015
-5.04946
-5.04881
-5.04806
-5.04706
-5.04609
-5.04547
-5.04489
-5.04375
-5.04293
-5.04306
-5.04262
-5.04206
-5.04183
-5.04102
-5.04053
-5.04008
-5.03979
-5.03908
-5.03869
-5.03788
-5.03754
-5.03706
-5.03692
-5.03664
-5.03654
-5.03677
-5.03657
-5.03639
-5.03639
-5.03626
-5.03601
-5.03609
-5.03605
-5.0362
-5.03622
-5.03628
-5.03622
-5.03635
-5.03652
-5.03687
-5.03681
-5.03695
-5.03712
-5.03764
-5.03835
-5.03865
-5.03944
-5.04013
-5.04071
-5.04164
-5.04231
-5.04317
-5.04393
-5.04473
-5.04542
-5.04631
-5.04724
-5.04836
-5.04922
-5.05012
-5.05121
-5.05204
-5.05336
-5.05456
-5.05565
-5.05692
-5.05838
-5.05971
-5.06138
-5.06263
-5.0645
-5.06595
-5.06743
-5.06892
-5.07029
-5.07153
-5.07308
-5.07451
-5.0761
-5.0777
-5.07932
-5.08094
-5.08243
-5.08408
-5.08573
-5.08739
-5.08905
-5.09087
-5.09253
-5.0942
-5.09602
-5.09768
-5.09935
-5.101
-5.10265
-5.1046
-5.10624
-5.10771
-5.10918
-5.11048
-5.11208
-5.1135
-5.11507
-5.11677
-5.11845
-5.11997
-5.12131
-5.12233
-5.12409
-5.12538
-5.12709
-5.12878
-5.13014
-5.13133
-5.13264
-5.13362
-5.13502
-5.13624
-5.13773
-5.13904
-5.14031
-5.14125
-5.14245
-5.14331
-5.14443
-5.14536
-5.14655
-5.14739
-5.14834
-5.1488
-5.1495
-5.15016
-5.15077
-5.15148
-5.15214
-5.15244
-5.15269
-5.15319
-5.15348
-5.15446
-5.15479
-5.15461
-5.15451
-5.15466
-5.1546
-5.15463
-5.15414
-5.15375
-5.15359
-5.15307
-5.15264
-5.152
-5.1513
-5.15084
-5.14987
-5.14914
-5.14836
-5.14767
-5.14677
-5.14568
-5.14483
-5.14409
-5.14299
-5.14185
-5.14067
-5.13945
-5.13834
-5.13675
-5.13543
-5.13393
-5.13241
-5.13057
-5.12916
-5.12774
-5.12617
-5.12474
-5.12317
-5.1216
-5.12035
-5.1188
-5.11758
-5.11639
-5.11523
-5.11379
-5.1127
-5.11166
-5.11051
-5.10941
-5.10837
-5.1074
-5.10663
-5.10609
-5.10547
-5.10492
-5.1043
-5.10346
-5.10315
-5.10278
-5.10265
-5.1026
-5.10234
-5.10232
-5.1027
-5.10301
-5.10326
-5.10406
-5.10419
-5.10485
-5.10545
-5.10644
-5.10721
-5.10775
-5.10837
-5.10951
-5.11043
-5.11155
-5.11259
-5.11369
-5.11545
-5.11695
-5.11835
-5.1198
-5.12143
-5.1228
-5.12435
-5.12592
-5.12722
-5.12869
-5.13017
-5.13167
-5.13318
-5.1347
-5.13622
-5.13789
-5.13942
-5.14139
-5.14306
-5.14442
-5.14592
-5.14757
-5.14935
-5.15097
-5.15258
-5.15449
-5.15607
-5.15765
-5.15921
-5.1606
-5.16198
-5.16365
-5.16516
-5.16665
-5.16828
-5.1696
-5.1706
-5.17205
-5.17348
-5.17491
-5.17662
-5.17833
-5.17972
-5.18156
-5.18278
-5.18429
-5.18595
-5.18729
-5.18862
-5.1901
-5.1911
-5.1924
-5.19353
-5.1945
-5.1956
-5.1973
-5.19852
-5.20002
-5.20091
-5.20222
-5.20337
-5.20449
-5.20528
-5.20651
-5.2077
-5.20827
-5.20926
-5.21021
-5.21129
-5.21234
-5.2132
-5.21417
-5.21497
-5.21587
-5.21644
-5.21727
-5.21792
-5.21853
-5.2194
-5.22008
-5.22042
-5.22103
-5.22145
-5.22182
-5.22201
-5.22216
-5.22243
-5.22265
-5.22269
-5.22285
-5.22266
-5.2226
-5.22265
-5.22236
-5.22235
-5.22245
-5.22237
-5.22227
-5.22213
-5.22212
-5.22208
-5.22171
-5.22117
-5.22075
-5.22091
-5.2206
-5.22026
-5.2199
-5.21968
-5.21943
-5.21872
-5.21829
-5.21784
-5.21768
-5.2172
-5.21672
-5.21606
-5.2157
-5.21548
-5.21495
-5.21441
-5.21387
-5.21332
-5.21276
-5.2119
-5.21119
-5.21078
-5.21037
-5.20966
-5.20895
-5.20825
-5.20741
-5.20672
-5.20619
-5.20551
-5.20515
-5.20465
-5.20416
-5.20398
-5.20367
-5.20352
-5.20309
-5.20297
-5.20272
-5.20293
-5.20257
-5.20237
-5.20218
-5.20172
-5.20172
-5.20159
-5.20117
-5.20107
-5.20084
-5.20077
-5.20041
-5.20007
-5.19974
-5.19972
-5.19926
-5.19896
-5.19927
-5.19914
-5.19871
-5.19888
-5.1989
-5.19862
-5.19834
-5.1982
-5.19806
-5.19791
-5.19789
-5.19756
-5.19737
-5.19747
-5.19739
-5.19684
-5.19612
-5.19597
-5.19565
-5.19545
-5.19491
-5.19449
-5.19388
-5.19369
-5.19286
-5.19229
-5.19167
-5.19116
-5.19045
-5.1897
-5.18874
-5.18773
-5.18652
-5.18571
-5.1847
-5.18348
-5.18265
-5.18132
-5.17978
-5.17833
-5.17698
-5.17542
-5.17395
-5.17213
-5.17085
-5.16907
-5.16753
-5.16548
-5.16338
-5.16154
-5.15979
-5.15785
-5.15602
-5.15398
-5.15161
-5.1492
-5.14721
-5.14504
-5.14299
-5.14061
-5.13852
-5.13656
-5.13444
-5.13231
-5.13018
-5.12775
-5.12532
-5.12275
-5.12066
-5.11843
-5.11608
-5.11376
-5.11148
-5.10955
-5.10735
-5.10537
-5.10359
-5.10157
-5.09977
-5.09758
-5.09578
-5.09406
-5.09287
-5.09147
-5.09031
-5.08909
-5.08782
-5.08664
-5.08572
-5.08444
-5.08372
-5.0831
-5.08243
-5.08171
-5.08139
-5.08117
-5.0809
-5.08087
-5.08093
-5.08123
-5.08147
-5.08164
-5.08203
-5.0825
-5.08304
-5.08378
-5.08459
-5.085
-5.08575
-5.08625
-5.08739
-5.08811
-5.08885
-5.08961
-5.09054
-5.09178
-5.09288
-5.09367
-5.09461
-5.09555
-5.09677
-5.09767
-5.09856
-5.09927
-5.1004
-5.10091
-5.10168
-5.10242
-5.10313
-5.10395
-5.10458
-5.10533
-5.10574
-5.1061
-5.10659
-5.10703
-5.10774
-5.10811
-5.10829
-5.10875
-5.10917
-5.10926
-5.10962
-5.10996
-5.11027
-5.11056
-5.11083
-5.11063
-5.11056
-5.11094
-5.11115
-5.11091
-5.1108
-5.11085
-5.11075
-5.11095
-5.11085
-5.11137
-5.11144
-5.11121
-5.11131
-5.11142
-5.11125
-5.11139
-5.11141
-5.11175
-5.11211
-5.1125
-5.11291
-5.11304
-5.11335
-5.11369
-5.1139
-5.11429
-5.11455
-5.11499
-5.11575
-5.11624
-5.11676
-5.11729
-5.1177
-5.11812
-5.11887
-5.11964
-5.12057
-5.12151
-5.12217
-5.12284
-5.12352
-5.12405
-5.12474
-5.12543
-5.12643
-5.12698
-5.12752
-5.12822
-5.12937
-5.13021
-5.13119
-5.13187
-5.133
-5.13366
-5.13431
-5.13496
-5.13574
-5.13636
-5.13712
-5.13802
-5.13861
-5.13918
-5.13959
-5.14014
-5.14022
-5.14058
-5.14109
-5.14172
-5.14219
-5.14265
-5.14323
-5.1435
-5.14374
-5.14411
-5.14416
-5.14449
-5.14465
-5.14462
-5.14442
-5.14479
-5.14499
-5.14515
-5.14558
-5.14582
-5.14572
-5.14574
-5.14571
-5.1458
-5.14584
-5.14539
-5.14504
-5.14495
-5.14496
-5.14446
-5.14392
-5.14348
-5.14283
-5.14198
-5.14138
-5.14088
-5.14017
-5.13941
-5.13844
-5.13742
-5.1368
-5.13598
-5.1351
-5.13433
-5.13305
-5.13232
-5.13124
-5.12967
-5.1282
-5.12683
-5.12528
-5.12368
-5.12235
-5.12083
-5.11928
-5.1177
-5.11578
-5.11415
-5.11249
-5.11097
-5.10928
-5.10773
-5.10587
-5.10416
-5.10244
-5.10073
-5.09888
-5.09719
-5.09566
-5.09401
-5.09268
-5.09108
-5.08966
-5.08844
-5.08695
-5.08595
-5.08456
-5.08321
-5.08192
-5.08024
-5.07892
-5.07751
-5.07677
-5.07595
-5.07505
-5.07421
-5.07374
-5.07289
-5.07225
-5.07168
-5.07133
-5.07104
-5.0705
-5.07017
-5.06928
-5.0689
-5.06856
-5.0681
-5.06798
-5.06789
-5.06767
-5.06746
-5.06727
-5.06753
-5.06749
-5.06775
-5.06768
-5.0673
-5.06705
-5.06692
-5.06705
-5.06655
-5.066
-5.06571
-5.06491
-5.06436
-5.06376
-5.06324
-5.06282
-5.06232
-5.06207
-5.06145
-5.06061
-5.06
-5.05902
-5.05783
-5.05702
-5.05584
-5.05445
-5.05315
-5.05163
-5.05021
-5.04857
-5.04734
-5.0456
-5.04381
-5.04243
-5.04071
-5.03864
-5.03699
-5.03546
-5.0336
-5.03171
-5.02966
-5.02788
-5.02579
-5.02429
-5.02233
-5.02068
-5.01872
-5.01646
-5.01437
-5.01273
-5.01112
-5.00922
-5.00689
-5.00504
-5.00261
-5.00097
-4.99921
-4.99733
-4.9958
-4.99446
-4.99302
-4.99162
-4.99027
-4.98868
-4.98743
-4.98609
-4.98495
-4.98387
-4.98285
-4.98159
-4.98054
-4.97955
-4.97862
-4.9776
-4.97649
-4.97575
-4.97522
-4.97445
-4.9739
-4.97356
-4.97328
-4.97277
-4.97261
-4.97252
-4.97219
-4.97207
-4.97185
-4.97154
-4.9719
-4.97216
-4.97217
-4.97209
-4.97281
-4.97299
-4.97366
-4.97409
-4.97456
-4.97492
-4.97534
-4.97625
-4.97659
-4.97729
-4.97772
-4.97849
-4.9793
-4.98015
-4.98087
-4.98194
-4.98304
-4.98387
-4.98458
-4.98547
-4.98654
-4.98779
-4.98907
-4.99023
-4.99141
-4.99276
-4.99369
-4.99495
-4.99608
-4.99769
-4.99872
-5.00008
-5.00161
-5.00318
-5.00431
-5.00547
-5.00696
-5.00863
-5.00988
-5.01146
-5.01307
-5.01411
-5.01549
-5.0172
-5.0191
-5.02089
-5.02227
-5.02383
-5.0259
-5.02785
-5.03
-5.03174
-5.03399
-5.03628
-5.03832
-5.04041
-5.0427
-5.04505
-5.04774
-5.05004
-5.05255
-5.05495
-5.05772
-5.06038
-5.06295
-5.06573
-5.06871
-5.07174
-5.07438
-5.07736
-5.0801
-5.08318
-5.08632
-5.08965
-5.09287
-5.09584
-5.09945
-5.1028
-5.10619
-5.10945
-5.1129
-5.11638
-5.11988
-5.12325
-5.12694
-5.1305
-5.13422
-5.1381
-5.14184
-5.14527
-5.1487
-5.15227
-5.15553
-5.15908
-5.1626
-5.16611
-5.16958
-5.17288
-5.17614
-5.17966
-5.18298
-5.18611
-5.18918
-5.1922
-5.19515
-5.1982
-5.20117
-5.20392
-5.20675
-5.20964
-5.21215
-5.21457
-5.21705
-5.21959
-5.22188
-5.22377
-5.2254
-5.22738
-5.22895
-5.23086
-5.23235
-5.23403
-5.23529
-5.23658
-5.2376
-5.2388
-5.23972
-5.24036
-5.24088
-5.24127
-5.24184
-5.24212
-5.24213
-5.24201
-5.24221
-5.24168
-5.24148
-5.241
-5.24009
-5.23951
-5.23911
-5.23814
-5.23705
-5.23599
-5.23481
-5.23322
-5.23182
-5.23017
-5.2284
-5.22638
-5.22441
-5.22234
-5.22018
-5.21778
-5.21544
-5.21317
-5.21052
-5.2081
-5.2053
-5.20258
-5.2001
-5.19757
-5.19468
-5.19173
-5.1889
-5.18602
-5.18281
-5.17986
-5.17689
-5.1739
-5.17059
-5.16757
-5.16455
-5.16122
-5.1582
-5.15534
-5.15235
-5.14907
-5.14596
-5.14289
-5.13985
-5.137
-5.13405
-5.13144
-5.12859
-5.1258
-5.12262
-5.11997
-5.11739
-5.11473
-5.11261
-5.11042
-5.10833
-5.10617
-5.10442
-5.10246
-5.10061
-5.09886
-5.09737
-5.09569
-5.09428
-5.09313
-5.09179
-5.09072
-5.09007
-5.08894
-5.08807
-5.08762
-5.08745
-5.08724
-5.08654
-5.08625
-5.08624
-5.08618
-5.08683
-5.08714
-5.08755
-5.08791
-5.08867
-5.08937
-5.09047
-5.0915
-5.09231
-5.09335
-5.09431
-5.09579
-5.09689
-5.09819
-5.09955
-5.10142
-5.10288
-5.10453
-5.10576
-5.10748
-5.10877
-5.11054
-5.11128
-5.11293
-5.11505
-5.11672
-5.11839
-5.12036
-5.12202
-5.12367
-5.12545
-5.12722
-5.12897
-5.13069
-5.13238
-5.13358
-5.13551
-5.13635
-5.13745
-5.1385
-5.14012
-5.14124
-5.14232
-5.14319
-5.14432
-5.14525
-5.14612
-5.14724
-5.14831
-5.14917
-5.15014
-5.15089
-5.15159
-5.15224
-5.15283
-5.15322
-5.15355
-5.15398
-5.15436
-5.15454
-5.15482
-5.1549
-5.15493
-5.15492
-5.15501
-5.15506
-5.15508
-5.1552
-5.15498
-5.15488
-5.15459
-5.15472
-5.15482
-5.15444
-5.15434
-5.15405
-5.15375
-5.15312
-5.15277
-5.15225
-5.15157
-5.15117
-5.15046
-5.15003
-5.14944
-5.14885
-5.14854
-5.14808
-5.14746
-5.14744
-5.14712
-5.14694
-5.14646
-5.14598
-5.14565
-5.14486
-5.14484
-5.14375
-5.14312
-5.1425
-5.14188
-5.14156
-5.14125
-5.14079
-5.14079
-5.14034
-5.1399
-5.13931
-5.13888
-5.13801
-5.13744
-5.13703
-5.13664
-5.13625
-5.13571
-5.13519
-5.13498
-5.13464
-5.13385
-5.13337
-5.13306
-5.13276
-5.13293
-5.13266
-5.13226
-5.13202
-5.13181
-5.13115
-5.13112
-5.13081
-5.13067
-5.1304
-5.13061
-5.13054
-5.13064
-5.13046
-5.13001
-5.12989
-5.12995
-5.12988
-5.12984
-5.12983
-5.1297
-5.1299
-5.12983
-5.12994
-5.13054
-5.13056
-5.13077
-5.13101
-5.13128
-5.13204
-5.13267
-5.13349
-5.13404
-5.13491
-5.13567
-5.13616
-5.13682
-5.13751
-5.13823
-5.13867
-5.13928
-5.13992
-5.13997
-5.1402
-5.14165
-5.14252
-5.14355
-5.1446
-5.14535
-5.14627
-5.14719
-5.14797
-5.1486
-5.14968
-5.15077
-5.15185
-5.15292
-5.15369
-5.15459
-5.15503
-5.15561
-5.15632
-5.15732
-5.15814
-5.1594
-5.16032
-5.16107
-5.16209
-5.16308
-5.16404
-5.1648
-5.16523
-5.16607
-5.16657
-5.16733
-5.16819
-5.16855
-5.16932
-5.16958
-5.16964
-5.16949
-5.16959
-5.16948
-5.16947
-5.16939
-5.16955
-5.16965
-5.16924
-5.16875
-5.16851
-5.16804
-5.16781
-5.1669
-5.16638
-5.16578
-5.16481
-5.16361
-5.16279
-5.16174
-5.16062
-5.15926
-5.15799
-5.15663
-5.15519
-5.15383
-5.15208
-5.15011
-5.14866
-5.14667
-5.14491
-5.14292
-5.14084
-5.13869
-5.1363
-5.13384
-5.13145
-5.12883
-5.12644
-5.12367
-5.12098
-5.11821
-5.11506
-5.11185
-5.10902
-5.10582
-5.10209
-5.09906
-5.09597
-5.09296
-5.08945
-5.08633
-5.083
-5.07947
-5.07604
-5.07241
-5.06859
-5.06473
-5.06128
-5.05765
-5.05383
-5.04983
-5.04596
-5.04222
-5.03816
-5.03393
-5.0303
-5.02636
-5.02272
-5.01847
-5.01408
-5.00985
-5.00579
-5.0016
-4.99788
-4.99403
-4.98992
-4.98599
-4.98271
-4.97917
-4.97552
-4.97179
-4.96826
-4.96479
-4.96154
-4.95822
-4.95437
-4.95166
-4.94858
-4.94514
-4.9421
-4.93885
-4.93632
-4.93374
-4.93112
-4.92892
-4.92669
-4.92474
-4.92261
-4.92076
-4.9189
-4.91733
-4.91544
-4.91415
-4.9127
-4.91171
-4.91086
-4.91032
-4.90992
-4.90954
-4.9093
-4.90908
-4.90931
-4.9097
-4.91039
-4.91109
-4.91194
-4.9128
-4.91396
-4.91512
-4.91657
-4.91817
-4.91991
-4.92164
-4.9235
-4.9255
-4.92746
-4.92971
-4.93176
-4.93409
-4.93636
-4.93874
-4.94167
-4.94469
-4.94749
-4.95037
-4.95332
-4.95648
-4.95971
-4.96299
-4.96646
-4.97012
-4.97322
-4.97634
-4.97978
-4.98324
-4.98686
-4.99033
-4.99394
-4.99724
-5.00053
-5.00394
-5.00703
-5.01009
-5.01325
-5.01699
-5.02052
-5.02355
-5.02728
-5.03035
-5.03336
-5.03615
-5.03887
-5.04166
-5.04453
-5.04702
-5.05004
-5.05282
-5.05521
-5.05766
-5.06018
-5.06216
-5.0642
-5.06599
-5.0677
-5.06976
-5.07128
-5.07286
-5.0748
-5.07619
-5.07795
-5.07871
-5.07968
-5.08087
-5.08182
-5.08253
-5.08331
-5.08417
-5.08479
-5.08519
-5.08567
-5.08593
-5.08611
-5.08624
-5.08616
-5.08647
-5.08658
-5.08663
-5.08665
-5.08692
-5.08655
-5.08645
-5.08633
-5.08632
-5.086
-5.08596
-5.08576
-5.0854
-5.08504
-5.08498
-5.08447
-5.08427
-5.08409
-5.08393
-5.08348
-5.08321
-5.08312
-5.0823
-5.08213
-5.08214
-5.08234
-5.08259
-5.08258
-5.08276
-5.08299
-5.08282
-5.08331
-5.08384
-5.08443
-5.08462
-5.08547
-5.08607
-5.08657
-5.08758
-5.0885
-5.08976
-5.09017
-5.09139
-5.09235
-5.09336
-5.09427
-5.09522
-5.09591
-5.09724
-5.09847
-5.10018
-5.10118
-5.10266
-5.10388
-5.10512
-5.10624
-5.10754
-5.10901
-5.11035
-5.11172
-5.11355
-5.11525
-5.11652
-5.11809
-5.11999
-5.12158
-5.12319
-5.12465
-5.12627
-5.12758
-5.12921
-5.13067
-5.13229
-5.13391
-5.13582
-5.13758
-5.13918
-5.14047
-5.14235
-5.14408
-5.14564
-5.14704
-5.14887
-5.15055
-5.15205
-5.15354
-5.15486
-5.15631
-5.15774
-5.159
-5.16084
-5.16235
-5.16354
-5.16486
-5.16615
-5.16741
-5.16895
-5.17015
-5.17087
-5.17202
-5.17374
-5.17467
-5.17602
-5.17718
-5.17816
-5.17925
-5.18015
-5.18116
-5.18228
-5.18291
-5.18335
-5.1842
-5.18485
-5.18545
-5.18632
-5.18728
-5.18745
-5.18741
-5.18763
-5.18765
-5.18807
-5.18814
-5.1883
-5.18856
-5.18861
-5.18877
-5.18886
-5.1889
-5.18843
-5.18865
-5.18836
-5.18817
-5.18776
-5.18729
-5.18691
-5.18632
-5.18581
-5.18555
-5.18491
-5.18407
-5.183
-5.18202
-5.18113
-5.17987
-5.17884
-5.1776
-5.17629
-5.17506
-5.17377
-5.17195
-5.17021
-5.16856
-5.1667
-5.16491
-5.16305
-5.16128
-5.15944
-5.15754
-5.15526
-5.15292
-5.15066
-5.14818
-5.14579
-5.14364
-5.14081
-5.13838
-5.13573
-5.13286
-5.13024
-5.1274
-5.12496
-5.12185
-5.11883
-5.11591
-5.11263
-5.10915
-5.10607
-5.10248
-5.09899
-5.09561
-5.09218
-5.08885
-5.08518
-5.08161
-5.07831
-5.07468
-5.0707
-5.067
-5.06327
-5.05952
-5.05589
-5.05224
-5.04828
-5.044
-5.04047
-5.03633
-5.03249
-5.02865
-5.02483
-5.02101
-5.01722
-5.01344
-5.0094
-5.00569
-5.00202
-4.99839
-4.99511
-4.99144
-4.98783
-4.98428
-4.98096
-4.97772
-4.97471
-4.97118
-4.96835
-4.96517
-4.96255
-4.95973
-4.95703
-4.95459
-4.95212
-4.94993
-4.94772
-4.94593
-4.94428
-4.94292
-4.94138
-4.93968
-4.93827
-4.93699
-4.93646
-4.93591
-4.93534
-4.93475
-4.93429
-4.93381
-4.93361
-4.93353
-4.93372
-4.93403
-4.9346
-4.93497
-4.9356
-4.93649
-4.93716
-4.93793
-4.93878
-4.93956
-4.94041
-4.94149
-4.94294
-4.94414
-4.9451
-4.94642
-4.94778
-4.94918
-4.95077
-4.9521
-4.95375
-4.95528
-4.95652
-4.95823
-4.95966
-4.96154
-4.96298
-4.96457
-4.96631
-4.96789
-4.96976
-4.97116
-4.97271
-4.97438
-4.97513
-4.97675
-4.9779
-4.97963
-4.98132
-4.98253
-4.984
-4.98543
-4.98653
-4.98758
-4.98874
-4.98925
-4.99002
-4.9912
-4.99203
-4.99282
-4.9937
-4.99469
-4.99548
-4.99637
-4.99707
-4.99756
-4.99876
-4.99916
-4.99966
-5.00011
-5.00021
-5.00072
-5.00103
-5.00129
-5.00152
-5.00139
-5.00152
-5.00177
-5.00197
-5.00184
-5.00181
-5.00206
-5.00196
-5.00199
-5.00199
-5.00165
-5.00144
-5.00136
-5.00096
-5.00083
-5.00039
-5.00038
-4.99992
-4.99989
-4.99955
-4.99921
-4.99887
-4.99852
-4.99833
-4.99815
-4.99813
-4.99766
-4.99721
-4.99692
-4.9965
-4.9961
-4.99603
-4.99568
-4.99552
-4.99523
-4.99527
-4.9952
-4.99532
-4.99518
-4.99477
-4.99486
-4.99514
-4.99532
-4.99509
-4.99521
-4.99567
-4.99588
-4.99645
-4.99706
-4.99771
-4.99872
-4.99947
-4.99997
-5.00096
-5.0017
-5.00247
-5.00329
-5.00385
-5.00444
-5.00522
-5.00589
-5.00673
-5.00776
-5.00867
-5.00975
-5.01086
-5.01184
-5.01329
-5.0146
-5.01608
-5.01727
-5.01863
-5.01968
-5.02105
-5.02257
-5.02394
-5.02515
-5.02667
-5.02772
-5.02892
-5.03042
-5.0319
-5.03321
-5.03467
-5.03595
-5.03737
-5.03861
-5.03983
-5.04102
-5.04219
-5.04303
-5.04398
-5.04491
-5.04564
-5.0465
-5.04716
-5.04794
-5.04868
-5.04907
-5.05003
-5.05048
-5.05105
-5.05171
-5.05233
-5.05275
-5.05312
-5.05329
-5.05326
-5.05348
-5.05319
-5.05361
-5.05352
-5.05369
-5.05395
-5.05416
-5.05417
-5.05383
-5.05374
-5.0536
-5.05311
-5.05273
-5.05214
-5.05137
-5.0507
-5.05014
-5.04954
-5.0489
-5.04823
-5.04767
-5.04694
-5.04617
-5.04553
-5.04487
-5.04418
-5.04318
-5.04216
-5.04173
-5.04055
-5.0395
-5.03861
-5.03771
-5.03637
-5.03533
-5.03461
-5.03345
-5.03276
-5.03163
-5.03068
-5.02976
-5.02887
-5.02831
-5.02778
-5.0273
-5.0267
-5.02585
-5.0255
-5.02504
-5.02449
-5.02414
-5.02354
-5.02316
-5.02283
-5.02272
-5.02267
-5.02284
-5.02292
-5.02307
-5.02344
-5.02389
-5.02425
-5.02438
-5.02488
-5.02545
-5.02595
-5.02667
-5.02761
-5.02862
-5.02955
-5.0307
-5.03162
-5.0326
-5.0338
-5.03537
-5.03655
-5.03794
-5.03969
-5.04119
-5.0426
-5.04437
-5.04588
-5.04713
-5.04874
-5.05099
-5.05297
-5.05515
-5.0569
-5.05884
-5.06095
-5.06293
-5.06479
-5.06681
-5.0687
-5.07074
-5.0731
-5.07516
-5.07707
-5.07898
-5.08088
-5.08292
-5.0848
-5.08697
-5.08897
-5.0911
-5.09306
-5.09529
-5.09689
-5.09891
-5.10074
-5.10285
-5.10431
-5.10573
-5.10787
-5.10951
-5.11126
-5.11236
-5.11371
-5.11501
-5.11642
-5.11747
-5.11862
-5.11973
-5.12063
-5.12193
-5.12303
-5.12392
-5.12476
-5.12571
-5.12615
-5.12714
-5.12794
-5.12883
-5.12983
-5.13063
-5.13124
-5.13195
-5.13293
-5.13356
-5.134
-5.13455
-5.13492
-5.13541
-5.13556
-5.13598
-5.13623
-5.1366
-5.13665
-5.13682
-5.13683
-5.13697
-5.13679
-5.13721
-5.13701
-5.13695
-5.13719
-5.13727
-5.1375
-5.13788
-5.13811
-5.13804
-5.13813
-5.13822
-5.13802
-5.13812
-5.13839
-5.13867
-5.13896
-5.13942
-5.13974
-5.14007
-5.14011
-5.14033
-5.14055
-5.14034
-5.14075
-5.14102
-5.14146
-5.14176
-5.14207
-5.1424
-5.14289
-5.14339
-5.14375
-5.14396
-5.14419
-5.14472
-5.1451
-5.14548
-5.14587
-5.14595
-5.14603
-5.14625
-5.14661
-5.14667
-5.14701
-5.14764
-5.14796
-5.14825
-5.14823
-5.14878
-5.14886
-5.14891
-5.14908
-5.14908
-5.14904
-5.14911
-5.14946
-5.14931
-5.14912
-5.14905
-5.14863
-5.14832
-5.14811
-5.14801
-5.14741
-5.14722
-5.14652
-5.14593
-5.14574
-5.1452
-5.14461
-5.14397
-5.14329
-5.14255
-5.14161
-5.14078
-5.13959
-5.13851
-5.13783
-5.13696
-5.13543
-5.13402
-5.13286
-5.13181
-5.13057
-5.12945
-5.12828
-5.12663
-5.12494
-5.12353
-5.12208
-5.1206
-5.1191
-5.11742
-5.11571
-5.11429
-5.1127
-5.11124
-5.10962
-5.10753
-5.10559
-5.10424
-5.10213
-5.10063
-5.09897
-5.09716
-5.09521
-5.09356
-5.09192
-5.0903
-5.08869
-5.08694
-5.08521
-5.08351
-5.08198
-5.08077
-5.07944
-5.07799
-5.07688
-5.07549
-5.07445
-5.07314
-5.07172
-5.07034
-5.06886
-5.06787
-5.06724
-5.0662
-5.06521
-5.06427
-5.06309
-5.06226
-5.06149
-5.06078
-5.05983
-5.05923
-5.05855
-5.05793
-5.05737
-5.05673
-5.05676
-5.05655
-5.05641
-5.05603
-5.05618
-5.05625
-5.05638
-5.05659
-5.05701
-5.05751
-5.05792
-5.05826
-5.05867
-5.0596
-5.0603
-5.06123
-5.06238
-5.06329
-5.06474
-5.0658
-5.06724
-5.06844
-5.06972
-5.07106
-5.07202
-5.07366
-5.07521
-5.07684
-5.07867
-5.08058
-5.08255
-5.08459
-5.08638
-5.08824
-5.09001
-5.09199
-5.09418
-5.09658
-5.09888
-5.10138
-5.10394
-5.10655
-5.10921
-5.11191
-5.11451
-5.11745
-5.12028
-5.12299
-5.12604
-5.12897
-5.13194
-5.13462
-5.13749
-5.14037
-5.14357
-5.14634
-5.14912
-5.15237
-5.15532
-5.15827
-5.16108
-5.16373
-5.16684
-5.16948
-5.17257
-5.17534
-5.17825
-5.18114
-5.184
-5.18685
-5.18951
-5.19244
-5.19535
-5.19821
-5.20119
-5.20383
-5.20642
-5.20897
-5.21117
-5.21377
-5.21646
-5.2188
-5.22109
-5.22346
-5.22547
-5.22802
-5.22991
-5.23187
-5.23392
-5.2362
-5.23857
-5.24025
-5.24201
-5.24369
-5.24515
-5.24623
-5.24783
-5.2492
-5.25049
-5.25125
-5.25253
-5.25357
-5.25453
-5.25541
-5.25605
-5.25645
-5.25708
-5.25762
-5.25777
-5.25799
-5.25812
-5.25802
-5.25814
-5.25817
-5.25812
-5.25799
-5.25793
-5.25749
-5.25666
-5.25591
-5.25522
-5.25431
-5.25363
-5.25257
-5.25174
-5.25083
-5.24971
-5.24881
-5.24725
-5.24577
-5.24423
-5.24308
-5.24142
-5.24001
-5.23839
-5.23702
-5.23531
-5.23369
-5.23158
-5.22974
-5.2277
-5.22594
-5.22384
-5.22187
-5.22033
-5.21847
-5.21614
-5.21426
-5.21237
-5.21018
-5.20815
-5.20597
-5.20365
-5.20211
-5.20074
-5.1985
-5.19674
-5.19501
-5.19333
-5.1917
-5.18997
-5.18829
-5.18698
-5.18543
-5.18425
-5.18315
-5.18181
-5.18056
-5.17938
-5.17829
-5.17729
-5.17622
-5.17494
-5.1739
-5.1734
-5.17254
-5.17207
-5.17169
-5.17155
-5.17119
-5.17121
-5.17131
-5.17133
-5.17128
-5.17145
-5.17152
-5.17181
-5.17215
-5.17254
-5.17282
-5.17345
-5.1741
-5.17464
-5.17519
-5.17591
-5.17649
-5.17752
-5.17811
-5.17868
-5.17924
-5.17979
-5.18031
-5.18081
-5.18112
-5.1817
-5.18209
-5.18214
-5.18244
-5.18255
-5.18275
-5.18305
-5.18315
-5.18349
-5.18332
-5.18324
-5.1831
-5.1823
-5.18189
-5.18127
-5.18044
-5.1797
-5.17921
-5.17881
-5.17805
-5.17739
-5.17667
-5.17621
-5.1757
-5.17424
-5.1735
-5.17256
-5.17159
-5.17027
-5.16923
-5.16801
-5.16691
-5.16579
-5.16465
-5.16335
-5.16202
-5.16114
-5.15996
-5.15861
-5.15726
-5.15607
-5.15488
-5.15369
-5.15252
-5.1509
-5.1499
-5.14892
-5.14781
-5.14686
-5.14549
-5.144
-5.14313
-5.14215
-5.14104
-5.13996
-5.13922
-5.13851
-5.13769
-5.1369
-5.13586
-5.13515
-5.13448
-5.13385
-5.13326
-5.13362
-5.13327
-5.13296
-5.13269
-5.13277
-5.13259
-5.13215
-5.13206
-5.13231
-5.132
-5.13189
-5.13182
-5.13179
-5.13181
-5.13156
-5.13166
-5.13179
-5.13197
-5.13218
-5.13259
-5.13287
-5.1332
-5.13356
-5.13395
-5.13423
-5.13484
-5.13532
-5.13599
-5.13638
-5.13725
-5.13784
-5.13845
-5.13924
-5.13989
-5.14056
-5.14139
-5.14209
-5.1431
-5.14367
-5.14439
-5.14483
-5.14556
-5.14645
-5.14734
-5.14823
-5.14866
-5.1497
-5.15057
-5.15113
-5.15183
-5.15267
-5.15334
-5.15415
-5.15494
-5.15556
-5.1563
-5.15688
-5.15788
-5.1584
-5.15905
-5.15936
-5.15995
-5.1605
-5.16087
-5.1609
-5.16119
-5.1616
-5.16152
-5.16169
-5.16138
-5.16133
-5.16108
-5.1611
-5.16108
-5.16116
-5.16061
-5.16032
-5.15999
-5.15963
-5.15938
-5.15926
-5.15926
-5.15877
-5.15857
-5.15865
-5.15827
-5.15802
-5.15762
-5.15736
-5.1565
-5.15596
-5.15558
-5.15522
-5.15488
-5.15458
-5.15431
-5.15408
-5.15405
-5.15393
-5.15372
-5.15417
-5.1541
-5.15455
-5.15493
-5.1548
-5.1552
-5.1557
-5.15645
-5.15729
-5.15839
-5.15943
-5.16028
-5.16123
-5.16258
-5.16389
-5.16545
-5.16666
-5.16842
-5.16981
-5.17176
-5.17348
-5.17529
-5.17718
-5.1793
-5.18149
-5.18449
-5.18665
-5.18931
-5.19187
-5.19447
-5.19696
-5.19947
-5.2017
-5.2044
-5.20651
-5.20877
-5.21149
-5.21435
-5.21675
-5.21897
-5.22163
-5.22395
-5.2264
-5.2291
-5.23177
-5.23408
-5.23635
-5.2384
-5.2404
-5.24249
-5.24466
-5.24661
-5.24833
-5.25044
-5.25246
-5.25426
-5.25582
-5.25745
-5.25884
-5.26014
-5.2615
-5.26248
-5.26351
-5.26444
-5.26544
-5.26619
-5.26684
-5.2674
-5.26771
-5.26823
-5.2682
-5.26808
-5.26801
-5.26799
-5.26774
-5.26784
-5.2674
-5.26732
-5.26669
-5.26628
-5.26563
-5.26474
-5.26436
-5.26345
-5.26215
-5.26062
-5.25946
-5.25777
-5.25646
-5.25537
-5.25375
-5.25221
-5.2509
-5.24953
-5.24778
-5.24597
-5.24424
-5.24215
-5.23985
-5.23765
-5.23554
-5.23338
-5.23086
-5.2286
-5.22645
-5.22425
-5.22171
-5.21959
-5.21712
-5.21448
-5.2118
-5.2097
-5.20711
-5.20451
-5.20173
-5.19909
-5.19613
-5.19346
-5.19092
-5.18838
-5.18584
-5.18299
-5.18014
-5.1776
-5.17461
-5.17208
-5.16941
-5.16691
-5.16442
-5.16195
-5.15965
-5.15723
-5.15483
-5.15231
-5.14937
-5.14722
-5.14466
-5.14213
-5.13994
-5.1378
-5.1357
-5.1332
-5.1312
-5.12925
-5.1272
-5.12476
-5.12328
-5.12186
-5.1199
-5.11815
-5.1157
-5.11408
-5.11253
-5.11119
-5.10992
-5.10827
-5.10759
-5.10623
-5.10524
-5.10416
-5.10301
-5.10223
-5.10121
-5.10042
-5.09969
-5.09888
-5.09844
-5.09791
-5.0976
-5.09705
-5.09671
-5.09643
-5.0962
-5.09588
-5.09576
-5.09585
-5.09552
-5.09554
-5.09561
-5.09616
-5.09645
-5.09692
-5.09727
-5.09749
-5.09773
-5.09845
-5.09887
-5.09901
-5.09961
-5.09976
-5.0999
-5.0999
-5.10033
-5.10031
-5.10057
-5.10082
-5.10104
-5.10124
-5.10141
-5.10156
-5.10182
-5.10174
-5.10207
-5.10176
-5.10186
-5.10192
-5.10147
-5.10143
-5.10118
-5.10089
-5.10069
-5.10074
-5.10043
-5.10007
-5.09996
-5.09934
-5.09897
-5.09839
-5.09762
-5.09663
-5.0956
-5.09468
-5.09386
-5.09254
-5.09149
-5.09055
-5.08942
-5.08826
-5.08678
-5.08557
-5.08434
-5.08325
-5.08215
-5.08089
-5.07918
-5.07793
-5.07684
-5.07576
-5.0747
-5.07337
-5.07192
-5.0705
-5.06959
-5.06887
-5.06806
-5.06716
-5.06602
-5.06541
-5.06472
-5.06397
-5.06361
-5.06289
-5.06303
-5.06282
-5.06286
-5.06272
-5.06269
-5.06278
-5.06284
-5.06333
-5.06379
-5.06424
-5.06496
-5.06597
-5.06741
-5.06868
-5.07023
-5.07146
-5.07297
-5.07461
-5.07638
-5.07856
-5.08102
-5.0836
-5.08598
-5.08833
-5.09077
-5.09347
-5.09611
-5.09869
-5.10151
-5.10456
-5.10828
-5.11102
-5.11458
-5.11774
-5.12095
-5.12466
-5.12797
-5.13146
-5.13528
-5.13867
-5.14224
-5.14598
-5.14943
-5.15318
-5.15679
-5.1607
-5.16401
-5.16761
-5.1709
-5.17432
-5.17803
-5.18172
-5.1857
-5.18919
-5.19251
-5.19595
-5.19937
-5.20275
-5.20625
-5.20956
-5.21284
-5.21608
-5.21928
-5.22184
-5.22496
-5.22804
-5.23078
-5.23423
-5.23718
-5.24024
-5.24294
-5.24545
-5.24836
-5.25122
-5.25418
-5.25634
-5.25874
-5.26048
-5.26307
-5.26546
-5.26748
-5.26975
-5.2718
-5.27364
-5.27571
-5.27772
-5.27936
-5.28093
-5.28258
-5.28446
-5.28612
-5.28771
-5.28891
-5.29019
-5.2917
-5.29297
-5.29431
-5.29557
-5.29659
-5.29738
-5.29838
-5.29945
-5.30043
-5.30118
-5.30123
-5.30164
-5.30182
-5.30205
-5.30235
-5.30226
-5.30237
-5.3021
-5.30189
-5.3019
-5.30151
-5.30104
-5.30048
-5.29999
-5.29911
-5.29829
-5.29754
-5.29656
-5.29565
-5.29436
-5.29329
-5.29184
-5.29061
-5.28916
-5.28793
-5.28603
-5.28451
-5.28306
-5.28124
-5.27935
-5.27754
-5.27521
-5.27295
-5.27078
-5.26854
-5.26653
-5.26399
-5.26154
-5.25902
-5.25657
-5.2536
-5.25071
-5.24806
-5.24517
-5.24206
-5.23888
-5.23622
-5.23349
-5.23037
-5.22748
-5.22421
-5.22085
-5.21741
-5.21373
-5.20967
-5.20567
-5.20189
-5.19787
-5.19376
-5.18942
-5.18513
-5.18076
-5.17584
-5.17144
-5.1668
-5.16222
-5.15741
-5.1525
-5.14736
-5.14229
-5.13744
-5.13191
-5.12675
-5.12152
-5.11592
-5.11041
-5.10453
-5.09904
-5.09305
-5.08732
-5.08216
-5.07636
-5.07038
-5.06469
-5.05883
-5.05313
-5.04743
-5.04161
-5.03566
-5.02975
-5.0242
-5.01826
-5.0127
-5.00738
-5.002
-4.99705
-4.99207
-4.98724
-4.98241
-4.97774
-4.97326
-4.96867
-4.96473
-4.96042
-4.95678
-4.95338
-4.95008
-4.94718
-4.94455
-4.94219
-4.9401
-4.93815
-4.93647
-4.93523
-4.93442
-4.93375
-4.9332
-4.93308
-4.93338
-4.93379
-4.93386
-4.93463
-4.93578
-4.93732
-4.93908
-4.94059
-4.94244
-4.94433
-4.947
-4.94936
-4.95203
-4.95512
-4.95804
-4.96106
-4.96387
-4.96721
-4.97048
-4.97396
-4.97733
-4.98074
-4.98433
-4.98793
-4.9914
-4.99471
-4.99847
-5.00206
-5.00564
-5.00903
-5.01239
-5.01571
-5.01899
-5.02222
-5.0254
-5.02868
-5.03159
-5.0346
-5.0374
-5.04043
-5.04324
-5.04584
-5.04837
-5.05068
-5.05337
-5.05615
-5.0584
-5.06059
-5.0624
-5.0646
-5.06674
-5.06881
-5.07096
-5.0723
-5.07403
-5.0757
-5.07762
-5.07932
-5.08067
-5.08227
-5.08381
-5.08546
-5.08707
-5.08817
-5.08923
-5.09071
-5.092
-5.09296
-5.09433
-5.09522
-5.09639
-5.09753
-5.0982
-5.0993
-5.10068
-5.10205
-5.10311
-5.10416
-5.10534
-5.10622
-5.1074
-5.10843
-5.10946
-5.11033
-5.11152
-5.11241
-5.1133
-5.11421
-5.11512
-5.11635
-5.11744
-5.1184
-5.11952
-5.12065
-5.12181
-5.12282
-5.12385
-5.12506
-5.12612
-5.12751
-5.12846
-5.12943
-5.13071
-5.13171
-5.13287
-5.13419
-5.13537
-5.13656
-5.13775
-5.1391
-5.14015
-5.14166
-5.14332
-5.14468
-5.14633
-5.14767
-5.149
-5.15048
-5.15194
-5.15292
-5.1545
-5.15545
-5.15653
-5.15773
-5.1586
-5.15975
-5.16131
-5.16254
-5.16373
-5.16457
-5.16553
-5.16614
-5.16701
-5.16813
-5.16905
-5.16931
-5.16983
-5.17044
-5.171
-5.17166
-5.17195
-5.17219
-5.17252
-5.17249
-5.17271
-5.17332
-5.17402
-5.17436
-5.17404
-5.17366
-5.17352
-5.17317
-5.17307
-5.17277
-5.17271
-5.17229
-5.17182
-5.17145
-5.17073
-5.16995
-5.16914
-5.16842
-5.16751
-5.16671
-5.16571
-5.16468
-5.16361
-5.1628
-5.16151
-5.16049
-5.15974
-5.15866
-5.15756
-5.15644
-5.15544
-5.15458
-5.15324
-5.15234
-5.15113
-5.15006
-5.14882
-5.14803
-5.14694
-5.14568
-5.14443
-5.14348
-5.14238
-5.14068
-5.13959
-5.13835
-5.13697
-5.1359
-5.13469
-5.13349
-5.1323
-5.13143
-5.13012
-5.12883
-5.12771
-5.12645
-5.12566
-5.12459
-5.12369
-5.1225
-5.12104
-5.12005
-5.11939
-5.11844
-5.11737
-5.11648
-5.11621
-5.11521
-5.11454
-5.11389
-5.11311
-5.11266
-5.11208
-5.11153
-5.1107
-5.10975
-5.10852
-5.10776
-5.10734
-5.10694
-5.10656
-5.10561
-5.10514
-5.10454
-5.10397
-5.10357
-5.1032
-5.10271
-5.10239
-5.10241
-5.10215
-5.10146
-5.10125
-5.10092
-5.10077
-5.1005
-5.10025
-5.10049
-5.1003
-5.10014
-5.10001
-5.09991
-5.09984
-5.09995
-5.09994
-5.09996
-5.09985
-5.10008
-5.10019
-5.10048
-5.1005
-5.10055
-5.10093
-5.10134
-5.10163
-5.10195
-5.1026
-5.10312
-5.10368
-5.10441
-5.10472
-5.10536
-5.10602
-5.10716
-5.10772
-5.10876
-5.10982
-5.1109
-5.11186
-5.11283
-5.11412
-5.11527
-5.11599
-5.11627
-5.11716
-5.11806
-5.11882
-5.11989
-5.1205
-5.12158
-5.12235
-5.12311
-5.12387
-5.12463
-5.12552
-5.12655
-5.12742
-5.12826
-5.12924
-5.1299
-5.13083
-5.13158
-5.13216
-5.13285
-5.13366
-5.13397
-5.13455
-5.13524
-5.13573
-5.13603
-5.13643
-5.13677
-5.13692
-5.137
-5.13688
-5.13686
-5.13692
-5.13692
-5.13671
-5.13689
-5.13654
-5.13628
-5.1355
-5.13481
-5.1345
-5.13396
-5.13336
-5.13284
-5.1324
-5.13128
-5.13024
-5.12944
-5.12842
-5.12717
-5.12601
-5.12463
-5.12334
-5.12228
-5.12085
-5.11936
-5.11751
-5.11576
-5.11394
-5.11222
-5.11045
-5.10863
-5.10676
-5.10484
-5.10258
-5.10058
-5.09824
-5.09617
-5.09376
-5.09147
-5.08915
-5.08711
-5.0849
-5.08267
-5.08073
-5.07847
-5.07636
-5.07394
-5.07121
-5.06908
-5.06696
-5.06469
-5.06258
-5.06033
-5.05779
-5.05557
-5.05366
-5.05132
-5.04901
-5.04731
-5.04519
-5.0431
-5.04088
-5.03883
-5.03682
-5.03483
-5.03287
-5.0308
-5.0289
-5.02718
-5.02504
-5.02323
-5.0216
-5.02
-5.01782
-5.01612
-5.01444
-5.01279
-5.011
-5.00939
-5.0081
-5.00637
-5.00497
-5.00342
-5.00188
-4.99991
-4.99793
-4.99642
-4.99491
-4.99326
-4.99205
-4.99085
-4.98934
-4.98798
-4.98691
-4.98523
-4.98385
-4.98215
-4.98029
-4.97888
-4.97729
-4.97615
-4.97454
-4.97292
-4.97158
-4.97008
-4.96871
-4.96687
-4.96533
-4.96377
-4.9625
-4.96091
-4.95886
-4.95695
-4.95519
-4.95341
-4.95178
-4.9503
-4.94867
-4.94688
-4.9451
-4.94347
-4.94186
-4.9401
-4.93835
-4.93632
-4.93477
-4.93308
-4.93158
-4.92995
-4.92835
-4.92664
-4.92497
-4.92365
-4.92208
-4.9207
-4.91938
-4.91812
-4.91678
-4.91519
-4.91413
-4.91284
-4.91238
-4.91155
-4.91035
-4.90983
-4.90926
-4.90877
-4.90823
-4.90778
-4.90773
-4.90747
-4.90732
-4.90742
-4.90762
-4.90778
-4.90774
-4.9081
-4.90872
-4.90959
-4.91042
-4.91135
-4.91269
-4.91397
-4.91521
-4.91639
-4.91797
-4.91935
-4.92112
-4.92283
-4.92433
-4.92636
-4.92788
-4.93023
-4.93266
-4.93486
-4.93713
-4.93962
-4.94157
-4.94404
-4.94687
-4.94945
-4.95208
-4.95491
-4.95748
-4.95994
-4.9629
-4.96588
-4.9689
-4.97194
-4.97485
-4.97764
-4.98029
-4.98325
-4.98638
-4.98936
-4.99234
-4.99563
-4.99876
-5.00189
-5.005
-5.00811
-5.01075
-5.01382
-5.01688
-5.02021
-5.02292
-5.02574
-5.02869
-5.03176
-5.0345
-5.03719
-5.03985
-5.04262
-5.04564
-5.04832
-5.05096
-5.05354
-5.05608
-5.05811
-5.0607
-5.06262
-5.06465
-5.06692
-5.06944
-5.07144
-5.07324
-5.07467
-5.07696
-5.07918
-5.08135
-5.08285
-5.08414
-5.08568
-5.087
-5.08856
-5.09022
-5.09152
-5.09261
-5.09365
-5.09463
-5.09555
-5.09703
-5.09861
-5.09983
-5.10055
-5.10138
-5.10215
-5.10289
-5.10343
-5.10407
-5.10483
-5.10525
-5.10579
-5.10614
-5.1066
-5.10704
-5.10745
-5.10783
-5.10819
-5.10838
-5.10899
-5.10884
-5.10911
-5.10938
-5.10933
-5.10956
-5.10994
-5.11031
-5.11052
-5.11072
-5.11077
-5.11081
-5.111
-5.11134
-5.11213
-5.11232
-5.1125
-5.11238
-5.11272
-5.1132
-5.11293
-5.11296
-5.113
-5.11303
-5.11306
-5.11324
-5.11326
-5.11329
-5.11346
-5.11378
-5.11409
-5.1141
-5.11425
-5.11409
-5.11423
-5.11436
-5.11463
-5.11473
-5.11467
-5.11475
-5.11467
-5.11472
-5.11475
-5.11507
-5.11492
-5.11504
-5.1147
-5.11479
-5.1147
-5.1149
-5.11491
-5.11491
-5.11488
-5.11483
-5.1146
-5.11434
-5.11436
-5.11405
-5.11371
-5.11304
-5.1128
-5.11253
-5.11238
-5.11206
-5.11126
-5.11028
-5.10957
-5.10869
-5.10823
-5.1079
-5.10724
-5.10656
-5.10615
-5.10527
-5.10437
-5.10344
-5.10264
-5.10136
-5.10037
-5.09951
-5.09847
-5.09772
-5.0968
-5.09632
-5.09537
-5.09409
-5.09296
-5.09195
-5.09064
-5.089
-5.08811
-5.0866
-5.08552
-5.08459
-5.08349
-5.08238
-5.08126
-5.08012
-5.07897
-5.07781
-5.07664
-5.07561
-5.07456
-5.07351
-5.07259
-5.07151
-5.07012
-5.06901
-5.0676
-5.06632
-5.06503
-5.06358
-5.06226
-5.06109
-5.06021
-5.05916
-5.05795
-5.05689
-5.05566
-5.05427
-5.05287
-5.05131
-5.04989
-5.04876
-5.04732
-5.04618
-5.04458
-5.04312
-5.0415
-5.04019
-5.03841
-5.03678
-5.0353
-5.03381
-5.03232
-5.03068
-5.02935
-5.02801
-5.02637
-5.02488
-5.02355
-5.02222
-5.02044
-5.01897
-5.01736
-5.01605
-5.0146
-5.01316
-5.01173
-5.01017
-5.00846
-5.00737
-5.00599
-5.00462
-5.00313
-5.0018
-5.00048
-4.99934
-4.99807
-4.99712
-4.99575
-4.99485
-4.99383
-4.99283
-4.99187
-4.99063
-4.98988
-4.98901
-4.98818
-4.98724
-4.98633
-4.98531
-4.98449
-4.98447
-4.98389
-4.98305
-4.98226
-4.98183
-4.98145
-4.98112
-4.9804
-4.98033
-4.98003
-4.98008
-4.97944
-4.97917
-4.97911
-4.97881
-4.97873
-4.97886
-4.97891
-4.97932
-4.97965
-4.98004
-4.98096
-4.98133
-4.98207
-4.98271
-4.98358
-4.9845
-4.98502
-4.98606
-4.98715
-4.98814
-4.98918
-4.99042
-4.9914
-4.99242
-4.99379
-4.99504
-4.99632
-4.99779
-4.99913
-5.0005
-5.00189
-5.00314
-5.00455
-5.00583
-5.00757
-5.00885
-5.01029
-5.01187
-5.01315
-5.01472
-5.01613
-5.01767
-5.01904
-5.02009
-5.02127
-5.02242
-5.02384
-5.02494
-5.026
-5.02687
-5.02802
-5.02897
-5.03018
-5.03105
-5.03204
-5.03267
-5.03356
-5.03426
-5.03522
-5.03567
-5.03639
-5.0369
-5.03707
-5.03779
-5.03847
-5.0391
-5.03968
-5.04007
-5.0404
-5.04085
-5.04109
-5.04099
-5.04145
-5.04157
-5.04164
-5.04136
-5.04104
-5.04069
-5.04059
-5.04
-5.03997
-5.0396
-5.03905
-5.03921
-5.03888
-5.03852
-5.03812
-5.038
-5.03768
-5.03734
-5.03681
-5.0361
-5.03551
-5.03475
-5.0341
-5.03358
-5.03304
-5.03246
-5.03202
-5.03125
-5.03077
-5.02995
-5.02928
-5.02828
-5.02726
-5.02637
-5.02502
-5.02411
-5.02334
-5.0224
-5.02145
-5.0205
-5.01969
-5.01857
-5.01745
-5.01647
-5.0158
-5.01437
-5.01339
-5.01272
-5.01161
-5.01049
-5.00999
-5.00859
-5.0078
-5.00688
-5.00596
-5.00522
-5.00403
-5.00301
-5.00216
-5.00118
-5.00082
-4.99988
-4.99882
-4.99793
-4.99721
-4.99667
-4.99586
-4.99537
-4.99492
-4.99419
-4.9938
-4.99344
-4.99296
-4.99252
-4.99226
-4.99189
-4.99155
-4.99095
-4.99084
-4.99062
-4.99043
-4.99029
-4.99033
-4.99012
-4.98994
-4.98966
-4.98972
-4.98997
-4.99041
-4.99044
-4.99082
-4.99109
-4.99125
-4.9916
-4.99154
-4.99182
-4.9923
-4.99311
-4.99351
-4.99441
-4.99488
-4.9954
-4.9961
-4.99698
-4.9979
-4.99886
-4.99969
-5.00086
-5.00175
-5.00221
-5.00301
-5.00398
-5.00482
-5.00583
-5.00671
-5.00776
-5.00928
-5.01051
-5.0116
-5.0127
-5.01397
-5.01508
-5.01636
-5.01748
-5.01861
-5.01988
-5.02086
-5.02198
-5.02309
-5.0242
-5.025
-5.0264
-5.02778
-5.0287
-5.02991
-5.0308
-5.03183
-5.033
-5.03385
-5.03468
-5.0358
-5.03659
-5.03737
-5.03829
-5.03903
-5.04036
-5.04138
-5.04192
-5.04305
-5.04387
-5.04483
-5.04562
-5.04685
-5.04762
-5.04868
-5.04944
-5.05004
-5.05093
-5.05153
-5.05182
-5.05227
-5.05332
-5.05378
-5.05426
-5.05474
-5.05524
-5.05606
-5.0569
-5.05776
-5.05849
-5.0591
-5.06004
-5.06116
-5.06232
-5.0632
-5.06458
-5.06584
-5.06669
-5.06788
-5.06896
-5.06993
-5.07095
-5.07245
-5.0737
-5.07514
-5.07692
-5.0786
-5.08046
-5.08206
-5.08369
-5.08536
-5.08706
-5.08879
-5.09025
-5.09219
-5.09384
-5.09581
-5.09765
-5.09965
-5.10166
-5.10353
-5.10554
-5.10725
-5.10911
-5.11096
-5.11279
-5.1146
-5.11654
-5.11831
-5.12035
-5.12206
-5.12373
-5.12551
-5.1274
-5.12909
-5.1309
-5.13219
-5.13405
-5.1354
-5.13684
-5.13808
-5.1391
-5.14007
-5.14099
-5.14199
-5.14324
-5.14443
-5.14541
-5.14603
-5.1469
-5.14741
-5.14786
-5.14872
-5.14892
-5.14938
-5.14979
-5.14985
-5.15032
-5.15059
-5.15083
-5.15103
-5.15105
-5.15118
-5.15158
-5.15135
-5.15155
-5.15172
-5.15171
-5.15184
-5.15164
-5.15173
-5.1515
-5.15125
-5.15174
-5.15176
-5.15177
-5.15131
-5.151
-5.15066
-5.15062
-5.15072
-5.15065
-5.15042
-5.15048
-5.15053
-5.15026
-5.14997
-5.14952
-5.14936
-5.14934
-5.14899
-5.14878
-5.14871
-5.14846
-5.14805
-5.14761
-5.14701
-5.14609
-5.1456
-5.14494
-5.14471
-5.14476
-5.14404
-5.14315
-5.14238
-5.1416
-5.14049
-5.13966
-5.13897
-5.13841
-5.13767
-5.13707
-5.13614
-5.1355
-5.13469
-5.13402
-5.13332
-5.13231
-5.13143
-5.13053
-5.12963
-5.1287
-5.12777
-5.12682
-5.12585
-5.12443
-5.12359
-5.1226
-5.12114
-5.12028
-5.1191
-5.11823
-5.11719
-5.11599
-5.11494
-5.11388
-5.11267
-5.1116
-5.11053
-5.10929
-5.10806
-5.10682
-5.10588
-5.10493
-5.10338
-5.10227
-5.10101
-5.0996
-5.09848
-5.09721
-5.09608
-5.0945
-5.09336
-5.09208
-5.09064
-5.08949
-5.08865
-5.08765
-5.08665
-5.08519
-5.08389
-5.08273
-5.08156
-5.08055
-5.07953
-5.07836
-5.07734
-5.07617
-5.0747
-5.07337
-5.07205
-5.07118
-5.07
-5.06898
-5.06751
-5.06635
-5.06473
-5.06357
-5.06272
-5.06157
-5.06057
-5.05913
-5.05815
-5.05688
-5.05561
-5.05451
-5.05341
-5.05218
-5.05111
-5.0502
-5.04916
-5.04813
-5.04682
-5.04582
-5.04485
-5.04374
-5.04295
-5.04204
-5.04114
-5.04012
-5.03882
-5.03831
-5.03767
-5.0372
-5.03632
-5.03546
-5.03464
-5.03385
-5.03309
-5.03267
-5.03168
-5.03134
-5.03103
-5.03046
-5.02993
-5.0302
-5.02975
-5.02965
-5.02929
-5.02928
-5.02901
-5.02908
-5.02936
-5.02968
-5.02975
-5.02986
-5.03002
-5.03038
-5.03049
-5.03019
-5.03024
-5.03064
-5.03124
-5.03204
-5.03274
-5.03334
-5.03413
-5.03482
-5.03555
-5.03648
-5.03716
-5.03803
-5.03909
-5.04035
-5.04104
-5.04238
-5.04315
-5.04427
-5.04572
-5.04691
-5.04798
-5.04909
-5.05053
-5.05184
-5.05304
-5.05457
-5.05613
-5.05725
-5.05871
-5.06033
-5.06168
-5.06319
-5.06488
-5.06628
-5.06784
-5.06942
-5.07116
-5.07261
-5.07422
-5.07568
-5.0776
-5.07953
-5.08131
-5.08309
-5.08487
-5.0865
-5.08842
-5.09019
-5.09181
-5.09372
-5.09517
-5.09706
-5.09879
-5.10051
-5.10207
-5.10346
-5.10499
-5.10621
-5.10802
-5.10935
-5.11083
-5.11228
-5.11388
-5.11515
-5.11656
-5.11796
-5.11934
-5.1207
-5.1219
-5.12338
-5.12486
-5.12632
-5.12776
-5.1292
-5.13078
-5.13219
-5.13345
-5.13485
-5.13625
-5.13764
-5.13842
-5.13951
-5.14089
-5.14197
-5.14336
-5.1446
-5.14599
-5.14708
-5.14834
-5.14959
-5.15071
-5.15198
-5.15372
-5.15502
-5.15618
-5.15795
-5.15913
-5.16048
-5.16183
-5.16321
-5.16444
-5.16554
-5.16665
-5.16807
-5.16966
-5.1711
-5.17241
-5.17372
-5.1752
-5.17638
-5.17786
-5.1795
-5.18069
-5.18203
-5.18322
-5.18425
-5.18574
-5.18721
-5.18913
-5.19073
-5.19231
-5.19373
-5.19543
-5.19681
-5.19815
-5.19917
-5.20015
-5.20156
-5.20277
-5.2038
-5.20523
-5.20616
-5.20735
-5.20818
-5.20896
-5.21013
-5.21109
-5.21184
-5.21267
-5.21283
-5.21353
-5.21354
-5.21349
-5.21441
-5.21466
-5.21482
-5.21489
-5.21489
-5.21464
-5.21461
-5.21465
-5.21444
-5.21399
-5.21345
-5.21297
-5.21239
-5.21173
-5.21082
-5.20997
-5.20857
-5.20708
-5.20595
-5.20459
-5.20298
-5.20158
-5.20025
-5.19853
-5.19719
-5.1953
-5.19364
-5.19145
-5.18963
-5.18759
-5.18533
-5.183
-5.18061
-5.17785
-5.17534
-5.17277
-5.17015
-5.16733
-5.16446
-5.16156
-5.15862
-5.15595
-5.15341
-5.15069
-5.14735
-5.1443
-5.14124
-5.13848
-5.13572
-5.13311
-5.13037
-5.12733
-5.12492
-5.12209
-5.11958
-5.1168
-5.11421
-5.11151
-5.10871
-5.10611
-5.10386
-5.10107
-5.09879
-5.09612
-5.09383
-5.0916
-5.08944
-5.08721
-5.08536
-5.08344
-5.08145
-5.07984
-5.07801
-5.07656
-5.07475
-5.07317
-5.07107
-5.06982
-5.06849
-5.0674
-5.06654
-5.06606
-5.06552
-5.06505
-5.06466
-5.06404
-5.06365
-5.06333
-5.06308
-5.0626
-5.06218
-5.06228
-5.06198
-5.0619
-5.06172
-5.0616
-5.06168
-5.06181
-5.06168
-5.06191
-5.06187
-5.06218
-5.06268
-5.06337
-5.06393
-5.06469
-5.06501
-5.06567
-5.06605
-5.06661
-5.06718
-5.06777
-5.06807
-5.06854
-5.06886
-5.06905
-5.06968
-5.07017
-5.07051
-5.07084
-5.07116
-5.07193
-5.07208
-5.07282
-5.07324
-5.07363
-5.074
-5.0745
-5.07542
-5.076
-5.07639
-5.07674
-5.07675
-5.07702
-5.07723
-5.0774
-5.07767
-5.07757
-5.07773
-5.07707
-5.0771
-5.07661
-5.07652
-5.07635
-5.07582
-5.07522
-5.07484
-5.0744
-5.07372
-5.07313
-5.07261
-5.07201
-5.07104
-5.06999
-5.06901
-5.06781
-5.06668
-5.06518
-5.06405
-5.06224
-5.06052
-5.05887
-5.0573
-5.05551
-5.05411
-5.05204
-5.0499
-5.0477
-5.04559
-5.04342
-5.04104
-5.03877
-5.03644
-5.03451
-5.03224
-5.02962
-5.02727
-5.02487
-5.02199
-5.01923
-5.01644
-5.01332
-5.01079
-5.00778
-5.00506
-5.00263
-4.99988
-4.99727
-4.9936
-4.99069
-4.98793
-4.98516
-4.98256
-4.97981
-4.97692
-4.97389
-4.97102
-4.96817
-4.96565
-4.96284
-4.96035
-4.9579
-4.95532
-4.95276
-4.94994
-4.94729
-4.94469
-4.94242
-4.93988
-4.93753
-4.93492
-4.93281
-4.93089
-4.92871
-4.92643
-4.9245
-4.92261
-4.92093
-4.919
-4.91697
-4.91515
-4.91353
-4.91197
-4.91033
-4.90874
-4.90707
-4.90546
-4.90391
-4.90259
-4.90119
-4.89985
-4.8989
-4.89802
-4.89691
-4.89618
-4.89524
-4.89407
-4.89344
-4.89275
-4.89274
-4.89237
-4.89209
-4.8919
-4.89181
-4.8918
-4.89144
-4.89148
-4.89176
-4.89214
-4.89231
-4.89274
-4.89326
-4.89404
-4.89536
-4.89633
-4.8974
-4.89842
-4.89954
-4.90106
-4.90222
-4.90363
-4.90514
-4.90705
-4.90874
-4.91038
-4.91227
-4.91439
-4.91646
-4.91876
-4.9213
-4.92363
-4.92649
-4.92898
-4.93155
-4.93434
-4.93752
-4.94046
-4.94348
-4.94656
-4.94986
-4.95307
-4.95634
-4.95982
-4.9629
-4.96664
-4.97012
-4.9738
-4.97738
-4.9813
-4.98495
-4.98849
-4.99221
-4.99596
-4.99959
-5.00323
-5.00689
-5.01073
-5.01472
-5.01857
-5.02258
-5.02644
-5.03015
-5.034
-5.038
-5.04198
-5.04565
-5.0499
-5.05338
-5.05713
-5.06041
-5.06395
-5.06716
-5.07063
-5.07421
-5.0776
-5.08093
-5.08452
-5.08775
-5.09062
-5.09373
-5.09693
-5.10006
-5.10327
-5.10641
-5.10947
-5.11215
-5.11505
-5.11787
-5.1203
-5.12264
-5.12489
-5.12719
-5.12955
-5.13197
-5.13382
-5.13588
-5.13814
-5.13998
-5.14157
-5.14305
-5.14441
-5.14582
-5.14681
-5.14768
-5.14844
-5.14938
-5.1499
-5.15016
-5.1506
-5.15062
-5.15097
-5.15105
-5.15087
-5.15072
-5.1506
-5.15037
-5.14957
-5.1488
-5.14762
-5.14663
-5.14584
-5.14448
-5.14301
-5.14205
-5.14113
-5.13966
-5.13825
-5.13689
-5.13528
-5.13374
-5.13181
-5.1298
-5.12785
-5.12508
-5.12314
-5.12083
-5.11814
-5.11555
-5.11305
-5.11049
-5.10788
-5.10522
-5.10267
-5.09993
-5.09716
-5.0945
-5.09166
-5.0888
-5.08606
-5.08301
-5.07978
-5.07701
-5.07407
-5.07113
-5.06818
-5.06554
-5.06276
-5.05968
-5.05676
-5.05386
-5.05097
-5.0481
-5.04556
-5.04273
-5.03994
-5.03716
-5.03442
-5.03141
-5.02858
-5.02578
-5.02348
-5.02075
-5.01822
-5.01572
-5.01326
-5.01115
-5.00847
-5.00644
-5.0043
-5.00235
-5.00014
-4.99782
-4.9957
-4.99347
-4.99173
