1.64942
1.6483
1.64716
1.64598
1.64476
1.64352
1.64225
1.64094
1.63961
1.63824
1.63684
1.6354
1.63393
1.63243
1.6309
1.62933
1.62772
1.62608
1.62441
1.6227
1.62096
1.61919
1.61738
1.61554
1.61366
1.61175
1.60981
1.60784
1.60584
1.60382
1.60176
1.59968
1.59758
1.59546
1.59331
1.59115
1.58898
1.58679
1.58459
1.58238
1.58017
1.57796
1.57575
1.57354
1.57135
1.56917
1.567
1.56485
1.56273
1.56064
1.55858
1.55655
1.55457
1.55263
1.55073
1.54889
1.54711
1.54538
1.54372
1.54213
1.54061
1.53916
1.53779
1.5365
1.53529
1.53416
1.53313
1.53218
1.53133
1.53057
1.52991
1.52934
1.52887
1.52849
1.52822
1.52804
1.52796
1.52797
1.52807
1.52827
1.52856
1.52894
1.5294
1.52995
1.53057
1.53127
1.53204
1.53288
1.53378
1.53474
1.53575
1.53681
1.53792
1.53906
1.54023
1.54143
1.54265
1.54388
1.54513
1.54638
1.54762
1.54886
1.55009
1.5513
1.55248
1.55364
1.55476
1.55585
1.55689
1.55789
1.55884
1.55974
1.56058
1.56136
1.56209
1.56275
1.56335
1.56388
1.56435
1.56476
1.5651
1.56537
1.56558
1.56573
1.56581
1.56584
1.56581
1.56573
1.5656
1.56541
1.56518
1.56491
1.5646
1.56425
1.56387
1.56347
1.56304
1.5626
1.56213
1.56166
1.56118
1.5607
1.56022
1.55975
1.55928
1.55883
1.55839
1.55797
1.55757
1.5572
1.55686
1.55654
1.55626
1.556
1.55579
1.55561
1.55546
1.55536
1.55529
1.55526
1.55527
1.55531
1.5554
1.55552
1.55567
1.55586
1.55608
1.55634
1.55662
1.55694
1.55728
1.55765
1.55804
1.55845
1.55889
1.55934
1.55982
1.5603
1.5608
1.56132
1.56184
1.56238
1.56292
1.56347
1.56403
1.5646
1.56517
1.56574
1.56632
1.56691
1.5675
1.56809
1.56868
1.56928
1.56989
1.5705
1.57111
1.57174
1.57237
1.573
1.57365
1.5743
1.57497
1.57564
1.57634
1.57704
1.57776
1.5785
1.57925
1.58002
1.58081
1.58163
1.58246
1.58331
1.58418
1.58508
1.586
1.58694
1.5879
1.58889
1.5899
1.59093
1.59199
1.59307
1.59417
1.59529
1.59642
1.59758
1.59876
1.59995
1.60115
1.60237
1.6036
1.60484
1.60608
1.60734
1.6086
1.60986
1.61112
1.61238
1.61364
1.6149
1.61615
1.61738
1.61861
1.61983
1.62103
1.62221
1.62337
1.62452
1.62564
1.62673
1.6278
1.62885
1.62986
1.63085
1.6318
1.63272
1.6336
1.63445
1.63526
1.63604
1.63677
1.63747
1.63813
1.63875
1.63932
1.63986
1.64036
1.64081
1.64123
1.64161
1.64195
1.64224
1.6425
1.64272
1.64291
1.64305
1.64317
1.64324
1.64328
1.64329
1.64327
1.64322
1.64313
1.64302
1.64288
1.64272
1.64253
1.64232
1.64209
1.64183
1.64156
1.64127
1.64096
1.64064
1.64031
1.63996
1.6396
1.63923
1.63884
1.63845
1.63806
1.63765
1.63724
1.63683
1.63641
1.63599
1.63556
1.63513
1.6347
1.63427
1.63384
1.6334
1.63297
1.63253
1.6321
1.63166
1.63122
1.63078
1.63035
1.62991
1.62947
1.62903
1.6286
1.62816
1.62773
1.62729
1.62685
1.62642
1.62598
1.62554
1.62511
1.62467
1.62424
1.62381
1.62337
1.62294
1.62252
1.62209
1.62167
1.62124
1.62083
1.62042
1.62001
1.61961
1.61922
1.61883
1.61846
1.61809
1.61774
1.6174
1.61707
1.61676
1.61646
1.61618
1.61592
1.61567
1.61544
1.61524
1.61505
1.61489
1.61474
1.61462
1.61452
1.61444
1.61438
1.61435
1.61434
1.61435
1.61438
1.61443
1.6145
1.61459
1.61469
1.61481
1.61495
1.6151
1.61526
1.61543
1.61561
1.61579
1.61597
1.61616
1.61634
1.61651
1.61668
1.61685
1.61699
1.61713
1.61725
1.61734
1.61742
1.61747
1.61749
1.61748
1.61744
1.61737
1.61725
1.6171
1.6169
1.61666
1.61638
1.61604
1.61566
1.61522
1.61473
1.61418
1.61358
1.61292
1.6122
1.61142
1.61058
1.60968
1.60871
1.60768
1.60658
1.60542
1.60419
1.6029
1.60154
1.60011
1.59862
1.59706
1.59543
1.59374
1.59198
1.59016
1.58827
1.58631
1.5843
1.58222
1.58008
1.57788
1.57563
1.57332
1.57095
1.56854
1.56607
1.56356
1.56101
1.55841
1.55577
1.55311
1.55041
1.54768
1.54494
1.54217
1.53939
1.53661
1.53382
1.53104
1.52827
1.52551
1.52277
1.52006
1.51738
1.51475
1.51217
1.50964
1.50718
1.50478
1.50247
1.50025
1.49812
1.49609
1.49417
1.49236
1.49068
1.48913
1.48771
1.48644
1.48531
1.48434
1.48353
1.48287
1.48239
1.48207
1.48193
1.48196
1.48216
1.48254
1.4831
1.48383
1.48473
1.48581
1.48705
1.48846
1.49003
1.49176
1.49364
1.49567
1.49784
1.50014
1.50258
1.50513
1.50779
1.51056
1.51343
1.51639
1.51943
1.52254
1.52572
1.52895
1.53222
1.53554
1.53889
1.54226
1.54564
1.54903
1.55242
1.5558
1.55916
1.5625
1.56581
1.56909
1.57233
1.57552
1.57865
1.58173
1.58475
1.5877
1.59057
1.59337
1.5961
1.59874
1.6013
1.60377
1.60616
1.60846
1.61066
1.61277
1.61479
1.61672
1.61855
1.62028
1.62192
1.62347
1.62492
1.62628
1.62755
1.62872
1.6298
1.63079
1.6317
1.63251
1.63324
1.63389
1.63445
1.63493
1.63532
1.63564
1.63588
1.63605
1.63615
1.63617
1.63612
1.636
1.63581
1.63556
1.63524
1.63486
1.63441
1.63391
1.63334
1.63272
1.63204
1.6313
1.63051
1.62967
1.62877
1.62783
1.62684
1.6258
1.62471
1.62358
1.62241
1.6212
1.61995
1.61866
1.61733
1.61597
1.61459
1.61317
1.61172
1.61025
1.60875
1.60724
1.6057
1.60415
1.60259
1.60102
1.59944
1.59785
1.59626
1.59467
1.59309
1.5915
1.58993
1.58836
1.58681
1.58527
1.58375
1.58224
1.58076
1.5793
1.57786
1.57645
1.57506
1.5737
1.57238
1.57108
1.56981
1.56858
1.56737
1.5662
1.56506
1.56396
1.56289
1.56185
1.56084
1.55987
1.55892
1.55801
1.55713
1.55628
1.55545
1.55465
1.55388
1.55314
1.55242
1.55173
1.55106
1.55041
1.54978
1.54918
1.54859
1.54803
1.54748
1.54695
1.54644
1.54594
1.54546
1.545
1.54454
1.5441
1.54367
1.54325
1.54283
1.54242
1.54202
1.54163
1.54124
1.54085
1.54046
1.54007
1.53968
1.53929
1.5389
1.5385
1.53809
1.53768
1.53726
1.53683
1.53639
1.53594
1.53548
1.535
1.53451
1.53401
1.53349
1.53295
1.53239
1.53182
1.53123
1.53061
1.52998
1.52932
1.52865
1.52795
1.52723
1.52649
1.52572
1.52493
1.52412
1.52328
1.52243
1.52154
1.52063
1.5197
1.51874
1.51776
1.51675
1.51572
1.51466
1.51358
1.51247
1.51134
1.51018
1.50899
1.50778
1.50654
1.50528
1.50399
1.50267
1.50132
1.49995
1.49855
1.49713
1.49568
1.4942
1.49269
1.49116
1.48961
1.48803
1.48642
1.48479
1.48313
1.48146
1.47976
1.47804
1.4763
1.47454
1.47276
1.47096
1.46916
1.46734
1.46551
1.46366
1.46182
1.45996
1.45811
1.45625
1.45439
1.45254
1.4507
1.44886
1.44704
1.44523
1.44344
1.44167
1.43993
1.43822
1.43654
1.43489
1.43329
1.43172
1.43021
1.42875
1.42734
1.426
1.42471
1.4235
1.42236
1.42129
1.4203
1.4194
1.41859
1.41787
1.41724
1.41671
1.41628
1.41596
1.41574
1.41563
1.41563
1.41574
1.41597
1.41631
1.41676
1.41732
1.418
1.4188
1.4197
1.42071
1.42183
1.42305
1.42437
1.42579
1.4273
1.4289
1.43059
1.43235
1.4342
1.43611
1.4381
1.44014
1.44224
1.44439
1.44659
1.44883
1.45111
1.45342
1.45575
1.45811
1.46049
1.46288
1.46528
1.46769
1.4701
1.47251
1.47491
1.47732
1.47971
1.48208
1.48445
1.4868
1.48913
1.49144
1.49372
1.49599
1.49823
1.50044
1.50262
1.50478
1.5069
1.509
1.51106
1.51309
1.51508
1.51703
1.51895
1.52083
1.52267
1.52447
1.52623
1.52794
1.52961
1.53124
1.53282
1.53435
1.53583
1.53725
1.53863
1.53995
1.54122
1.54243
1.54359
1.54468
1.54572
1.54669
1.5476
1.54845
1.54923
1.54994
1.55058
1.55115
1.55166
1.55209
1.55245
1.55274
1.55295
1.55309
1.55315
1.55314
1.55306
1.5529
1.55267
1.55236
1.55199
1.55154
1.55102
1.55043
1.54977
1.54905
1.54827
1.54743
1.54653
1.54558
1.54457
1.54352
1.54243
1.54131
1.54014
1.53896
1.53775
1.53652
1.53528
1.53404
1.5328
1.53157
1.53036
1.52917
1.52801
1.52689
1.52581
1.5248
1.52384
1.52296
1.52215
1.52143
1.52081
1.52028
1.51987
1.51957
1.5194
1.51935
1.51944
1.51967
1.52005
1.52058
1.52126
1.52211
1.52311
1.52428
1.52561
1.5271
1.52876
1.53058
1.53256
1.53469
1.53699
1.53943
1.54202
1.54474
1.54761
1.55059
1.5537
1.55692
1.56023
1.56365
1.56714
1.57071
1.57435
1.57804
1.58177
1.58554
1.58933
1.59313
1.59694
1.60074
1.60453
1.60829
1.61201
1.61568
1.6193
1.62286
1.62634
1.62975
1.63306
1.63628
1.6394
1.64241
1.6453
1.64807
1.65071
1.65323
1.6556
1.65784
1.65993
1.66187
1.66367
1.66531
1.66679
1.66812
1.66929
1.6703
1.67115
1.67183
1.67236
1.67273
1.67294
1.67299
1.67289
1.67263
1.67223
1.67168
1.67099
1.67015
1.66919
1.66809
1.66687
1.66554
1.66409
1.66253
1.66088
1.65914
1.65731
1.65541
1.65344
1.65142
1.64934
1.64723
1.64508
1.64292
1.64074
1.63857
1.63641
1.63427
1.63215
1.63008
1.62807
1.62611
1.62422
1.62241
1.62069
1.61907
1.61755
1.61614
1.61484
1.61367
1.61263
1.61173
1.61095
1.61032
1.60983
1.60947
1.60926
1.60919
1.60925
1.60945
1.60978
1.61024
1.61082
1.61152
1.61232
1.61323
1.61424
1.61534
1.61652
1.61778
1.6191
1.62048
1.62191
1.62338
1.62489
1.62643
1.62799
1.62956
1.63114
1.63272
1.6343
1.63587
1.63742
1.63895
1.64047
1.64195
1.64341
1.64484
1.64624
1.64761
1.64894
1.65023
1.6515
1.65272
1.65392
1.65508
1.6562
1.6573
1.65836
1.6594
1.66041
1.6614
1.66236
1.6633
1.66422
1.66513
1.66602
1.6669
1.66776
1.66862
1.66946
1.6703
1.67113
1.67196
1.67277
1.67359
1.6744
1.6752
1.67599
1.67678
1.67757
1.67834
1.6791
1.67985
1.68059
1.6813
1.682
1.68267
1.68332
1.68394
1.68453
1.68507
1.68558
1.68605
1.68646
1.68683
1.68713
1.68738
1.68756
1.68768
1.68772
1.68768
1.68756
1.68736
1.68707
1.68669
1.68622
1.68565
1.68498
1.68421
1.68333
1.68235
1.68126
1.68006
1.67876
1.67734
1.67581
1.67417
1.67242
1.67056
1.66859
1.66651
1.66432
1.66204
1.65965
1.65715
1.65457
1.65188
1.64911
1.64625
1.64331
1.64029
1.63719
1.63402
1.63079
1.6275
1.62415
1.62075
1.61731
1.61383
1.61031
1.60676
1.6032
1.59961
1.59601
1.5924
1.58879
1.58519
1.58159
1.57801
1.57445
1.57091
1.56741
1.56393
1.5605
1.55711
1.55376
1.55046
1.54722
1.54403
1.5409
1.53784
1.53483
1.5319
1.52903
1.52624
1.52351
1.52086
1.51829
1.51579
1.51336
1.51101
1.50873
1.50653
1.50441
1.50235
1.50037
1.49846
1.49662
1.49485
1.49315
1.49151
1.48993
1.48842
1.48697
1.48557
1.48423
1.48294
1.4817
1.48051
1.47937
1.47827
1.47722
1.4762
1.47523
1.47429
1.47338
1.4725
1.47165
1.47083
1.47004
1.46927
1.46851
1.46778
1.46707
1.46637
1.46569
1.46501
1.46436
1.46371
1.46306
1.46243
1.4618
1.46118
1.46057
1.45995
1.45934
1.45873
1.45813
1.45752
1.45692
1.45631
1.45571
1.45511
1.45451
1.45391
1.45331
1.45271
1.45212
1.45153
1.45095
1.45037
1.4498
1.44924
1.44869
1.44815
1.44763
1.44713
1.44665
1.44619
1.44576
1.44535
1.44498
1.44465
1.44435
1.4441
1.44389
1.44373
1.44362
1.44357
1.44357
1.44364
1.44377
1.44397
1.44424
1.44458
1.445
1.44549
1.44606
1.4467
1.44743
1.44822
1.4491
1.45005
1.45108
1.45218
1.45335
1.45459
1.4559
1.45727
1.4587
1.46019
1.46173
1.46332
1.46496
1.46663
1.46834
1.47008
1.47185
1.47364
1.47545
1.47727
1.4791
1.48093
1.48276
1.48459
1.48641
1.48822
1.49002
1.49179
1.49355
1.49529
1.497
1.49869
1.50035
1.50198
1.50359
1.50516
1.50671
1.50822
1.5097
1.51116
1.51259
1.51398
1.51536
1.5167
1.51802
1.51932
1.5206
1.52186
1.5231
1.52432
1.52554
1.52674
1.52793
1.52911
1.53029
1.53147
1.53264
1.53382
1.535
1.53619
1.53738
1.53859
1.5398
1.54103
1.54227
1.54353
1.5448
1.54609
1.54741
1.54874
1.5501
1.55148
1.55288
1.5543
1.55576
1.55723
1.55873
1.56026
1.56181
1.56338
1.56498
1.56661
1.56825
1.56992
1.57161
1.57332
1.57506
1.57681
1.57858
1.58036
1.58216
1.58398
1.58581
1.58765
1.5895
1.59136
1.59323
1.5951
1.59698
1.59886
1.60074
1.60261
1.60448
1.60635
1.60821
1.61006
1.61189
1.61372
1.61553
1.61733
1.61911
1.62087
1.62261
1.62432
1.62601
1.62767
1.62931
1.63091
1.63249
1.63403
1.63553
1.637
1.63843
1.63982
1.64116
1.64247
1.64373
1.64494
1.64611
1.64722
1.64829
1.64931
1.65027
1.65118
1.65203
1.65282
1.65356
1.65423
1.65485
1.6554
1.65589
1.65632
1.65669
1.65698
1.65722
1.65738
1.65748
1.65751
1.65747
1.65737
1.65719
1.65694
1.65663
1.65624
1.65579
1.65526
1.65467
1.65401
1.65328
1.65248
1.65161
1.65068
1.64968
1.64862
1.64749
1.6463
1.64505
1.64374
1.64237
1.64094
1.63945
1.63792
1.63632
1.63468
1.63298
1.63124
1.62945
1.62762
1.62575
1.62383
1.62188
1.6199
1.61788
1.61582
1.61374
1.61163
1.6095
1.60734
1.60516
1.60296
1.60075
1.59852
1.59628
1.59403
1.59177
1.58951
1.58725
1.58498
1.58272
1.58046
1.5782
1.57596
1.57373
1.5715
1.5693
1.56711
1.56495
1.5628
1.56069
1.5586
1.55654
1.55452
1.55254
1.55059
1.54869
1.54684
1.54503
1.54327
1.54157
1.53993
1.53835
1.53684
1.53539
1.53401
1.53271
1.53148
1.53034
1.52928
1.5283
1.52741
1.52662
1.52592
1.52531
1.52481
1.5244
1.5241
1.52391
1.52382
1.52383
1.52396
1.52419
1.52453
1.52499
1.52555
1.52622
1.527
1.52788
1.52887
1.52997
1.53116
1.53246
1.53385
1.53534
1.53691
1.53858
1.54032
1.54215
1.54406
1.54603
1.54808
1.55019
1.55235
1.55458
1.55685
1.55916
1.56152
1.56391
1.56633
1.56878
1.57125
1.57373
1.57622
1.57872
1.58122
1.58372
1.58621
1.58869
1.59115
1.59359
1.596
1.59839
1.60074
1.60306
1.60534
1.60758
1.60977
1.61192
1.61401
1.61605
1.61804
1.61997
1.62184
1.62365
1.6254
1.62708
1.62871
1.63027
1.63176
1.63319
1.63455
1.63585
1.63708
1.63824
1.63934
1.64037
1.64134
1.64224
1.64308
1.64386
1.64457
1.64523
1.64582
1.64636
1.64684
1.64726
1.64763
1.64794
1.6482
1.64842
1.64858
1.64869
1.64876
1.64879
1.64877
1.64871
1.64861
1.64847
1.64829
1.64807
1.64782
1.64754
1.64722
1.64687
1.64649
1.64609
1.64566
1.6452
1.64472
1.64421
1.64369
1.64314
1.64258
1.64199
1.64139
1.64078
1.64015
1.6395
1.63884
1.63818
1.6375
1.63681
1.63612
1.63542
1.63471
1.634
1.63328
1.63256
1.63183
1.63111
1.63038
1.62965
1.62892
1.62819
1.62746
1.62674
1.62601
1.6253
1.62458
1.62387
1.62316
1.62245
1.62176
1.62106
1.62038
1.61969
1.61902
1.61835
1.61769
1.61703
1.61638
1.61573
1.61509
1.61445
1.61382
1.6132
1.61257
1.61196
1.61134
1.61073
1.61012
1.60952
1.60892
1.60832
1.60772
1.60712
1.60652
1.60593
1.60533
1.60473
1.60413
1.60353
1.60293
1.60232
1.60171
1.6011
1.60049
1.59987
1.59925
1.59863
1.598
1.59737
1.59674
1.5961
1.59546
1.59482
1.59418
1.59353
1.59288
1.59223
1.59158
1.59093
1.59028
1.58963
1.58899
1.58835
1.58771
1.58708
1.58645
1.58583
1.58523
1.58463
1.58404
1.58346
1.5829
1.58235
1.58182
1.58131
1.58081
1.58034
1.57988
1.57945
1.57904
1.57866
1.5783
1.57797
1.57767
1.5774
1.57715
1.57694
1.57675
1.5766
1.57648
1.57639
1.57634
1.57632
1.57633
1.57638
1.57645
1.57656
1.5767
1.57688
1.57708
1.57731
1.57757
1.57786
1.57817
1.57851
1.57887
1.57926
1.57967
1.5801
1.58055
1.58101
1.5815
1.58199
1.5825
1.58302
1.58354
1.58407
1.58461
1.58515
1.58569
1.58623
1.58677
1.5873
1.58783
1.58835
1.58886
1.58936
1.58985
1.59032
1.59078
1.59122
1.59165
1.59206
1.59245
1.59282
1.59317
1.5935
1.59381
1.5941
1.59437
1.59461
1.59484
1.59504
1.59522
1.59538
1.59552
1.59563
1.59573
1.59582
1.59588
1.59593
1.59596
1.59598
1.59599
1.59599
1.59597
1.59595
1.59592
1.59589
1.59585
1.59581
1.59577
1.59573
1.5957
1.59567
1.59566
1.59565
1.59566
1.59568
1.59572
1.59577
1.59585
1.59596
1.59609
1.59625
1.59643
1.59665
1.59691
1.5972
1.59753
1.5979
1.59831
1.59876
1.59926
1.5998
1.60038
1.60102
1.6017
1.60243
1.60321
1.60404
1.60492
1.60584
1.60682
1.60785
1.60893
1.61005
1.61123
1.61245
1.61371
1.61502
1.61637
1.61777
1.6192
1.62067
1.62218
1.62372
1.62529
1.62688
1.6285
1.63015
1.63181
1.6335
1.63519
1.6369
1.63861
1.64033
1.64204
1.64376
1.64547
1.64716
1.64885
1.65052
1.65216
1.65379
1.65538
1.65695
1.65848
1.65997
1.66142
1.66283
1.66419
1.6655
1.66675
1.66795
1.66909
1.67017
1.67118
1.67212
1.673
1.6738
1.67452
1.67517
1.67574
1.67623
1.67664
1.67696
1.6772
1.67734
1.6774
1.67737
1.67724
1.67702
1.67671
1.6763
1.6758
1.67519
1.6745
1.6737
1.67281
1.67182
1.67073
1.66954
1.66826
1.66687
1.66539
1.66381
1.66214
1.66037
1.65851
1.65655
1.65451
1.65237
1.65014
1.64782
1.64542
1.64293
1.64037
1.63772
1.63499
1.63218
1.62931
1.62636
1.62334
1.62026
1.61712
1.61391
1.61065
1.60734
1.60398
1.60057
1.59712
1.59363
1.5901
1.58655
1.58296
1.57936
1.57573
1.5721
1.56845
1.56479
1.56114
1.55749
1.55384
1.55021
1.54659
1.543
1.53943
1.53589
1.53239
1.52893
1.52551
1.52213
1.51881
1.51555
1.51234
1.5092
1.50612
1.50312
1.50019
1.49734
1.49457
1.49188
1.48928
1.48677
1.48435
1.48202
1.4798
1.47767
1.47564
1.47372
1.47189
1.47018
1.46856
1.46706
1.46566
1.46437
1.46319
1.46211
1.46115
1.46029
1.45954
1.4589
1.45836
1.45793
1.4576
1.45738
1.45726
1.45724
1.45732
1.4575
1.45777
1.45814
1.4586
1.45916
1.4598
1.46053
1.46134
1.46224
1.46322
1.46427
1.4654
1.4666
1.46788
1.46922
1.47063
1.4721
1.47363
1.47522
1.47687
1.47856
1.48031
1.4821
1.48394
1.48581
1.48772
1.48967
1.49165
1.49365
1.49568
1.49773
1.4998
1.50188
1.50397
1.50607
1.50817
1.51027
1.51236
1.51445
1.51652
1.51858
1.52062
1.52263
1.52462
1.52658
1.52851
1.5304
1.53224
1.53405
1.5358
1.53751
1.53916
1.54075
1.54229
1.54376
1.54517
1.54651
1.54778
1.54897
1.55009
1.55114
1.5521
1.55299
1.55379
1.55451
1.55515
1.5557
1.55616
1.55654
1.55683
1.55703
1.55715
1.55717
1.55711
1.55696
1.55673
1.55641
1.556
1.5555
1.55492
1.55426
1.55351
1.55269
1.55178
1.5508
1.54973
1.5486
1.54738
1.5461
1.54474
1.54332
1.54183
1.54027
1.53865
1.53697
1.53522
1.53342
1.53157
1.52966
1.5277
1.52569
1.52363
1.52152
1.51938
1.51718
1.51496
1.51269
1.51039
1.50805
1.50568
1.50329
1.50087
1.49842
1.49596
1.49347
1.49097
1.48845
1.48592
1.48339
1.48084
1.47829
1.47574
1.47319
1.47064
1.46811
1.46558
1.46306
1.46056
1.45808
1.45561
1.45318
1.45076
1.44838
1.44603
1.44372
1.44144
1.43921
1.43702
1.43488
1.43279
1.43075
1.42876
1.42683
1.42496
1.42316
1.42141
1.41974
1.41813
1.41659
1.41512
1.41372
1.4124
1.41116
1.40999
1.40889
1.40788
1.40695
1.4061
1.40532
1.40463
1.40402
1.40349
1.40304
1.40266
1.40237
1.40215
1.40202
1.40195
1.40196
1.40205
1.40221
1.40244
1.40273
1.40309
1.40352
1.40401
1.40455
1.40516
1.40582
1.40653
1.40729
1.4081
1.40895
1.40985
1.41078
1.41175
1.41275
1.41378
1.41484
1.41593
1.41703
1.41816
1.4193
1.42046
1.42163
1.42281
1.424
1.42519
1.42639
1.42759
1.42879
1.42999
1.43118
1.43237
1.43356
1.43474
1.43591
1.43707
1.43822
1.43936
1.4405
1.44162
1.44273
1.44383
1.44492
1.44599
1.44706
1.44811
1.44915
1.45019
1.45121
1.45222
1.45322
1.45421
1.45519
1.45617
1.45714
1.4581
1.45905
1.46
1.46094
1.46187
1.4628
1.46372
1.46464
1.46556
1.46647
1.46737
1.46827
1.46917
1.47006
1.47095
1.47183
1.47271
1.47359
1.47445
1.47531
1.47616
1.47701
1.47784
1.47867
1.47948
1.48029
1.48108
1.48185
1.48262
1.48337
1.4841
1.48482
1.48551
1.48619
1.48686
1.4875
1.48812
1.48872
1.48929
1.48985
1.49038
1.49089
1.49137
1.49183
1.49227
1.49268
1.49307
1.49343
1.49378
1.4941
1.4944
1.49468
1.49495
1.49519
1.49542
1.49563
1.49583
1.49602
1.4962
1.49638
1.49655
1.49672
1.49688
1.49705
1.49722
1.4974
1.49759
1.49779
1.49801
1.49824
1.4985
1.49877
1.49907
1.4994
1.49975
1.50013
1.50055
1.50101
1.50149
1.50202
1.50259
1.50319
1.50384
1.50453
1.50526
1.50604
1.50685
1.50772
1.50862
1.50957
1.51056
1.5116
1.51268
1.51379
1.51495
1.51615
1.51738
1.51865
1.51996
1.5213
1.52267
1.52408
1.52551
1.52698
1.52847
1.52999
1.53153
1.53309
1.53468
1.53629
1.53791
1.53955
1.54121
1.54288
1.54456
1.54625
1.54795
1.54966
1.55138
1.55311
1.55484
1.55657
1.55831
1.56005
1.56178
1.56352
1.56525
1.56698
1.56871
1.57043
1.57214
1.57384
1.57554
1.57722
1.57889
1.58055
1.58219
1.58382
1.58542
1.58701
1.58858
1.59013
1.59166
1.59316
1.59463
1.59608
1.59749
1.59888
1.60023
1.60156
1.60284
1.60409
1.60531
1.60648
1.60762
1.60871
1.60977
1.61078
1.61175
1.61267
1.61355
1.61438
1.61517
1.6159
1.61659
1.61724
1.61783
1.61838
1.61888
1.61933
1.61973
1.62008
1.62039
1.62065
1.62085
1.62102
1.62113
1.62119
1.62121
1.62118
1.6211
1.62098
1.62081
1.62059
1.62033
1.62002
1.61967
1.61928
1.61884
1.61835
1.61783
1.61726
1.61665
1.61601
1.61532
1.61459
1.61382
1.61301
1.61216
1.61128
1.61036
1.60941
1.60842
1.60739
1.60634
1.60524
1.60412
1.60296
1.60178
1.60056
1.59931
1.59804
1.59674
1.59541
1.59405
1.59267
1.59126
1.58983
1.58838
1.58691
1.58541
1.58389
1.58235
1.58079
1.57922
1.57762
1.57601
1.57438
1.57273
1.57107
1.56939
1.5677
1.56599
1.56427
1.56254
1.56079
1.55903
1.55725
1.55546
1.55366
1.55185
1.55002
1.54818
1.54632
1.54446
1.54257
1.54068
1.53876
1.53683
1.53489
1.53293
1.53095
1.52896
1.52694
1.52491
1.52286
1.52079
1.5187
1.51659
1.51446
1.51231
1.51014
1.50794
1.50573
1.50349
1.50122
1.49894
1.49663
1.4943
1.49195
1.48958
1.48718
1.48477
1.48233
1.47987
1.47739
1.4749
1.47239
1.46986
1.46731
1.46475
1.46218
1.4596
1.457
1.45439
1.45178
1.44916
1.44653
1.4439
1.44127
1.43864
1.43601
1.43338
1.43076
1.42814
1.42553
1.42293
1.42034
1.41776
1.4152
1.41266
1.41013
1.40762
1.40514
1.40268
1.40025
1.39784
1.39547
1.39312
1.39081
1.38854
1.3863
1.3841
1.38195
1.37984
1.37777
1.37575
1.37378
1.37187
1.37001
1.36821
1.36647
1.36479
1.36317
1.36163
1.36015
1.35875
1.35742
1.35617
1.35501
1.35393
1.35293
1.35203
1.35121
1.3505
1.34988
1.34937
1.34896
1.34866
1.34847
1.3484
1.34844
1.3486
1.34889
1.3493
1.34984
1.35051
1.35131
1.35224
1.35331
1.35452
1.35586
1.35735
1.35897
1.36073
1.36264
1.36469
1.36687
1.3692
1.37166
1.37426
1.37699
1.37985
1.38284
1.38595
1.38918
1.39253
1.39598
1.39955
1.40321
1.40696
1.41081
1.41473
1.41872
1.42279
1.42691
1.43108
1.4353
1.43955
1.44383
1.44813
1.45244
1.45675
1.46106
1.46535
1.46962
1.47387
1.47807
1.48223
1.48634
1.49039
1.49437
1.49829
1.50212
1.50587
1.50953
1.51309
1.51655
1.5199
1.52315
1.52628
1.52929
1.53219
1.53496
1.5376
1.54011
1.5425
1.54474
1.54686
1.54884
1.55069
1.55239
1.55397
1.55541
1.55671
1.55788
1.55891
1.55981
1.56059
1.56123
1.56175
1.56214
1.56242
1.56257
1.56261
1.56254
1.56235
1.56206
1.56167
1.56118
1.56059
1.55991
1.55915
1.5583
1.55738
1.55638
1.55532
1.55419
1.553
1.55176
1.55047
1.54913
1.54776
1.54635
1.54492
1.54345
1.54197
1.54048
1.53898
1.53747
1.53596
1.53445
1.53295
1.53147
1.52999
1.52854
1.52712
1.52572
1.52435
1.52301
1.52171
1.52046
1.51924
1.51807
1.51694
1.51586
1.51484
1.51386
1.51294
1.51206
1.51125
1.51048
1.50977
1.50912
1.50852
1.50797
1.50748
1.50704
1.50666
1.50632
1.50604
1.5058
1.50561
1.50546
1.50536
1.5053
1.50528
1.50529
1.50535
1.50543
1.50555
1.5057
1.50587
1.50607
1.50629
1.50653
1.50678
1.50706
1.50734
1.50764
1.50795
1.50826
1.50858
1.5089
1.50923
1.50955
1.50987
1.51019
1.5105
1.51081
1.51111
1.5114
1.51167
1.51194
1.5122
1.51244
1.51266
1.51287
1.51307
1.51325
1.51341
1.51355
1.51368
1.51378
1.51387
1.51394
1.51399
1.51402
1.51403
1.51402
1.51398
1.51393
1.51386
1.51377
1.51366
1.51353
1.51339
1.51322
1.51304
1.51284
1.51263
1.5124
1.51216
1.5119
1.51164
1.51136
1.51108
1.51079
1.51049
1.51019
1.50988
1.50958
1.50927
1.50897
1.50866
1.50837
1.50808
1.5078
1.50753
1.50728
1.50704
1.50681
1.50661
1.50642
1.50625
1.50611
1.506
1.50591
1.50584
1.50581
1.50581
1.50584
1.5059
1.50599
1.50611
1.50627
1.50647
1.5067
1.50696
1.50726
1.50759
1.50796
1.50836
1.5088
1.50928
1.50978
1.51032
1.51089
1.5115
1.51214
1.5128
1.5135
1.51423
1.51499
1.51578
1.51659
1.51743
1.5183
1.51919
1.52011
1.52104
1.52201
1.52299
1.52399
1.52501
1.52606
1.52712
1.52819
1.52929
1.5304
1.53152
1.53266
1.5338
1.53496
1.53613
1.53731
1.5385
1.53969
1.54089
1.5421
1.5433
1.54451
1.54572
1.54693
1.54813
1.54933
1.55053
1.55172
1.55291
1.55408
1.55524
1.55639
1.55753
1.55865
1.55975
1.56083
1.56189
1.56292
1.56393
1.56491
1.56586
1.56679
1.56767
1.56853
1.56935
1.57013
1.57087
1.57156
1.57222
1.57283
1.57339
1.57391
1.57438
1.5748
1.57516
1.57548
1.57574
1.57594
1.57609
1.57618
1.57622
1.5762
1.57613
1.576
1.57582
1.57558
1.5753
1.57496
1.57458
1.57415
1.57368
1.57318
1.57264
1.57207
1.57148
1.57087
1.57024
1.56961
1.56898
1.56835
1.56774
1.56715
1.56659
1.56606
1.56557
1.56514
1.56477
1.56447
1.56424
1.5641
1.56404
1.56409
1.56423
1.56448
1.56485
1.56534
1.56594
1.56667
1.56752
1.5685
1.56961
1.57084
1.5722
1.57368
1.57527
1.57698
1.57879
1.58071
1.58273
1.58483
1.58702
1.58928
1.5916
1.59399
1.59643
1.59891
1.60142
1.60396
1.60651
1.60907
1.61164
1.6142
1.61674
1.61927
1.62177
1.62424
1.62668
1.62906
1.63141
1.6337
1.63594
1.63811
1.64023
1.64229
1.64428
1.6462
1.64806
1.64984
1.65156
1.6532
1.65478
1.65628
1.65772
1.65908
1.66038
1.66161
1.66278
1.66387
1.66491
1.66588
1.66678
1.66763
1.66842
1.66915
1.66982
1.67044
1.67101
1.67152
1.67198
1.6724
1.67277
1.67309
1.67337
1.67361
1.6738
1.67396
1.67407
1.67415
1.67419
1.6742
1.67417
1.67411
1.67402
1.67389
1.67374
1.67355
1.67333
1.67309
1.67281
1.6725
1.67217
1.67181
1.67142
1.671
1.67056
1.67009
1.66958
1.66906
1.6685
1.66791
1.6673
1.66666
1.66599
1.66529
1.66457
1.66381
1.66303
1.66221
1.66137
1.66049
1.65958
1.65864
1.65767
1.65667
1.65563
1.65456
1.65346
1.65232
1.65115
1.64995
1.64871
1.64745
1.64614
1.64481
1.64344
1.64204
1.64061
1.63915
1.63766
1.63614
1.63459
1.63301
1.6314
1.62977
1.62812
1.62644
1.62474
1.62302
1.62128
1.61952
1.61775
1.61597
1.61417
1.61236
1.61054
1.60872
1.60689
1.60506
1.60323
1.60139
1.59957
1.59774
1.59593
1.59412
1.59232
1.59054
1.58877
1.58701
1.58527
1.58355
1.58185
1.58017
1.57851
1.57687
1.57525
1.57366
1.5721
1.57055
1.56904
1.56754
1.56607
1.56463
1.56321
1.56181
1.56043
1.55908
1.55774
1.55643
1.55514
1.55387
1.55261
1.55138
1.55015
1.54895
1.54776
1.54658
1.54542
1.54427
1.54313
1.54201
1.54089
1.53979
1.53871
1.53763
1.53657
1.53553
1.5345
1.53349
1.5325
1.53154
1.53059
1.52967
1.52878
1.52792
1.52709
1.5263
1.52555
1.52484
1.52418
1.52356
1.52299
1.52248
1.52203
1.52164
1.52132
1.52106
1.52087
1.52076
1.52072
1.52076
1.52089
1.52109
1.52138
1.52176
1.52223
1.52278
1.52343
1.52417
1.525
1.52592
1.52693
1.52803
1.52922
1.5305
1.53187
1.53332
1.53486
1.53648
1.53818
1.53996
1.54182
1.54374
1.54574
1.5478
1.54992
1.5521
1.55434
1.55664
1.55899
1.56138
1.56381
1.56629
1.5688
1.57135
1.57392
1.57653
1.57915
1.5818
1.58446
1.58713
1.58982
1.59251
1.59521
1.59791
1.60061
1.6033
1.60599
1.60868
1.61136
1.61402
1.61667
1.61931
1.62193
1.62453
1.62711
1.62967
1.63221
1.63472
1.63721
1.63968
1.64212
1.64453
1.64691
1.64926
1.65158
1.65388
1.65614
1.65836
1.66056
1.66272
1.66485
1.66694
1.669
1.67102
1.67301
1.67496
1.67687
1.67875
1.68059
1.68239
1.68415
1.68588
1.68756
1.68921
1.69081
1.69238
1.69391
1.69539
1.69683
1.69823
1.69959
1.7009
1.70217
1.70339
1.70456
1.70569
1.70677
1.7078
1.70878
1.70972
1.7106
1.71143
1.7122
1.71292
1.71359
1.7142
1.71476
1.71525
1.71569
1.71607
1.71639
1.71665
1.71685
1.71698
1.71705
1.71706
1.71701
1.71688
1.7167
1.71644
1.71612
1.71573
1.71527
1.71474
1.71414
1.71348
1.71274
1.71193
1.71106
1.71011
1.7091
1.70802
1.70687
1.70565
1.70437
1.70302
1.70161
1.70013
1.6986
1.697
1.69534
1.69363
1.69186
1.69003
1.68816
1.68623
1.68426
1.68225
1.6802
1.67811
1.67598
1.67382
1.67163
1.66942
1.66718
1.66492
1.66265
1.66036
1.65807
1.65577
1.65347
1.65117
1.64888
1.6466
1.64433
1.64207
1.63984
1.63763
1.63544
1.63329
1.63117
1.62908
1.62703
1.62503
1.62307
1.62115
1.61929
1.61748
1.61572
1.61402
1.61237
1.61079
1.60927
1.60781
1.60641
1.60507
1.60381
1.6026
1.60146
1.60039
1.59938
1.59843
1.59755
1.59673
1.59598
1.59529
1.59465
1.59408
1.59356
1.5931
1.59269
1.59234
1.59203
1.59177
1.59156
1.59139
1.59127
1.59118
1.59112
1.5911
1.59111
1.59115
1.59121
1.59129
1.59139
1.59151
1.59164
1.59179
1.59194
1.59209
1.59225
1.59241
1.59256
1.59271
1.59285
1.59298
1.5931
1.5932
1.59329
1.59336
1.5934
1.59343
1.59343
1.5934
1.59335
1.59327
1.59316
1.59301
1.59284
1.59263
1.59239
1.59211
1.5918
1.59145
1.59106
1.59064
1.59019
1.58969
1.58917
1.5886
1.588
1.58737
1.5867
1.586
1.58527
1.5845
1.58371
1.58289
1.58204
1.58117
1.58027
1.57935
1.57841
1.57745
1.57648
1.57548
1.57448
1.57346
1.57243
1.57139
1.57035
1.5693
1.56825
1.5672
1.56615
1.56511
1.56407
1.56304
1.56202
1.561
1.56
1.55902
1.55805
1.5571
1.55616
1.55525
1.55435
1.55348
1.55262
1.55179
1.55099
1.55021
1.54945
1.54872
1.54801
1.54733
1.54667
1.54605
1.54544
1.54487
1.54431
1.54379
1.54328
1.5428
1.54235
1.54191
1.5415
1.54111
1.54073
1.54038
1.54004
1.53972
1.53942
1.53913
1.53885
1.53859
1.53834
1.53809
1.53786
1.53764
1.53742
1.53721
1.53701
1.53681
1.53661
1.53642
1.53622
1.53603
1.53584
1.53566
1.53547
1.53528
1.53509
1.5349
1.5347
1.53451
1.53431
1.53411
1.53391
1.53371
1.5335
1.5333
1.5331
1.53289
1.53269
1.53249
1.53229
1.53209
1.5319
1.53171
1.53152
1.53134
1.53116
1.53099
1.53083
1.53068
1.53054
1.53041
1.53029
1.53018
1.53008
1.53
1.52993
1.52988
1.52984
1.52981
1.52981
1.52982
1.52985
1.52989
1.52996
1.53004
1.53014
1.53026
1.53039
1.53055
1.53072
1.53091
1.53113
1.53136
1.5316
1.53187
1.53216
1.53247
1.53279
1.53313
1.53349
1.53387
1.53426
1.53467
1.5351
1.53554
1.53601
1.53648
1.53697
1.53748
1.53801
1.53854
1.5391
1.53966
1.54024
1.54084
1.54144
1.54206
1.54269
1.54334
1.544
1.54466
1.54534
1.54604
1.54674
1.54745
1.54816
1.54889
1.54963
1.55037
1.55112
1.55187
1.55263
1.55339
1.55416
1.55492
1.55569
1.55646
1.55723
1.558
1.55876
1.55951
1.56027
1.56101
1.56174
1.56247
1.56318
1.56388
1.56456
1.56523
1.56589
1.56652
1.56714
1.56773
1.56831
1.56886
1.56938
1.56988
1.57035
1.5708
1.57122
1.5716
1.57196
1.57229
1.57258
1.57284
1.57307
1.57326
1.57342
1.57355
1.57364
1.5737
1.57372
1.5737
1.57366
1.57358
1.57346
1.57332
1.57314
1.57293
1.57268
1.57241
1.57211
1.57177
1.57141
1.57102
1.57061
1.57017
1.56971
1.56922
1.56872
1.56819
1.56765
1.56709
1.56651
1.56592
1.56532
1.56471
1.56409
1.56347
1.56284
1.5622
1.56156
1.56093
1.56029
1.55966
1.55903
1.55841
1.5578
1.5572
1.55661
1.55603
1.55547
1.55493
1.5544
1.55389
1.55341
1.55294
1.55249
1.55207
1.55168
1.55131
1.55096
1.55065
1.55037
1.55011
1.54989
1.54969
1.54953
1.5494
1.54931
1.54924
1.54922
1.54922
1.54927
1.54935
1.54946
1.54961
1.54979
1.55001
1.55026
1.55055
1.55088
1.55123
1.55162
1.55205
1.5525
1.55299
1.55351
1.55406
1.55463
1.55524
1.55587
1.55653
1.55721
1.55792
1.55865
1.55939
1.56016
1.56094
1.56174
1.56256
1.56339
1.56423
1.56507
1.56593
1.56679
1.56765
1.56852
1.56939
1.57025
1.57112
1.57197
1.57282
1.57366
1.5745
1.57531
1.57612
1.57692
1.57769
1.57845
1.57919
1.57991
1.58062
1.5813
1.58195
1.58259
1.58319
1.58378
1.58434
1.58487
1.58538
1.58587
1.58633
1.58676
1.58717
1.58756
1.58792
1.58825
1.58856
1.58885
1.58911
1.58936
1.58958
1.58978
1.58996
1.59012
1.59026
1.59038
1.59049
1.59059
1.59067
1.59073
1.59079
1.59083
1.59086
1.59088
1.59089
1.5909
1.59089
1.59088
1.59086
1.59084
1.59081
1.59077
1.59074
1.59069
1.59065
1.59059
1.59054
1.59048
1.59042
1.59035
1.59028
1.5902
1.59013
1.59004
1.58996
1.58987
1.58977
1.58967
1.58956
1.58944
1.58932
1.5892
1.58906
1.58892
1.58877
1.58861
1.58845
1.58827
1.58809
1.58789
1.58769
1.58749
1.58727
1.58705
1.58682
1.58658
1.58634
1.58609
1.58584
1.58558
1.58533
1.58507
1.58481
1.58455
1.5843
1.58406
1.58382
1.58359
1.58338
1.58318
1.583
1.58284
1.58271
1.58261
1.58253
1.58249
1.58249
1.58253
1.58262
1.58275
1.58293
1.58317
1.58347
1.58384
1.58426
1.58476
1.58533
1.58597
1.58669
1.58749
1.58837
1.58934
1.59038
1.59151
1.59273
1.59403
1.59542
1.59689
1.59844
1.60007
1.60178
1.60356
1.60541
1.60734
1.60932
1.61137
1.61347
1.61562
1.61781
1.62005
1.62231
1.62461
1.62692
1.62926
1.6316
1.63394
1.63628
1.63862
1.64093
1.64323
1.6455
1.64774
1.64994
1.6521
1.65421
1.65626
1.65826
1.6602
1.66207
1.66387
1.6656
1.66725
1.66881
1.6703
1.6717
1.67301
1.67423
1.67535
1.67638
1.67732
1.67815
1.67888
1.67951
1.68004
1.68047
1.68079
1.68101
1.68112
1.68113
1.68103
1.68082
1.68052
1.6801
1.67958
1.67896
1.67824
1.67741
1.67649
1.67546
1.67434
1.67312
1.67181
1.67041
1.66891
1.66733
1.66566
1.66391
1.66208
1.66018
1.6582
1.65615
1.65403
1.65185
1.64962
1.64733
1.64498
1.6426
1.64017
1.63771
1.63521
1.63269
1.63014
1.62758
1.62501
1.62244
1.61987
1.6173
1.61475
1.61221
1.60969
1.6072
1.60475
1.60233
1.59996
1.59764
1.59537
1.59315
1.591
1.58891
1.58689
1.58494
1.58307
1.58128
1.57956
1.57792
1.57637
1.57491
1.57352
1.57223
1.57102
1.5699
1.56886
1.56791
1.56704
1.56625
1.56555
1.56493
1.56438
1.56391
1.56352
1.56319
1.56294
1.56275
1.56262
1.56256
1.56255
1.56259
1.56269
1.56283
1.56302
1.56325
1.56351
1.56382
1.56415
1.56451
1.5649
1.56531
1.56574
1.56619
1.56665
1.56713
1.56761
1.5681
1.56859
1.56908
1.56958
1.57007
1.57055
1.57103
1.5715
1.57195
1.5724
1.57283
1.57324
1.57364
1.57403
1.57439
1.57474
1.57507
1.57538
1.57567
1.57593
1.57618
1.57641
1.57662
1.57681
1.57698
1.57713
1.57726
1.57738
1.57748
1.57758
1.57765
1.57772
1.57778
1.57783
1.57787
1.57791
1.57795
1.57799
1.57802
1.57807
1.57812
1.57818
1.57824
1.57832
1.57842
1.57854
1.57867
1.57883
1.57901
1.57922
1.57945
1.57972
1.58003
1.58036
1.58074
1.58115
1.58161
1.58211
1.58266
1.58325
1.58389
1.58458
1.58533
1.58612
1.58697
1.58787
1.58883
1.58984
1.5909
1.59202
1.5932
1.59442
1.59571
1.59704
1.59842
1.59986
1.60134
1.60287
1.60444
1.60606
1.60772
1.60942
1.61115
1.61292
1.61472
1.61654
1.61839
1.62026
1.62214
1.62404
1.62595
1.62787
1.62979
1.63171
1.63362
1.63553
1.63743
1.63931
1.64117
1.64301
1.64482
1.64661
1.64836
1.65007
1.65175
1.65339
1.65498
1.65653
1.65803
1.65948
1.66088
1.66223
1.66352
1.66476
1.66594
1.66706
1.66813
1.66914
1.67009
1.67098
1.67181
1.67259
1.6733
1.67397
1.67457
1.67512
1.67562
1.67607
1.67646
1.6768
1.67709
1.67734
1.67753
1.67769
1.6778
1.67786
1.67789
1.67787
1.67782
1.67774
1.67762
1.67747
1.67729
1.67708
1.67684
1.67658
1.67629
1.67598
1.67564
1.67529
1.67492
1.67453
1.67412
1.6737
1.67327
1.67282
1.67236
1.67189
1.67141
1.67092
1.67042
1.66992
1.66941
1.6689
1.66838
1.66786
1.66734
1.66682
1.66629
1.66577
1.66525
1.66474
1.66422
1.66372
1.66321
1.66272
1.66223
1.66175
1.66128
1.66083
1.66038
1.65995
1.65953
1.65913
1.65875
1.65838
1.65803
1.6577
1.6574
1.65712
1.65686
1.65663
1.65642
1.65624
1.6561
1.65598
1.65589
1.65583
1.6558
1.65581
1.65585
1.65593
1.65604
1.65619
1.65637
1.65659
1.65685
1.65714
1.65747
1.65784
1.65824
1.65868
1.65916
1.65967
1.66021
1.66079
1.6614
1.66205
1.66273
1.66344
1.66417
1.66494
1.66573
1.66655
1.66739
1.66825
1.66913
1.67003
1.67095
1.67189
1.67284
1.6738
1.67477
1.67575
1.67674
1.67773
1.67873
1.67973
1.68073
1.68173
1.68273
1.68373
1.68472
1.6857
1.68668
1.68764
1.68859
1.68953
1.69046
1.69136
1.69226
1.69313
1.69398
1.69482
1.69563
1.69642
1.69719
1.69793
1.69864
1.69933
1.69998
1.70061
1.7012
1.70177
1.7023
1.7028
1.70326
1.70368
1.70407
1.70442
1.70472
1.70499
1.70522
1.7054
1.70553
1.70563
1.70567
1.70567
1.70562
1.70552
1.70537
1.70517
1.70492
1.70461
1.70425
1.70383
1.70336
1.70284
1.70225
1.70161
1.70091
1.70015
1.69933
1.69844
1.6975
1.69649
1.69543
1.6943
1.6931
1.69185
1.69054
1.68916
1.68772
1.68622
1.68466
1.68304
1.68136
1.67962
1.67782
1.67596
1.67405
1.67208
1.67006
1.66799
1.66586
1.66369
1.66146
1.65919
1.65688
1.65452
1.65211
1.64967
1.64719
1.64468
1.64213
1.63955
1.63694
1.6343
1.63164
1.62895
1.62625
1.62352
1.62079
1.61804
1.61528
1.61251
1.60973
1.60695
1.60418
1.6014
1.59863
1.59587
1.59311
1.59038
1.58765
1.58495
1.58227
1.57962
1.57699
1.5744
1.57184
1.56931
1.56683
1.56439
1.56199
1.55964
1.55735
1.55511
1.55293
1.5508
1.54875
1.54675
1.54483
1.54299
1.54121
1.53952
1.5379
1.53637
1.53493
1.53357
1.5323
1.53113
1.53005
1.52906
1.52817
1.52739
1.5267
1.52611
1.52563
1.52525
1.52498
1.5248
1.52474
1.52477
1.52491
1.52516
1.5255
1.52595
1.5265
1.52714
1.52789
1.52872
1.52965
1.53067
1.53178
1.53298
1.53425
1.53561
1.53704
1.53855
1.54013
1.54178
1.54349
1.54526
1.54709
1.54898
1.55092
1.5529
1.55493
1.55701
1.55911
1.56126
1.56343
1.56563
1.56786
1.5701
1.57237
1.57465
1.57694
1.57924
1.58155
1.58386
1.58618
1.58849
1.59079
1.59309
1.59538
1.59766
1.59992
1.60216
1.60439
1.60659
1.60876
1.61091
1.61303
1.61512
1.61717
1.61919
1.62117
1.62311
1.62502
1.62688
1.62869
1.63046
1.63219
1.63386
1.63549
1.63707
1.6386
1.64007
1.6415
1.64287
1.64419
1.64546
1.64668
1.64784
1.64895
1.65
1.65101
1.65196
1.65286
1.65371
1.65452
1.65528
1.65599
1.65666
1.65728
1.65787
1.65841
1.65892
1.65939
1.65983
1.66024
1.66062
1.66098
1.66132
1.66163
1.66193
1.66221
1.66248
1.66274
1.663
1.66325
1.6635
1.66376
1.66401
1.66427
1.66455
1.66483
1.66512
1.66543
1.66576
1.6661
1.66647
1.66685
1.66726
1.6677
1.66815
1.66863
1.66914
1.66967
1.67023
1.67081
1.67141
1.67204
1.67269
1.67336
1.67405
1.67476
1.67549
1.67623
1.67698
1.67774
1.67851
1.67929
1.68007
1.68085
1.68162
1.68239
1.68316
1.6839
1.68464
1.68536
1.68605
1.68672
1.68737
1.68799
1.68857
1.68912
1.68964
1.69011
1.69055
1.69094
1.69128
1.69158
1.69182
1.69201
1.69215
1.69224
1.69227
1.69223
1.69214
1.69199
1.69178
1.69151
1.69117
1.69077
1.69031
1.68978
1.6892
1.68854
1.68783
1.68705
1.68621
1.68531
1.68434
1.68332
1.68223
1.68109
1.67989
1.67863
1.67731
1.67594
1.67452
1.67304
1.67151
1.66994
1.66831
1.66664
1.66492
1.66316
1.66136
1.65952
1.65763
1.65571
1.65376
1.65176
1.64974
1.64768
1.64559
1.64348
1.64133
1.63916
1.63696
1.63474
1.63249
1.63023
1.62794
1.62564
1.62332
1.62098
1.61863
1.61626
1.61388
1.61149
1.60909
1.60668
1.60426
1.60184
1.59941
1.59698
1.59455
1.59212
1.58969
1.58727
1.58485
1.58245
1.58005
1.57766
1.57529
1.57294
1.57061
1.5683
1.56602
1.56377
1.56155
1.55937
1.55723
1.55513
1.55308
1.55108
1.54913
1.54724
1.54542
1.54366
1.54198
1.54037
1.53884
1.5374
1.53604
1.53477
1.5336
1.53253
1.53156
1.5307
1.52994
1.5293
1.52876
1.52834
1.52804
1.52785
1.52778
1.52782
1.52798
1.52826
1.52865
1.52915
1.52976
1.53047
1.53129
1.53221
1.53322
1.53432
1.5355
1.53676
1.5381
1.5395
1.54096
1.54247
1.54404
1.54564
1.54727
1.54894
1.55062
1.55231
1.55401
1.55571
1.5574
1.55908
1.56074
1.56237
1.56396
1.56552
1.56704
1.5685
1.56992
1.57127
1.57257
1.5738
1.57497
1.57606
1.57708
1.57802
1.57889
1.57968
1.5804
1.58103
1.58158
1.58205
1.58245
1.58276
1.58299
1.58315
1.58323
1.58324
1.58318
1.58304
1.58284
1.58257
1.58224
1.58185
1.5814
1.5809
1.58035
1.57974
1.57909
1.5784
1.57767
1.57691
1.57611
1.57528
1.57442
1.57354
1.57264
1.57172
1.57078
1.56983
1.56887
1.56791
1.56694
1.56597
1.56499
1.56402
1.56306
1.5621
1.56115
1.56021
1.55928
1.55837
1.55747
1.55659
1.55572
1.55488
1.55406
1.55327
1.5525
1.55175
1.55104
1.55035
1.54969
1.54907
1.54847
1.54792
1.5474
1.54691
1.54647
1.54606
1.5457
1.54538
1.5451
1.54487
1.54469
1.54455
1.54447
1.54443
1.54445
1.54452
1.54464
1.54482
1.54505
1.54534
1.54569
1.5461
1.54656
1.54709
1.54767
1.54831
1.54901
1.54977
1.55059
1.55146
1.55238
1.55337
1.5544
1.55548
1.55661
1.55779
1.55902
1.56028
1.56159
1.56293
1.56431
1.56571
1.56714
1.5686
1.57008
1.57158
1.57309
1.57461
1.57614
1.57767
1.5792
1.58073
1.58225
1.58377
1.58526
1.58675
1.58821
1.58965
1.59107
1.59246
1.59382
1.59515
1.59644
1.5977
1.59892
1.60009
1.60123
1.60232
1.60337
1.60438
1.60533
1.60624
1.60711
1.60792
1.60869
1.60941
1.61008
1.6107
1.61127
1.6118
1.61228
1.61271
1.61309
1.61344
1.61373
1.61398
1.61419
1.61436
1.61449
1.61458
1.61464
1.61466
1.61464
1.61459
1.61451
1.61441
1.61428
1.61412
1.61394
1.61374
1.61352
1.61329
1.61305
1.61279
1.61252
1.61225
1.61197
1.61169
1.61141
1.61113
1.61085
1.61058
1.61032
1.61007
1.60982
1.60959
1.60938
1.60917
1.60899
1.60882
1.60867
1.60854
1.60842
1.60833
1.60826
1.60821
1.60818
1.60817
1.60818
1.60821
1.60827
1.60834
1.60843
1.60853
1.60865
1.60879
1.60894
1.60911
1.60928
1.60946
1.60965
1.60985
1.61005
1.61025
1.61045
1.61065
1.61085
1.61104
1.61123
1.6114
1.61157
1.61172
1.61186
1.61198
1.61209
1.61217
1.61223
1.61227
1.61229
1.61229
1.61225
1.6122
1.61211
1.61199
1.61185
1.61167
1.61146
1.61122
1.61095
1.61065
1.61032
1.60996
1.60956
1.60913
1.60868
1.60819
1.60767
1.60712
1.60654
1.60593
1.6053
1.60464
1.60395
1.60324
1.60251
1.60175
1.60098
1.60018
1.59937
1.59854
1.5977
1.59685
1.59598
1.59511
1.59422
1.59334
1.59245
1.59155
1.59066
1.58977
1.58888
1.588
1.58713
1.58627
1.58542
1.58458
1.58376
1.58295
1.58216
1.58139
1.58064
1.57992
1.57921
1.57854
1.57789
1.57726
1.57667
1.5761
1.57557
1.57506
1.57459
1.57415
1.57373
1.57335
1.573
1.57268
1.57239
1.57213
1.57191
1.57171
1.57154
1.5714
1.57128
1.5712
1.57114
1.5711
1.57109
1.5711
1.57114
1.5712
1.57128
1.57138
1.5715
1.57164
1.5718
1.57198
1.57218
1.57239
1.57262
1.57287
1.57313
1.57341
1.57371
1.57402
1.57434
1.57468
1.57504
1.57541
1.5758
1.57621
1.57663
1.57708
1.57754
1.57802
1.57851
1.57903
1.57957
1.58013
1.58071
1.58131
1.58194
1.58259
1.58326
1.58395
1.58466
1.5854
1.58617
1.58695
1.58776
1.58859
1.58945
1.59033
1.59123
1.59215
1.5931
1.59407
1.59507
1.59609
1.59712
1.59818
1.59926
1.60036
1.60148
1.60262
1.60377
1.60495
1.60613
1.60734
1.60855
1.60978
1.61102
1.61227
1.61353
1.6148
1.61608
1.61737
1.61866
1.61995
1.62125
1.62255
1.62386
1.62516
1.62646
1.62777
1.62906
1.63035
1.63164
1.63292
1.63419
1.63545
1.6367
1.63794
1.63917
1.64038
1.64158
1.64277
