1.0999
1.09973
1.09956
1.09939
1.09923
1.09907
1.09892
1.09878
1.09864
1.09852
1.09841
1.09831
1.09822
1.09815
1.0981
1.09806
1.09804
1.09804
1.09805
1.09809
1.09814
1.09822
1.09832
1.09844
1.09858
1.09874
1.09892
1.09912
1.09935
1.0996
1.09987
1.10016
1.10047
1.10081
1.10116
1.10154
1.10194
1.10235
1.10279
1.10325
1.10372
1.10422
1.10473
1.10526
1.10581
1.10638
1.10696
1.10756
1.10817
1.1088
1.10944
1.1101
1.11077
1.11145
1.11214
1.11284
1.11356
1.11428
1.11502
1.11576
1.11651
1.11727
1.11804
1.11881
1.11959
1.12037
1.12116
1.12195
1.12274
1.12354
1.12433
1.12513
1.12593
1.12672
1.12751
1.1283
1.12909
1.12986
1.13064
1.1314
1.13215
1.1329
1.13363
1.13435
1.13506
1.13575
1.13642
1.13708
1.13772
1.13834
1.13894
1.13952
1.14007
1.1406
1.1411
1.14158
1.14203
1.14244
1.14283
1.14319
1.14352
1.14382
1.14408
1.14431
1.14451
1.14467
1.1448
1.1449
1.14495
1.14498
1.14497
1.14493
1.14485
1.14474
1.14459
1.14441
1.1442
1.14396
1.14368
1.14337
1.14304
1.14267
1.14228
1.14186
1.14142
1.14095
1.14046
1.13995
1.13942
1.13887
1.1383
1.13772
1.13712
1.13651
1.13588
1.13525
1.13461
1.13396
1.1333
1.13264
1.13198
1.13131
1.13065
1.12998
1.12931
1.12865
1.12799
1.12734
1.12669
1.12605
1.12541
1.12479
1.12417
1.12355
1.12295
1.12236
1.12177
1.1212
1.12063
1.12008
1.11953
1.119
1.11847
1.11795
1.11745
1.11694
1.11645
1.11596
1.11548
1.115
1.11453
1.11406
1.11359
1.11313
1.11266
1.11219
1.11173
1.11125
1.11078
1.11029
1.1098
1.1093
1.1088
1.10828
1.10774
1.1072
1.10664
1.10606
1.10546
1.10485
1.10421
1.10356
1.10288
1.10217
1.10144
1.10068
1.0999
1.09908
1.09824
1.09736
1.09646
1.09552
1.09455
1.09355
1.09251
1.09144
1.09034
1.0892
1.08803
1.08683
1.08559
1.08432
1.08302
1.08169
1.08034
1.07895
1.07754
1.07611
1.07465
1.07317
1.07167
1.07016
1.06863
1.0671
1.06555
1.06399
1.06244
1.06088
1.05932
1.05777
1.05622
1.05468
1.05316
1.05165
1.05016
1.04869
1.04725
1.04583
1.04443
1.04307
1.04173
1.04043
1.03916
1.03793
1.03674
1.03558
1.03447
1.03339
1.03235
1.03135
1.03039
1.02947
1.02858
1.02774
1.02693
1.02616
1.02543
1.02473
1.02406
1.02343
1.02283
1.02226
1.02172
1.02121
1.02072
1.02026
1.01982
1.0194
1.019
1.01863
1.01827
1.01793
1.01761
1.01731
1.01702
1.01674
1.01649
1.01624
1.01601
1.0158
1.0156
1.01542
1.01525
1.0151
1.01497
1.01485
1.01474
1.01466
1.0146
1.01455
1.01452
1.01452
1.01453
1.01457
1.01464
1.01472
1.01483
1.01497
1.01513
1.01532
1.01554
1.01578
1.01605
1.01635
1.01668
1.01704
1.01743
1.01785
1.01829
1.01877
1.01927
1.01981
1.02037
1.02096
1.02158
1.02223
1.0229
1.0236
1.02433
1.02508
1.02586
1.02666
1.02749
1.02833
1.0292
1.0301
1.03101
1.03194
1.03289
1.03385
1.03484
1.03583
1.03685
1.03787
1.03891
1.03996
1.04102
1.04209
1.04316
1.04425
1.04534
1.04644
1.04754
1.04864
1.04975
1.05086
1.05197
1.05309
1.0542
1.05531
1.05641
1.05752
1.05862
1.05972
1.06081
1.06189
1.06297
1.06404
1.0651
1.06616
1.0672
1.06823
1.06925
1.07026
1.07126
1.07224
1.07321
1.07417
1.07511
1.07604
1.07694
1.07784
1.07871
1.07956
1.0804
1.08121
1.082
1.08277
1.08352
1.08425
1.08495
1.08562
1.08627
1.08689
1.08748
1.08804
1.08858
1.08908
1.08955
1.08999
1.09039
1.09077
1.0911
1.09141
1.09167
1.0919
1.0921
1.09225
1.09237
1.09245
1.09249
1.09248
1.09244
1.09236
1.09224
1.09207
1.09187
1.09163
1.09134
1.09101
1.09065
1.09024
1.08979
1.08931
1.08878
1.08822
1.08763
1.087
1.08633
1.08563
1.08491
1.08415
1.08336
1.08255
1.08171
1.08085
1.07997
1.07907
1.07815
1.07723
1.07629
1.07535
1.0744
1.07345
1.0725
1.07155
1.07062
1.06969
1.06878
1.06788
1.067
1.06615
1.06532
1.06452
1.06376
1.06303
1.06234
1.06168
1.06107
1.06051
1.06
1.05953
1.05912
1.05876
1.05845
1.05821
1.05802
1.05788
1.05781
1.0578
1.05785
1.05796
1.05812
1.05835
1.05864
1.05898
1.05938
1.05984
1.06035
1.06091
1.06153
1.06219
1.0629
1.06365
1.06444
1.06527
1.06614
1.06704
1.06798
1.06894
1.06993
1.07094
1.07197
1.07302
1.07409
1.07517
1.07626
1.07736
1.07847
1.07958
1.08069
1.08181
1.08293
1.08404
1.08515
1.08626
1.08736
1.08846
1.08955
1.09063
1.0917
1.09277
1.09383
1.09488
1.09592
1.09695
1.09797
1.09898
1.09999
1.10098
1.10197
1.10295
1.10392
1.10488
1.10584
1.10679
1.10773
1.10867
1.10959
1.11052
1.11143
1.11234
1.11324
1.11414
1.11503
1.11591
1.11678
1.11764
1.1185
1.11935
1.12018
1.12101
1.12182
1.12263
1.12341
1.12419
1.12495
1.1257
1.12643
1.12715
1.12785
1.12852
1.12918
1.12982
1.13044
1.13104
1.13161
1.13216
1.13269
1.13319
1.13367
1.13413
1.13456
1.13496
1.13534
1.1357
1.13602
1.13633
1.13661
1.13686
1.13708
1.13728
1.13746
1.13761
1.13774
1.13784
1.13792
1.13798
1.13801
1.13802
1.13801
1.13798
1.13793
1.13786
1.13777
1.13766
1.13753
1.13739
1.13723
1.13705
1.13685
1.13664
1.13642
1.13618
1.13593
1.13567
1.13539
1.1351
1.13481
1.1345
1.13418
1.13386
1.13352
1.13318
1.13283
1.13248
1.13212
1.13176
1.13139
1.13102
1.13065
1.13027
1.1299
1.12952
1.12915
1.12878
1.12842
1.12805
1.12769
1.12734
1.12699
1.12665
1.12632
1.12599
1.12567
1.12536
1.12506
1.12477
1.12449
1.12422
1.12396
1.12372
1.12348
1.12326
1.12305
1.12285
1.12266
1.12249
1.12232
1.12216
1.12202
1.12188
1.12175
1.12163
1.12152
1.12142
1.12132
1.12122
1.12113
1.12104
1.12096
1.12087
1.12079
1.1207
1.12061
1.12051
1.12041
1.1203
1.12018
1.12005
1.11992
1.11976
1.1196
1.11942
1.11922
1.11901
1.11877
1.11851
1.11823
1.11793
1.1176
1.11725
1.11686
1.11645
1.11601
1.11554
1.11504
1.1145
1.11393
1.11332
1.11268
1.112
1.11129
1.11054
1.10975
1.10893
1.10806
1.10716
1.10622
1.10524
1.10423
1.10318
1.10209
1.10096
1.0998
1.0986
1.09737
1.09611
1.09481
1.09349
1.09213
1.09075
1.08935
1.08792
1.08647
1.08501
1.08352
1.08203
1.08052
1.07901
1.07749
1.07596
1.07444
1.07293
1.07142
1.06992
1.06844
1.06697
1.06552
1.0641
1.06271
1.06135
1.06003
1.05874
1.0575
1.0563
1.05514
1.05404
1.05299
1.052
1.05107
1.05019
1.04938
1.04863
1.04795
1.04733
1.04678
1.0463
1.04589
1.04554
1.04526
1.04505
1.04491
1.04483
1.04481
1.04485
1.04495
1.04511
1.04532
1.04558
1.04589
1.04625
1.04665
1.04709
1.04756
1.04806
1.04859
1.04915
1.04973
1.05032
1.05093
1.05155
1.05218
1.05281
1.05344
1.05407
1.05469
1.0553
1.0559
1.05649
1.05707
1.05762
1.05816
1.05868
1.05917
1.05964
1.06009
1.06051
1.06091
1.06128
1.06162
1.06195
1.06224
1.06251
1.06276
1.06298
1.06318
1.06336
1.06352
1.06367
1.06379
1.0639
1.06399
1.06407
1.06414
1.06419
1.06424
1.06429
1.06432
1.06436
1.06439
1.06442
1.06445
1.06449
1.06453
1.06458
1.06463
1.06469
1.06477
1.06485
1.06495
1.06506
1.06519
1.06533
1.06549
1.06566
1.06585
1.06606
1.06628
1.06652
1.06678
1.06705
1.06735
1.06766
1.06798
1.06832
1.06868
1.06905
1.06944
1.06983
1.07024
1.07066
1.07109
1.07153
1.07197
1.07243
1.07288
1.07334
1.0738
1.07427
1.07473
1.0752
1.07566
1.07612
1.07658
1.07704
1.07749
1.07794
1.07838
1.07882
1.07925
1.07967
1.08008
1.08049
1.08089
1.08128
1.08166
1.08204
1.0824
1.08275
1.0831
1.08343
1.08376
1.08407
1.08437
1.08466
1.08494
1.0852
1.08545
1.08569
1.08591
1.08611
1.0863
1.08646
1.08661
1.08674
1.08685
1.08693
1.08699
1.08703
1.08704
1.08702
1.08698
1.08691
1.08681
1.08667
1.08651
1.08632
1.08609
1.08583
1.08553
1.0852
1.08483
1.08443
1.084
1.08353
1.08302
1.08248
1.0819
1.08128
1.08063
1.07995
1.07923
1.07847
1.07769
1.07687
1.07602
1.07514
1.07423
1.0733
1.07233
1.07134
1.07033
1.0693
1.06824
1.06717
1.06608
1.06497
1.06386
1.06273
1.0616
1.06046
1.05932
1.05817
1.05703
1.0559
1.05477
1.05366
1.05255
1.05147
1.0504
1.04936
1.04833
1.04734
1.04638
1.04545
1.04455
1.04369
1.04287
1.04209
1.04136
1.04066
1.04001
1.03941
1.03885
1.03834
1.03787
1.03745
1.03707
1.03673
1.03643
1.03618
1.03595
1.03577
1.03561
1.03549
1.03538
1.0353
1.03524
1.03519
1.03516
1.03513
1.0351
1.03507
1.03504
1.035
1.03495
1.03488
1.03479
1.03468
1.03455
1.03438
1.03419
1.03396
1.03369
1.03339
1.03305
1.03266
1.03223
1.03176
1.03124
1.03068
1.03008
1.02943
1.02873
1.02799
1.02721
1.02638
1.02551
1.0246
1.02365
1.02266
1.02164
1.02058
1.01949
1.01837
1.01722
1.01604
1.01484
1.01362
1.01238
1.01112
1.00985
1.00857
1.00727
1.00597
1.00467
1.00336
1.00206
1.00075
0.999457
0.998169
0.99689
0.995624
0.994372
0.993138
0.991922
0.990727
0.989554
0.988407
0.987285
0.986191
0.985128
0.984096
0.983097
0.982131
0.9812
0.980305
0.979447
0.978627
0.977846
0.977105
0.976404
0.975744
0.975124
0.974545
0.974008
0.973514
0.973061
0.97265
0.972281
0.971954
0.971668
0.971424
0.971222
0.97106
0.970938
0.970857
0.970814
0.970811
0.970846
0.970919
0.971028
0.971174
0.971355
0.97157
0.97182
0.972102
0.972416
0.972761
0.973137
0.973542
0.973976
0.974438
0.974927
0.975441
0.975981
0.976544
0.977132
0.977742
0.978374
0.979028
0.979702
0.980397
0.981111
0.981845
0.982596
0.983366
0.984153
0.984957
0.985778
0.986616
0.987471
0.988343
0.989231
0.990136
0.991058
0.991998
0.992955
0.993931
0.994925
0.995938
0.996972
0.998025
0.9991
1.0002
1.00132
1.00246
1.00363
1.00482
1.00604
1.00728
1.00856
1.00986
1.01119
1.01256
1.01395
1.01538
1.01684
1.01833
1.01986
1.02142
1.02302
1.02466
1.02632
1.02803
1.02977
1.03155
1.03336
1.03521
1.0371
1.03902
1.04098
1.04297
1.04499
1.04705
1.04914
1.05126
1.05341
1.05559
1.0578
1.06003
1.06229
1.06456
1.06686
1.06918
1.07151
1.07386
1.07622
1.0786
1.08098
1.08336
1.08575
1.08814
1.09052
1.09291
1.09528
1.09764
1.1
1.10233
1.10465
1.10695
1.10922
1.11146
1.11368
1.11587
1.11802
1.12013
1.1222
1.12423
1.12621
1.12814
1.13003
1.13185
1.13363
1.13534
1.137
1.13859
1.14011
1.14157
1.14296
1.14428
1.14553
1.1467
1.1478
1.14882
1.14976
1.15062
1.1514
1.1521
1.15271
1.15324
1.15369
1.15405
1.15433
1.15452
1.15462
1.15464
1.15457
1.15442
1.15419
1.15387
1.15346
1.15298
1.15241
1.15176
1.15103
1.15022
1.14934
1.14838
1.14735
1.14624
1.14507
1.14382
1.14251
1.14113
1.13969
1.13819
1.13663
1.13502
1.13335
1.13163
1.12987
1.12806
1.1262
1.12431
1.12238
1.12042
1.11843
1.11641
1.11437
1.11231
1.11023
1.10813
1.10603
1.10391
1.1018
1.09968
1.09757
1.09546
1.09336
1.09128
1.08921
1.08716
1.08513
1.08313
1.08116
1.07923
1.07733
1.07547
1.07365
1.07188
1.07016
1.06849
1.06687
1.06531
1.06382
1.06238
1.06101
1.05971
1.05847
1.05731
1.05621
1.05519
1.05425
1.05338
1.05259
1.05188
1.05124
1.05069
1.05021
1.04981
1.04949
1.04925
1.04909
1.049
1.04899
1.04905
1.04918
1.04939
1.04966
1.05
1.05041
1.05088
1.05141
1.05199
1.05263
1.05332
1.05407
1.05485
1.05568
1.05655
1.05746
1.0584
1.05937
1.06037
1.0614
1.06244
1.06351
1.06459
1.06568
1.06678
1.06789
1.069
1.07012
1.07123
1.07234
1.07344
1.07452
1.0756
1.07666
1.07771
1.07874
1.07974
1.08073
1.08168
1.08262
1.08353
1.0844
1.08525
1.08607
1.08685
1.0876
1.08832
1.08901
1.08965
1.09026
1.09084
1.09138
1.09188
1.09235
1.09278
1.09318
1.09354
1.09386
1.09415
1.0944
1.09462
1.0948
1.09496
1.09508
1.09517
1.09524
1.09527
1.09528
1.09526
1.09522
1.09515
1.09506
1.09494
1.09481
1.09466
1.09448
1.0943
1.09409
1.09387
1.09364
1.0934
1.09314
1.09288
1.0926
1.09232
1.09203
1.09173
1.09143
1.09112
1.09081
1.0905
1.09018
1.08986
1.08954
1.08922
1.0889
1.08857
1.08825
1.08793
1.08762
1.0873
1.08699
1.08667
1.08636
1.08606
1.08576
1.08546
1.08516
1.08487
1.08459
1.08431
1.08403
1.08376
1.08349
1.08323
1.08298
1.08273
1.08249
1.08226
1.08204
1.08182
1.08161
1.08141
1.08122
1.08105
1.08088
1.08072
1.08057
1.08044
1.08032
1.08021
1.08012
1.08004
1.07998
1.07993
1.0799
1.07988
1.07988
1.0799
1.07994
1.08
1.08007
1.08017
1.08028
1.08041
1.08057
1.08074
1.08094
1.08116
1.0814
1.08166
1.08194
1.08224
1.08256
1.08291
1.08327
1.08365
1.08406
1.08448
1.08492
1.08538
1.08586
1.08636
1.08687
1.08739
1.08793
1.08849
1.08905
1.08963
1.09022
1.09081
1.09142
1.09203
1.09264
1.09326
1.09388
1.09451
1.09513
1.09575
1.09636
1.09697
1.09758
1.09817
1.09876
1.09934
1.0999
1.10045
1.10098
1.1015
1.102
1.10247
1.10293
1.10337
1.10378
1.10416
1.10452
1.10485
1.10516
1.10543
1.10567
1.10588
1.10605
1.10619
1.1063
1.10636
1.10639
1.10638
1.10633
1.10624
1.1061
1.10593
1.10571
1.10544
1.10513
1.10477
1.10437
1.10392
1.10342
1.10287
1.10227
1.10163
1.10093
1.10018
1.09938
1.09853
1.09762
1.09666
1.09565
1.09459
1.09347
1.09231
1.09108
1.08981
1.08848
1.0871
1.08566
1.08417
1.08263
1.08104
1.07939
1.0777
1.07595
1.07415
1.07231
1.07041
1.06847
1.06649
1.06445
1.06237
1.06025
1.05809
1.05588
1.05364
1.05136
1.04904
1.04669
1.0443
1.04188
1.03943
1.03696
1.03446
1.03194
1.02939
1.02683
1.02425
1.02165
1.01904
1.01643
1.01381
1.01118
1.00855
1.00592
1.0033
1.00068
0.998073
0.995477
0.992897
0.990335
0.987793
0.985275
0.982784
0.980323
0.977896
0.975504
0.973152
0.970841
0.968577
0.966361
0.964196
0.962087
0.960036
0.958045
0.956117
0.954257
0.952465
0.950746
0.949102
0.947536
0.94605
0.944646
0.943328
0.942097
0.940956
0.939906
0.938951
0.93809
0.937327
0.936663
0.936099
0.935636
0.935275
0.935016
0.934862
0.934811
0.934864
0.935022
0.935284
0.935649
0.936118
0.936689
0.937361
0.938132
0.939001
0.939967
0.941027
0.942179
0.94342
0.944748
0.946161
0.947655
0.949228
0.950875
0.952595
0.954382
0.956233
0.958143
0.96011
0.96213
0.964197
0.966308
0.968458
0.970643
0.972858
0.9751
0.977364
0.979646
0.981941
0.984246
0.986556
0.988868
0.991176
0.993477
0.995769
0.998046
1.0003
1.00254
1.00476
1.00694
1.0091
1.01122
1.0133
1.01535
1.01735
1.01931
1.02122
1.02309
1.0249
1.02666
1.02837
1.03002
1.03162
1.03315
1.03463
1.03605
1.03741
1.0387
1.03994
1.04112
1.04223
1.04328
1.04427
1.0452
1.04607
1.04688
1.04763
1.04832
1.04895
1.04953
1.05005
1.05052
1.05094
1.0513
1.05162
1.05189
1.05212
1.05231
1.05245
1.05256
1.05263
1.05267
1.05268
1.05266
1.05262
1.05255
1.05246
1.05236
1.05225
1.05212
1.05199
1.05185
1.05171
1.05157
1.05143
1.0513
1.05118
1.05107
1.05097
1.05089
1.05083
1.05079
1.05078
1.05079
1.05082
1.05088
1.05097
1.0511
1.05125
1.05144
1.05166
1.05192
1.05221
1.05254
1.05291
1.05331
1.05374
1.05421
1.05472
1.05526
1.05584
1.05645
1.05709
1.05776
1.05847
1.0592
1.05996
1.06075
1.06157
1.06241
1.06328
1.06417
1.06507
1.066
1.06695
1.06792
1.0689
1.0699
1.0709
1.07193
1.07296
1.074
1.07506
1.07611
1.07718
1.07825
1.07933
1.0804
1.08148
1.08256
1.08364
1.08472
1.0858
1.08687
1.08794
1.08901
1.09007
1.09113
1.09217
1.09322
1.09425
1.09527
1.09629
1.09729
1.09828
1.09926
1.10023
1.10118
1.10212
1.10305
1.10396
1.10485
1.10573
1.10658
1.10743
1.10825
1.10905
1.10984
1.1106
1.11134
1.11206
1.11276
1.11344
1.11409
1.11471
1.11531
1.11589
1.11643
1.11695
1.11745
1.11791
1.11835
1.11875
1.11912
1.11947
1.11978
1.12006
1.1203
1.12052
1.1207
1.12084
1.12095
1.12102
1.12106
1.12106
1.12102
1.12095
1.12083
1.12068
1.12049
1.12026
1.11999
1.11967
1.11932
1.11892
1.11849
1.11801
1.11748
1.11692
1.11631
1.11566
1.11496
1.11422
1.11344
1.11261
1.11173
1.11081
1.10985
1.10884
1.10778
1.10668
1.10554
1.10435
1.10311
1.10183
1.1005
1.09913
1.09771
1.09625
1.09475
1.0932
1.0916
1.08996
1.08828
1.08656
1.08479
1.08298
1.08113
1.07924
1.07731
1.07534
1.07333
1.07128
1.0692
1.06708
1.06492
1.06273
1.0605
1.05825
1.05596
1.05364
1.05129
1.04892
1.04652
1.04409
1.04165
1.03918
1.03669
1.03419
1.03167
1.02914
1.02659
1.02404
1.02149
1.01893
1.01637
1.01381
1.01126
1.00872
1.00619
1.00368
1.00118
0.998707
0.99626
0.993842
0.991457
0.989108
0.986801
0.984539
0.982324
0.980162
0.978055
0.976007
0.974022
0.972103
0.970253
0.968476
0.966774
0.96515
0.963607
0.962146
0.96077
0.95948
0.958278
0.957166
0.956143
0.955211
0.95437
0.95362
0.95296
0.952391
0.951911
0.95152
0.951215
0.950996
0.950861
0.950807
0.950833
0.950936
0.951115
0.951365
0.951685
0.952071
0.952521
0.953031
0.953597
0.954218
0.954889
0.955607
0.95637
0.957174
0.958015
0.958891
0.959799
0.960734
0.961695
0.962677
0.963678
0.964695
0.965726
0.966768
0.967819
0.968875
0.969933
0.970992
0.972049
0.973102
0.974148
0.975186
0.976214
0.977228
0.978229
0.979214
0.980182
0.98113
0.982056
0.982961
0.983841
0.984697
0.985526
0.986329
0.987103
0.987848
0.988564
0.989249
0.989903
0.990526
0.991117
0.991676
0.992203
0.992697
0.993158
0.993588
0.993985
0.99435
0.994683
0.994984
0.995253
0.995491
0.995699
0.995876
0.996023
0.996141
0.99623
0.996292
0.996327
0.996337
0.996322
0.996283
0.996221
0.996138
0.996035
0.995913
0.995774
0.995619
0.995449
0.995266
0.995072
0.994868
0.994655
0.994436
0.994211
0.993984
0.993755
0.993526
0.993299
0.993076
0.992859
0.992649
0.992447
0.992257
0.992079
0.991915
0.991766
0.991635
0.991523
0.991431
0.991361
0.991315
0.991293
0.991297
0.991328
0.991388
0.991476
0.991594
0.991743
0.991922
0.992132
0.992374
0.992649
0.992955
0.993292
0.993661
0.994061
0.994492
0.994952
0.995442
0.99596
0.996506
0.997078
0.997675
0.998297
0.998941
0.999606
1.00029
1.001
1.00172
1.00246
1.00321
1.00397
1.00475
1.00554
1.00633
1.00713
1.00794
1.00874
1.00956
1.01037
1.01118
1.01199
1.01279
1.01359
1.01438
1.01517
1.01595
1.01671
1.01747
1.01821
1.01894
1.01965
1.02035
1.02102
1.02168
1.02232
1.02294
1.02353
1.0241
1.02464
1.02516
1.02565
1.02612
1.02655
1.02696
1.02733
1.02768
1.02799
1.02827
1.02851
1.02873
1.02891
1.02905
1.02916
1.02924
1.02928
1.02929
1.02927
1.02921
1.02911
1.02899
1.02882
1.02863
1.02841
1.02815
1.02786
1.02754
1.0272
1.02682
1.02643
1.026
1.02555
1.02508
1.02459
1.02408
1.02355
1.02301
1.02245
1.02189
1.02131
1.02072
1.02013
1.01954
1.01894
1.01834
1.01775
1.01716
1.01658
1.016
1.01544
1.01489
1.01436
1.01385
1.01335
1.01288
1.01243
1.01201
1.01161
1.01124
1.01091
1.0106
1.01033
1.0101
1.00991
1.00975
1.00963
1.00956
1.00953
1.00954
1.00959
1.00969
1.00984
1.01004
1.01028
1.01056
1.0109
1.01128
1.01171
1.01219
1.01272
1.01329
1.01391
1.01458
1.01529
1.01605
1.01685
1.01769
1.01858
1.0195
1.02047
1.02147
1.02251
1.02359
1.0247
1.02584
1.027
1.0282
1.02943
1.03067
1.03194
1.03323
1.03454
1.03586
1.0372
1.03855
1.03991
1.04127
1.04264
1.04401
1.04539
1.04676
1.04813
1.04949
1.05084
1.05219
1.05352
1.05484
1.05614
1.05743
1.0587
1.05994
1.06117
1.06237
1.06355
1.0647
1.06582
1.06691
1.06798
1.06901
1.07001
1.07098
1.07192
1.07282
1.07369
1.07453
1.07533
1.0761
1.07683
1.07753
1.07819
1.07882
1.07941
1.07998
1.0805
1.081
1.08147
1.0819
1.08231
1.08268
1.08303
1.08335
1.08364
1.08391
1.08415
1.08438
1.08458
1.08476
1.08493
1.08507
1.08521
1.08532
1.08543
1.08552
1.0856
1.08568
1.08575
1.08581
1.08587
1.08592
1.08598
1.08603
1.08608
1.08614
1.08619
1.08626
1.08632
1.08639
1.08647
1.08656
1.08665
1.08675
1.08686
1.08698
1.08712
1.08726
1.08741
1.08757
1.08774
1.08792
1.08811
1.08831
1.08852
1.08874
1.08897
1.0892
1.08944
1.08968
1.08993
1.09018
1.09044
1.09069
1.09095
1.09121
1.09146
1.09171
1.09195
1.09219
1.09242
1.09264
1.09285
1.09304
1.09323
1.09339
1.09355
1.09368
1.0938
1.09389
1.09397
1.09402
1.09405
1.09405
1.09403
1.09398
1.0939
1.09379
1.09365
1.09349
1.09329
1.09306
1.09279
1.0925
1.09217
1.09181
1.09142
1.091
1.09054
1.09005
1.08952
1.08896
1.08837
1.08775
1.0871
1.08642
1.0857
1.08496
1.08419
1.08339
1.08257
1.08171
1.08084
1.07994
1.07901
1.07807
1.0771
1.07612
1.07512
1.0741
1.07306
1.07201
1.07095
1.06988
1.0688
1.06771
1.06661
1.06551
1.06441
1.06331
1.0622
1.0611
1.05999
1.0589
1.05781
1.05672
1.05565
1.05459
1.05354
1.0525
1.05148
1.05047
1.04949
1.04852
1.04758
1.04665
1.04576
1.04488
1.04404
1.04322
1.04243
1.04167
1.04095
1.04026
1.0396
1.03897
1.03839
1.03784
1.03732
1.03685
1.03641
1.03602
1.03566
1.03535
1.03508
1.03485
1.03467
1.03453
1.03444
1.03439
1.03439
1.03443
1.03452
1.03466
1.03484
1.03507
1.03535
1.03567
1.03604
1.03646
1.03693
1.03745
1.03801
1.03862
1.03928
1.03999
1.04075
1.04155
1.0424
1.0433
1.04424
1.04523
1.04627
1.04735
1.04847
1.04964
1.05086
1.05211
1.05341
1.05475
1.05613
1.05755
1.05901
1.06051
1.06204
1.06361
1.06522
1.06686
1.06853
1.07023
1.07196
1.07372
1.0755
1.07731
1.07915
1.081
1.08287
1.08477
1.08667
1.0886
1.09053
1.09248
1.09443
1.09639
1.09836
1.10033
1.1023
1.10427
1.10624
1.1082
1.11016
1.11211
1.11405
1.11597
1.11788
1.11978
1.12166
1.12351
1.12535
1.12716
1.12894
1.1307
1.13243
1.13413
1.13579
1.13742
1.13902
1.14058
1.1421
1.14358
1.14503
1.14643
1.14778
1.14909
1.15036
1.15158
1.15275
1.15387
1.15494
1.15596
1.15693
1.15785
1.15872
1.15953
1.16029
1.161
1.16165
1.16225
1.16278
1.16327
1.1637
1.16407
1.16438
1.16464
1.16484
1.16499
1.16508
1.16511
1.16509
1.16501
1.16488
1.16469
1.16445
1.16415
1.1638
1.1634
1.16294
1.16244
1.16188
1.16127
1.16062
1.15992
1.15916
1.15837
1.15753
1.15664
1.15572
1.15475
1.15374
1.1527
1.15162
1.15051
1.14937
1.14819
1.14699
1.14575
1.1445
1.14322
1.14192
1.14061
1.13928
1.13794
1.13659
1.13524
1.13388
1.13252
1.13116
1.12981
1.12847
1.12714
1.12582
1.12453
1.12325
1.122
1.12078
1.11959
1.11844
1.11732
1.11625
1.11521
1.11423
1.11329
1.1124
1.11156
1.11078
1.11005
1.10938
1.10877
1.10822
1.10773
1.10729
1.10692
1.10661
1.10636
1.10616
1.10602
1.10593
1.1059
1.10591
1.10598
1.10609
1.10624
1.10643
1.10666
1.10692
1.10721
1.10752
1.10786
1.10822
1.10858
1.10896
1.10935
1.10974
1.11012
1.11051
1.11088
1.11125
1.11159
1.11192
1.11223
1.11252
1.11278
1.11301
1.11321
1.11338
1.11352
1.11362
1.11368
1.11371
1.1137
1.11364
1.11355
1.11342
1.11325
1.11304
1.11278
1.11249
1.11216
1.1118
1.11139
1.11095
1.11048
1.10997
1.10943
1.10886
1.10826
1.10763
1.10698
1.10631
1.10562
1.1049
1.10417
1.10343
1.10267
1.10189
1.10111
1.10033
1.09953
1.09874
1.09794
1.09714
1.09635
1.09556
1.09478
1.094
1.09323
1.09248
1.09174
1.09101
1.0903
1.0896
1.08892
1.08827
1.08763
1.08701
1.08642
1.08584
1.0853
1.08477
1.08427
1.0838
1.08336
1.08294
1.08254
1.08218
1.08184
1.08154
1.08126
1.08101
1.08079
1.0806
1.08044
1.0803
1.0802
1.08012
1.08007
1.08006
1.08006
1.0801
1.08017
1.08026
1.08037
1.08052
1.08068
1.08088
1.08109
1.08133
1.0816
1.08188
1.08219
1.08251
1.08285
1.08321
1.08359
1.08399
1.08439
1.08482
1.08525
1.0857
1.08615
1.08662
1.08709
1.08757
1.08805
1.08854
1.08903
1.08953
1.09002
1.09051
1.091
1.09149
1.09197
1.09244
1.09291
1.09337
1.09382
1.09425
1.09468
1.09509
1.09549
1.09587
1.09624
1.09658
1.09692
1.09723
1.09752
1.09778
1.09803
1.09825
1.09844
1.09862
1.09876
1.09888
1.09897
1.09904
1.09908
1.09909
1.09907
1.09903
1.09896
1.09887
1.09875
1.09861
1.09845
1.09826
1.09806
1.09784
1.0976
1.09736
1.0971
1.09684
1.09657
1.0963
1.09603
1.09576
1.09551
1.09527
1.09505
1.09484
1.09466
1.09451
1.09439
1.09431
1.09427
1.09427
1.09432
1.09442
1.09458
1.09479
1.09506
1.09539
1.09579
1.09625
1.09678
1.09738
1.09804
1.09878
1.09958
1.10045
1.10139
1.1024
1.10347
1.1046
1.1058
1.10705
1.10836
1.10972
1.11113
1.11258
1.11408
1.11562
1.1172
1.1188
1.12043
1.12209
1.12376
1.12545
1.12715
1.12886
1.13057
1.13228
1.13399
1.13568
1.13737
1.13904
1.14069
1.14232
1.14392
1.1455
1.14704
1.14855
1.15002
1.15145
1.15284
1.15419
1.15549
1.15674
1.15794
1.15909
1.16019
1.16123
1.16221
1.16314
1.16401
1.16482
1.16557
1.16625
1.16688
1.16744
1.16794
1.16837
1.16875
1.16906
1.1693
1.16948
1.1696
1.16966
1.16965
1.16958
1.16944
1.16925
1.169
1.16868
1.1683
1.16787
1.16738
1.16682
1.16622
1.16555
1.16483
1.16406
1.16324
1.16236
1.16143
1.16045
1.15943
1.15835
1.15724
1.15607
1.15486
1.15361
1.15232
1.15099
1.14962
1.14822
1.14677
1.1453
1.14379
1.14226
1.14069
1.1391
1.13748
1.13584
1.13417
1.13249
1.13079
1.12906
1.12733
1.12558
1.12381
1.12204
1.12026
1.11847
1.11668
1.11488
1.11308
1.11129
1.10949
1.1077
1.10591
1.10413
1.10236
1.1006
1.09886
1.09712
1.09541
1.09371
1.09203
1.09037
1.08874
1.08713
1.08554
1.08398
1.08245
1.08096
1.07949
1.07805
1.07665
1.07529
1.07396
1.07267
1.07143
1.07022
1.06905
1.06793
1.06685
1.06581
1.06482
1.06387
1.06297
1.06212
1.06131
1.06055
1.05983
1.05916
1.05854
1.05796
1.05743
1.05695
1.05651
1.05611
1.05576
1.05545
1.05519
1.05496
1.05477
1.05462
1.05451
1.05443
1.05438
1.05437
1.05438
1.05443
1.05449
1.05458
1.05469
1.05483
1.05497
1.05514
1.05531
1.05549
1.05569
1.05588
1.05608
1.05628
1.05648
1.05667
1.05685
1.05703
1.05719
1.05734
1.05747
1.05759
1.05768
1.05776
1.0578
1.05783
1.05782
1.05779
1.05772
1.05763
1.0575
1.05733
1.05714
1.0569
1.05663
1.05633
1.05599
1.05561
1.0552
1.05475
1.05426
1.05375
1.05319
1.05261
1.05199
1.05134
1.05067
1.04996
1.04924
1.04849
1.04771
1.04692
1.04612
1.0453
1.04447
1.04364
1.0428
1.04196
1.04113
1.0403
1.03948
1.03867
1.03789
1.03712
1.03638
1.03567
1.03499
1.03435
1.03375
1.03319
1.03268
1.03223
1.03183
1.03149
1.03121
1.031
1.03086
1.03079
1.03079
1.03087
1.03103
1.03128
1.0316
1.03201
1.03251
1.03309
1.03376
1.03452
1.03537
1.0363
1.03733
1.03843
1.03963
1.0409
1.04226
1.0437
1.04521
1.0468
1.04847
1.0502
1.052
1.05386
1.05578
1.05776
1.05979
1.06187
1.064
1.06617
1.06837
1.07062
1.07289
1.07519
1.07752
1.07987
1.08223
1.08461
1.087
1.0894
1.0918
1.09421
1.09661
1.09902
1.10142
1.10381
1.10619
1.10857
1.11093
1.11327
1.11561
1.11792
1.12021
1.12249
1.12474
1.12697
1.12918
1.13137
1.13353
1.13566
1.13777
1.13985
1.14191
1.14393
1.14593
1.1479
1.14983
1.15174
1.15361
1.15545
1.15726
1.15903
1.16077
1.16247
1.16414
1.16576
1.16735
1.1689
1.17041
1.17188
1.17331
1.17469
1.17603
1.17733
1.17857
1.17978
1.18093
1.18204
1.18309
1.1841
1.18505
1.18595
1.1868
1.1876
1.18833
1.18902
1.18964
1.19021
1.19072
1.19118
1.19157
1.19191
1.19218
1.1924
1.19256
1.19265
1.19269
1.19267
1.19259
1.19245
1.19225
1.192
1.19168
1.19131
1.19088
1.19039
1.18985
1.18925
1.18859
1.18789
1.18712
1.18631
1.18544
1.18453
1.18356
1.18254
1.18147
1.18036
1.17919
1.17798
1.17672
1.17541
1.17406
1.17265
1.17121
1.16971
1.16817
1.16658
1.16494
1.16326
1.16153
1.15975
1.15793
1.15605
1.15413
1.15216
1.15014
1.14806
1.14594
1.14376
1.14153
1.13925
1.13691
1.13451
1.13206
1.12956
1.12699
1.12437
1.12169
1.11895
1.11615
1.1133
1.11038
1.10741
1.10437
1.10128
1.09813
1.09491
1.09165
1.08832
1.08494
1.0815
1.07802
1.07448
1.07089
1.06726
1.06358
1.05986
1.05611
1.05232
1.0485
1.04465
1.04078
1.0369
1.033
1.0291
1.0252
1.0213
1.01742
1.01355
1.00972
1.00592
1.00216
0.99845
0.994801
0.99122
0.987716
0.984298
0.980974
0.977753
0.974644
0.971656
0.968797
0.966075
0.963499
0.961074
0.958809
0.956708
0.954779
0.953025
0.951452
0.950061
0.948856
0.94784
0.947012
0.946374
0.945923
0.945659
0.945578
0.945677
0.945952
0.946399
0.947011
0.947782
0.948706
0.949775
0.950983
0.952321
0.953781
0.955355
0.957033
0.958808
0.96067
0.962612
0.964624
0.9667
0.96883
0.971007
0.973223
0.975471
0.977743
0.980034
0.982336
0.984646
0.986955
0.98926
0.991555
0.993835
0.996098
0.998338
1.00055
1.00274
1.00489
1.00701
1.0091
1.01114
1.01315
1.01511
1.01703
1.01891
1.02074
1.02252
1.02426
1.02596
1.02761
1.02921
1.03077
1.03228
1.03375
1.03517
1.03655
1.03789
1.03919
1.04044
1.04166
1.04283
1.04397
1.04507
1.04613
1.04716
1.04816
1.04913
1.05007
1.05098
1.05186
1.05272
1.05356
1.05438
1.05517
1.05595
1.05671
1.05746
1.05819
1.05892
1.05963
1.06033
1.06103
1.06172
1.06241
1.06309
1.06378
1.06446
1.06515
1.06584
1.06653
1.06723
1.06793
1.06864
1.06936
1.07009
1.07083
1.07157
1.07233
1.0731
1.07388
1.07467
1.07547
1.07628
1.07711
1.07794
1.07879
1.07964
1.08051
1.08138
1.08226
1.08315
1.08404
1.08494
1.08584
1.08674
1.08765
1.08855
1.08945
1.09035
1.09125
1.09214
1.09302
1.09389
1.09475
1.0956
1.09643
1.09725
1.09805
1.09884
1.0996
1.10034
1.10106
1.10175
1.10242
1.10305
1.10366
1.10424
1.10478
1.1053
1.10578
1.10622
1.10663
1.107
1.10734
1.10764
1.1079
1.10812
1.1083
1.10844
1.10855
1.10861
1.10864
1.10862
1.10857
1.10848
1.10835
1.10818
1.10798
1.10774
1.10746
1.10715
1.1068
1.10642
1.106
1.10556
1.10508
1.10458
1.10404
1.10348
1.10289
1.10227
1.10164
1.10098
1.1003
1.0996
1.09888
1.09815
1.0974
1.09663
1.09585
1.09506
1.09426
1.09345
1.09264
1.09181
1.09099
1.09016
1.08932
1.08849
1.08765
1.08682
1.08598
1.08516
1.08433
1.08351
1.0827
1.08189
1.08109
1.0803
1.07952
1.07875
1.07799
1.07724
1.0765
1.07577
1.07506
1.07435
1.07367
1.07299
1.07233
1.07169
1.07106
1.07045
1.06985
1.06927
1.0687
1.06815
1.06762
1.0671
1.0666
1.06612
1.06565
1.0652
1.06476
1.06434
1.06394
1.06356
1.06319
1.06284
1.06251
1.06219
1.06189
1.06161
1.06135
1.0611
1.06087
1.06066
1.06047
1.0603
1.06014
1.06
1.05989
1.05979
1.0597
1.05964
1.0596
1.05957
1.05957
1.05958
1.05961
1.05967
1.05974
1.05983
1.05995
1.06008
1.06023
1.0604
1.0606
1.06081
1.06104
1.0613
1.06157
1.06186
1.06218
1.06251
1.06286
1.06323
1.06362
1.06403
1.06445
1.06489
1.06535
1.06583
1.06632
1.06682
1.06734
1.06788
1.06842
1.06898
1.06955
1.07013
1.07072
1.07131
1.07191
1.07252
1.07313
1.07374
1.07436
1.07497
1.07558
1.07619
1.07679
1.07739
1.07797
1.07855
1.07912
1.07967
1.08021
1.08073
1.08123
1.08171
1.08217
1.08261
1.08302
1.08341
1.08377
1.0841
1.08439
1.08466
1.08489
1.08508
1.08524
1.08537
1.08545
1.08549
1.08549
1.08545
1.08537
1.08524
1.08507
1.08485
1.08459
1.08428
1.08392
1.08352
1.08307
1.08257
1.08203
1.08144
1.08081
1.08012
1.07939
1.07862
1.0778
1.07694
1.07603
1.07508
1.07409
1.07306
1.07199
1.07088
1.06973
1.06855
1.06734
1.06609
1.06481
1.06351
1.06217
1.06081
1.05943
1.05803
1.0566
1.05516
1.0537
1.05222
1.05074
1.04924
1.04774
1.04623
1.04471
1.04319
1.04168
1.04016
1.03865
1.03714
1.03564
1.03415
1.03267
1.0312
1.02974
1.02829
1.02686
1.02545
1.02405
1.02267
1.02131
1.01997
1.01864
1.01734
1.01605
1.01479
1.01354
1.01232
1.01111
1.00992
1.00875
1.0076
1.00647
1.00535
1.00425
1.00316
1.00209
1.00102
0.999974
0.998934
0.997903
0.99688
0.995862
0.99485
0.993842
0.992836
0.991832
0.990828
0.989823
0.988817
0.987808
0.986795
0.985777
0.984754
0.983723
0.982686
0.98164
0.980585
0.979521
0.978448
0.977365
0.976272
0.975169
0.974056
0.972933
0.971801
0.97066
0.96951
0.968352
0.967188
0.966016
0.964839
0.963656
0.96247
0.96128
0.96009
0.9589
0.957712
0.956528
0.955349
0.954177
0.953014
0.951862
0.950724
0.949601
0.948496
0.947411
0.946347
0.945309
0.944297
0.943315
0.942365
0.94145
0.940571
0.939731
0.938933
0.938179
0.937472
0.936814
0.936206
0.935651
0.935152
0.934709
0.934325
0.934001
0.933739
0.933541
0.933407
0.933338
0.933337
0.933404
0.933539
0.933743
0.934016
0.934359
0.934772
0.935254
0.935806
0.936427
0.937116
0.937872
0.938696
0.939586
0.94054
0.941558
0.942637
0.943777
0.944976
0.946233
0.947544
0.94891
0.950328
0.951795
0.953309
0.954869
0.956472
0.958117
0.959801
0.961521
0.963275
0.965061
0.966877
0.968719
0.970586
0.972476
0.974385
0.976312
0.978255
0.980211
0.982178
0.984154
0.986137
0.988124
0.990114
0.992103
0.99409
0.996074
0.998051
1.00002
1.00198
1.00393
1.00587
1.00779
1.00969
1.01158
1.01344
1.01529
1.01711
1.01891
1.02068
1.02242
1.02414
1.02582
1.02748
1.0291
1.03069
1.03225
1.03377
1.03525
1.0367
1.03812
1.03949
1.04083
1.04213
1.04339
1.04461
1.04579
1.04693
1.04803
1.0491
1.05012
1.0511
1.05204
1.05295
1.05382
1.05464
1.05543
1.05619
1.05691
1.05759
1.05824
1.05885
1.05943
1.05998
1.0605
1.06099
1.06145
1.06188
1.06229
1.06267
1.06302
1.06336
1.06367
1.06396
1.06423
1.06449
1.06473
1.06495
1.06516
1.06536
1.06554
1.06572
1.06589
1.06605
1.0662
1.06634
1.06648
1.06662
1.06675
1.06688
1.06701
1.06713
1.06726
1.06738
1.0675
1.06762
1.06775
1.06787
1.06799
1.06811
1.06823
1.06835
1.06848
1.0686
1.06871
1.06883
1.06895
1.06906
1.06917
1.06927
1.06937
1.06947
1.06956
1.06965
1.06972
1.06979
1.06986
1.06991
1.06995
1.06999
1.07001
1.07002
1.07002
1.07
1.06997
1.06993
1.06987
1.0698
1.06971
1.06961
1.06949
1.06935
1.0692
1.06903
1.06884
1.06863
1.06841
1.06816
1.0679
1.06762
1.06732
1.067
1.06667
1.06632
1.06595
1.06556
1.06516
1.06473
1.0643
1.06384
1.06337
1.06288
1.06238
1.06186
1.06133
1.06078
1.06022
1.05964
1.05906
1.05845
1.05784
1.05722
1.05658
1.05593
1.05528
1.05461
1.05393
1.05324
1.05255
1.05184
1.05113
1.0504
1.04967
1.04893
1.04818
1.04743
1.04666
1.04589
1.04511
1.04432
1.04352
1.04271
1.0419
1.04108
1.04025
1.03942
1.03857
1.03772
1.03686
1.03599
1.03512
1.03423
1.03334
1.03244
1.03154
1.03063
1.02971
1.02878
1.02785
1.02691
1.02596
1.02501
1.02405
1.02309
1.02212
1.02115
1.02017
1.01919
1.01821
1.01722
1.01623
1.01524
1.01425
1.01326
1.01227
1.01127
1.01028
1.00929
1.0083
1.00731
1.00633
1.00535
1.00437
1.0034
1.00244
1.00148
1.00052
0.999579
0.998642
0.997714
0.996794
0.995885
0.994987
0.9941
0.993226
0.992364
0.991516
0.990683
0.989866
0.989066
0.988283
0.98752
0.986776
0.986053
0.985352
0.984673
0.984018
0.983388
0.982784
0.982207
0.981658
0.981139
0.980651
0.980194
0.97977
0.979381
0.979026
0.978708
0.978426
0.978183
0.977978
0.977814
0.977691
0.977609
0.977569
0.977571
0.977616
0.977704
0.977836
0.978012
0.978231
0.978494
0.978799
0.979148
0.979539
0.979971
0.980444
0.980957
0.981508
0.982098
0.982724
0.983384
0.984077
0.984802
0.985558
0.986341
0.987151
0.987985
0.988842
0.989719
0.990614
0.991524
0.992448
0.993384
0.994328
0.995279
0.996235
0.997193
0.998151
0.999107
1.00006
1.001
1.00194
1.00287
1.00378
1.00468
1.00557
1.00644
1.00729
1.00812
1.00892
1.00971
1.01047
1.01121
1.01192
1.0126
1.01325
1.01388
1.01447
1.01504
1.01557
1.01608
1.01655
1.017
1.01741
1.01779
1.01814
1.01846
1.01875
1.01901
1.01923
1.01943
1.01959
1.01973
1.01983
1.01991
1.01995
1.01997
1.01996
1.01992
1.01986
1.01977
1.01965
1.01951
1.01934
1.01914
1.01892
1.01868
1.01842
1.01813
1.01782
1.01749
1.01714
1.01677
1.01638
1.01596
1.01553
1.01509
1.01462
1.01414
1.01364
1.01313
1.01261
1.01207
1.01151
1.01095
1.01037
1.00978
1.00918
1.00857
1.00796
1.00733
1.0067
1.00606
1.00542
1.00478
1.00413
1.00348
1.00283
1.00218
1.00153
1.00088
1.00024
0.999595
0.998957
0.998326
0.997701
0.997084
0.996476
0.995877
0.995288
0.99471
0.994143
0.993589
0.99305
0.992525
0.992015
0.991521
0.991044
0.990583
0.990141
0.989718
0.989314
0.988931
0.988569
0.988229
0.98791
0.987615
0.987342
0.987094
0.986869
0.98667
0.986495
0.986346
0.986223
0.986127
0.986057
0.986014
0.985998
0.98601
0.986049
0.986116
0.986211
0.986333
0.986484
0.986663
0.98687
0.987104
0.987366
0.987655
0.98797
0.988312
0.98868
0.989074
0.989493
0.989936
0.990403
0.990893
0.991406
0.991941
0.992496
0.993072
0.993667
0.99428
0.994911
0.995557
0.996219
0.996894
0.997581
0.99828
0.99899
0.999709
1.00044
1.00117
1.00191
1.00266
1.0034
1.00415
1.0049
1.00566
1.0064
1.00715
1.0079
1.00863
1.00937
1.0101
1.01082
1.01153
1.01224
1.01293
1.01362
1.0143
1.01496
1.01562
1.01626
1.01689
1.01752
1.01812
1.01872
1.01931
1.01988
1.02045
1.021
1.02155
1.02208
1.02261
1.02313
1.02364
1.02415
1.02465
1.02515
1.02565
1.02615
1.02664
1.02714
1.02765
1.02816
1.02867
1.0292
1.02973
1.03028
1.03084
1.03141
1.032
1.03261
1.03323
1.03388
1.03455
1.03524
1.03596
1.0367
1.03747
1.03826
1.03908
1.03993
1.04081
1.04171
1.04264
1.0436
1.04459
1.04561
1.04665
1.04771
1.0488
1.04991
1.05105
1.0522
1.05337
1.05456
1.05577
1.05698
1.05821
1.05944
1.06068
1.06192
1.06316
1.0644
1.06564
1.06687
1.06809
1.0693
1.0705
1.07168
1.07283
1.07397
1.07508
1.07617
1.07723
1.07826
1.07926
1.08022
1.08116
1.08206
1.08292
1.08374
1.08453
1.08528
1.08599
1.08665
1.08728
1.08788
1.08843
1.08894
1.08942
1.08986
1.09027
1.09064
1.09097
1.09128
1.09155
1.09179
1.092
1.09219
1.09235
1.09248
1.09259
1.09268
1.09275
1.0928
1.09283
1.09284
1.09284
1.09282
1.09279
1.09275
1.09269
1.09263
1.09255
1.09247
1.09237
1.09227
1.09216
1.09204
1.09191
1.09177
1.09162
1.09147
1.09131
1.09114
1.09096
1.09077
1.09057
1.09036
1.09014
1.08991
1.08967
1.08942
1.08916
1.08888
1.08859
1.08829
1.08798
1.08765
1.08731
1.08696
1.08659
1.08621
1.08582
1.08541
1.08498
1.08455
1.0841
1.08364
1.08316
1.08267
1.08217
1.08165
1.08112
1.08058
1.08003
1.07947
1.07889
1.07831
1.07771
1.07711
1.07649
1.07587
1.07523
1.07459
1.07394
1.07328
1.07262
1.07195
1.07128
1.07059
1.06991
1.06922
1.06852
1.06782
1.06712
1.06641
1.06569
1.06498
1.06426
1.06353
1.06281
1.06208
1.06135
1.06061
1.05988
1.05914
1.05839
1.05765
1.0569
1.05615
1.0554
1.05464
1.05389
1.05313
1.05236
1.0516
1.05084
1.05007
1.0493
1.04853
1.04775
1.04698
1.0462
1.04542
1.04464
1.04386
1.04308
1.0423
1.04152
1.04073
1.03995
1.03917
1.03839
1.03761
1.03683
1.03606
1.03528
1.03451
1.03375
1.03298
1.03223
1.03147
1.03072
1.02998
1.02924
1.02851
1.02779
1.02708
1.02637
1.02568
1.02499
1.02432
1.02365
1.023
1.02237
1.02174
1.02113
1.02053
1.01995
1.01939
1.01885
1.01832
1.01781
1.01732
1.01685
1.0164
1.01597
1.01557
1.01519
1.01483
1.0145
1.0142
1.01392
1.01366
1.01344
1.01324
1.01308
1.01294
1.01283
1.01275
1.0127
1.01268
1.01269
1.01274
1.01281
1.01292
1.01306
1.01323
1.01343
1.01367
1.01394
1.01424
1.01457
1.01493
1.01533
1.01576
1.01622
1.01671
1.01723
1.01778
1.01836
1.01896
1.0196
1.02026
1.02096
1.02167
1.02242
1.02318
1.02398
1.02479
1.02563
1.02649
1.02737
1.02827
1.02918
1.03012
1.03107
1.03204
1.03302
1.03402
1.03503
1.03605
1.03709
1.03813
1.03918
1.04024
1.04131
1.04238
1.04346
1.04454
1.04562
1.04671
1.04779
1.04888
1.04996
1.05105
1.05213
1.0532
1.05427
1.05534
1.0564
1.05745
1.0585
1.05954
1.06057
1.06159
1.0626
1.0636
1.0646
1.06558
1.06655
1.06751
1.06846
1.0694
1.07033
1.07125
1.07216
1.07306
1.07395
1.07483
1.0757
1.07657
1.07742
1.07827
1.07912
1.07995
1.08079
1.08162
1.08244
1.08327
1.08409
1.08492
1.08574
1.08656
1.08739
1.08821
1.08904
1.08988
1.09072
1.09156
1.09241
1.09327
1.09413
1.09501
1.09589
1.09677
1.09767
1.09858
1.09949
1.10041
1.10135
1.10229
1.10324
1.10419
1.10516
1.10613
1.10711
1.10809
1.10908
1.11007
1.11106
1.11205
1.11305
1.11404
1.11503
1.11602
1.117
1.11798
1.11894
1.1199
1.12085
1.12178
1.12269
1.12359
1.12447
1.12533
1.12616
1.12697
1.12776
1.12851
1.12923
1.12992
1.13058
1.1312
1.13178
1.13232
1.13282
1.13327
1.13368
1.13404
1.13435
1.13462
1.13483
1.13499
1.1351
1.13515
1.13515
1.13509
1.13497
1.13479
1.13455
1.13425
1.13389
1.13347
1.13298
1.13244
1.13183
1.13116
1.13043
1.12964
1.12879
1.12788
1.12691
1.12588
1.12479
1.12364
1.12244
1.12118
1.11988
1.11851
1.1171
1.11564
1.11413
1.11258
1.11099
1.10935
1.10767
1.10596
1.10421
1.10243
1.10063
1.09879
1.09693
1.09505
1.09316
1.09124
1.08932
1.08739
1.08545
1.08351
1.08156
1.07963
1.0777
1.07578
1.07387
1.07198
1.0701
1.06825
1.06642
1.06462
1.06286
1.06112
1.05942
1.05776
1.05614
1.05457
1.05304
1.05155
1.05011
1.04873
1.04739
1.04611
1.04488
1.04371
1.04259
1.04153
1.04052
1.03957
1.03867
1.03784
1.03705
1.03632
1.03565
1.03503
1.03447
1.03395
1.03349
1.03308
1.03272
1.0324
1.03214
1.03191
1.03173
1.0316
1.0315
1.03145
1.03143
1.03145
1.0315
1.03159
1.03171
1.03186
1.03203
1.03224
1.03247
1.03273
1.03301
1.0333
1.03362
1.03396
1.03432
1.03468
1.03507
1.03546
1.03586
1.03628
1.03669
1.03712
1.03754
1.03797
1.03839
1.03882
1.03923
1.03964
1.04005
1.04044
1.04082
1.04118
1.04153
1.04186
1.04217
1.04245
1.04271
1.04295
1.04316
1.04333
1.04348
1.04359
1.04367
1.04371
1.04371
1.04367
1.04359
1.04347
1.0433
1.04309
1.04284
1.04254
1.04219
1.04179
1.04134
1.04084
1.04029
1.03969
1.03905
1.03834
1.03759
1.03679
1.03594
1.03504
1.03408
1.03308
1.03203
1.03093
1.02979
1.0286
1.02736
1.02608
1.02475
1.02339
1.02198
1.02053
1.01905
1.01753
1.01598
1.01439
1.01278
1.01113
1.00946
1.00777
1.00605
1.00431
1.00255
1.00077
0.998983
0.997179
0.995364
0.99354
0.991708
0.989871
0.98803
0.986188
0.984345
0.982504
0.980666
0.978833
0.977006
0.975187
0.973378
0.97158
0.969794
0.968023
0.966267
0.964528
0.962807
0.961104
0.959422
0.957761
0.956123
0.954509
0.952919
0.951355
0.949817
0.948307
0.946826
0.945375
0.943954
0.942564
0.941208
0.939885
0.938596
0.937344
0.936129
0.934952
0.933813
0.932715
0.931657
0.930641
0.929669
0.928741
0.927859
0.927024
0.926236
0.925498
0.92481
0.924173
0.923589
0.923059
0.922584
0.922164
0.921801
0.921496
0.92125
0.921064
0.920938
0.920873
0.920871
0.920931
0.921056
0.921244
0.921497
0.921816
0.9222
0.92265
0.923165
0.923747
0.924395
0.925108
0.925888
0.926734
0.927645
0.928622
0.929663
0.930769
0.931939
0.933172
0.934467
0.935823
0.937241
0.938718
0.940253
0.941847
0.943497
0.945202
0.946962
0.948775
0.95064
0.952554
0.954517
0.956527
0.958582
0.96068
0.96282
0.965001
0.967219
0.969475
0.971765
0.974089
0.976443
0.978827
0.981238
0.983674
0.986134
0.988614
0.991113
0.993629
0.99616
0.998704
1.00126
1.00382
1.00639
1.00896
1.01153
1.01411
1.01667
1.01924
1.02179
1.02434
1.02687
1.02939
1.03189
1.03438
1.03684
1.03928
1.0417
1.04408
1.04644
1.04876
1.05105
1.05331
1.05552
1.0577
1.05983
1.06192
1.06396
1.06595
1.06789
1.06977
1.07161
1.07339
1.07511
1.07677
1.07837
1.07991
1.08138
1.08278
1.08412
1.08539
1.0866
1.08773
1.08878
1.08977
1.09068
1.09151
1.09227
1.09296
1.09356
1.09409
1.09454
1.09491
1.0952
1.09542
1.09555
1.09561
1.09559
1.09549
1.09531
1.09505
1.09472
1.09431
1.09383
1.09327
1.09264
1.09193
1.09116
1.09031
1.0894
1.08842
1.08737
1.08627
1.0851
1.08387
1.08258
1.08124
1.07984
1.0784
1.0769
1.07536
1.07377
1.07214
1.07048
1.06877
1.06703
1.06526
1.06346
1.06163
1.05978
1.05791
1.05602
1.05411
1.05218
1.05025
1.0483
1.04635
1.04439
1.04243
1.04047
1.03851
1.03655
1.0346
1.03265
1.03072
1.02879
1.02688
1.02498
1.0231
1.02123
1.01939
1.01756
1.01575
1.01397
1.0122
1.01046
1.00875
1.00706
1.00539
1.00376
1.00214
1.00056
0.999005
0.997477
0.995977
0.994505
0.993061
0.991645
0.990258
