1.64985
1.64959
1.64934
1.64908
1.64884
1.6486
1.64838
1.64817
1.64797
1.64778
1.64761
1.64746
1.64734
1.64723
1.64715
1.64709
1.64706
1.64705
1.64708
1.64713
1.64722
1.64733
1.64748
1.64766
1.64786
1.64811
1.64838
1.64869
1.64903
1.6494
1.6498
1.65024
1.65071
1.65121
1.65174
1.65231
1.6529
1.65353
1.65419
1.65487
1.65559
1.65633
1.6571
1.6579
1.65872
1.65957
1.66044
1.66134
1.66226
1.6632
1.66416
1.66514
1.66615
1.66717
1.66821
1.66926
1.67034
1.67142
1.67252
1.67364
1.67477
1.67591
1.67706
1.67822
1.67938
1.68056
1.68174
1.68292
1.68411
1.68531
1.6865
1.6877
1.68889
1.69008
1.69127
1.69245
1.69363
1.6948
1.69595
1.6971
1.69823
1.69935
1.70045
1.70153
1.70258
1.70362
1.70463
1.70562
1.70658
1.70751
1.70841
1.70927
1.7101
1.7109
1.71165
1.71237
1.71304
1.71367
1.71425
1.71479
1.71528
1.71573
1.71612
1.71647
1.71676
1.71701
1.7172
1.71734
1.71743
1.71747
1.71746
1.71739
1.71727
1.71711
1.71689
1.71662
1.7163
1.71593
1.71552
1.71506
1.71456
1.71401
1.71342
1.7128
1.71213
1.71143
1.71069
1.70992
1.70913
1.7083
1.70745
1.70657
1.70568
1.70476
1.70382
1.70287
1.70191
1.70094
1.69995
1.69896
1.69797
1.69697
1.69597
1.69497
1.69397
1.69298
1.69199
1.69101
1.69004
1.68907
1.68812
1.68718
1.68625
1.68533
1.68443
1.68354
1.68266
1.6818
1.68095
1.68012
1.6793
1.6785
1.67771
1.67693
1.67617
1.67542
1.67467
1.67394
1.67322
1.6725
1.67179
1.67109
1.67039
1.66969
1.66899
1.66829
1.66759
1.66688
1.66616
1.66544
1.6647
1.66396
1.66319
1.66241
1.66162
1.6608
1.65996
1.65909
1.6582
1.65727
1.65632
1.65534
1.65432
1.65326
1.65216
1.65102
1.64985
1.64862
1.64736
1.64604
1.64468
1.64328
1.64182
1.64032
1.63876
1.63716
1.63551
1.6338
1.63204
1.63024
1.62839
1.62648
1.62453
1.62254
1.6205
1.61843
1.61631
1.61416
1.61197
1.60976
1.60751
1.60524
1.60295
1.60064
1.59832
1.59599
1.59365
1.59132
1.58898
1.58665
1.58433
1.58203
1.57974
1.57748
1.57524
1.57304
1.57087
1.56874
1.56665
1.5646
1.5626
1.56065
1.55875
1.5569
1.55511
1.55337
1.5517
1.55008
1.54852
1.54702
1.54558
1.5442
1.54287
1.54161
1.5404
1.53924
1.53814
1.53709
1.5361
1.53515
1.53425
1.5334
1.53258
1.53181
1.53108
1.53039
1.52973
1.5291
1.52851
1.52794
1.52741
1.5269
1.52642
1.52596
1.52553
1.52512
1.52473
1.52436
1.52402
1.5237
1.52341
1.52313
1.52288
1.52265
1.52245
1.52227
1.52212
1.52199
1.52189
1.52182
1.52179
1.52178
1.5218
1.52186
1.52195
1.52208
1.52225
1.52245
1.5227
1.52298
1.5233
1.52367
1.52408
1.52453
1.52502
1.52556
1.52614
1.52677
1.52744
1.52815
1.52891
1.52971
1.53055
1.53144
1.53237
1.53334
1.53435
1.5354
1.53649
1.53762
1.53879
1.53999
1.54123
1.5425
1.54381
1.54514
1.54651
1.54791
1.54933
1.55078
1.55225
1.55375
1.55527
1.55681
1.55836
1.55994
1.56153
1.56313
1.56475
1.56637
1.56801
1.56966
1.57131
1.57297
1.57463
1.57629
1.57796
1.57963
1.58129
1.58296
1.58462
1.58628
1.58793
1.58957
1.59121
1.59284
1.59445
1.59606
1.59765
1.59923
1.6008
1.60235
1.60388
1.60539
1.60689
1.60836
1.60982
1.61125
1.61267
1.61405
1.61542
1.61675
1.61806
1.61934
1.6206
1.62182
1.62301
1.62416
1.62528
1.62637
1.62742
1.62843
1.6294
1.63033
1.63122
1.63206
1.63286
1.63362
1.63432
1.63498
1.63559
1.63615
1.63666
1.63711
1.63751
1.63786
1.63815
1.63838
1.63855
1.63867
1.63873
1.63873
1.63866
1.63854
1.63836
1.63811
1.63781
1.63744
1.63701
1.63652
1.63597
1.63536
1.63469
1.63396
1.63318
1.63234
1.63144
1.6305
1.6295
1.62845
1.62736
1.62622
1.62504
1.62382
1.62256
1.62127
1.61995
1.6186
1.61723
1.61584
1.61444
1.61302
1.6116
1.61017
1.60875
1.60733
1.60592
1.60453
1.60316
1.60182
1.6005
1.59922
1.59798
1.59679
1.59564
1.59454
1.5935
1.59252
1.59161
1.59077
1.58999
1.58929
1.58868
1.58814
1.58768
1.58731
1.58702
1.58683
1.58672
1.5867
1.58677
1.58693
1.58719
1.58753
1.58796
1.58847
1.58907
1.58976
1.59053
1.59137
1.59229
1.59328
1.59434
1.59547
1.59666
1.59791
1.59921
1.60057
1.60197
1.60341
1.60489
1.60641
1.60796
1.60954
1.61113
1.61275
1.61439
1.61604
1.6177
1.61937
1.62104
1.62271
1.62439
1.62606
1.62773
1.62939
1.63104
1.63269
1.63432
1.63595
1.63756
1.63916
1.64074
1.64232
1.64387
1.64542
1.64695
1.64847
1.64998
1.65147
1.65295
1.65442
1.65588
1.65732
1.65876
1.66018
1.6616
1.663
1.66439
1.66577
1.66715
1.66851
1.66986
1.67121
1.67254
1.67386
1.67517
1.67647
1.67775
1.67902
1.68027
1.68151
1.68273
1.68394
1.68512
1.68629
1.68743
1.68855
1.68965
1.69072
1.69177
1.69279
1.69377
1.69473
1.69566
1.69655
1.69741
1.69824
1.69903
1.69979
1.70051
1.70119
1.70183
1.70244
1.70301
1.70354
1.70404
1.70449
1.70491
1.70528
1.70562
1.70593
1.70619
1.70642
1.70661
1.70676
1.70688
1.70696
1.70701
1.70703
1.70702
1.70697
1.70689
1.70679
1.70665
1.70649
1.7063
1.70608
1.70584
1.70557
1.70528
1.70497
1.70463
1.70427
1.7039
1.7035
1.70309
1.70266
1.70221
1.70175
1.70127
1.70078
1.70028
1.69977
1.69925
1.69872
1.69818
1.69763
1.69708
1.69653
1.69597
1.69541
1.69485
1.69429
1.69373
1.69317
1.69262
1.69208
1.69154
1.69101
1.69049
1.68998
1.68947
1.68898
1.68851
1.68804
1.68759
1.68716
1.68674
1.68633
1.68595
1.68558
1.68523
1.68489
1.68458
1.68428
1.684
1.68373
1.68348
1.68325
1.68303
1.68282
1.68263
1.68245
1.68228
1.68212
1.68197
1.68183
1.6817
1.68157
1.68144
1.68131
1.68118
1.68105
1.68091
1.68077
1.68061
1.68045
1.68027
1.68008
1.67987
1.67965
1.6794
1.67913
1.67883
1.67851
1.67815
1.67777
1.67735
1.67689
1.6764
1.67587
1.6753
1.67468
1.67402
1.67331
1.67255
1.67175
1.67089
1.66998
1.66902
1.66801
1.66694
1.66581
1.66463
1.66339
1.66209
1.66074
1.65933
1.65787
1.65634
1.65477
1.65313
1.65144
1.6497
1.6479
1.64606
1.64416
1.64222
1.64023
1.6382
1.63613
1.63402
1.63188
1.62971
1.62751
1.62529
1.62304
1.62078
1.61851
1.61623
1.61395
1.61166
1.60939
1.60713
1.60488
1.60265
1.60045
1.59829
1.59616
1.59407
1.59203
1.59004
1.58811
1.58624
1.58444
1.58271
1.58106
1.57949
1.578
1.5766
1.57529
1.57407
1.57295
1.57192
1.571
1.57018
1.56945
1.56883
1.56831
1.5679
1.56758
1.56736
1.56724
1.56721
1.56727
1.56742
1.56766
1.56798
1.56837
1.56884
1.56937
1.56997
1.57063
1.57134
1.57209
1.57289
1.57373
1.57459
1.57549
1.5764
1.57733
1.57827
1.57922
1.58016
1.5811
1.58203
1.58295
1.58386
1.58474
1.5856
1.58643
1.58724
1.58801
1.58875
1.58946
1.59013
1.59077
1.59136
1.59192
1.59244
1.59292
1.59336
1.59377
1.59414
1.59447
1.59478
1.59505
1.59529
1.5955
1.59568
1.59584
1.59598
1.5961
1.5962
1.59629
1.59636
1.59643
1.59648
1.59653
1.59658
1.59663
1.59668
1.59673
1.59679
1.59686
1.59694
1.59704
1.59715
1.59728
1.59743
1.59759
1.59778
1.59799
1.59823
1.59849
1.59877
1.59908
1.59942
1.59978
1.60017
1.60058
1.60102
1.60148
1.60197
1.60248
1.60302
1.60358
1.60415
1.60475
1.60536
1.60599
1.60664
1.60729
1.60796
1.60864
1.60932
1.61001
1.61071
1.6114
1.6121
1.6128
1.61349
1.61419
1.61488
1.61556
1.61624
1.61691
1.61757
1.61823
1.61887
1.6195
1.62012
1.62073
1.62133
1.62192
1.62249
1.62305
1.6236
1.62413
1.62465
1.62515
1.62564
1.62611
1.62656
1.62699
1.62741
1.6278
1.62818
1.62853
1.62886
1.62916
1.62944
1.62969
1.62992
1.63011
1.63027
1.6304
1.63049
1.63054
1.63056
1.63053
1.63047
1.63036
1.63021
1.63001
1.62977
1.62947
1.62913
1.62874
1.62829
1.6278
1.62725
1.62665
1.626
1.62529
1.62453
1.62371
1.62284
1.62192
1.62095
1.61992
1.61884
1.61771
1.61653
1.61531
1.61403
1.61271
1.61135
1.60995
1.6085
1.60702
1.6055
1.60395
1.60236
1.60075
1.59912
1.59746
1.59579
1.5941
1.5924
1.59069
1.58898
1.58726
1.58555
1.58385
1.58216
1.58049
1.57883
1.5772
1.5756
1.57403
1.5725
1.57101
1.56957
1.56817
1.56683
1.56554
1.56431
1.56314
1.56203
1.56099
1.56002
1.55911
1.55828
1.55751
1.55681
1.55617
1.5556
1.5551
1.55465
1.55426
1.55393
1.55365
1.55342
1.55323
1.55308
1.55296
1.55286
1.55279
1.55274
1.55269
1.55265
1.55261
1.55256
1.5525
1.55242
1.55232
1.55219
1.55202
1.55182
1.55157
1.55128
1.55094
1.55054
1.55008
1.54957
1.54899
1.54835
1.54764
1.54687
1.54602
1.54512
1.54414
1.5431
1.54198
1.54081
1.53957
1.53826
1.5369
1.53548
1.53399
1.53246
1.53087
1.52923
1.52755
1.52583
1.52406
1.52226
1.52043
1.51857
1.51668
1.51478
1.51285
1.51091
1.50896
1.507
1.50504
1.50308
1.50113
1.49919
1.49725
1.49534
1.49344
1.49156
1.48971
1.48788
1.48609
1.48433
1.48261
1.48093
1.47929
1.47769
1.47614
1.47464
1.4732
1.4718
1.47046
1.46917
1.46794
1.46677
1.46566
1.46461
1.46362
1.46269
1.46182
1.46101
1.46027
1.45959
1.45897
1.45842
1.45793
1.4575
1.45714
1.45683
1.45659
1.45641
1.45629
1.45622
1.45622
1.45627
1.45638
1.45654
1.45676
1.45703
1.45736
1.45773
1.45815
1.45862
1.45914
1.45971
1.46031
1.46096
1.46166
1.46239
1.46316
1.46397
1.46482
1.4657
1.46661
1.46756
1.46854
1.46955
1.4706
1.47167
1.47277
1.47389
1.47505
1.47623
1.47744
1.47867
1.47992
1.48121
1.48251
1.48385
1.4852
1.48659
1.488
1.48943
1.4909
1.49239
1.49391
1.49546
1.49704
1.49865
1.50029
1.50197
1.50369
1.50544
1.50723
1.50906
1.51092
1.51283
1.51479
1.51679
1.51883
1.52093
1.52307
1.52526
1.5275
1.52979
1.53214
1.53453
1.53698
1.53949
1.54205
1.54466
1.54733
1.55005
1.55282
1.55565
1.55853
1.56147
1.56445
1.56749
1.57058
1.57371
1.57689
1.58012
1.58339
1.58669
1.59004
1.59343
1.59685
1.60029
1.60377
1.60727
1.61079
1.61434
1.61789
1.62146
1.62504
1.62862
1.63221
1.63579
1.63936
1.64292
1.64647
1.64999
1.6535
1.65697
1.66042
1.66383
1.6672
1.67052
1.6738
1.67702
1.68019
1.6833
1.68634
1.68931
1.69221
1.69504
1.69778
1.70044
1.70301
1.70549
1.70788
1.71017
1.71236
1.71445
1.71643
1.7183
1.72006
1.7217
1.72323
1.72464
1.72593
1.7271
1.72815
1.72907
1.72986
1.73053
1.73107
1.73149
1.73177
1.73193
1.73196
1.73186
1.73164
1.73128
1.7308
1.7302
1.72947
1.72861
1.72764
1.72655
1.72534
1.72401
1.72257
1.72102
1.71936
1.7176
1.71573
1.71376
1.71169
1.70953
1.70728
1.70495
1.70252
1.70002
1.69745
1.6948
1.69208
1.68931
1.68647
1.68358
1.68063
1.67765
1.67462
1.67156
1.66846
1.66534
1.6622
1.65904
1.65587
1.6527
1.64952
1.64635
1.64319
1.64004
1.63691
1.63381
1.63074
1.6277
1.6247
1.62174
1.61884
1.61599
1.6132
1.61047
1.60782
1.60524
1.60273
1.60031
1.59797
1.59572
1.59357
1.59152
1.58956
1.58771
1.58596
1.58432
1.58279
1.58137
1.58007
1.57889
1.57782
1.57687
1.57603
1.57532
1.57472
1.57424
1.57388
1.57363
1.5735
1.57348
1.57358
1.57378
1.57409
1.5745
1.57501
1.57562
1.57632
1.57711
1.57799
1.57895
1.57999
1.5811
1.58228
1.58353
1.58483
1.58619
1.5876
1.58906
1.59056
1.5921
1.59366
1.59526
1.59688
1.59852
1.60017
1.60184
1.60351
1.60518
1.60684
1.6085
1.61015
1.61179
1.6134
1.615
1.61656
1.6181
1.61961
1.62109
1.62253
1.62393
1.62529
1.62661
1.62788
1.6291
1.63028
1.63141
1.63248
1.63351
1.63448
1.6354
1.63626
1.63707
1.63783
1.63853
1.63917
1.63977
1.6403
1.64079
1.64122
1.6416
1.64193
1.64221
1.64244
1.64262
1.64276
1.64286
1.64291
1.64292
1.64289
1.64282
1.64272
1.64258
1.64241
1.64221
1.64198
1.64173
1.64145
1.64114
1.64081
1.64047
1.6401
1.63972
1.63932
1.6389
1.63848
1.63804
1.6376
1.63714
1.63668
1.63622
1.63574
1.63527
1.63479
1.63431
1.63383
1.63334
1.63286
1.63238
1.6319
1.63142
1.63095
1.63048
1.63001
1.62955
1.62909
1.62863
1.62819
1.62774
1.62731
1.62688
1.62646
1.62604
1.62564
1.62524
1.62485
1.62447
1.6241
1.62374
1.62339
1.62305
1.62273
1.62242
1.62212
1.62184
1.62157
1.62132
1.62108
1.62086
1.62066
1.62048
1.62032
1.62018
1.62006
1.61997
1.61989
1.61985
1.61982
1.61982
1.61985
1.61991
1.61999
1.62011
1.62025
1.62042
1.62062
1.62085
1.62112
1.62141
1.62174
1.62209
1.62248
1.6229
1.62336
1.62384
1.62436
1.6249
1.62548
1.62609
1.62672
1.62739
1.62808
1.62879
1.62953
1.6303
1.63109
1.6319
1.63273
1.63358
1.63444
1.63533
1.63622
1.63713
1.63804
1.63896
1.63989
1.64082
1.64176
1.64269
1.64362
1.64454
1.64546
1.64636
1.64726
1.64814
1.649
1.64985
1.65067
1.65147
1.65225
1.65299
1.65371
1.6544
1.65505
1.65567
1.65625
1.65678
1.65728
1.65774
1.65814
1.65851
1.65882
1.65908
1.65929
1.65945
1.65955
1.65959
1.65957
1.6595
1.65936
1.65916
1.65889
1.65856
1.65816
1.65769
1.65716
1.65655
1.65588
1.65513
1.65431
1.65341
1.65244
1.65139
1.65027
1.64907
1.64779
1.64643
1.645
1.64348
1.64189
1.64021
1.63846
1.63663
1.63471
1.63272
1.63064
1.62849
1.62626
1.62395
1.62156
1.61909
1.61655
1.61393
1.61123
1.60846
1.60562
1.60271
1.59973
1.59668
1.59356
1.59038
1.58713
1.58382
1.58046
1.57703
1.57356
1.57003
1.56645
1.56282
1.55915
1.55544
1.55169
1.54791
1.54409
1.54024
1.53637
1.53248
1.52857
1.52464
1.52071
1.51677
1.51282
1.50888
1.50495
1.50102
1.49711
1.49322
1.48935
1.4855
1.48169
1.47791
1.47418
1.47049
1.46684
1.46326
1.45973
1.45626
1.45287
1.44954
1.44629
1.44313
1.44005
1.43707
1.43418
1.43138
1.4287
1.42612
1.42365
1.4213
1.41907
1.41697
1.41499
1.41314
1.41143
1.40986
1.40843
1.40714
1.40599
1.40499
1.40415
1.40345
1.40291
1.40252
1.40229
1.40222
1.4023
1.40253
1.40293
1.40347
1.40418
1.40503
1.40604
1.4072
1.4085
1.40995
1.41154
1.41327
1.41513
1.41712
1.41924
1.42148
1.42384
1.42631
1.42889
1.43157
1.43435
1.43722
1.44017
1.44319
1.4463
1.44946
1.45269
1.45596
1.45929
1.46265
1.46605
1.46947
1.47291
1.47637
1.47983
1.4833
1.48676
1.49022
1.49365
1.49707
1.50046
1.50381
1.50713
1.51041
1.51365
1.51683
1.51996
1.52302
1.52603
1.52897
1.53184
1.53463
1.53735
1.53999
1.54255
1.54503
1.54742
1.54973
1.55195
1.55407
1.55611
1.55806
1.55991
1.56167
1.56334
1.56492
1.56641
1.5678
1.5691
1.57032
1.57144
1.57248
1.57343
1.57429
1.57508
1.57578
1.57641
1.57696
1.57743
1.57784
1.57818
1.57846
1.57868
1.57884
1.57894
1.579
1.57902
1.57899
1.57892
1.57882
1.5787
1.57854
1.57837
1.57818
1.57798
1.57777
1.57756
1.57735
1.57715
1.57695
1.57677
1.5766
1.57646
1.57634
1.57625
1.57619
1.57617
1.57618
1.57623
1.57632
1.57646
1.57665
1.57688
1.57716
1.5775
1.57788
1.57832
1.57881
1.57936
1.57996
1.58061
1.58132
1.58208
1.5829
1.58376
1.58467
1.58564
1.58665
1.5877
1.5888
1.58995
1.59113
1.59236
1.59362
1.59492
1.59625
1.59761
1.59901
1.60043
1.60188
1.60335
1.60484
1.60636
1.60789
1.60944
1.61101
1.61258
1.61417
1.61577
1.61738
1.61899
1.6206
1.62222
1.62384
1.62546
1.62708
1.6287
1.63031
1.63192
1.63352
1.63511
1.63669
1.63826
1.63982
1.64137
1.64291
1.64443
1.64593
1.64742
1.64889
1.65034
1.65177
1.65318
1.65457
1.65593
1.65727
1.65859
1.65988
1.66114
1.66237
1.66358
1.66476
1.6659
1.66702
1.6681
1.66914
1.67016
1.67113
1.67207
1.67297
1.67383
1.67465
1.67543
1.67617
1.67687
1.67752
1.67813
1.67869
1.6792
1.67967
1.68009
1.68046
1.68078
1.68104
1.68126
1.68142
1.68153
1.68159
1.68159
1.68153
1.68142
1.68125
1.68102
1.68073
1.68039
1.67998
1.67951
1.67898
1.67838
1.67773
1.67701
1.67623
1.67538
1.67447
1.67349
1.67244
1.67133
1.67016
1.66891
1.6676
1.66622
1.66477
1.66326
1.66168
1.66003
1.65831
1.65652
1.65467
1.65274
1.65075
1.6487
1.64657
1.64438
1.64212
1.63979
1.6374
1.63495
1.63242
1.62984
1.62719
1.62447
1.6217
1.61886
1.61596
1.61301
1.60999
1.60692
1.60379
1.60061
1.59738
1.59409
1.59076
1.58737
1.58394
1.58046
1.57694
1.57338
1.56978
1.56614
1.56247
1.55877
1.55504
1.55128
1.5475
1.54371
1.53989
1.53607
1.53223
1.5284
1.52456
1.52072
1.51689
1.51308
1.50929
1.50551
1.50177
1.49806
1.49439
1.49076
1.48718
1.48366
1.4802
1.47681
1.47349
1.47024
1.46708
1.46401
1.46103
1.45815
1.45538
1.45271
1.45016
1.44772
1.44541
1.44322
1.44115
1.43922
1.43742
1.43575
1.43422
1.43282
1.43156
1.43043
1.42944
1.42859
1.42787
1.42728
1.42682
1.42649
1.42629
1.42621
1.42625
1.4264
1.42667
1.42705
1.42753
1.42811
1.42878
1.42955
1.4304
1.43133
1.43233
1.43341
1.43455
1.43576
1.43702
1.43834
1.4397
1.4411
1.44254
1.44402
1.44552
1.44704
1.44859
1.45015
1.45173
1.45331
1.4549
1.45649
1.45807
1.45965
1.46122
1.46278
1.46432
1.46584
1.46734
1.46882
1.47027
1.47169
1.47308
1.47444
1.47576
1.47705
1.47829
1.47949
1.48065
1.48177
1.48285
1.48387
1.48485
1.48579
1.48668
1.48751
1.4883
1.48905
1.48974
1.49038
1.49098
1.49153
1.49203
1.49248
1.49288
1.49324
1.49355
1.49381
1.49403
1.49421
1.49435
1.49444
1.49449
1.49451
1.49448
1.49442
1.49433
1.49421
1.49405
1.49387
1.49366
1.49343
1.49317
1.4929
1.49261
1.4923
1.49198
1.49165
1.49132
1.49098
1.49063
1.49029
1.48995
1.48961
1.48929
1.48897
1.48867
1.48839
1.48812
1.48787
1.48765
1.48745
1.48728
1.48715
1.48704
1.48697
1.48694
1.48695
1.48699
1.48708
1.48721
1.48739
1.48761
1.48788
1.4882
1.48856
1.48897
1.48943
1.48994
1.49049
1.49109
1.49174
1.49243
1.49316
1.49394
1.49476
1.49562
1.49651
1.49744
1.49841
1.49941
1.50044
1.5015
1.50258
1.50369
1.50481
1.50596
1.50713
1.5083
1.50949
1.51069
1.5119
1.51312
1.51433
1.51555
1.51677
1.51798
1.51919
1.52039
1.52158
1.52276
1.52392
1.52507
1.5262
1.52732
1.52841
1.52948
1.53052
1.53154
1.53252
1.53348
1.5344
1.53529
1.53615
1.53696
1.53774
1.53848
1.53917
1.53983
1.54043
1.541
1.54151
1.54198
1.5424
1.54277
1.54309
1.54336
1.54358
1.54375
1.54386
1.54393
1.54394
1.5439
1.54381
1.54367
1.54348
1.54324
1.54295
1.54261
1.54222
1.54179
1.54132
1.5408
1.54024
1.53964
1.539
1.53833
1.53762
1.53689
1.53612
1.53533
1.53452
1.53368
1.53283
1.53196
1.53108
1.5302
1.5293
1.52841
1.52751
1.52662
1.52574
1.52487
1.52401
1.52316
1.52234
1.52154
1.52077
1.52003
1.51932
1.51864
1.51801
1.51741
1.51686
1.51636
1.5159
1.5155
1.51515
1.51486
1.51462
1.51445
1.51434
1.51429
1.51431
1.51439
1.51454
1.51476
1.51505
1.51541
1.51585
1.51635
1.51692
1.51757
1.51829
1.51908
1.51994
1.52087
1.52187
1.52294
1.52407
1.52527
1.52654
1.52787
1.52926
1.5307
1.53221
1.53377
1.53538
1.53704
1.53875
1.54051
1.5423
1.54414
1.54601
1.54791
1.54985
1.55181
1.55379
1.5558
1.55782
1.55986
1.56191
1.56396
1.56602
1.56808
1.57014
1.57219
1.57424
1.57627
1.57828
1.58028
1.58226
1.58422
1.58615
1.58805
1.58992
1.59175
1.59355
1.59532
1.59704
1.59873
1.60037
1.60197
1.60352
1.60502
1.60647
1.60788
1.60923
1.61054
1.61179
1.61299
1.61414
1.61524
1.61629
1.61728
1.61823
1.61912
1.61996
1.62076
1.6215
1.6222
1.62285
1.62346
1.62402
1.62454
1.62502
1.62546
1.62586
1.62623
1.62657
1.62687
1.62714
1.62739
1.62761
1.62781
1.62798
1.62814
1.62828
1.62841
1.62852
1.62862
1.62872
1.6288
1.62888
1.62896
1.62904
1.62912
1.62921
1.62929
1.62938
1.62948
1.62959
1.62971
1.62983
1.62997
1.63013
1.63029
1.63048
1.63067
1.63088
1.63111
1.63135
1.63161
1.63188
1.63217
1.63247
1.63278
1.63311
1.63345
1.6338
1.63416
1.63452
1.6349
1.63527
1.63566
1.63604
1.63643
1.63681
1.63719
1.63756
1.63793
1.63828
1.63863
1.63896
1.63927
1.63956
1.63984
1.64009
1.64032
1.64052
1.6407
1.64084
1.64095
1.64103
1.64107
1.64107
1.64104
1.64096
1.64085
1.64069
1.64048
1.64023
1.63993
1.63959
1.63919
1.63875
1.63826
1.63772
1.63713
1.63649
1.63581
1.63507
1.63428
1.63345
1.63256
1.63163
1.63065
1.62963
1.62855
1.62744
1.62628
1.62509
1.62385
1.62257
1.62126
1.6199
1.61852
1.6171
1.61566
1.61418
1.61267
1.61115
1.60959
1.60802
1.60643
1.60482
1.6032
1.60156
1.59992
1.59827
1.59662
1.59496
1.5933
1.59164
1.58999
1.58835
1.58671
1.58509
1.58347
1.58188
1.5803
1.57875
1.57722
1.57571
1.57423
1.57278
1.57137
1.56998
1.56863
1.56733
1.56606
1.56483
1.56365
1.56251
1.56142
1.56039
1.5594
1.55846
1.55758
1.55675
1.55598
1.55527
1.55462
1.55402
1.55349
1.55302
1.55262
1.55228
1.552
1.5518
1.55165
1.55158
1.55158
1.55164
1.55178
1.55198
1.55226
1.5526
1.55302
1.55351
1.55406
1.55469
1.5554
1.55617
1.55702
1.55794
1.55893
1.55999
1.56112
1.56233
1.5636
1.56495
1.56636
1.56785
1.5694
1.57102
1.57271
1.57447
1.57629
1.57817
1.58012
1.58213
1.5842
1.58633
1.58852
1.59077
1.59307
1.59542
1.59783
1.60029
1.60279
1.60534
1.60794
1.61058
1.61325
1.61597
1.61872
1.6215
1.62431
1.62715
1.63001
1.63289
1.6358
1.63871
1.64165
1.64459
1.64754
1.65049
1.65345
1.65641
1.65936
1.66231
1.66524
1.66817
1.67107
1.67396
1.67683
1.67967
1.68248
1.68527
1.68802
1.69073
1.69341
1.69605
1.69864
1.70119
1.70369
1.70614
1.70853
1.71087
1.71315
1.71538
1.71754
1.71964
1.72167
1.72364
1.72554
1.72736
1.72912
1.7308
1.73241
1.73394
1.7354
1.73678
1.73808
1.7393
1.74044
1.7415
1.74247
1.74337
1.74418
1.7449
1.74554
1.7461
1.74657
1.74696
1.74726
1.74748
1.74762
1.74767
1.74763
1.74751
1.74732
1.74703
1.74667
1.74623
1.7457
1.7451
1.74442
1.74366
1.74282
1.74191
1.74093
1.73987
1.73875
1.73755
1.73629
1.73496
1.73358
1.73212
1.73062
1.72905
1.72743
1.72577
1.72405
1.72228
1.72048
1.71863
1.71675
1.71483
1.71289
1.71092
1.70892
1.70691
1.70489
1.70285
1.70082
1.69878
1.69674
1.69471
1.6927
1.6907
1.68873
1.68679
1.68488
1.683
1.68117
1.67939
1.67766
1.67598
1.67437
1.67282
1.67134
1.66993
1.6686
1.66734
1.66617
1.66508
1.66407
1.66316
1.66233
1.66159
1.66094
1.66038
1.65992
1.65953
1.65924
1.65903
1.6589
1.65885
1.65887
1.65897
1.65913
1.65936
1.65965
1.65999
1.66038
1.66081
1.66129
1.66179
1.66232
1.66288
1.66344
1.66402
1.6646
1.66519
1.66576
1.66632
1.66687
1.66739
1.66789
1.66835
1.66878
1.66917
1.66952
1.66982
1.67008
1.67028
1.67043
1.67053
1.67056
1.67055
1.67047
1.67033
1.67013
1.66987
1.66955
1.66918
1.66874
1.66825
1.6677
1.66709
1.66643
1.66571
1.66495
1.66414
1.66329
1.66239
1.66145
1.66048
1.65947
1.65843
1.65736
1.65626
1.65514
1.654
1.65284
1.65167
1.65049
1.6493
1.64811
1.64691
1.64572
1.64452
1.64334
1.64217
1.641
1.63985
1.63872
1.63761
1.63651
1.63544
1.6344
1.63339
1.6324
1.63144
1.63052
1.62962
1.62877
1.62794
1.62716
1.62641
1.6257
1.62503
1.6244
1.62382
1.62327
1.62277
1.62231
1.62189
1.62152
1.62118
1.6209
1.62065
1.62045
1.62029
1.62018
1.62011
1.62008
1.6201
1.62015
1.62025
1.62038
1.62056
1.62077
1.62103
1.62132
1.62164
1.622
1.6224
1.62282
1.62328
1.62377
1.62428
1.62482
1.62539
1.62598
1.62659
1.62722
1.62788
1.62854
1.62923
1.62992
1.63063
1.63135
1.63208
1.63281
1.63355
1.63429
1.63503
1.63577
1.6365
1.63723
1.63795
1.63866
1.63936
1.64005
1.64072
1.64138
1.64202
1.64263
1.64323
1.6438
1.64435
1.64488
1.64537
1.64584
1.64627
1.64667
1.64704
1.64737
1.64767
1.64792
1.64814
1.64832
1.64846
1.64856
1.64861
1.64863
1.64861
1.64854
1.64844
1.6483
1.64813
1.64792
1.64767
1.64739
1.64709
1.64676
1.64641
1.64604
1.64565
1.64525
1.64485
1.64444
1.64404
1.64365
1.64326
1.6429
1.64257
1.64226
1.64199
1.64177
1.64159
1.64147
1.64141
1.64141
1.64149
1.64164
1.64187
1.64219
1.64259
1.64309
1.64369
1.64438
1.64517
1.64607
1.64707
1.64817
1.64937
1.65068
1.65209
1.6536
1.6552
1.6569
1.65869
1.66057
1.66253
1.66458
1.66669
1.66888
1.67113
1.67343
1.6758
1.6782
1.68065
1.68314
1.68565
1.68818
1.69073
1.69329
1.69586
1.69842
1.70098
1.70353
1.70605
1.70856
1.71104
1.71348
1.71588
1.71825
1.72056
1.72282
1.72503
1.72718
1.72927
1.73128
1.73323
1.73511
1.73691
1.73864
1.74028
1.74184
1.74332
1.74471
1.74601
1.74723
1.74835
1.74938
1.75031
1.75116
1.75191
1.75256
1.75312
1.75358
1.75395
1.75422
1.7544
1.75448
1.75447
1.75437
1.75417
1.75388
1.75349
1.75302
1.75246
1.7518
1.75106
1.75024
1.74933
1.74833
1.74725
1.74609
1.74485
1.74354
1.74215
1.74068
1.73914
1.73753
1.73585
1.73411
1.73229
1.73042
1.72848
1.72648
1.72443
1.72232
1.72016
1.71795
1.71569
1.71338
1.71104
1.70865
1.70622
1.70376
1.70126
1.69873
1.69618
1.6936
1.69099
1.68837
1.68572
1.68306
1.68039
1.67771
1.67502
1.67232
1.66963
1.66693
1.66424
1.66155
1.65887
1.6562
1.65355
1.65091
1.64829
1.64569
1.64311
1.64056
1.63805
1.63556
1.63311
1.63069
1.62831
1.62598
1.62368
1.62143
1.61923
1.61708
1.61498
1.61293
1.61094
1.60901
1.60714
1.60533
1.60358
1.60189
1.60027
1.59871
1.59723
1.59581
1.59446
1.59317
1.59196
1.59082
1.58975
1.58874
1.58781
1.58694
1.58615
1.58542
1.58476
1.58417
1.58364
1.58318
1.58278
1.58244
1.58216
1.58193
1.58176
1.58165
1.58158
1.58155
1.58158
1.58164
1.58174
1.58187
1.58204
1.58224
1.58246
1.5827
1.58297
1.58324
1.58353
1.58382
1.58412
1.58442
1.58472
1.585
1.58528
1.58554
1.58579
1.58601
1.58621
1.58638
1.58653
1.58663
1.58671
1.58674
1.58673
1.58668
1.58658
1.58644
1.58624
1.586
1.5857
1.58535
1.58495
1.58449
1.58398
1.58342
1.5828
1.58212
1.5814
1.58062
1.57979
1.57891
1.57798
1.57701
1.576
1.57495
1.57385
1.57273
1.57157
1.57039
1.56918
1.56795
1.56671
1.56546
1.5642
1.56295
1.56169
1.56045
1.55922
1.55801
1.55683
1.55568
1.55457
1.5535
1.55248
1.55152
1.55062
1.54979
1.54902
1.54834
1.54774
1.54723
1.54681
1.5465
1.54628
1.54618
1.54618
1.54631
1.54655
1.54691
1.5474
1.54802
1.54876
1.54964
1.55065
1.55178
1.55306
1.55446
1.55599
1.55765
1.55944
1.56136
1.56339
1.56555
1.56782
1.57021
1.5727
1.5753
1.578
1.58079
1.58367
1.58664
1.58968
1.5928
1.59599
1.59925
1.60256
1.60592
1.60934
1.61279
1.61628
1.6198
1.62335
1.62691
1.6305
1.6341
1.6377
1.64131
1.64492
1.64853
1.65213
1.65572
1.65929
1.66285
1.66639
1.66991
1.67341
1.67688
1.68032
1.68373
1.68711
1.69046
1.69377
1.69705
1.70029
1.70349
1.70666
1.70978
1.71286
1.7159
1.7189
1.72185
1.72475
1.72761
1.73042
1.73318
1.73589
1.73855
1.74115
1.74371
1.74621
1.74865
1.75103
1.75336
1.75562
1.75783
1.75996
1.76204
1.76405
1.76599
1.76786
1.76966
1.7714
1.77305
1.77464
1.77615
1.77758
1.77893
1.7802
1.78139
1.7825
1.78352
1.78446
1.78532
1.78608
1.78676
1.78735
1.78786
1.78827
1.7886
1.78883
1.78898
1.78904
1.789
1.78888
1.78867
1.78838
1.78799
1.78752
1.78696
1.78632
1.78559
1.78477
1.78387
1.78289
1.78183
1.78069
1.77947
1.77817
1.77679
1.77534
1.77381
1.77221
1.77053
1.76879
1.76697
1.76508
1.76312
1.76108
1.75898
1.75681
1.75457
1.75225
1.74987
1.74742
1.74489
1.7423
1.73963
1.73689
1.73408
1.7312
1.72824
1.7252
1.72209
1.71891
1.71564
1.7123
1.70887
1.70536
1.70177
1.6981
1.69434
1.69049
1.68656
1.68254
1.67843
1.67423
1.66995
1.66557
1.66111
1.65656
1.65192
1.64719
1.64237
1.63747
1.63248
1.62741
1.62226
1.61702
1.61172
1.60634
1.60089
1.59537
1.5898
1.58416
1.57848
1.57274
1.56698
1.56117
1.55535
1.5495
1.54365
1.5378
1.53195
1.52613
1.52033
1.51458
1.50887
1.50324
1.49767
1.4922
1.48683
1.48157
1.47645
1.47146
1.46663
1.46197
1.45748
1.4532
1.44911
1.44525
1.44161
1.43821
1.43506
1.43217
1.42954
1.42718
1.42509
1.42328
1.42176
1.42052
1.41956
1.41889
1.41849
1.41837
1.41852
1.41893
1.4196
1.42052
1.42167
1.42306
1.42466
1.42647
1.42848
1.43067
1.43303
1.43555
1.43821
1.44101
1.44392
1.44694
1.45005
1.45325
1.45651
1.45983
1.46321
1.46661
1.47005
1.4735
1.47697
1.48043
1.48389
1.48733
1.49075
1.49415
1.49751
1.50083
1.50411
1.50734
1.51052
1.51364
1.51671
1.51972
1.52266
1.52554
1.52836
1.53111
1.53379
1.5364
1.53894
1.54141
1.54382
1.54616
1.54842
1.55063
1.55276
1.55483
1.55684
1.55878
1.56066
1.56248
1.56425
1.56595
1.5676
1.5692
1.57075
1.57224
1.5737
1.5751
1.57647
1.5778
1.57909
1.58034
1.58156
1.58276
1.58393
1.58507
1.58619
1.58729
1.58837
1.58944
1.5905
1.59154
1.59258
1.59361
1.59464
1.59567
1.59669
1.59772
1.59876
1.5998
1.60084
1.6019
1.60297
1.60404
1.60514
1.60624
1.60736
1.6085
1.60965
1.61081
1.612
1.6132
1.61442
1.61566
1.61691
1.61818
1.61946
1.62076
1.62207
1.62339
1.62472
1.62606
1.62741
1.62876
1.63011
1.63147
1.63283
1.63418
1.63553
1.63687
1.63821
1.63953
1.64084
1.64213
1.6434
1.64465
1.64588
1.64708
1.64826
1.6494
1.65051
1.65159
1.65263
1.65362
1.65458
1.65549
1.65636
1.65718
1.65795
1.65867
1.65933
1.65995
1.6605
1.66101
1.66145
1.66184
1.66218
1.66245
1.66266
1.66282
1.66292
1.66295
1.66293
1.66286
1.66272
1.66253
1.66227
1.66197
1.6616
1.66119
1.66072
1.6602
1.65963
1.659
1.65834
1.65762
1.65686
1.65606
1.65522
1.65433
1.65341
1.65246
1.65147
1.65045
1.6494
1.64832
1.64722
1.64609
1.64495
1.64378
1.64259
1.64139
1.64018
1.63896
1.63772
1.63648
1.63523
1.63398
1.63273
1.63148
1.63022
1.62898
1.62773
1.6265
1.62527
1.62405
1.62284
1.62164
1.62045
1.61928
1.61812
1.61698
1.61585
1.61474
1.61365
1.61258
1.61153
1.6105
1.60949
1.6085
1.60754
1.60659
1.60567
1.60478
1.6039
1.60306
1.60223
1.60143
1.60065
1.5999
1.59917
1.59847
1.59779
1.59714
1.59651
1.59591
1.59533
1.59478
1.59426
1.59376
1.59329
1.59284
1.59242
1.59202
1.59165
1.59131
1.591
1.59071
1.59045
1.59021
1.59001
1.58983
1.58968
1.58955
1.58946
1.58939
1.58936
1.58935
1.58937
1.58942
1.5895
1.58961
1.58975
1.58992
1.59012
1.59035
1.59061
1.5909
1.59122
1.59157
1.59195
1.59236
1.5928
1.59327
1.59377
1.59429
1.59485
1.59543
1.59604
1.59668
1.59734
1.59803
1.59874
1.59948
1.60024
1.60102
1.60182
1.60264
1.60347
1.60433
1.60519
1.60608
1.60697
1.60787
1.60878
1.6097
1.61062
1.61154
1.61246
1.61337
1.61429
1.61519
1.61608
1.61696
1.61783
1.61868
1.6195
1.62031
1.62109
1.62184
1.62257
1.62326
1.62391
1.62453
1.62511
1.62565
1.62614
1.62659
1.62699
1.62733
1.62763
1.62787
1.62805
1.62817
1.62824
1.62824
1.62818
1.62805
1.62786
1.6276
1.62727
1.62688
1.62641
1.62588
1.62528
1.62461
1.62386
1.62305
1.62216
1.62121
1.62019
1.61909
1.61793
1.6167
1.61541
1.61405
1.61262
1.61113
1.60958
1.60798
1.60631
1.6046
1.60282
1.601
1.59913
1.59722
1.59526
1.59326
1.59122
1.58915
1.58704
1.5849
1.58274
1.58055
1.57834
1.57611
1.57386
1.57161
1.56934
1.56707
1.56479
1.56252
1.56024
1.55798
1.55571
1.55346
1.55123
1.549
1.5468
1.54461
1.54244
1.5403
1.53818
1.53608
1.53401
1.53197
1.52995
1.52797
1.52601
1.52408
1.52218
1.52032
1.51848
1.51667
1.51488
1.51313
1.5114
1.5097
1.50803
1.50637
1.50474
1.50313
1.50154
1.49996
1.4984
1.49685
1.49532
1.49379
1.49228
1.49076
1.48925
1.48775
1.48624
1.48473
1.48322
1.48171
1.48019
1.47867
1.47713
1.47559
1.47403
1.47246
1.47088
1.46928
1.46767
1.46605
1.46441
1.46275
1.46108
1.4594
1.4577
1.45599
1.45427
1.45253
1.45078
1.44902
1.44726
1.44548
1.4437
1.44192
1.44014
1.43835
1.43657
1.43479
1.43302
1.43127
1.42952
1.42779
1.42609
1.4244
1.42274
1.42112
1.41952
1.41796
1.41645
1.41497
1.41355
1.41217
1.41086
1.4096
1.4084
1.40727
1.40621
1.40522
1.40431
1.40348
1.40273
1.40206
1.40149
1.401
1.40061
1.40031
1.40011
1.40001
1.40001
1.40011
1.40031
1.40061
1.40102
1.40154
1.40216
1.40288
1.40371
1.40464
1.40567
1.40681
1.40804
1.40938
1.41081
1.41234
1.41396
1.41567
1.41746
1.41935
1.42132
1.42337
1.42549
1.42769
1.42996
1.4323
1.43471
1.43718
1.4397
1.44228
1.44491
1.44759
1.45031
1.45308
1.45588
1.45871
1.46158
1.46447
1.46738
1.47032
1.47327
1.47623
1.47921
1.48219
1.48517
1.48815
1.49114
1.49411
1.49708
1.50003
1.50297
1.5059
1.5088
1.51168
1.51454
1.51736
1.52016
1.52293
1.52566
1.52836
1.53101
1.53363
1.5362
1.53873
1.54122
1.54365
1.54604
1.54837
1.55065
1.55288
1.55506
1.55718
1.55924
1.56125
1.56319
1.56508
1.56691
1.56869
1.5704
1.57205
1.57364
1.57518
1.57665
1.57807
1.57942
1.58072
1.58197
1.58315
1.58428
1.58536
1.58638
1.58735
1.58828
1.58915
1.58997
1.59075
1.59148
1.59217
1.59282
1.59343
1.594
1.59453
1.59504
1.5955
1.59594
1.59635
1.59673
1.59709
1.59743
1.59774
1.59804
1.59832
1.59858
1.59883
1.59907
1.5993
1.59951
1.59972
1.59993
1.60012
1.60032
1.60051
1.6007
1.60088
1.60107
1.60125
1.60144
1.60162
1.6018
1.60198
1.60217
1.60235
1.60253
1.60271
1.60289
1.60307
1.60325
1.60342
1.60359
1.60375
1.60391
1.60406
1.6042
1.60434
1.60447
1.60458
1.60469
1.60478
1.60486
1.60493
1.60498
1.60501
1.60503
1.60502
1.605
1.60496
1.6049
1.60481
1.6047
1.60457
1.60441
1.60423
1.60403
1.6038
1.60354
1.60326
1.60295
1.60261
1.60224
1.60185
1.60143
1.60098
1.60051
1.60001
1.59948
1.59892
1.59834
1.59773
1.5971
1.59644
1.59576
1.59505
1.59432
1.59357
1.59279
1.59199
1.59117
1.59033
1.58947
1.58858
1.58768
1.58676
1.58582
1.58487
1.5839
1.58291
1.58191
1.5809
1.57987
1.57882
1.57776
1.57669
1.57561
1.57451
1.5734
1.57227
1.57114
1.56999
1.56883
1.56766
1.56647
1.56528
1.56407
1.56285
1.56162
1.56038
1.55912
1.55786
1.55658
1.55529
1.55399
1.55267
1.55135
1.55001
1.54867
1.54731
1.54594
1.54456
1.54317
1.54177
1.54036
1.53894
1.53751
1.53607
1.53463
1.53318
1.53172
1.53025
1.52878
1.52731
1.52583
1.52435
1.52286
1.52138
1.51989
1.5184
1.51691
1.51542
1.51394
1.51245
1.51097
1.50949
1.50802
1.50656
1.5051
1.50366
1.50222
1.50079
1.49937
1.49796
1.49657
1.49519
1.49383
1.49248
1.49115
1.48984
1.48855
1.48727
1.48602
1.4848
1.4836
1.48242
1.48128
1.48016
1.47908
1.47803
1.47701
1.47603
1.47508
1.47418
1.47331
1.47249
1.47171
1.47098
1.47029
1.46966
1.46907
1.46854
1.46806
1.46764
1.46727
1.46697
1.46672
1.46654
1.46641
1.46635
1.46636
1.46642
1.46656
1.46675
1.46702
1.46735
1.46774
1.4682
1.46872
1.46931
1.46996
1.47067
1.47144
1.47226
1.47315
1.47409
1.47508
1.47612
1.4772
1.47834
1.47951
1.48073
1.48198
1.48326
1.48458
1.48592
1.48729
1.48867
1.49008
1.49149
1.49292
1.49435
1.49579
1.49723
1.49866
1.50009
1.50151
1.50291
1.5043
1.50567
1.50703
1.50835
1.50966
1.51093
1.51218
1.51339
1.51457
1.51571
1.51681
1.51787
1.5189
1.51988
1.52081
1.52171
1.52256
1.52336
1.52412
1.52483
1.5255
1.52612
1.52669
1.52721
1.52769
1.52812
1.52851
1.52885
1.52914
1.52939
1.52959
1.52975
1.52986
1.52993
1.52996
1.52994
1.52989
1.52979
1.52965
1.52947
1.52926
1.529
1.52871
1.52839
1.52802
1.52763
1.5272
1.52673
1.52624
1.52571
1.52515
1.52456
1.52395
1.5233
1.52263
1.52193
1.52121
1.52047
1.5197
1.51891
1.5181
1.51727
1.51642
1.51555
1.51467
1.51377
1.51286
1.51193
1.511
1.51005
1.5091
1.50813
1.50717
1.50619
1.50522
1.50425
1.50327
1.5023
1.50132
1.50036
1.49939
1.49844
1.49749
1.49655
1.49563
1.49471
1.49382
1.49293
1.49206
1.49121
1.49038
1.48957
1.48879
1.48802
1.48728
1.48657
1.48588
1.48521
1.48458
1.48397
1.4834
1.48285
1.48234
1.48187
1.48142
1.48101
1.48064
1.4803
1.48
1.47974
1.47952
1.47934
1.47919
1.47909
1.47902
1.479
1.47901
1.47907
1.47917
1.47932
1.4795
1.47973
1.47999
1.48031
1.48066
1.48105
1.48148
1.48196
1.48247
1.48302
1.48361
1.48424
1.4849
1.4856
1.48634
1.48711
1.48791
1.48874
1.48961
1.4905
1.49142
1.49237
1.49334
1.49433
1.49534
1.49637
1.49742
1.49848
1.49956
1.50066
1.50176
1.50287
1.50398
1.50511
1.50623
1.50736
1.50848
1.50961
1.51073
1.51184
1.51295
1.51405
1.51515
1.51623
1.5173
1.51836
1.5194
1.52043
1.52145
1.52245
1.52343
1.52439
1.52534
1.52627
1.52719
1.52808
1.52896
1.52982
1.53067
1.5315
1.53232
1.53312
1.53391
1.53469
1.53546
1.53622
1.53698
1.53773
1.53847
1.53922
1.53997
1.54072
1.54147
1.54223
1.54301
1.54379
1.5446
1.54541
1.54625
1.54711
1.548
1.54891
1.54985
1.55082
1.55182
1.55286
1.55394
1.55505
1.5562
1.55739
1.55862
1.55989
1.56121
1.56257
1.56397
1.56541
1.56689
1.56841
1.56997
1.57157
1.5732
1.57487
1.57657
1.5783
1.58006
1.58184
1.58365
1.58547
1.58731
1.58916
1.59102
1.59288
1.59475
1.59661
1.59846
1.60031
1.60214
1.60395
1.60575
1.60751
1.60925
1.61096
1.61262
1.61426
1.61584
1.61739
1.61889
1.62034
1.62174
1.62308
1.62438
1.62561
1.62679
1.62791
1.62898
1.62998
1.63093
1.63181
1.63264
1.63342
1.63413
1.63479
1.6354
1.63596
1.63646
1.63692
1.63732
1.63769
1.63801
1.63828
1.63852
1.63872
1.63889
1.63902
1.63912
1.63919
1.63924
1.63926
1.63925
1.63923
1.63918
1.63912
1.63904
1.63894
1.63882
1.6387
1.63856
1.6384
1.63823
1.63805
1.63786
1.63765
1.63744
1.63721
1.63696
1.63671
1.63644
1.63615
1.63586
1.63554
1.63521
1.63487
1.63451
1.63413
1.63374
1.63332
1.63289
1.63244
1.63197
1.63148
1.63097
1.63044
1.62989
1.62931
1.62872
1.62811
1.62748
1.62682
1.62615
1.62545
1.62474
1.62401
1.62325
1.62248
1.62169
1.62088
1.62005
1.6192
1.61834
1.61746
1.61657
1.61566
1.61474
1.6138
1.61285
1.61189
1.61091
1.60993
1.60893
1.60793
1.60691
1.60589
1.60486
1.60383
1.60278
1.60173
1.60067
1.59961
1.59854
1.59746
1.59638
1.5953
1.59421
1.59312
1.59202
1.59092
1.58981
1.58871
1.58759
1.58647
1.58535
1.58423
1.5831
1.58197
1.58083
1.57969
1.57855
1.5774
1.57625
1.5751
1.57395
1.57279
1.57163
1.57047
1.5693
1.56813
1.56696
1.56579
1.56462
1.56345
1.56227
1.5611
1.55993
1.55875
1.55758
1.55641
1.55525
1.55409
1.55293
1.55177
1.55062
1.54948
1.54834
1.54721
1.54608
1.54497
1.54387
1.54277
1.54169
1.54062
1.53956
1.53852
1.53749
1.53648
1.53548
1.53451
1.53355
1.53261
1.5317
1.5308
1.52993
1.52909
1.52827
1.52748
1.52671
1.52598
1.52527
1.5246
1.52396
1.52335
1.52278
1.52225
1.52175
1.52129
1.52088
1.5205
1.52016
1.51986
1.51961
1.5194
1.51924
1.51912
1.51905
1.51902
1.51904
1.5191
1.51922
1.51938
1.51959
1.51984
1.52015
1.5205
1.5209
1.52136
1.52185
1.5224
1.523
1.52364
1.52433
1.52506
1.52584
1.52667
1.52754
1.52845
1.5294
1.5304
1.53143
1.53251
1.53362
1.53478
1.53596
1.53719
1.53844
1.53973
1.54105
1.5424
1.54378
1.54518
1.54661
1.54806
1.54954
1.55103
1.55255
1.55408
1.55563
1.5572
1.55877
1.56036
1.56196
1.56357
1.56519
1.56681
1.56843
1.57006
1.57169
1.57332
1.57495
1.57657
1.57819
1.5798
1.58141
1.58301
1.5846
1.58618
1.58775
1.58931
1.59085
1.59238
1.5939
1.5954
1.59689
1.59837
1.59983
1.60127
1.60269
1.6041
1.6055
1.60688
1.60824
1.60959
1.61092
1.61225
1.61355
1.61485
1.61613
1.61741
1.61868
1.61993
1.62118
1.62243
1.62367
1.6249
1.62614
1.62737
1.62861
1.62984
1.63108
1.63232
1.63357
1.63482
1.63608
1.63734
1.63862
1.6399
1.6412
1.64251
1.64383
1.64516
1.64651
1.64786
1.64924
1.65062
1.65202
1.65343
1.65485
1.65629
1.65774
1.65919
1.66066
1.66213
1.66361
1.6651
1.66659
1.66808
1.66957
1.67106
1.67255
1.67403
1.6755
1.67697
1.67842
1.67985
1.68127
1.68267
1.68404
1.68539
1.68671
1.68799
1.68925
1.69046
1.69163
1.69276
1.69385
1.69488
1.69587
1.69679
1.69767
1.69848
1.69922
1.6999
1.70052
1.70106
1.70153
1.70193
1.70225
1.70249
1.70265
1.70273
1.70272
1.70263
1.70245
1.70218
1.70182
1.70137
1.70083
1.7002
1.69947
1.69866
1.69775
1.69674
1.69565
1.69446
1.69318
1.69182
1.69036
1.68881
1.68718
1.68546
1.68366
1.68178
1.67981
1.67777
1.67565
1.67346
1.6712
1.66887
1.66648
1.66402
1.66151
1.65894
1.65632
1.65365
1.65094
1.64819
1.6454
1.64258
1.63974
1.63687
1.63398
1.63108
1.62817
1.62526
1.62235
1.61944
1.61655
1.61366
1.6108
1.60796
1.60515
1.60238
1.59964
1.59694
1.59428
1.59168
1.58913
1.58664
1.58422
1.58185
1.57955
1.57733
1.57517
1.57309
1.57109
1.56917
1.56733
1.56556
1.56389
1.56229
1.56078
1.55935
1.55801
1.55675
1.55558
1.55449
1.55348
1.55255
1.5517
1.55093
1.55024
1.54962
1.54908
1.54861
1.5482
1.54787
1.5476
1.5474
1.54725
1.54717
1.54714
1.54717
1.54725
1.54738
1.54756
1.54778
1.54805
1.54836
1.54871
1.54909
1.54951
1.54996
1.55044
1.55094
1.55147
1.55203
1.5526
1.55319
1.5538
1.55441
1.55504
1.55567
1.55631
1.55695
1.55759
1.55822
1.55885
1.55947
1.56007
1.56066
1.56122
1.56177
1.56229
1.56279
1.56325
1.56368
1.56407
1.56442
1.56473
1.565
1.56522
1.56539
1.5655
1.56556
1.56556
1.5655
1.56538
1.5652
1.56495
1.56464
1.56426
1.5638
1.56328
1.56268
1.56201
1.56126
1.56044
1.55954
1.55857
1.55752
1.55639
1.55519
1.55391
1.55256
1.55113
1.54962
1.54805
1.5464
1.54468
1.54289
1.54104
1.53911
1.53713
1.53508
1.53297
1.5308
1.52857
1.5263
1.52397
1.52159
1.51917
1.5167
1.51419
1.51165
1.50907
1.50646
1.50382
1.50116
1.49847
1.49577
1.49305
1.49031
1.48756
1.48481
1.48204
1.47928
1.47652
1.47376
1.471
1.46825
1.46551
1.46278
1.46007
1.45737
1.45469
1.45203
1.4494
1.44679
1.44421
1.44166
1.43913
1.43664
1.43418
1.43176
1.42938
1.42703
1.42473
1.42246
1.42024
1.41806
1.41593
1.41385
1.41181
1.40983
1.40789
1.40602
1.40419
1.40243
1.40072
1.39907
1.39749
1.39596
1.3945
1.39311
1.39179
1.39054
1.38935
1.38825
1.38721
1.38626
1.38538
1.38459
1.38388
1.38325
1.3827
1.38224
1.38187
1.3816
1.38141
1.38131
1.38131
1.3814
1.38158
1.38187
1.38225
1.38272
1.3833
1.38397
1.38475
1.38562
1.38659
1.38766
1.38883
1.3901
1.39147
1.39293
1.39449
1.39615
1.39791
1.39976
1.4017
1.40373
1.40586
1.40808
1.41038
1.41277
1.41525
1.4178
1.42044
1.42316
1.42596
1.42883
1.43178
1.43479
1.43787
1.44102
1.44423
1.4475
1.45083
1.45421
1.45765
1.46113
1.46467
1.46824
1.47186
1.47551
1.4792
1.48292
1.48667
1.49044
1.49424
1.49806
1.50189
1.50573
1.50958
1.51344
1.5173
1.52116
1.52501
1.52886
1.53269
1.53651
1.54031
1.54409
1.54784
1.55157
1.55526
1.55892
1.56254
1.56612
1.56966
1.57315
1.57658
1.57996
1.58329
1.58655
1.58974
1.59287
1.59593
1.59892
1.60183
1.60466
1.60741
1.61008
1.61266
1.61515
1.61755
1.61986
1.62207
1.62418
1.62619
1.62809
1.62989
1.63159
1.63318
1.63465
1.63602
1.63727
1.63841
1.63944
1.64034
1.64114
1.64181
1.64237
1.64281
1.64313
1.64333
1.64341
1.64338
1.64323
1.64296
1.64258
1.64208
1.64146
1.64074
1.6399
1.63895
1.6379
1.63674
1.63547
1.6341
1.63263
1.63106
1.6294
1.62764
1.6258
1.62387
1.62186
1.61976
1.61759
1.61535
1.61304
1.61066
1.60822
1.60572
1.60316
1.60055
1.59789
1.59519
1.59245
1.58968
1.58687
1.58403
1.58116
1.57828
1.57537
1.57245
1.56952
1.56659
1.56365
1.5607
1.55776
1.55483
1.5519
1.54898
1.54608
1.54319
1.54032
1.53747
1.53465
1.53185
1.52908
1.52634
1.52363
1.52095
1.5183
1.5157
1.51312
1.51059
1.50809
1.50563
1.50322
1.50084
1.49851
1.49622
1.49397
1.49176
1.48959
1.48747
1.48539
