1.09914
1.09749
1.09587
1.09428
1.09272
1.0912
1.08971
1.08826
1.08685
1.08547
1.08413
1.08284
1.08158
1.08037
1.07919
1.07806
1.07698
1.07593
1.07494
1.07398
1.07307
1.07221
1.0714
1.07063
1.06991
1.06924
1.06861
1.06804
1.06752
1.06706
1.06664
1.06628
1.06597
1.06572
1.06552
1.06538
1.06529
1.06527
1.0653
1.06539
1.06553
1.06574
1.06601
1.06634
1.06672
1.06717
1.06768
1.06824
1.06886
1.06954
1.07027
1.07106
1.0719
1.0728
1.07374
1.07473
1.07577
1.07685
1.07798
1.07914
1.08034
1.08157
1.08283
1.08412
1.08543
1.08677
1.08812
1.08949
1.09087
1.09227
1.09367
1.09508
1.09648
1.09789
1.0993
1.1007
1.10209
1.10348
1.10485
1.10621
1.10756
1.10889
1.11021
1.11151
1.11279
1.11404
1.11528
1.1165
1.1177
1.11887
1.12003
1.12116
1.12227
1.12336
1.12443
1.12547
1.12649
1.1275
1.12848
1.12944
1.13037
1.13129
1.13219
1.13306
1.13391
1.13474
1.13555
1.13633
1.1371
1.13784
1.13855
1.13924
1.1399
1.14054
1.14116
1.14174
1.1423
1.14282
1.14332
1.14379
1.14422
1.14463
1.145
1.14534
1.14565
1.14592
1.14616
1.14636
1.14654
1.14668
1.14678
1.14686
1.1469
1.14691
1.1469
1.14685
1.14677
1.14667
1.14655
1.1464
1.14623
1.14604
1.14583
1.1456
1.14536
1.14511
1.14485
1.14458
1.1443
1.14401
1.14372
1.14343
1.14313
1.14284
1.14255
1.14226
1.14198
1.1417
1.14142
1.14115
1.14088
1.14062
1.14036
1.14011
1.13987
1.13963
1.13939
1.13915
1.13891
1.13867
1.13843
1.13819
1.13794
1.13768
1.13742
1.13715
1.13687
1.13657
1.13626
1.13593
1.13559
1.13522
1.13484
1.13443
1.134
1.13355
1.13308
1.13258
1.13205
1.1315
1.13093
1.13034
1.12972
1.12909
1.12843
1.12776
1.12708
1.12638
1.12567
1.12496
1.12424
1.12352
1.1228
1.12209
1.12139
1.12071
1.12003
1.11938
1.11876
1.11816
1.11759
1.11705
1.11654
1.11608
1.11565
1.11525
1.1149
1.11459
1.11431
1.11407
1.11387
1.11371
1.11357
1.11347
1.1134
1.11335
1.11332
1.11331
1.11332
1.11333
1.11336
1.11338
1.1134
1.11341
1.11342
1.11341
1.11338
1.11333
1.11326
1.11316
1.11303
1.11287
1.11267
1.11244
1.11218
1.11187
1.11153
1.11115
1.11074
1.11028
1.10979
1.10926
1.10869
1.1081
1.10747
1.10681
1.10612
1.1054
1.10467
1.10391
1.10313
1.10233
1.10152
1.1007
1.09986
1.09902
1.09817
1.09732
1.09646
1.09561
1.09475
1.0939
1.09306
1.09222
1.09138
1.09056
1.08974
1.08894
1.08814
1.08736
1.08658
1.08582
1.08507
1.08432
1.08359
1.08287
1.08215
1.08145
1.08075
1.08006
1.07938
1.0787
1.07802
1.07735
1.07668
1.07601
1.07534
1.07467
1.07399
1.07331
1.07263
1.07194
1.07124
1.07054
1.06983
1.06911
1.06838
1.06765
1.0669
1.06615
1.06538
1.06461
1.06382
1.06303
1.06223
1.06142
1.06061
1.05979
1.05897
1.05815
1.05732
1.0565
1.05568
1.05486
1.05406
1.05326
1.05248
1.05171
1.05096
1.05023
1.04952
1.04884
1.04819
1.04757
1.04699
1.04645
1.04595
1.0455
1.0451
1.04475
1.04445
1.04422
1.04404
1.04393
1.04389
1.04392
1.04402
1.04419
1.04444
1.04476
1.04517
1.04565
1.04621
1.04686
1.04759
1.0484
1.04929
1.05027
1.05133
1.05246
1.05368
1.05497
1.05634
1.05779
1.0593
1.06089
1.06254
1.06425
1.06603
1.06786
1.06975
1.07168
1.07366
1.07569
1.07775
1.07984
1.08196
1.08411
1.08628
1.08847
1.09067
1.09288
1.09509
1.0973
1.0995
1.10169
1.10387
1.10602
1.10815
1.11026
1.11233
1.11436
1.11636
1.11831
1.12021
1.12206
1.12385
1.12559
1.12727
1.12889
1.13043
1.13191
1.13332
1.13466
1.13592
1.1371
1.13821
1.13923
1.14018
1.14105
1.14184
1.14254
1.14317
1.14371
1.14417
1.14456
1.14487
1.14509
1.14525
1.14533
1.14533
1.14527
1.14514
1.14494
1.14468
1.14436
1.14397
1.14354
1.14305
1.14251
1.14192
1.14129
1.14062
1.13991
1.13917
1.13839
1.13759
1.13676
1.13592
1.13505
1.13416
1.13327
1.13236
1.13145
1.13054
1.12962
1.12871
1.1278
1.1269
1.126
1.12512
1.12426
1.12341
1.12257
1.12176
1.12097
1.12021
1.11946
1.11875
1.11806
1.1174
1.11677
1.11617
1.1156
1.11506
1.11455
1.11407
1.11363
1.11321
1.11283
1.11248
1.11216
1.11187
1.1116
1.11137
1.11116
1.11098
1.11082
1.11068
1.11057
1.11048
1.1104
1.11035
1.11031
1.11028
1.11027
1.11027
1.11028
1.1103
1.11032
1.11036
1.11039
1.11043
1.11047
1.11052
1.11056
1.1106
1.11064
1.11068
1.11071
1.11074
1.11076
1.11078
1.11079
1.11079
1.11078
1.11077
1.11075
1.11073
1.11069
1.11065
1.11059
1.11053
1.11046
1.11039
1.1103
1.11021
1.1101
1.10999
1.10988
1.10975
1.10961
1.10947
1.10932
1.10916
1.10899
1.10882
1.10863
1.10844
1.10824
1.10803
1.10781
1.10759
1.10735
1.1071
1.10685
1.10658
1.1063
1.10602
1.10572
1.10541
1.10509
1.10475
1.10441
1.10405
1.10367
1.10329
1.10288
1.10247
1.10204
1.10159
1.10113
1.10065
1.10016
1.09965
1.09913
1.09859
1.09803
1.09745
1.09686
1.09626
1.09564
1.095
1.09435
1.09368
1.09299
1.0923
1.09159
1.09086
1.09012
1.08937
1.08862
1.08785
1.08707
1.08628
1.08548
1.08468
1.08388
1.08306
1.08225
1.08143
1.08062
1.0798
1.07898
1.07817
1.07737
1.07657
1.07577
1.07499
1.07421
1.07345
1.0727
1.07197
1.07125
1.07055
1.06987
1.0692
1.06856
1.06795
1.06735
1.06679
1.06625
1.06574
1.06525
1.0648
1.06438
1.06399
1.06363
1.06331
1.06302
1.06277
1.06255
1.06237
1.06223
1.06212
1.06205
1.06202
1.06203
1.06207
1.06215
1.06227
1.06243
1.06262
1.06285
1.06312
1.06342
1.06375
1.06412
1.06452
1.06495
1.06541
1.06591
1.06643
1.06697
1.06755
1.06814
1.06876
1.06941
1.07007
1.07075
1.07145
1.07216
1.07288
1.07362
1.07436
1.07511
1.07587
1.07663
1.07739
1.07815
1.0789
1.07966
1.0804
1.08113
1.08185
1.08256
1.08325
1.08393
1.08458
1.08522
1.08582
1.08641
1.08696
1.08749
1.08798
1.08844
1.08887
1.08926
1.08961
1.08993
1.0902
1.09043
1.09062
1.09077
1.09087
1.09092
1.09093
1.09089
1.09081
1.09067
1.09049
1.09026
1.08998
1.08966
1.08928
1.08886
1.08839
1.08788
1.08731
1.08671
1.08606
1.08536
1.08462
1.08385
1.08303
1.08218
1.08129
1.08036
1.07941
1.07842
1.0774
1.07636
1.07529
1.07421
1.0731
1.07197
1.07084
1.06968
1.06852
1.06736
1.06619
1.06502
1.06385
1.06269
1.06153
1.06039
1.05926
1.05815
1.05705
1.05598
1.05494
1.05393
1.05295
1.052
1.05109
1.05023
1.04941
1.04863
1.04791
1.04724
1.04662
1.04607
1.04557
1.04514
1.04477
1.04447
1.04424
1.04408
1.04399
1.04398
1.04405
1.0442
1.04442
1.04473
1.04512
1.0456
1.04616
1.0468
1.04753
1.04835
1.04926
1.05025
1.05133
1.05249
1.05374
1.05508
1.0565
1.058
1.05959
1.06126
1.063
1.06483
1.06673
1.0687
1.07074
1.07285
1.07503
1.07726
1.07956
1.08191
1.08431
1.08677
1.08926
1.0918
1.09437
1.09697
1.0996
1.10225
1.10492
1.1076
1.11029
1.11298
1.11568
1.11837
1.12105
1.12371
1.12636
1.12898
1.13158
1.13414
1.13667
1.13916
1.14162
1.14402
1.14638
1.14869
1.15094
1.15314
1.15528
1.15737
1.15939
1.16135
1.16324
1.16507
1.16684
1.16854
1.17017
1.17173
1.17323
1.17466
1.17603
1.17732
1.17856
1.17972
1.18083
1.18187
1.18284
1.18376
1.18461
1.18541
1.18615
1.18683
1.18745
1.18802
1.18854
1.18901
1.18942
1.18979
1.19011
1.19039
1.19062
1.1908
1.19095
1.19105
1.19112
1.19115
1.19114
1.19109
1.19101
1.1909
1.19075
1.19058
1.19037
1.19014
1.18988
1.18959
1.18928
1.18894
1.18858
1.18819
1.18778
1.18735
1.1869
1.18642
1.18593
1.18541
1.18488
1.18433
1.18375
1.18316
1.18255
1.18192
1.18127
1.1806
1.17991
1.17921
1.17848
1.17774
1.17698
1.17619
1.17539
1.17457
1.17373
1.17287
1.17198
1.17107
1.17014
1.16919
1.16821
1.16721
1.16619
1.16513
1.16405
1.16295
1.16181
1.16065
1.15946
1.15824
1.15699
1.15571
1.15441
1.15307
1.1517
1.15029
1.14886
1.1474
1.1459
1.14437
1.14281
1.14122
1.1396
1.13794
1.13626
1.13454
1.1328
1.13102
1.12922
1.12739
1.12553
1.12365
1.12174
1.11981
1.11785
1.11588
1.11389
1.11188
1.10985
1.10781
1.10576
1.10369
1.10162
1.09955
1.09747
1.09539
1.09331
1.09124
1.08917
1.08712
1.08507
1.08305
1.08104
1.07905
1.07709
1.07515
1.07325
1.07138
1.06954
1.06775
1.066
1.06429
1.06264
1.06103
1.05948
1.05799
1.05656
1.05519
1.05388
1.05264
1.05148
1.05038
1.04935
1.0484
1.04752
1.04672
1.046
1.04536
1.04479
1.0443
1.0439
1.04357
1.04332
1.04314
1.04305
1.04303
1.04308
1.04321
1.0434
1.04367
1.044
1.0444
1.04486
1.04537
1.04595
1.04657
1.04725
1.04797
1.04874
1.04955
1.05039
1.05127
1.05218
1.05312
1.05407
1.05505
1.05604
1.05705
1.05807
1.05908
1.06011
1.06112
1.06214
1.06314
1.06414
1.06512
1.06608
1.06701
1.06793
1.06881
1.06967
1.07049
1.07128
1.07203
1.07273
1.07339
1.07401
1.07458
1.07509
1.07556
1.07596
1.07632
1.07661
1.07684
1.07701
1.07712
1.07716
1.07713
1.07704
1.07688
1.07665
1.07636
1.07599
1.07555
1.07504
1.07446
1.07381
1.07308
1.07229
1.07142
1.07049
1.06948
1.0684
1.06726
1.06605
1.06477
1.06343
1.06202
1.06055
1.05903
1.05744
1.0558
1.0541
1.05235
1.05055
1.04871
1.04682
1.04489
1.04292
1.04091
1.03888
1.03681
1.03471
1.0326
1.03046
1.02831
1.02614
1.02396
1.02178
1.0196
1.01741
1.01524
1.01307
1.01091
1.00877
1.00665
1.00454
1.00247
1.00043
0.998412
0.996435
0.994497
0.992601
0.990749
0.988944
0.987189
0.985486
0.983838
0.982247
0.980715
0.979243
0.977834
0.976488
0.975209
0.973996
0.972852
0.971776
0.970771
0.969836
0.968973
0.968181
0.967462
0.966817
0.966244
0.965744
0.965318
0.964964
0.964684
0.964476
0.964341
0.964278
0.964287
0.964368
0.964519
0.964741
0.965033
0.965394
0.965824
0.966323
0.966889
0.967522
0.968222
0.968989
0.96982
0.970717
0.971678
0.972703
0.97379
0.974939
0.97615
0.97742
0.978751
0.98014
0.981586
0.983089
0.984647
0.98626
0.987926
0.989644
0.991413
0.993231
0.995096
0.997007
0.998963
1.00096
1.003
1.00508
1.0072
1.00936
1.01154
1.01376
1.01601
1.01829
1.02059
1.02291
1.02526
1.02762
1.03
1.03239
1.0348
1.03721
1.03964
1.04207
1.0445
1.04693
1.04936
1.05179
1.05421
1.05662
1.05903
1.06142
1.06379
1.06615
1.0685
1.07082
1.07312
1.0754
1.07766
1.07989
1.08209
1.08427
1.08641
1.08853
1.09061
1.09266
1.09467
1.09665
1.0986
1.10051
1.10238
1.10421
1.10601
1.10777
1.10949
1.11117
1.11282
1.11442
1.11598
1.11751
1.11899
1.12044
1.12184
1.12321
1.12454
1.12582
1.12707
1.12828
1.12946
1.13059
1.13168
1.13274
1.13376
1.13475
1.1357
1.13661
1.13748
1.13832
1.13913
1.1399
1.14064
1.14134
1.14201
1.14265
1.14326
1.14383
1.14438
1.14489
1.14538
1.14584
1.14627
1.14668
1.14706
1.14741
1.14774
1.14805
1.14834
1.1486
1.14885
1.14907
1.14928
1.14947
1.14964
1.1498
1.14995
1.15008
1.15019
1.1503
1.1504
1.15048
1.15056
1.15064
1.1507
1.15076
1.15082
1.15087
1.15093
1.15098
1.15102
1.15107
1.15112
1.15118
1.15123
1.15129
1.15135
1.15142
1.15149
1.15156
1.15164
1.15173
1.15183
1.15193
1.15204
1.15215
1.15228
1.15241
1.15255
1.1527
1.15285
1.15301
1.15318
1.15336
1.15354
1.15373
1.15393
1.15413
1.15434
1.15455
1.15477
1.15499
1.15522
1.15545
1.15568
1.15591
1.15615
1.15639
1.15662
1.15686
1.15709
1.15733
1.15756
1.15778
1.158
1.15822
1.15842
1.15863
1.15882
1.159
1.15918
1.15934
1.15949
1.15963
1.15975
1.15986
1.15996
1.16003
1.16009
1.16013
1.16015
1.16015
1.16012
1.16007
1.16
1.1599
1.15977
1.15961
1.15943
1.15921
1.15896
1.15868
1.15836
1.15801
1.15762
1.15719
1.15673
1.15623
1.15568
1.1551
1.15447
1.15381
1.1531
1.15235
1.15156
1.15072
1.14985
1.14893
1.14797
1.14697
1.14593
1.14485
1.14374
1.14259
1.14141
1.14019
1.13895
1.13768
1.13639
1.13508
1.13375
1.13241
1.13105
1.12969
1.12833
1.12697
1.12561
1.12426
1.12293
1.12162
1.12032
1.11906
1.11783
1.11663
1.11548
1.11437
1.11331
1.11231
1.11136
1.11048
1.10966
1.10891
1.10824
1.10764
1.10712
1.10668
1.10633
1.10605
1.10587
1.10577
1.10575
1.10583
1.106
1.10625
1.10659
1.10702
1.10754
1.10814
1.10882
1.10959
1.11043
1.11135
1.11235
1.11342
1.11456
1.11576
1.11702
1.11835
1.11972
1.12115
1.12262
1.12414
1.12569
1.12728
1.12889
1.13054
1.1322
1.13388
1.13557
1.13727
1.13897
1.14068
1.14238
1.14407
1.14576
1.14742
1.14907
1.1507
1.15231
1.15388
1.15543
1.15695
1.15843
1.15988
1.16128
1.16265
1.16398
1.16527
1.16651
1.16771
1.16886
1.16998
1.17104
1.17207
1.17305
1.17399
1.17488
1.17573
1.17654
1.17731
1.17804
1.17873
1.17938
1.18
1.18059
1.18114
1.18166
1.18215
1.18261
1.18305
1.18346
1.18384
1.18421
1.18455
1.18488
1.18518
1.18547
1.18574
1.186
1.18625
1.18648
1.1867
1.18691
1.18712
1.18731
1.18749
1.18767
1.18783
1.18799
1.18814
1.18828
1.18842
1.18854
1.18866
1.18877
1.18887
1.18896
1.18903
1.1891
1.18916
1.18921
1.18924
1.18926
1.18926
1.18926
1.18923
1.18919
1.18913
1.18905
1.18896
1.18884
1.1887
1.18854
1.18836
1.18816
1.18793
1.18768
1.1874
1.18709
1.18676
1.18641
1.18602
1.18561
1.18517
1.1847
1.18421
1.18368
1.18313
1.18254
1.18193
1.18129
1.18061
1.17991
1.17918
1.17842
1.17763
1.17682
1.17597
1.1751
1.1742
1.17327
1.17231
1.17133
1.17032
1.16929
1.16823
1.16714
1.16603
1.1649
1.16374
1.16256
1.16135
1.16013
1.15888
1.15762
1.15633
1.15502
1.15369
1.15235
1.15099
1.1496
1.1482
1.14679
1.14536
1.14391
1.14244
1.14096
1.13947
1.13796
1.13643
1.13489
1.13334
1.13177
1.13019
1.1286
1.12699
1.12537
1.12373
1.12208
1.12042
1.11875
1.11706
1.11536
1.11365
1.11192
1.11019
1.10844
1.10668
1.10492
1.10314
1.10136
1.09956
1.09776
1.09596
1.09414
1.09233
1.09051
1.08869
1.08687
1.08506
1.08324
1.08144
1.07964
1.07785
1.07608
1.07432
1.07257
1.07086
1.06916
1.06749
1.06586
1.06425
1.06269
1.06116
1.05968
1.05824
1.05685
1.05552
1.05425
1.05303
1.05188
1.05079
1.04978
1.04883
1.04796
1.04716
1.04644
1.0458
1.04525
1.04477
1.04437
1.04406
1.04382
1.04367
1.0436
1.0436
1.04369
1.04385
1.04408
1.04438
1.04475
1.04518
1.04568
1.04623
1.04683
1.04748
1.04818
1.04891
1.04968
1.05049
1.05132
1.05217
1.05304
1.05393
1.05483
1.05573
1.05664
1.05754
1.05844
1.05933
1.06021
1.06108
1.06193
1.06276
1.06357
1.06436
1.06513
1.06586
1.06657
1.06725
1.0679
1.06852
1.06911
1.06967
1.0702
1.0707
1.07116
1.0716
1.07201
1.07238
1.07273
1.07306
1.07336
1.07363
1.07388
1.0741
1.07431
1.07449
1.07466
1.07481
1.07495
1.07508
1.07519
1.07529
1.07539
1.07548
1.07557
1.07565
1.07573
1.07581
1.0759
1.07598
1.07608
1.07617
1.07628
1.07639
1.07651
1.07664
1.07679
1.07694
1.07711
1.07729
1.07748
1.07769
1.07791
1.07815
1.07839
1.07866
1.07893
1.07921
1.0795
1.07981
1.08012
1.08044
1.08077
1.0811
1.08144
1.08178
1.08212
1.08246
1.0828
1.08314
1.08346
1.08378
1.0841
1.0844
1.08469
1.08496
1.08522
1.08546
1.08568
1.08588
1.08606
1.08622
1.08635
1.08646
1.08653
1.08658
1.08661
1.0866
1.08656
1.08648
1.08638
1.08624
1.08607
1.08587
1.08563
1.08536
1.08506
1.08472
1.08435
1.08395
1.08352
1.08305
1.08255
1.08202
1.08146
1.08086
1.08024
1.07959
1.07891
1.0782
1.07747
1.07671
1.07592
1.07511
1.07427
1.07342
1.07254
1.07164
1.07071
1.06977
1.06881
1.06784
1.06685
1.06584
1.06482
1.06378
1.06274
1.06169
1.06063
1.05956
1.05849
1.05742
1.05635
1.05528
1.05421
1.05315
1.05211
1.05107
1.05005
1.04905
1.04806
1.0471
1.04617
1.04526
1.04439
1.04355
1.04274
1.04198
1.04126
1.04059
1.03996
1.03938
1.03886
1.03839
1.03798
1.03763
1.03734
1.03711
1.03695
1.03685
1.03682
1.03686
1.03696
1.03713
1.03737
1.03768
1.03806
1.03851
1.03902
1.0396
1.04024
1.04095
1.04172
1.04255
1.04344
1.04439
1.04539
1.04645
1.04756
1.04871
1.04991
1.05115
1.05243
1.05375
1.0551
1.05648
1.05789
1.05933
1.06078
1.06226
1.06374
1.06524
1.06674
1.06825
1.06976
1.07127
1.07277
1.07427
1.07575
1.07722
1.07867
1.0801
1.08151
1.08288
1.08423
1.08555
1.08683
1.08807
1.08927
1.09043
1.09154
1.09261
1.09362
1.09458
1.09549
1.09634
1.09713
1.09786
1.09854
1.09914
1.09969
1.10017
1.10058
1.10093
1.10121
1.10142
1.10156
1.10163
1.10163
1.10156
1.10143
1.10122
1.10095
1.1006
1.10019
1.09971
1.09916
1.09855
1.09787
1.09713
1.09633
1.09547
1.09455
1.09357
1.09254
1.09146
1.09032
1.08913
1.0879
1.08662
1.0853
1.08394
1.08255
1.08111
1.07964
1.07815
1.07662
1.07506
1.07349
1.07189
1.07027
1.06863
1.06698
1.06532
1.06365
1.06197
1.06028
1.05859
1.0569
1.05521
1.05352
1.05183
1.05015
1.04848
1.04682
1.04517
1.04354
1.04192
1.04032
1.03873
1.03717
1.03564
1.03412
1.03263
1.03117
1.02974
1.02834
1.02698
1.02564
1.02435
1.02309
1.02187
1.02069
1.01955
1.01846
1.01742
1.01642
1.01547
1.01458
1.01373
1.01294
1.01221
1.01153
1.0109
1.01034
1.00984
1.00939
1.00901
1.00869
1.00843
1.00823
1.00809
1.00801
1.008
1.00805
1.00816
1.00833
1.00856
1.00885
1.0092
1.0096
1.01007
1.01059
1.01117
1.0118
1.01249
1.01323
1.01402
1.01486
1.01575
1.01669
1.01767
1.01871
1.01979
1.02091
1.02207
1.02328
1.02453
1.02582
1.02715
1.02852
1.02992
1.03136
1.03283
1.03434
1.03587
1.03744
1.03903
1.04065
1.0423
1.04396
1.04565
1.04735
1.04906
1.05079
1.05252
1.05425
1.05599
1.05772
1.05945
1.06117
1.06287
1.06455
1.06621
1.06785
1.06945
1.07102
1.07255
1.07403
1.07547
1.07686
1.07819
1.07947
1.08068
1.08183
1.08291
1.08392
1.08485
1.08571
1.08649
1.08719
1.08782
1.08836
1.08881
1.08919
1.08948
1.08969
1.08981
1.08985
1.08982
1.0897
1.08951
1.08924
1.08891
1.0885
1.08803
1.08749
1.0869
1.08625
1.08555
1.08481
1.08402
1.08319
1.08234
1.08145
1.08055
1.07962
1.07869
1.07775
1.07681
1.07587
1.07494
1.07402
1.07313
1.07225
1.07141
1.0706
1.06983
1.06909
1.06841
1.06777
1.06718
1.06665
1.06618
1.06576
1.06541
1.06512
1.06489
1.06472
1.06463
1.06459
1.06462
1.06472
1.06487
1.06509
1.06537
1.06571
1.0661
1.06654
1.06704
1.06758
1.06817
1.0688
1.06947
1.07017
1.0709
1.07166
1.07244
1.07324
1.07406
1.07489
1.07572
1.07657
1.07741
1.07825
1.07908
1.0799
1.08071
1.0815
1.08227
1.08302
1.08374
1.08444
1.08511
1.08574
1.08635
1.08691
1.08744
1.08793
1.08839
1.0888
1.08918
1.08951
1.0898
1.09005
1.09027
1.09044
1.09057
1.09067
1.09073
1.09076
1.09076
1.09073
1.09067
1.09058
1.09047
1.09034
1.0902
1.09004
1.08987
1.08969
1.08951
1.08933
1.08915
1.08899
1.08883
1.08869
1.08856
1.08846
1.08838
1.08833
1.08831
1.08833
1.08839
1.08848
1.08862
1.08881
1.08904
1.08932
1.08966
1.09004
1.09047
1.09096
1.0915
1.09209
1.09274
1.09343
1.09418
1.09497
1.09581
1.09669
1.09761
1.09857
1.09957
1.10061
1.10167
1.10275
1.10386
1.10499
1.10613
1.10728
1.10844
1.1096
1.11076
1.11191
1.11305
1.11417
1.11527
1.11636
1.11741
1.11843
1.11942
1.12037
1.12128
1.12215
1.12296
1.12373
1.12444
1.12509
1.12569
1.12623
1.1267
1.12711
1.12745
1.12773
1.12794
1.12808
1.12815
1.12816
1.12809
1.12796
1.12775
1.12748
1.12714
1.12674
1.12626
1.12573
1.12513
1.12447
1.12375
1.12297
1.12214
1.12126
1.12033
1.11935
1.11833
1.11726
1.11616
1.11502
1.11385
1.11265
1.11143
1.11018
1.10891
1.10763
1.10633
1.10503
1.10372
1.1024
1.10109
1.09978
1.09848
1.09718
1.0959
1.09463
1.09338
1.09214
1.09093
1.08974
1.08857
1.08744
1.08633
1.08525
1.0842
1.08318
1.0822
1.08125
1.08034
1.07945
1.07861
1.0778
1.07702
1.07628
1.07558
1.07491
1.07427
1.07367
1.0731
1.07257
1.07207
1.0716
1.07117
1.07076
1.07039
1.07005
1.06974
1.06946
1.06921
1.06899
1.0688
1.06865
1.06852
1.06843
1.06836
1.06833
1.06833
1.06836
1.06842
1.06852
1.06865
1.06881
1.06901
1.06925
1.06952
1.06982
1.07017
1.07055
1.07097
1.07143
1.07193
1.07247
1.07304
1.07366
1.07432
1.07502
1.07576
1.07654
1.07737
1.07823
1.07913
1.08007
1.08105
1.08207
1.08313
1.08422
1.08535
1.08651
1.08771
1.08894
1.0902
1.0915
1.09282
1.09418
1.09556
1.09696
1.09839
1.09985
1.10132
1.10281
1.10433
1.10585
1.1074
1.10895
1.11052
1.1121
1.11369
1.11528
1.11688
1.11848
1.12009
1.1217
1.12331
1.12491
1.12652
1.12812
1.12971
1.1313
1.13288
1.13445
1.13601
1.13756
1.13909
1.14061
1.14212
1.14361
1.14508
1.14654
1.14797
1.14939
1.15078
1.15215
1.1535
1.15482
1.15612
1.1574
1.15864
1.15986
1.16105
1.16221
1.16334
1.16444
1.1655
1.16654
1.16754
1.1685
1.16943
1.17033
1.17119
1.17202
1.17281
1.17356
1.17427
1.17495
1.17559
1.1762
1.17676
1.17729
1.17778
1.17823
1.17864
1.17902
1.17936
1.17966
1.17993
1.18016
1.18036
1.18053
1.18066
1.18076
1.18083
1.18087
1.18088
1.18087
1.18082
1.18076
1.18066
1.18055
1.18041
1.18026
1.18009
1.17989
1.17969
1.17947
1.17923
1.17899
1.17873
1.17847
1.17819
1.17791
1.17762
1.17733
1.17704
1.17674
1.17644
1.17614
1.17584
1.17554
1.17523
1.17493
1.17464
1.17434
1.17405
1.17376
1.17347
1.17318
1.1729
1.17262
1.17235
1.17208
1.17181
1.17154
1.17128
1.17102
1.17076
1.17051
1.17026
1.17001
1.16976
1.16951
1.16926
1.16902
1.16877
1.16853
1.16829
1.16805
1.16781
1.16757
1.16732
1.16709
1.16685
1.16661
1.16638
1.16614
1.16591
1.16568
1.16545
1.16523
1.16501
1.16478
1.16457
1.16435
1.16414
1.16394
1.16374
1.16354
1.16335
1.16317
1.16299
1.16282
1.16265
1.1625
1.16235
1.16221
1.16208
1.16196
1.16185
1.16174
1.16165
1.16157
1.1615
1.16144
1.16139
1.16135
1.16132
1.1613
1.1613
1.1613
1.16132
1.16134
1.16138
1.16142
1.16148
1.16154
1.16161
1.1617
1.16178
1.16188
1.16198
1.16209
1.1622
1.16231
1.16243
1.16255
1.16266
1.16278
1.1629
1.16301
1.16312
1.16322
1.16331
1.1634
1.16347
1.16354
1.16359
1.16363
1.16365
1.16366
1.16365
1.16362
1.16356
1.16349
1.16339
1.16327
1.16313
1.16295
1.16275
1.16252
1.16227
1.16198
1.16166
1.16131
1.16092
1.1605
1.16005
1.15957
1.15905
1.15849
1.1579
1.15728
1.15662
1.15593
1.1552
1.15444
1.15365
1.15283
1.15198
1.15109
1.15018
1.14924
1.14828
1.14728
1.14627
1.14523
1.14417
1.1431
1.142
1.14089
1.13977
1.13863
1.13749
1.13634
1.13518
1.13402
1.13286
1.1317
1.13054
1.12939
1.12825
1.12712
1.126
1.1249
1.12382
1.12275
1.12171
1.12069
1.1197
1.11873
1.1178
1.11689
1.11602
1.11519
1.11439
1.11363
1.11292
1.11224
1.11161
1.11102
1.11048
1.10998
1.10953
1.10913
1.10877
1.10847
1.10821
1.108
1.10784
1.10772
1.10766
1.10765
1.10768
1.10776
1.10789
1.10806
1.10828
1.10855
1.10886
1.10921
1.1096
1.11004
1.11052
1.11103
1.11159
1.11218
1.11281
1.11347
1.11417
1.1149
1.11566
1.11645
1.11727
1.11811
1.11899
1.11989
1.12081
1.12176
1.12273
1.12372
1.12473
1.12576
1.12682
1.12788
1.12897
1.13007
1.13119
1.13233
1.13348
1.13464
1.13582
1.13701
1.13821
1.13942
1.14065
1.14188
1.14312
1.14438
1.14564
1.1469
1.14818
1.14946
1.15075
1.15204
1.15334
1.15463
1.15593
1.15723
1.15853
1.15983
1.16112
1.16241
1.16369
1.16497
1.16623
1.16749
1.16873
1.16996
1.17117
1.17237
1.17354
1.1747
1.17583
1.17693
1.17801
1.17906
1.18008
1.18107
1.18202
1.18293
1.18381
1.18464
1.18544
1.18619
1.18689
1.18755
1.18816
1.18871
1.18922
1.18967
1.19007
1.19042
1.1907
1.19093
1.1911
1.19121
1.19126
1.19124
1.19116
1.19102
1.19082
1.19055
1.19021
1.18981
1.18934
1.1888
1.1882
1.18753
1.1868
1.18599
1.18512
1.18418
1.18318
1.1821
1.18096
1.17976
1.17848
1.17715
1.17574
1.17428
1.17275
1.17115
1.1695
1.16778
1.16601
1.16418
1.16229
1.16035
1.15835
1.15631
1.15421
1.15206
1.14987
1.14764
1.14536
1.14304
1.14069
1.1383
1.13587
1.13342
1.13094
1.12843
1.1259
1.12335
1.12078
1.1182
1.11561
1.113
1.1104
1.10778
1.10517
1.10256
1.09995
1.09735
1.09477
1.09219
1.08963
1.08709
1.08457
1.08207
1.0796
1.07716
1.07475
1.07237
1.07002
1.06772
1.06545
1.06323
1.06105
1.05891
1.05683
1.05479
1.05281
1.05087
1.049
1.04717
1.04541
1.04371
1.04206
1.04048
1.03895
1.0375
1.0361
1.03477
1.03351
1.03232
1.03119
1.03013
1.02913
1.02821
1.02735
1.02656
1.02584
1.02519
1.02461
1.0241
1.02365
1.02327
1.02296
1.02272
1.02254
1.02242
1.02237
1.02239
1.02246
1.0226
1.0228
1.02306
1.02337
1.02374
1.02417
1.02464
1.02517
1.02575
1.02638
1.02706
1.02778
1.02855
1.02936
1.03021
1.03109
1.03202
1.03298
1.03398
1.03501
1.03607
1.03716
1.03828
1.03943
1.0406
1.0418
1.04301
1.04425
1.04551
1.04679
1.04809
1.0494
1.05072
1.05206
1.05341
1.05477
1.05614
1.05752
1.0589
1.06029
1.06168
1.06308
1.06447
1.06586
1.06726
1.06864
1.07002
1.0714
1.07276
1.07412
1.07546
1.07679
1.0781
1.07939
1.08067
1.08192
1.08316
1.08436
1.08554
1.0867
1.08782
1.08892
1.08998
1.09101
1.09201
1.09297
1.09389
1.09478
1.09563
1.09645
1.09722
1.09795
1.09865
1.0993
1.09992
1.10049
1.10102
1.10152
1.10198
1.10239
1.10278
1.10312
1.10343
1.1037
1.10394
1.10415
1.10433
1.10447
1.10459
1.10468
1.10475
1.10479
1.10481
1.1048
1.10478
1.10474
1.10468
1.1046
1.1045
1.10439
1.10427
1.10414
1.10399
1.10383
1.10366
1.10348
1.10329
1.10309
1.10288
1.10266
1.10243
1.1022
1.10196
1.1017
1.10144
1.10118
1.1009
1.10061
1.10032
1.10002
1.09971
1.09939
1.09906
1.09872
1.09838
1.09802
1.09766
1.09729
1.09691
1.09652
1.09613
1.09573
1.09533
1.09492
1.0945
1.09409
1.09367
1.09325
1.09283
1.09241
1.092
1.09159
1.09118
1.09079
1.0904
1.09002
1.08965
1.0893
1.08896
1.08864
1.08834
1.08807
1.08782
1.08759
1.0874
1.08724
1.08711
1.08702
1.08696
1.08695
1.08698
1.08706
1.08719
1.08737
1.0876
1.08788
1.08822
1.08862
1.08907
1.08959
1.09016
1.0908
1.0915
1.09226
1.09309
1.09398
1.09493
1.09594
1.09701
1.09815
1.09934
1.10058
1.10189
1.10324
1.10464
1.10609
1.10759
1.10913
1.1107
1.11231
1.11396
1.11563
1.11732
1.11904
1.12077
1.12251
1.12426
1.12602
1.12778
1.12953
1.13127
1.13301
1.13472
1.13642
1.13809
1.13974
1.14135
1.14293
1.14446
1.14596
1.14741
1.14881
1.15016
1.15146
1.15269
1.15387
1.15499
1.15604
1.15702
1.15794
1.15879
1.15956
1.16027
1.1609
1.16145
1.16194
1.16235
1.16268
1.16294
1.16313
1.16325
1.1633
1.16328
1.16319
1.16303
1.16281
1.16253
1.1622
1.16181
1.16137
1.16088
1.16035
1.15978
1.15917
1.15854
1.15787
1.15718
1.15648
1.15576
1.15502
1.15428
1.15354
1.15279
1.15205
1.15132
1.15059
1.14987
1.14917
1.14848
1.1478
1.14714
1.1465
1.14588
1.14527
1.14467
1.14409
1.14352
1.14296
1.14242
1.14187
1.14134
1.1408
1.14027
1.13973
1.13918
1.13863
1.13807
1.13749
1.1369
1.13629
1.13566
1.13501
1.13433
1.13362
1.13289
1.13213
1.13134
1.13052
1.12967
1.12879
1.12788
1.12694
1.12597
1.12497
1.12395
1.12289
1.12182
1.12072
1.11959
1.11845
1.11729
1.11611
1.11492
1.11371
1.1125
1.11127
1.11004
1.10881
1.10757
1.10634
1.10511
1.10388
1.10267
1.10146
1.10026
1.09908
1.09791
1.09676
1.09563
1.09452
1.09343
1.09237
1.09133
1.09032
1.08933
1.08838
1.08745
1.08655
1.08569
1.08486
1.08405
1.08329
1.08255
1.08185
1.08119
1.08056
1.07996
1.0794
1.07887
1.07838
1.07792
1.0775
1.07711
1.07675
1.07643
1.07614
1.07589
1.07566
1.07547
1.07531
1.07518
1.07508
1.07501
1.07497
1.07496
1.07498
1.07502
1.0751
1.0752
1.07533
1.07548
1.07566
1.07586
1.07609
1.07634
1.07662
1.07691
1.07723
1.07757
1.07794
1.07832
1.07872
1.07914
1.07958
1.08004
1.08051
1.081
1.08151
1.08203
1.08256
1.08311
1.08367
1.08424
1.08482
1.08541
1.086
1.08661
1.08722
1.08784
1.08846
1.08908
1.0897
1.09033
1.09095
1.09157
1.09219
1.0928
1.09341
1.09401
1.0946
1.09518
1.09575
1.0963
1.09684
1.09737
1.09788
1.09837
1.09884
1.09929
1.09972
1.10013
1.10051
1.10086
1.10119
1.10148
1.10175
1.10198
1.10219
1.10235
1.10248
1.10258
1.10264
1.10266
1.10264
1.10258
1.10248
1.10234
1.10216
1.10193
1.10166
1.10135
1.101
1.1006
1.10017
1.09968
1.09916
1.0986
1.09799
1.09734
1.09666
1.09594
1.09519
1.0944
1.09357
1.09272
1.09184
1.09093
1.09
1.08905
1.08808
1.0871
1.08611
1.0851
1.0841
1.08309
1.08208
1.08108
1.08009
1.07912
1.07816
1.07722
1.07631
1.07543
1.07459
1.07378
1.07302
1.0723
1.07163
1.07102
1.07046
1.06996
1.06952
1.06915
1.06885
1.06862
1.06846
1.06837
1.06836
1.06843
1.06858
1.0688
1.0691
1.06948
1.06994
1.07047
1.07108
1.07177
1.07253
1.07337
1.07427
1.07524
1.07628
1.07738
1.07854
1.07977
1.08104
1.08237
1.08375
1.08518
1.08665
1.08817
1.08972
1.0913
1.09292
1.09456
1.09623
1.09793
1.09964
1.10138
1.10312
1.10488
1.10665
1.10842
1.1102
1.11199
1.11377
1.11555
1.11733
1.11911
1.12087
1.12263
1.12438
1.12612
1.12785
1.12956
1.13126
1.13294
1.1346
1.13625
1.13789
1.1395
1.14109
1.14267
1.14423
1.14577
1.14728
1.14878
1.15026
1.15172
1.15316
1.15458
1.15597
1.15735
1.15871
1.16006
1.16138
1.16269
1.16398
1.16525
1.1665
1.16773
1.16895
1.17016
1.17134
1.17251
1.17366
1.1748
1.17592
1.17702
1.17811
1.17919
1.18024
1.18128
1.1823
1.18331
1.1843
1.18527
1.18622
1.18716
1.18807
1.18896
1.18983
1.19068
1.19151
1.19231
1.19309
1.19385
1.19457
1.19527
1.19594
1.19658
1.19719
1.19776
1.19831
1.19881
1.19929
1.19972
1.20012
1.20048
1.2008
1.20108
1.20132
1.20151
1.20166
1.20177
1.20183
1.20185
1.20182
1.20175
1.20162
1.20145
1.20124
1.20097
1.20066
1.2003
1.1999
1.19945
1.19895
1.1984
1.19782
1.19718
1.19651
1.19579
1.19503
1.19423
1.19339
1.19251
1.1916
1.19065
1.18967
1.18865
1.18761
1.18654
1.18544
1.18431
1.18317
1.182
1.18082
1.17962
1.1784
1.17718
1.17594
1.1747
1.17345
1.17219
1.17093
1.16968
1.16842
1.16717
1.16592
1.16468
1.16345
1.16223
1.16102
1.15982
1.15864
1.15747
1.15631
1.15518
1.15405
1.15295
1.15187
1.1508
1.14975
1.14873
1.14772
1.14673
1.14576
1.14482
1.14389
1.14299
1.1421
1.14123
1.14039
1.13956
1.13875
1.13796
1.13718
1.13643
1.13569
1.13497
1.13427
1.13359
1.13292
1.13227
1.13164
1.13103
1.13043
1.12985
1.12929
1.12874
1.12822
1.12771
1.12722
1.12675
1.1263
1.12587
1.12545
1.12506
1.12469
1.12434
1.12401
1.12371
1.12342
1.12316
1.12292
1.1227
1.12251
1.12233
1.12218
1.12205
1.12194
1.12186
1.12179
1.12174
1.12172
1.12171
1.12172
1.12174
1.12179
1.12184
1.12191
1.122
1.12209
1.12219
1.1223
1.12242
1.12254
1.12267
1.1228
1.12292
1.12305
1.12317
1.12329
1.12339
1.12349
1.12357
1.12364
1.1237
1.12374
1.12376
1.12376
1.12374
1.12369
1.12362
1.12352
1.1234
1.12324
1.12305
1.12284
1.12258
1.1223
1.12198
1.12163
1.12125
1.12083
1.12037
1.11988
1.11935
1.11879
1.1182
1.11757
1.11691
1.11621
1.11549
1.11473
1.11394
1.11313
1.11228
1.11142
1.11052
1.10961
1.10867
1.10771
1.10674
1.10575
1.10474
1.10372
1.1027
1.10166
1.10062
1.09957
1.09852
1.09747
1.09642
1.09538
1.09435
1.09333
1.09231
1.09131
1.09033
1.08937
1.08843
1.08751
1.08662
1.08575
1.08492
1.08411
1.08334
1.08261
1.0819
1.08124
1.08061
1.08003
1.07948
1.07897
1.07851
1.07809
1.07771
1.07738
1.07709
1.07684
1.07664
1.07648
1.07636
1.07628
1.07624
1.07625
1.07629
1.07637
1.07648
1.07663
1.07681
1.07703
1.07728
1.07755
1.07786
1.07819
1.07855
1.07893
1.07934
1.07976
1.08021
1.08068
1.08116
1.08166
1.08218
1.08271
1.08325
1.08381
1.08438
1.08496
1.08555
1.08616
1.08677
1.08739
1.08802
1.08865
1.0893
1.08995
1.09061
1.09127
1.09195
1.09263
1.09332
1.09402
1.09472
1.09543
1.09615
1.09688
1.09762
1.09836
1.09912
1.09988
1.10066
1.10144
1.10223
1.10303
1.10384
1.10466
1.1055
1.10634
1.10719
1.10805
1.10892
1.10981
1.1107
1.1116
1.11252
1.11344
1.11437
1.11531
1.11626
1.11722
1.11819
1.11916
1.12015
1.12113
1.12213
1.12313
1.12413
1.12514
1.12615
1.12717
1.12818
1.1292
1.13021
1.13123
1.13224
1.13324
1.13425
1.13524
1.13623
1.13722
1.13819
1.13916
1.14011
1.14106
1.14199
1.14291
1.14381
1.1447
1.14557
1.14643
1.14726
1.14808
1.14888
1.14967
1.15043
1.15116
1.15188
1.15257
1.15324
1.15389
1.15452
1.15511
1.15569
1.15623
1.15675
1.15725
1.15772
1.15816
1.15858
1.15897
1.15933
1.15967
1.15999
1.16027
1.16053
1.16077
1.16098
1.16116
1.16132
1.16146
1.16157
1.16166
1.16172
1.16176
1.16178
1.16178
1.16176
1.16172
1.16166
1.16158
1.16148
1.16137
1.16124
1.16109
1.16093
1.16076
1.16057
1.16037
1.16015
1.15993
1.1597
1.15945
1.1592
1.15894
1.15867
1.1584
1.15812
1.15783
1.15754
1.15725
1.15695
1.15665
1.15635
1.15605
1.15574
1.15544
1.15514
1.15483
1.15453
1.15423
1.15393
1.15364
1.15335
1.15306
1.15278
1.1525
1.15223
1.15196
1.1517
1.15144
1.15119
1.15095
1.15072
1.15049
1.15028
1.15007
1.14987
1.14968
1.1495
1.14933
1.14917
1.14902
1.14888
1.14876
1.14864
1.14854
1.14845
1.14837
1.1483
1.14824
1.14819
1.14816
1.14814
1.14813
1.14813
1.14814
1.14816
1.14819
1.14823
1.14828
1.14834
1.14841
1.14848
1.14855
1.14863
1.14872
1.1488
1.14888
1.14896
1.14904
1.14912
1.14918
1.14924
1.14929
1.14933
1.14936
1.14936
1.14936
1.14933
1.14928
1.14921
1.14911
1.14898
1.14883
1.14864
1.14841
1.14815
1.14785
1.14751
1.14713
1.1467
1.14623
1.14571
1.14514
1.14452
1.14385
1.14312
1.14234
1.14151
1.14061
1.13967
1.13866
1.1376
1.13648
1.13531
1.13408
1.13279
1.13145
1.13005
1.1286
1.1271
1.12555
1.12395
1.1223
1.12061
1.11888
1.11711
1.1153
1.11346
1.11159
1.1097
1.10778
1.10584
1.10389
1.10192
1.09994
1.09796
1.09598
1.094
1.09203
1.09007
1.08813
1.08621
1.08431
1.08243
1.08059
1.07877
1.077
1.07526
1.07356
1.07191
1.07031
1.06876
1.06725
1.0658
1.06441
1.06307
1.06178
1.06056
1.0594
1.05829
1.05725
1.05626
1.05534
1.05448
1.05368
1.05294
1.05226
1.05163
1.05107
1.05056
1.05012
1.04973
1.04939
1.04911
1.04888
1.04871
1.04859
1.04852
1.0485
1.04852
1.04859
1.04871
1.04888
1.04908
1.04933
1.04961
1.04994
1.0503
1.05069
1.05112
1.05158
1.05207
1.05259
1.05313
1.0537
1.05429
1.0549
1.05553
1.05618
1.05684
1.05751
1.05819
1.05888
1.05958
1.06028
1.06099
1.06169
1.06239
1.06309
1.06379
1.06448
1.06516
1.06583
1.06648
1.06713
1.06775
1.06836
1.06895
1.06952
1.07007
1.07059
1.07109
1.07156
1.072
1.07242
1.0728
1.07315
1.07347
1.07376
1.07401
1.07422
1.0744
1.07454
1.07463
1.07469
1.0747
1.07468
1.0746
1.07449
1.07433
1.07412
1.07387
1.07357
1.07322
1.07283
1.07238
1.07189
1.07135
1.07076
1.07012
1.06943
1.06869
1.0679
1.06706
1.06618
1.06525
1.06428
1.06326
1.0622
1.0611
1.05996
1.05878
1.05757
1.05633
1.05505
1.05375
1.05243
1.05109
1.04973
1.04836
1.04699
1.04561
1.04424
1.04287
1.04152
1.04018
1.03887
1.03759
1.03634
1.03513
1.03397
1.03286
1.03181
1.03083
1.02991
1.02906
1.0283
1.02761
1.02702
1.02652
1.02611
1.0258
1.02559
1.02549
1.02549
1.0256
1.02582
1.02615
1.02659
1.02714
1.02779
1.02856
1.02943
1.03041
1.03149
1.03267
1.03395
1.03533
1.0368
1.03837
1.04002
1.04176
1.04358
1.04548
1.04746
1.0495
1.05162
1.0538
1.05604
1.05834
1.0607
1.0631
1.06555
1.06805
1.07058
1.07315
1.07574
1.07837
1.08102
1.08368
1.08636
1.08905
1.09175
1.09445
1.09715
1.09984
1.10252
1.10519
1.10783
1.11046
1.11306
1.11563
1.11817
1.12067
1.12313
1.12555
1.12792
1.13025
1.13252
1.13473
1.13689
1.13899
1.14103
1.143
1.14491
1.14675
1.14852
1.15022
1.15185
1.15341
1.15489
1.1563
1.15763
1.15889
1.16007
1.16117
1.1622
1.16315
1.16402
1.16481
1.16553
1.16617
1.16674
1.16723
1.16764
1.16798
1.16824
1.16844
1.16856
1.1686
1.16858
1.16849
1.16833
1.16811
1.16782
1.16747
1.16705
1.16658
1.16604
1.16546
1.16481
1.16411
1.16337
1.16257
1.16173
1.16084
1.15991
1.15894
1.15793
1.15689
1.15582
1.15471
1.15358
1.15242
1.15124
1.15004
1.14882
1.14759
1.14634
1.14509
1.14382
1.14256
1.14128
1.14001
1.13874
1.13748
1.13622
1.13497
1.13374
1.13251
1.1313
1.13011
1.12894
1.12779
1.12666
1.12555
1.12447
1.12341
1.12238
1.12139
1.12041
1.11947
1.11856
1.11768
1.11684
1.11602
1.11523
1.11448
1.11375
1.11306
1.11239
1.11176
1.11115
1.11057
1.11002
1.1095
1.109
1.10852
1.10806
1.10762
1.1072
1.1068
1.10641
1.10604
1.10567
1.10532
1.10497
1.10463
1.10428
1.10394
1.1036
1.10325
1.10289
1.10253
1.10215
1.10177
1.10136
1.10094
1.10049
1.10003
1.09953
1.09901
1.09847
1.09788
1.09727
1.09662
1.09593
1.0952
1.09442
1.0936
1.09274
1.09183
1.09087
1.08986
1.08879
1.08767
1.0865
1.08527
1.08398
1.08264
1.08123
1.07977
1.07824
1.07666
1.07501
1.07331
1.07154
1.06971
1.06782
1.06587
1.06387
1.06181
1.05969
1.05751
1.05528
1.053
1.05067
1.0483
1.04588
1.04342
1.04092
1.03838
1.03582
1.03323
1.03061
1.02797
1.02531
1.02265
1.01998
1.0173
1.01463
1.01197
1.00932
1.00669
1.00408
1.00151
0.998965
0.996463
0.994007
0.991602
0.989253
0.986967
0.984748
0.982602
0.980533
0.978547
0.976649
0.974842
0.973131
0.971521
0.970015
0.968617
0.96733
0.966156
0.9651
0.964164
0.963349
0.962658
0.962091
0.96165
0.961336
0.96115
0.96109
0.961156
0.961349
0.961668
0.96211
0.962675
0.963361
0.964165
0.965085
0.966119
0.967264
0.968517
0.969874
0.971332
0.972887
0.974536
0.976274
0.978098
0.980002
0.981983
0.984036
0.986156
0.988339
0.990582
0.992878
0.995225
0.997618
1.00005
1.00252
1.00503
1.00756
1.01012
1.0127
1.0153
1.01791
1.02053
1.02316
1.0258
1.02843
1.03107
1.0337
1.03632
1.03894
1.04154
1.04413
1.04671
1.04926
1.0518
1.05432
1.05682
1.05929
1.06175
1.06417
1.06657
1.06894
1.07128
1.0736
1.07588
1.07814
1.08036
1.08255
1.0847
1.08682
1.08891
1.09096
1.09298
1.09495
1.0969
1.0988
1.10067
1.10249
1.10428
1.10603
1.10773
1.1094
1.11102
1.11259
1.11412
1.11561
1.11705
1.11844
1.11978
1.12108
1.12232
1.12351
1.12466
1.12575
1.12678
1.12777
1.12869
1.12957
1.13038
1.13114
1.13184
1.13249
1.13307
1.1336
1.13407
1.13448
1.13483
1.13512
1.13535
1.13552
1.13563
1.13567
1.13566
1.13559
1.13546
1.13527
1.13503
1.13472
1.13436
1.13395
1.13348
1.13295
1.13237
1.13175
1.13107
1.13034
1.12957
1.12875
1.12789
1.12698
1.12604
1.12506
1.12404
1.12299
1.12191
1.12079
1.11966
1.11849
1.11731
1.1161
1.11488
1.11364
1.1124
1.11114
1.10987
1.1086
1.10732
1.10605
1.10478
1.10351
1.10225
1.101
1.09976
1.09853
1.09732
1.09612
1.09494
1.09379
1.09265
1.09154
1.09045
1.08939
1.08836
1.08735
1.08637
1.08542
1.0845
1.0836
1.08274
1.08191
1.08111
1.08033
1.07959
1.07888
1.07819
1.07753
1.0769
1.07629
1.07571
1.07516
1.07463
1.07412
1.07363
1.07317
1.07272
1.0723
1.07189
1.0715
1.07112
1.07076
1.07042
1.07008
1.06976
1.06945
1.06914
1.06885
1.06857
1.06829
1.06802
1.06776
1.0675
1.06725
1.067
1.06676
1.06652
1.06628
1.06605
1.06581
1.06558
1.06535
1.06512
1.06489
1.06466
1.06443
1.0642
1.06397
1.06374
1.0635
1.06327
1.06303
1.06279
1.06254
1.0623
1.06204
1.06179
1.06152
1.06126
1.06098
1.0607
1.06041
1.06012
1.05982
1.0595
1.05918
1.05885
1.05851
1.05816
1.0578
1.05742
1.05704
1.05664
1.05623
1.0558
1.05536
1.0549
1.05443
1.05394
1.05344
1.05293
1.05239
1.05185
1.05128
1.0507
1.0501
1.04949
1.04886
1.04822
1.04756
1.04688
1.04619
1.04549
1.04477
1.04404
1.0433
1.04254
1.04177
1.041
1.04021
1.03942
1.03862
1.03782
1.03701
1.03619
1.03538
1.03456
1.03375
1.03294
1.03214
1.03134
1.03055
1.02976
1.02899
1.02823
1.02748
1.02675
1.02604
1.02535
1.02467
1.02402
1.0234
1.0228
1.02223
1.02168
1.02117
1.02069
1.02025
1.01984
1.01947
1.01913
1.01884
1.0186
1.01839
1.01824
1.01813
1.01807
1.01806
1.0181
1.0182
1.01836
1.01857
1.01885
1.01918
1.01958
1.02004
1.02056
1.02115
1.02181
1.02253
1.02332
1.02419
1.02512
1.02613
1.0272
1.02835
1.02957
1.03086
1.03222
1.03365
1.03515
1.03672
1.03836
1.04006
1.04183
1.04366
1.04555
1.0475
1.04951
1.05157
1.05368
1.05585
1.05805
1.06031
1.0626
1.06493
1.06729
1.06968
1.0721
1.07454
1.077
1.07947
1.08196
1.08446
1.08697
1.08948
1.09198
1.09449
1.09698
1.09946
1.10193
1.10439
1.10682
1.10923
1.11161
1.11396
1.11629
1.11858
1.12083
1.12304
1.12522
1.12735
1.12944
1.13148
1.13348
1.13543
1.13733
1.13917
1.14097
1.14272
1.14441
1.14605
1.14764
1.14917
1.15065
1.15208
1.15345
1.15477
1.15603
1.15725
1.15841
1.15952
1.16059
1.1616
1.16256
1.16348
1.16435
1.16518
1.16596
1.1667
1.1674
1.16807
1.16869
1.16928
1.16983
1.17035
1.17084
1.17129
1.17172
1.17212
1.17249
1.17284
1.17316
1.17346
1.17374
1.174
1.17424
1.17446
1.17466
1.17484
1.17501
1.17516
1.17529
1.17542
1.17552
1.17561
1.17569
1.17575
1.1758
1.17584
1.17586
1.17586
1.17586
1.17584
1.1758
1.17575
1.17569
1.17561
1.17552
1.17541
1.17529
1.17515
1.175
1.17483
1.17465
1.17445
1.17424
1.17402
1.17378
1.17352
1.17325
1.17297
1.17268
1.17237
1.17205
1.17173
1.17139
1.17104
1.17068
1.17032
1.16995
1.16957
1.16919
1.1688
1.16842
1.16803
1.16765
1.16726
1.16688
1.16651
1.16614
1.16578
1.16543
1.16509
1.16476
1.16444
1.16414
1.16386
1.16359
1.16334
1.16311
1.1629
1.16271
1.16254
1.1624
1.16228
1.16219
1.16211
1.16207
1.16205
1.16205
1.16209
1.16214
1.16223
1.16234
1.16247
1.16263
1.16281
1.16301
1.16324
1.16349
1.16376
1.16405
1.16435
1.16468
1.16502
1.16537
1.16574
1.16612
1.1665
1.1669
1.1673
1.16771
1.16812
1.16853
1.16894
1.16935
1.16975
1.17014
1.17053
1.17091
1.17128
1.17163
1.17197
1.1723
1.1726
1.17289
1.17315
1.1734
1.17361
1.17381
1.17398
1.17412
1.17423
1.17431
1.17436
1.17438
1.17437
1.17432
1.17424
1.17413
1.17398
1.17379
1.17357
1.17331
1.17302
1.17269
1.17232
1.17191
1.17147
1.17099
1.17047
1.16992
1.16933
1.1687
1.16804
1.16735
1.16661
1.16585
1.16505
1.16422
1.16335
1.16246
1.16154
1.16059
1.15961
1.1586
1.15757
1.15652
1.15545
1.15436
1.15325
1.15212
1.15098
1.14982
1.14866
1.14749
1.14631
1.14513
1.14395
1.14277
1.14159
1.14042
1.13926
1.13811
1.13698
1.13586
1.13476
1.13369
1.13263
1.13161
1.13062
1.12965
1.12873
1.12784
1.12699
1.12618
1.12541
1.12469
1.12401
1.12339
1.12281
1.12229
1.12182
1.1214
1.12103
1.12072
1.12047
1.12026
1.12012
1.12003
1.11999
1.12
1.12007
1.12019
1.12036
1.12057
1.12084
1.12115
1.1215
1.12189
1.12232
1.12279
1.12329
1.12382
1.12438
1.12496
1.12557
1.1262
1.12684
1.1275
1.12817
1.12884
1.12952
1.13021
1.13089
1.13156
1.13224
1.1329
1.13354
1.13418
1.13479
1.13539
1.13596
1.13651
1.13703
1.13752
1.13798
1.13841
1.13881
1.13917
1.1395
1.13979
1.14004
1.14025
1.14042
1.14055
1.14064
1.14069
1.1407
1.14066
1.14058
1.14046
1.1403
1.1401
1.13985
1.13957
1.13924
1.13888
1.13847
1.13803
1.13755
1.13703
1.13647
1.13588
1.13525
1.13459
1.1339
1.13318
1.13242
1.13163
1.13081
1.12997
1.12909
1.12819
1.12726
1.1263
1.12532
1.12431
1.12328
1.12223
1.12115
1.12005
1.11893
1.11779
1.11663
1.11546
1.11426
1.11305
1.11182
1.11058
1.10932
1.10805
1.10676
1.10547
1.10416
1.10284
1.10152
1.10019
1.09886
1.09751
1.09617
1.09483
