-5.25181
-5.24995
-5.24835
-5.24657
-5.24461
-5.24306
-5.24088
-5.23883
-5.23719
-5.23507
-5.23337
-5.23149
-5.22943
-5.22718
-5.22521
-5.22305
-5.22056
-5.21834
-5.21593
-5.21425
-5.21193
-5.20988
-5.20735
-5.20478
-5.20262
-5.20028
-5.19775
-5.19549
-5.19274
-5.19025
-5.18772
-5.18501
-5.1821
-5.17931
-5.17648
-5.17362
-5.17071
-5.16777
-5.16495
-5.16179
-5.15829
-5.15506
-5.1524
-5.14926
-5.14579
-5.1429
-5.13968
-5.13659
-5.13318
-5.13005
-5.12691
-5.1233
-5.11984
-5.11652
-5.11336
-5.11034
-5.10719
-5.10374
-5.10061
-5.0975
-5.09426
-5.09106
-5.08788
-5.08474
-5.08165
-5.07846
-5.07547
-5.07253
-5.06951
-5.0667
-5.06396
-5.06145
-5.05887
-5.05622
-5.0538
-5.05163
-5.0494
-5.04711
-5.04538
-5.04345
-5.04147
-5.0396
-5.03798
-5.03648
-5.03524
-5.0338
-5.03279
-5.03188
-5.03094
-5.02996
-5.0291
-5.02865
-5.02831
-5.02794
-5.02767
-5.02752
-5.02748
-5.02755
-5.02788
-5.02817
-5.02916
-5.02951
-5.03057
-5.03157
-5.03253
-5.03359
-5.03444
-5.03585
-5.03689
-5.03803
-5.03956
-5.04088
-5.04244
-5.04393
-5.04519
-5.047
-5.04887
-5.05113
-5.05315
-5.05523
-5.05738
-5.05958
-5.06215
-5.06476
-5.06742
-5.06982
-5.07225
-5.07502
-5.07766
-5.08032
-5.083
-5.08539
-5.08823
-5.09077
-5.09331
-5.09583
-5.09848
-5.10066
-5.10311
-5.10523
-5.10716
-5.10949
-5.11193
-5.11417
-5.11649
-5.11861
-5.1205
-5.12248
-5.12454
-5.12607
-5.12782
-5.12964
-5.13093
-5.13243
-5.13369
-5.13501
-5.13655
-5.13754
-5.13829
-5.1394
-5.14057
-5.14135
-5.14234
-5.14279
-5.14284
-5.14296
-5.14284
-5.14324
-5.14356
-5.14365
-5.14381
-5.14329
-5.14285
-5.14249
-5.14253
-5.14234
-5.1421
-5.14136
-5.14101
-5.14062
-5.13973
-5.13896
-5.1383
-5.13791
-5.13705
-5.13616
-5.13541
-5.13465
-5.13388
-5.13311
-5.13249
-5.13157
-5.13127
-5.13038
-5.1292
-5.1285
-5.12798
-5.12763
-5.12686
-5.12628
-5.12544
-5.12493
-5.12462
-5.12389
-5.12367
-5.12319
-5.12291
-5.12267
-5.12279
-5.12295
-5.12255
-5.12235
-5.1225
-5.12239
-5.12277
-5.12274
-5.12305
-5.12294
-5.12302
-5.12327
-5.1234
-5.12355
-5.12356
-5.12375
-5.12394
-5.12429
-5.12465
-5.12546
-5.12612
-5.12632
-5.1259
-5.12623
-5.12654
-5.12667
-5.12754
-5.12808
-5.12798
-5.12785
-5.12799
-5.12824
-5.1283
-5.12771
-5.12784
-5.12761
-5.12765
-5.12733
-5.12758
-5.12762
-5.12747
-5.12711
-5.12655
-5.12595
-5.125
-5.12445
-5.12371
-5.12247
-5.12194
-5.12122
-5.12046
-5.11966
-5.11882
-5.1181
-5.1172
-5.11611
-5.11515
-5.11387
-5.11301
-5.11213
-5.11109
-5.11003
-5.10881
-5.10773
-5.10664
-5.1057
-5.10431
-5.10337
-5.10214
-5.10122
-5.10016
-5.09896
-5.09793
-5.09691
-5.09577
-5.0945
-5.09356
-5.0928
-5.09207
-5.09138
-5.09072
-5.09011
-5.08938
-5.0887
-5.08792
-5.08733
-5.08664
-5.08646
-5.08573
-5.08551
-5.0852
-5.0848
-5.08446
-5.08403
-5.08382
-5.08367
-5.08329
-5.08374
-5.08381
-5.08425
-5.08446
-5.0849
-5.08557
-5.08616
-5.08668
-5.08713
-5.08796
-5.08872
-5.0897
-5.09092
-5.09192
-5.0933
-5.09477
-5.09616
-5.09778
-5.09918
-5.10111
-5.10267
-5.10461
-5.10662
-5.10856
-5.11058
-5.11266
-5.11467
-5.11705
-5.11949
-5.12155
-5.12398
-5.12646
-5.12901
-5.13146
-5.13396
-5.13651
-5.13941
-5.14191
-5.14459
-5.14762
-5.15068
-5.15407
-5.15704
-5.15973
-5.16274
-5.16561
-5.16865
-5.17154
-5.17459
-5.17764
-5.18068
-5.18356
-5.18658
-5.18958
-5.19271
-5.19597
-5.19874
-5.20149
-5.20434
-5.20685
-5.21008
-5.21295
-5.21577
-5.21838
-5.22139
-5.22403
-5.22646
-5.22852
-5.23081
-5.23317
-5.23546
-5.23782
-5.2398
-5.2417
-5.24351
-5.24539
-5.24717
-5.24872
-5.25018
-5.2514
-5.25268
-5.25371
-5.2548
-5.25595
-5.25671
-5.25753
-5.2581
-5.25874
-5.25929
-5.25989
-5.26026
-5.26085
-5.26105
-5.26116
-5.2615
-5.2616
-5.26178
-5.26143
-5.26101
-5.26066
-5.26025
-5.26007
-5.25967
-5.25921
-5.25855
-5.25782
-5.25734
-5.25666
-5.25548
-5.25455
-5.25403
-5.25256
-5.25181
-5.25057
-5.24945
-5.24813
-5.24709
-5.24557
-5.24446
-5.24303
-5.24172
-5.23994
-5.23828
-5.2369
-5.23551
-5.23394
-5.2325
-5.23073
-5.2291
-5.22745
-5.22593
-5.22439
-5.22283
-5.22095
-5.2192
-5.21743
-5.21579
-5.21398
-5.21199
-5.21044
-5.20886
-5.20711
-5.20533
-5.20383
-5.202
-5.19985
-5.19812
-5.19607
-5.19414
-5.19218
-5.1902
-5.18803
-5.18615
-5.18408
-5.18214
-5.17986
-5.17772
-5.17554
-5.17334
-5.17111
-5.16915
-5.16672
-5.16457
-5.16194
-5.15959
-5.15722
-5.15483
-5.15272
-5.1503
-5.14801
-5.1451
-5.14278
-5.1403
-5.13812
-5.13532
-5.13237
-5.12987
-5.12737
-5.12502
-5.12223
-5.1199
-5.11743
-5.11482
-5.11253
-5.11041
-5.10817
-5.10595
-5.10346
-5.10116
-5.09874
-5.09652
-5.09434
-5.0922
-5.08997
-5.08794
-5.08597
-5.08422
-5.08283
-5.08106
-5.07921
-5.07758
-5.07589
-5.07458
-5.07335
-5.07221
-5.07085
-5.06974
-5.06918
-5.06856
-5.0682
-5.06778
-5.06717
-5.0668
-5.0664
-5.06609
-5.06589
-5.0658
-5.06597
-5.06609
-5.06647
-5.0668
-5.06694
-5.06733
-5.06738
-5.06813
-5.06883
-5.06994
-5.07099
-5.07199
-5.07309
-5.07489
-5.07632
-5.07784
-5.07931
-5.08116
-5.08294
-5.08481
-5.08691
-5.08863
-5.09088
-5.0932
-5.0953
-5.09761
-5.09984
-5.10213
-5.10494
-5.10796
-5.11059
-5.11327
-5.11585
-5.11863
-5.12146
-5.12448
-5.12725
-5.13036
-5.13351
-5.13639
-5.1393
-5.14255
-5.14568
-5.14898
-5.15216
-5.15566
-5.15872
-5.16226
-5.16535
-5.16831
-5.17157
-5.17499
-5.17826
-5.18124
-5.18451
-5.18732
-5.19027
-5.19352
-5.19691
-5.19998
-5.20318
-5.20636
-5.20951
-5.21249
-5.21544
-5.21866
-5.22185
-5.225
-5.22811
-5.23088
-5.23437
-5.2369
-5.23954
-5.24243
-5.24497
-5.24746
-5.25049
-5.25318
-5.25565
-5.25791
-5.26027
-5.26256
-5.26494
-5.26711
-5.26906
-5.2711
-5.27337
-5.27512
-5.27711
-5.27903
-5.28057
-5.28235
-5.28375
-5.28538
-5.2868
-5.28814
-5.2894
-5.2906
-5.29172
-5.29308
-5.29406
-5.29512
-5.29625
-5.29657
-5.29741
-5.29789
-5.29844
-5.29908
-5.29949
-5.29968
-5.29981
-5.29971
-5.2997
-5.30022
-5.30038
-5.30017
-5.29974
-5.2991
-5.29885
-5.29838
-5.2983
-5.29771
-5.29766
-5.29725
-5.29677
-5.29609
-5.29534
-5.29424
-5.29338
-5.29246
-5.29149
-5.29076
-5.28952
-5.28853
-5.28659
-5.28549
-5.28389
-5.28254
-5.28114
-5.27983
-5.27818
-5.27647
-5.27471
-5.27306
-5.2712
-5.26945
-5.2675
-5.26535
-5.26316
-5.26107
-5.25879
-5.25723
-5.25531
-5.25321
-5.25061
-5.24842
-5.24635
-5.24379
-5.24149
-5.23901
-5.23649
-5.23425
-5.23183
-5.22953
-5.2272
-5.22455
-5.22218
-5.21949
-5.21709
-5.21468
-5.21225
-5.20967
-5.20709
-5.20465
-5.20222
-5.19964
-5.19692
-5.19422
-5.19153
-5.18932
-5.18653
-5.18438
-5.18211
-5.17972
-5.17753
-5.17524
-5.17269
-5.1702
-5.16822
-5.16646
-5.16447
-5.16254
-5.16084
-5.15907
-5.15709
-5.15533
-5.15382
-5.15225
-5.15093
-5.15
-5.14857
-5.14739
-5.14676
-5.14594
-5.14537
-5.1446
-5.14468
-5.14427
-5.14396
-5.14344
-5.14348
-5.14346
-5.14338
-5.14293
-5.14333
-5.14336
-5.14392
-5.14441
-5.14482
-5.14574
-5.14673
-5.14777
-5.14872
-5.1494
-5.15028
-5.1512
-5.15214
-5.15327
-5.15441
-5.15527
-5.15644
-5.15762
-5.15865
-5.15953
-5.1607
-5.16141
-5.16241
-5.16339
-5.16435
-5.16528
-5.16604
-5.16708
-5.16793
-5.16861
-5.16955
-5.17046
-5.17133
-5.17202
-5.17282
-5.17329
-5.17387
-5.17456
-5.17522
-5.17569
-5.17582
-5.17608
-5.17629
-5.17663
-5.17694
-5.17752
-5.17776
-5.17784
-5.17818
-5.17851
-5.17865
-5.17878
-5.17874
-5.17883
-5.17905
-5.17926
-5.17915
-5.17918
-5.17919
-5.17935
-5.17919
-5.17963
-5.18007
-5.18004
-5.18015
-5.18027
-5.18037
-5.18032
-5.18027
-5.18022
-5.18031
-5.18025
-5.18003
-5.17981
-5.17944
-5.17907
-5.17914
-5.17922
-5.17883
-5.17875
-5.17851
-5.17857
-5.17847
-5.17836
-5.17855
-5.17858
-5.17845
-5.17861
-5.17861
-5.1783
-5.17813
-5.17794
-5.17729
-5.17707
-5.17654
-5.17615
-5.17588
-5.1759
-5.17545
-5.17528
-5.17508
-5.17426
-5.17357
-5.17331
-5.17287
-5.17256
-5.17207
-5.1714
-5.17101
-5.17029
-5.17014
-5.16936
-5.16855
-5.16801
-5.16744
-5.16654
-5.16546
-5.1648
-5.16411
-5.16324
-5.16234
-5.16141
-5.16074
-5.15945
-5.15843
-5.15752
-5.15629
-5.15548
-5.15419
-5.15333
-5.15214
-5.15077
-5.14953
-5.14826
-5.14697
-5.14596
-5.14493
-5.14373
-5.1422
-5.14066
-5.13911
-5.13753
-5.13595
-5.1348
-5.13319
-5.13173
-5.1301
-5.12862
-5.12699
-5.1255
-5.12401
-5.12282
-5.12133
-5.11985
-5.11868
-5.11691
-5.11575
-5.1143
-5.11302
-5.1116
-5.11019
-5.10865
-5.10729
-5.10609
-5.10461
-5.10346
-5.10203
-5.10078
-5.09956
-5.09837
-5.09736
-5.09609
-5.09484
-5.09348
-5.09215
-5.09116
-5.09021
-5.08945
-5.08827
-5.08758
-5.08648
-5.08572
-5.08501
-5.08418
-5.08355
-5.08311
-5.08271
-5.0825
-5.08218
-5.08175
-5.08137
-5.08087
-5.08056
-5.08029
-5.08021
-5.08032
-5.07986
-5.07944
-5.07936
-5.07916
-5.07914
-5.07885
-5.07874
-5.07911
-5.07922
-5.07934
-5.07949
-5.07966
-5.0794
-5.07962
-5.07954
-5.07964
-5.08005
-5.08032
-5.0806
-5.08089
-5.08118
-5.08133
-5.08163
-5.08163
-5.08209
-5.08224
-5.08238
-5.08222
-5.08236
-5.08279
-5.08321
-5.08348
-5.08357
-5.08381
-5.08419
-5.08424
-5.08399
-5.08402
-5.08433
-5.08478
-5.08506
-5.08533
-5.08527
-5.08536
-5.08572
-5.08623
-5.08626
-5.08689
-5.08675
-5.08674
-5.08657
-5.08685
-5.08681
-5.08676
-5.0864
-5.08648
-5.08656
-5.08679
-5.08687
-5.08709
-5.08687
-5.08694
-5.08672
-5.0868
-5.08674
-5.08669
-5.08665
-5.08662
-5.08645
-5.08644
-5.0866
-5.08648
-5.08652
-5.08658
-5.08665
-5.08705
-5.08687
-5.08701
-5.08716
-5.08734
-5.08754
-5.08761
-5.08815
-5.0881
-5.08838
-5.08868
-5.089
-5.08979
-5.08999
-5.09036
-5.0909
-5.09145
-5.09186
-5.09243
-5.09271
-5.09299
-5.09344
-5.09389
-5.09419
-5.09464
-5.09509
-5.09539
-5.09583
-5.09627
-5.09686
-5.09728
-5.09784
-5.09824
-5.09848
-5.09884
-5.09919
-5.09952
-5.09953
-5.09951
-5.09977
-5.10001
-5.10007
-5.1004
-5.10055
-5.10053
-5.10047
-5.10053
-5.10056
-5.10041
-5.10052
-5.10046
-5.10036
-5.10022
-5.0999
-5.1
-5.09976
-5.09949
-5.09918
-5.0987
-5.09818
-5.09777
-5.09734
-5.09703
-5.09639
-5.09541
-5.09486
-5.09444
-5.09399
-5.09337
-5.09288
-5.09176
-5.09108
-5.09008
-5.08907
-5.08849
-5.0876
-5.08716
-5.08641
-5.08565
-5.08504
-5.08428
-5.08321
-5.08261
-5.08216
-5.08157
-5.08114
-5.08027
-5.07941
-5.07858
-5.07761
-5.07681
-5.07634
-5.07559
-5.07517
-5.07479
-5.07443
-5.07411
-5.07397
-5.07372
-5.07351
-5.07348
-5.07335
-5.07311
-5.07276
-5.07245
-5.07234
-5.07212
-5.07225
-5.07213
-5.07251
-5.07278
-5.07279
-5.07331
-5.07327
-5.07358
-5.07408
-5.07418
-5.07417
-5.07465
-5.07503
-5.07546
-5.07592
-5.07657
-5.07742
-5.07875
-5.07967
-5.07987
-5.08055
-5.08157
-5.08247
-5.0837
-5.08466
-5.08519
-5.08605
-5.08708
-5.08798
-5.0892
-5.09029
-5.0917
-5.09298
-5.09397
-5.09527
-5.09613
-5.09716
-5.09835
-5.09939
-5.10044
-5.10165
-5.10286
-5.10363
-5.10515
-5.10653
-5.10775
-5.10883
-5.11005
-5.11143
-5.1128
-5.11417
-5.11554
-5.1169
-5.11811
-5.11916
-5.1202
-5.12185
-5.12303
-5.12436
-5.12552
-5.12683
-5.12798
-5.12912
-5.13055
-5.13182
-5.13308
-5.13387
-5.13495
-5.13601
-5.13691
-5.13795
-5.13912
-5.14012
-5.14096
-5.14253
-5.14378
-5.14441
-5.14502
-5.14636
-5.14707
-5.14776
-5.14858
-5.14922
-5.15029
-5.15088
-5.15174
-5.15258
-5.15353
-5.15416
-5.1549
-5.15561
-5.15613
-5.15662
-5.15723
-5.15735
-5.15788
-5.15807
-5.15838
-5.15864
-5.15871
-5.15889
-5.15918
-5.15943
-5.15978
-5.15873
-5.159
-5.15862
-5.15834
-5.15802
-5.15795
-5.15783
-5.15737
-5.15716
-5.1566
-5.15614
-5.15549
-5.15493
-5.15433
-5.15353
-5.15284
-5.15165
-5.15087
-5.14974
-5.14872
-5.1478
-5.14685
-5.14585
-5.14451
-5.14359
-5.14309
-5.14195
-5.14063
-5.13943
-5.1385
-5.13724
-5.13641
-5.13526
-5.13424
-5.13275
-5.13139
-5.12987
-5.12849
-5.12681
-5.12542
-5.12373
-5.12264
-5.12126
-5.12018
-5.11867
-5.11746
-5.11567
-5.11465
-5.11336
-5.11163
-5.11038
-5.10916
-5.10753
-5.10607
-5.10511
-5.10434
-5.1033
-5.10216
-5.10106
-5.09986
-5.09901
-5.09851
-5.09821
-5.09721
-5.09626
-5.09567
-5.09513
-5.0945
-5.09408
-5.09371
-5.09325
-5.09344
-5.09325
-5.09311
-5.09333
-5.0933
-5.09348
-5.09357
-5.09371
-5.0939
-5.09385
-5.0937
-5.09406
-5.09432
-5.09463
-5.09514
-5.09555
-5.09615
-5.09696
-5.09766
-5.09841
-5.09905
-5.09989
-5.10092
-5.10154
-5.10235
-5.10336
-5.10425
-5.10578
-5.1069
-5.1079
-5.10909
-5.11032
-5.11157
-5.11256
-5.11403
-5.11523
-5.11676
-5.11831
-5.11974
-5.1209
-5.12253
-5.12403
-5.12541
-5.12695
-5.12821
-5.12994
-5.13139
-5.13269
-5.13432
-5.13595
-5.13744
-5.13924
-5.14105
-5.14286
-5.14438
-5.1462
-5.14771
-5.14953
-5.15104
-5.15269
-5.15434
-5.15598
-5.15746
-5.15923
-5.16069
-5.16213
-5.16371
-5.16512
-5.16651
-5.16803
-5.16968
-5.17115
-5.17245
-5.17403
-5.17512
-5.17649
-5.17798
-5.17899
-5.18027
-5.18152
-5.18273
-5.18392
-5.18506
-5.18587
-5.18694
-5.18798
-5.18883
-5.18994
-5.19071
-5.19159
-5.19243
-5.19323
-5.19429
-5.19485
-5.19567
-5.1963
-5.19688
-5.19742
-5.19776
-5.19821
-5.19876
-5.19896
-5.19956
-5.20012
-5.20018
-5.20019
-5.20029
-5.20005
-5.20006
-5.19971
-5.19931
-5.19916
-5.19896
-5.19915
-5.19884
-5.19848
-5.19776
-5.19728
-5.1966
-5.19587
-5.19523
-5.19468
-5.19377
-5.19296
-5.19239
-5.19147
-5.19018
-5.18915
-5.18805
-5.1866
-5.18524
-5.18383
-5.18236
-5.18099
-5.17957
-5.17794
-5.17626
-5.17484
-5.17336
-5.17169
-5.17012
-5.16821
-5.16641
-5.16456
-5.16283
-5.16136
-5.15941
-5.15727
-5.1551
-5.15291
-5.15054
-5.14845
-5.14634
-5.14421
-5.14192
-5.13992
-5.13791
-5.13589
-5.13373
-5.13156
-5.12955
-5.12739
-5.12508
-5.12309
-5.12096
-5.11854
-5.1166
-5.11482
-5.11307
-5.11088
-5.10872
-5.10674
-5.10509
-5.10301
-5.10127
-5.09956
-5.09773
-5.09608
-5.09431
-5.09258
-5.09073
-5.08891
-5.08773
-5.08629
-5.08472
-5.08303
-5.08168
-5.08051
-5.07922
-5.07781
-5.07627
-5.07461
-5.07342
-5.07196
-5.07068
-5.06926
-5.06786
-5.06679
-5.06573
-5.06454
-5.06305
-5.06234
-5.06119
-5.06005
-5.05891
-5.05824
-5.05727
-5.05585
-5.05444
-5.05318
-5.05207
-5.05065
-5.04954
-5.04843
-5.04731
-5.04619
-5.04506
-5.04347
-5.04233
-5.04103
-5.03973
-5.03826
-5.03724
-5.03591
-5.03472
-5.03367
-5.03246
-5.0314
-5.03017
-5.02894
-5.0277
-5.02645
-5.02505
-5.02409
-5.02238
-5.02127
-5.01985
-5.01874
-5.01762
-5.01696
-5.01555
-5.01445
-5.01335
-5.01226
-5.01088
-5.00981
-5.00891
-5.00757
-5.00639
-5.00524
-5.00441
-5.0033
-5.00206
-5.001
-5.00011
-4.99896
-4.99798
-4.99674
-4.99598
-4.99496
-4.99427
-4.99302
-4.99226
-4.99139
-4.99086
-4.99038
-4.98978
-4.98923
-4.98857
-4.98826
-4.98799
-4.98777
-4.9879
-4.98747
-4.98754
-4.98735
-4.98721
-4.98682
-4.98707
-4.98722
-4.98727
-4.98721
-4.98751
-4.98769
-4.98823
-4.98866
-4.98898
-4.98936
-4.98977
-4.99038
-4.99059
-4.99114
-4.99174
-4.99252
-4.9929
-4.99348
-4.99455
-4.99536
-4.99636
-4.99695
-4.99804
-4.99916
-5.00017
-5.00138
-5.00246
-5.00359
-5.00491
-5.0058
-5.00764
-5.00892
-5.01007
-5.01111
-5.01248
-5.01388
-5.01486
-5.01647
-5.01796
-5.01932
-5.02102
-5.02273
-5.02463
-5.02639
-5.02833
-5.03059
-5.03212
-5.03366
-5.03537
-5.03724
-5.03868
-5.04059
-5.04236
-5.04383
-5.04562
-5.04742
-5.04968
-5.05149
-5.05301
-5.05514
-5.05681
-5.0588
-5.06064
-5.06263
-5.06447
-5.06631
-5.068
-5.06999
-5.07214
-5.07413
-5.07598
-5.07797
-5.07996
-5.08195
-5.08395
-5.08579
-5.08748
-5.08917
-5.09086
-5.09285
-5.0947
-5.09669
-5.09868
-5.10038
-5.10237
-5.10392
-5.10577
-5.10716
-5.10901
-5.11101
-5.11286
-5.11441
-5.11672
-5.11857
-5.12041
-5.12241
-5.1244
-5.12639
-5.12807
-5.12974
-5.13155
-5.13335
-5.13514
-5.13707
-5.13912
-5.14086
-5.14242
-5.14426
-5.14593
-5.14787
-5.14977
-5.15164
-5.15303
-5.15452
-5.15627
-5.15753
-5.15904
-5.16081
-5.16207
-5.16327
-5.16411
-5.16505
-5.16577
-5.16658
-5.16747
-5.1683
-5.16891
-5.16975
-5.17036
-5.17091
-5.17108
-5.17162
-5.17164
-5.17249
-5.17267
-5.17261
-5.17249
-5.17244
-5.17262
-5.17228
-5.17172
-5.17169
-5.1713
-5.17084
-5.17032
-5.16959
-5.16896
-5.16811
-5.16752
-5.16704
-5.16575
-5.16503
-5.16427
-5.16332
-5.1622
-5.1612
-5.16017
-5.15883
-5.15792
-5.15685
-5.15577
-5.15469
-5.15392
-5.15284
-5.15178
-5.15087
-5.14984
-5.14852
-5.14737
-5.14626
-5.14578
-5.14488
-5.14432
-5.1435
-5.14257
-5.14199
-5.14116
-5.14068
-5.13996
-5.13928
-5.13928
-5.13842
-5.13793
-5.1378
-5.13819
-5.13819
-5.1381
-5.13823
-5.13767
-5.13762
-5.13764
-5.13788
-5.13832
-5.13883
-5.13924
-5.14002
-5.14024
-5.14098
-5.14146
-5.142
-5.14243
-5.14321
-5.14403
-5.1452
-5.1458
-5.14704
-5.14816
-5.14947
-5.15035
-5.15172
-5.1531
-5.15421
-5.15534
-5.15633
-5.15764
-5.15882
-5.16016
-5.1615
-5.16271
-5.16378
-5.165
-5.16652
-5.1679
-5.16898
-5.17006
-5.17129
-5.17237
-5.17344
-5.17482
-5.17588
-5.1768
-5.17801
-5.17936
-5.18071
-5.1816
-5.18249
-5.18366
-5.18498
-5.18659
-5.18774
-5.18887
-5.19
-5.19081
-5.19205
-5.19329
-5.1942
-5.1954
-5.19628
-5.1976
-5.19829
-5.19957
-5.20037
-5.20145
-5.20206
-5.20294
-5.20379
-5.20476
-5.20556
-5.20647
-5.20705
-5.2076
-5.20811
-5.20858
-5.20902
-5.20941
-5.20992
-5.21038
-5.21035
-5.21087
-5.21149
-5.21162
-5.21169
-5.21231
-5.21288
-5.21264
-5.21234
-5.21229
-5.21263
-5.21245
-5.21237
-5.21176
-5.2114
-5.21112
-5.21062
-5.21021
-5.20942
-5.20841
-5.20749
-5.20665
-5.20588
-5.20505
-5.2043
-5.20347
-5.20227
-5.201
-5.19981
-5.1987
-5.19722
-5.19566
-5.19359
-5.19175
-5.18985
-5.18804
-5.18601
-5.18422
-5.18208
-5.18033
-5.17837
-5.17607
-5.17341
-5.17116
-5.16901
-5.16729
-5.16492
-5.16266
-5.16008
-5.15747
-5.15499
-5.15219
-5.14968
-5.14746
-5.14508
-5.14239
-5.13986
-5.13748
-5.13451
-5.13231
-5.12997
-5.1278
-5.12551
-5.1231
-5.12057
-5.11762
-5.11546
-5.11351
-5.11114
-5.10883
-5.10656
-5.10436
-5.10206
-5.09983
-5.09766
-5.09586
-5.09398
-5.09277
-5.09134
-5.08998
-5.08885
-5.0875
-5.08623
-5.08489
-5.08379
-5.08322
-5.08213
-5.08112
-5.08036
-5.07983
-5.07938
-5.07903
-5.0789
-5.07871
-5.07861
-5.07858
-5.07804
-5.07757
-5.07733
-5.07762
-5.07768
-5.07811
-5.07861
-5.07902
-5.0792
-5.07988
-5.08047
-5.08081
-5.0815
-5.08254
-5.08331
-5.08412
-5.08542
-5.08629
-5.08703
-5.08809
-5.08902
-5.09011
-5.0912
-5.09214
-5.09323
-5.09416
-5.09508
-5.09568
-5.09656
-5.09727
-5.09795
-5.0986
-5.09983
-5.10071
-5.10125
-5.1019
-5.10235
-5.10306
-5.10356
-5.10417
-5.10457
-5.10461
-5.10475
-5.10528
-5.10501
-5.10512
-5.10533
-5.10518
-5.10512
-5.10484
-5.10466
-5.10428
-5.10398
-5.10363
-5.10292
-5.1026
-5.10239
-5.10198
-5.10136
-5.10084
-5.10043
-5.09952
-5.09873
-5.09789
-5.09716
-5.09625
-5.0953
-5.09462
-5.09392
-5.09274
-5.09169
-5.09016
-5.08892
-5.08767
-5.0864
-5.08543
-5.08445
-5.08317
-5.08189
-5.08076
-5.07964
-5.07853
-5.07743
-5.07635
-5.07499
-5.0741
-5.07278
-5.07149
-5.07083
-5.06961
-5.06872
-5.06803
-5.06707
-5.06676
-5.06605
-5.06539
-5.06478
-5.06422
-5.06477
-5.06433
-5.06364
-5.06347
-5.06275
-5.0627
-5.06287
-5.06251
-5.06266
-5.06273
-5.06226
-5.06246
-5.06259
-5.06292
-5.06363
-5.0638
-5.06449
-5.06524
-5.0656
-5.06662
-5.06725
-5.06809
-5.06883
-5.06993
-5.07077
-5.07197
-5.07305
-5.07449
-5.07565
-5.07716
-5.07839
-5.07951
-5.08095
-5.08226
-5.08375
-5.08479
-5.0857
-5.08737
-5.08905
-5.09057
-5.09149
-5.09286
-5.09407
-5.09512
-5.09631
-5.09747
-5.09877
-5.10035
-5.10175
-5.10297
-5.10431
-5.10532
-5.10614
-5.10693
-5.10813
-5.10944
-5.11026
-5.11134
-5.11223
-5.11352
-5.11447
-5.11492
-5.11547
-5.11613
-5.11688
-5.1176
-5.11811
-5.11887
-5.11944
-5.11981
-5.11998
-5.12055
-5.12078
-5.12096
-5.12109
-5.12132
-5.12122
-5.12121
-5.12102
-5.12093
-5.12066
-5.12034
-5.12014
-5.1202
-5.11992
-5.11976
-5.11927
-5.11919
-5.11879
-5.1182
-5.11759
-5.1171
-5.11675
-5.11591
-5.11567
-5.1151
-5.11437
-5.11393
-5.11362
-5.11331
-5.11253
-5.1113
-5.11066
-5.11003
-5.10955
-5.10907
-5.10844
-5.10752
-5.10737
-5.10647
-5.10603
-5.10577
-5.10522
-5.10484
-5.10448
-5.10399
-5.10338
-5.10309
-5.10238
-5.10169
-5.10134
-5.10101
-5.10102
-5.10106
-5.10098
-5.10063
-5.10076
-5.10062
-5.10036
-5.10028
-5.10023
-5.10036
-5.10067
-5.10069
-5.1012
-5.10143
-5.10137
-5.10149
-5.10162
-5.10222
-5.10223
-5.10224
-5.10242
-5.10244
-5.10247
-5.1028
-5.10297
-5.10284
-5.10284
-5.10314
-5.10297
-5.10338
-5.10332
-5.1034
-5.10329
-5.10301
-5.10315
-5.10295
-5.10273
-5.10277
-5.10292
-5.10289
-5.10281
-5.10224
-5.10178
-5.10127
-5.10102
-5.10057
-5.10008
-5.09968
-5.09879
-5.0983
-5.09791
-5.09688
-5.09624
-5.09571
-5.09483
-5.09375
-5.09263
-5.09161
-5.09039
-5.08944
-5.08844
-5.08695
-5.08557
-5.08431
-5.0827
-5.08107
-5.07971
-5.07846
-5.07704
-5.07575
-5.07428
-5.07264
-5.07083
-5.06901
-5.06732
-5.06578
-5.06438
-5.06268
-5.06082
-5.05988
-5.05833
-5.05679
-5.05556
-5.05389
-5.05254
-5.05106
-5.04929
-5.04801
-5.0469
-5.04536
-5.04416
-5.04254
-5.04141
-5.03986
-5.03866
-5.03779
-5.03667
-5.03545
-5.03442
-5.03343
-5.0325
-5.03177
-5.03063
-5.02955
-5.02897
-5.02815
-5.02798
-5.02726
-5.02659
-5.02583
-5.02527
-5.02477
-5.02417
-5.02392
-5.02388
-5.02389
-5.02379
-5.02344
-5.02344
-5.0238
-5.02389
-5.02403
-5.02421
-5.02443
-5.02468
-5.02513
-5.02516
-5.02552
-5.02592
-5.02619
-5.02664
-5.02697
-5.02747
-5.02815
-5.02854
-5.02926
-5.02968
-5.03042
-5.03088
-5.03149
-5.03226
-5.03288
-5.03396
-5.03475
-5.03538
-5.03616
-5.03678
-5.03755
-5.03816
-5.03891
-5.0392
-5.03963
-5.04034
-5.04104
-5.04158
-5.04209
-5.04258
-5.04306
-5.04351
-5.04364
-5.0442
-5.04488
-5.04494
-5.04543
-5.04574
-5.04541
-5.04552
-5.0459
-5.04611
-5.04643
-5.04643
-5.0461
-5.04635
-5.04657
-5.04662
-5.04678
-5.04663
-5.0469
-5.04699
-5.04677
-5.04667
-5.04655
-5.04625
-5.04624
-5.04621
-5.04602
-5.04595
-5.04557
-5.04563
-5.04521
-5.04509
-5.04496
-5.04451
-5.04435
-5.04388
-5.04356
-5.04352
-5.04318
-5.04298
-5.04263
-5.04227
-5.0416
-5.04093
-5.04071
-5.04048
-5.03996
-5.03958
-5.03935
-5.03897
-5.03889
-5.03881
-5.03843
-5.0379
-5.03706
-5.03669
-5.03661
-5.03639
-5.03601
-5.03594
-5.03558
-5.03522
-5.03486
-5.03465
-5.03385
-5.03336
-5.03287
-5.03239
-5.03207
-5.03191
-5.0319
-5.03175
-5.03147
-5.03149
-5.03122
-5.03067
-5.03058
-5.0305
-5.03013
-5.03008
-5.03005
-5.03018
-5.02958
-5.0296
-5.02948
-5.02954
-5.02962
-5.02926
-5.02892
-5.02875
-5.02846
-5.02848
-5.02853
-5.0283
-5.02809
-5.0282
-5.02804
-5.0285
-5.02898
-5.02963
-5.03001
-5.02995
-5.02991
-5.03004
-5.0302
-5.03082
-5.03131
-5.03167
-5.03129
-5.03183
-5.03209
-5.03251
-5.03324
-5.03353
-5.03384
-5.03446
-5.03493
-5.03541
-5.03575
-5.03609
-5.03644
-5.03709
-5.03744
-5.03779
-5.03814
-5.03848
-5.03898
-5.03902
-5.03935
-5.03968
-5.04031
-5.04107
-5.04153
-5.04197
-5.04255
-5.04283
-5.04339
-5.04378
-5.04432
-5.04469
-5.04489
-5.04508
-5.04556
-5.04602
-5.04601
-5.04645
-5.04687
-5.04682
-5.04721
-5.04728
-5.0475
-5.04755
-5.04773
-5.04776
-5.04808
-5.04824
-5.04838
-5.04838
-5.04866
-5.04879
-5.04847
-5.04845
-5.04872
-5.0487
-5.04897
-5.0491
-5.04939
-5.04953
-5.04968
-5.04983
-5.0503
-5.05047
-5.05081
-5.05086
-5.05092
-5.051
-5.0511
-5.05107
-5.0512
-5.0515
-5.05168
-5.05202
-5.05239
-5.05263
-5.0532
-5.05424
-5.05515
-5.05564
-5.0563
-5.05699
-5.05739
-5.05782
-5.05858
-5.05936
-5.06031
-5.06129
-5.06183
-5.06255
-5.06328
-5.06404
-5.06496
-5.06606
-5.06686
-5.06754
-5.06868
-5.06953
-5.07039
-5.07096
-5.0717
-5.07244
-5.07319
-5.07426
-5.07517
-5.07609
-5.07687
-5.0775
-5.07828
-5.07936
-5.08029
-5.08122
-5.08245
-5.08323
-5.0843
-5.08507
-5.08629
-5.08765
-5.08825
-5.0893
-5.09019
-5.09093
-5.0915
-5.09267
-5.09353
-5.09408
-5.09523
-5.09606
-5.09704
-5.09756
-5.09836
-5.09931
-5.1001
-5.10119
-5.10196
-5.10272
-5.10362
-5.10421
-5.10495
-5.10552
-5.10623
-5.10694
-5.10718
-5.10802
-5.1087
-5.10967
-5.11033
-5.11114
-5.11148
-5.11212
-5.1126
-5.11338
-5.11445
-5.11521
-5.11581
-5.1167
-5.11744
-5.11786
-5.11858
-5.11899
-5.11955
-5.12039
-5.12093
-5.12131
-5.12168
-5.12234
-5.12315
-5.12364
-5.12413
-5.12445
-5.12477
-5.12523
-5.12583
-5.12597
-5.1264
-5.12667
-5.12693
-5.12779
-5.12818
-5.12856
-5.12893
-5.1293
-5.12965
-5.12984
-5.13017
-5.13065
-5.13097
-5.13127
-5.13142
-5.13201
-5.13229
-5.13241
-5.13253
-5.13248
-5.13288
-5.13343
-5.13367
-5.13405
-5.13443
-5.1342
-5.13426
-5.13462
-5.13468
-5.13533
-5.13553
-5.13572
-5.13561
-5.13564
-5.13598
-5.13616
-5.13633
-5.13636
-5.13668
-5.137
-5.13701
-5.13717
-5.13703
-5.13733
-5.13748
-5.13747
-5.13746
-5.1376
-5.13803
-5.13845
-5.13857
-5.13883
-5.13908
-5.13917
-5.13924
-5.13946
-5.13921
-5.13925
-5.13957
-5.13958
-5.13941
-5.13953
-5.13932
-5.13909
-5.13883
-5.13885
-5.13869
-5.1385
-5.13828
-5.13772
-5.13742
-5.13664
-5.13626
-5.13569
-5.13523
-5.13457
-5.13401
-5.1337
-5.13288
-5.13215
-5.13152
-5.13068
-5.12962
-5.12895
-5.12806
-5.12695
-5.12577
-5.12451
-5.12334
-5.12208
-5.1209
-5.11934
-5.11769
-5.11581
-5.1137
-5.1118
-5.10983
-5.10761
-5.10561
-5.10338
-5.10151
-5.09896
-5.09678
-5.09391
-5.09127
-5.0884
-5.08576
-5.08305
-5.07998
-5.077
-5.07351
-5.07012
-5.067
-5.06399
-5.06096
-5.05761
-5.05425
-5.05104
-5.04815
-5.04513
-5.04185
-5.03876
-5.03574
-5.0331
-5.03039
-5.02719
-5.02455
-5.02204
-5.01968
-5.01717
-5.01498
-5.01313
-5.01147
-5.00972
-5.00878
-5.00792
-5.00729
-5.00644
-5.00644
-5.00653
-5.00672
-5.00731
-5.00785
-5.00847
-5.00964
-5.01104
-5.01282
-5.01482
-5.01673
-5.01853
-5.02143
-5.02435
-5.02683
-5.02945
-5.03252
-5.0354
-5.03869
-5.04208
-5.04554
-5.04891
-5.05324
-5.05686
-5.06095
-5.06445
-5.06794
-5.07173
-5.07489
-5.07877
-5.08216
-5.08565
-5.08893
-5.09245
-5.09559
-5.0988
-5.10193
-5.10512
-5.10761
-5.11046
-5.11321
-5.1157
-5.11839
-5.12112
-5.12329
-5.12565
-5.12775
-5.12989
-5.13161
-5.13383
-5.13548
-5.13702
-5.1386
-5.13977
-5.14114
-5.14224
-5.14354
-5.14384
-5.14433
-5.14487
-5.14562
-5.14612
-5.14667
-5.14683
-5.1469
-5.14673
-5.14677
-5.14689
-5.14661
-5.14641
-5.14629
-5.14608
-5.14521
-5.14441
-5.14385
-5.14353
-5.14299
-5.14239
-5.14128
-5.14056
-5.13949
-5.13912
-5.1381
-5.13687
-5.1359
-5.13459
-5.13338
-5.13213
-5.13084
-5.12966
-5.12815
-5.12659
-5.12516
-5.12339
-5.12174
-5.12082
-5.11942
-5.11784
-5.11624
-5.11506
-5.11372
-5.11159
-5.1099
-5.10804
-5.10601
-5.10427
-5.10266
-5.10074
-5.09896
-5.09716
-5.09535
-5.09399
-5.09247
-5.0908
-5.08881
-5.08683
-5.08484
-5.0827
-5.08087
-5.07919
-5.07706
-5.07479
-5.07313
-5.07133
-5.06954
-5.06762
-5.06556
-5.06383
-5.06211
-5.06057
-5.05876
-5.05682
-5.05521
-5.05379
-5.05225
-5.05074
-5.04943
-5.04801
-5.04679
-5.04515
-5.04403
-5.0428
-5.04178
-5.04111
-5.04051
-5.03981
-5.03903
-5.038
-5.0375
-5.03661
-5.03594
-5.03533
-5.0348
-5.03449
-5.03394
-5.03377
-5.03352
-5.03303
-5.03292
-5.03288
-5.03291
-5.0333
-5.03316
-5.03293
-5.03321
-5.03341
-5.03366
-5.03397
-5.03478
-5.0355
-5.03626
-5.03662
-5.03732
-5.03805
-5.03898
-5.03979
-5.04078
-5.04165
-5.04285
-5.04376
-5.0447
-5.0458
-5.04677
-5.04759
-5.04843
-5.04957
-5.05071
-5.05171
-5.05255
-5.05339
-5.05422
-5.05519
-5.05586
-5.05711
-5.05791
-5.05883
-5.06004
-5.06079
-5.06166
-5.06297
-5.0632
-5.0637
-5.06464
-5.0654
-5.06644
-5.06745
-5.06768
-5.06849
-5.06927
-5.06972
-5.07029
-5.07068
-5.07134
-5.07167
-5.07212
-5.07239
-5.07263
-5.07299
-5.07362
-5.07377
-5.07419
-5.07458
-5.07464
-5.07483
-5.07514
-5.07497
-5.07477
-5.0747
-5.07491
-5.07465
-5.07482
-5.07512
-5.07541
-5.07537
-5.07517
-5.07511
-5.07489
-5.07481
-5.07441
-5.07447
-5.07452
-5.07426
-5.07416
-5.0742
-5.07365
-5.07355
-5.07345
-5.07307
-5.07299
-5.07307
-5.07286
-5.07296
-5.07293
-5.07306
-5.07305
-5.07306
-5.07324
-5.07328
-5.07319
-5.07327
-5.07337
-5.07379
-5.07393
-5.07378
-5.07411
-5.0746
-5.07482
-5.07551
-5.07591
-5.07633
-5.07631
-5.07692
-5.07709
-5.07712
-5.07732
-5.07753
-5.07806
-5.0786
-5.07901
-5.07927
-5.07999
-5.08028
-5.08072
-5.08102
-5.08162
-5.08209
-5.0824
-5.08288
-5.0832
-5.08383
-5.08461
-5.08464
-5.08512
-5.0856
-5.08608
-5.08656
-5.08734
-5.08812
-5.08829
-5.08876
-5.08937
-5.08984
-5.0906
-5.0912
-5.09149
-5.09179
-5.09192
-5.09235
-5.09292
-5.09349
-5.09405
-5.0946
-5.09455
-5.09509
-5.09517
-5.09569
-5.09636
-5.09687
-5.09753
-5.09818
-5.09836
-5.09839
-5.09871
-5.09933
-5.09963
-5.10008
-5.10052
-5.10081
-5.10108
-5.10135
-5.10115
-5.10095
-5.10149
-5.10157
-5.10164
-5.1017
-5.1019
-5.10225
-5.10243
-5.1026
-5.10276
-5.10275
-5.10289
-5.10317
-5.10328
-5.10322
-5.10331
-5.10338
-5.10359
-5.10394
-5.10412
-5.10413
-5.10413
-5.10411
-5.10392
-5.10371
-5.1044
-5.10476
-5.10435
-5.10423
-5.10408
-5.10407
-5.10388
-5.10352
-5.10329
-5.10258
-5.102
-5.10171
-5.10138
-5.10119
-5.10036
-5.09997
-5.09954
-5.09879
-5.09832
-5.09782
-5.09744
-5.09673
-5.0963
-5.09584
-5.09505
-5.09454
-5.094
-5.09328
-5.09268
-5.09205
-5.09125
-5.09057
-5.08972
-5.08883
-5.08763
-5.08639
-5.08544
-5.08432
-5.08332
-5.08246
-5.08113
-5.08023
-5.07947
-5.07825
-5.07702
-5.07593
-5.07499
-5.07389
-5.07265
-5.07156
-5.07047
-5.06925
-5.06834
-5.06714
-5.06612
-5.06496
-5.06399
-5.06289
-5.06214
-5.06127
-5.06044
-5.05966
-5.05893
-5.0584
-5.05778
-5.05722
-5.05688
-5.05646
-5.05626
-5.05613
-5.05623
-5.05626
-5.05637
-5.05642
-5.05624
-5.05646
-5.05646
-5.05685
-5.05748
-5.0582
-5.05885
-5.05944
-5.06027
-5.06119
-5.06204
-5.06312
-5.06398
-5.06522
-5.06654
-5.06778
-5.06939
-5.07122
-5.07266
-5.07416
-5.07587
-5.07793
-5.07989
-5.08189
-5.08378
-5.08556
-5.08767
-5.08997
-5.09199
-5.09417
-5.09623
-5.09815
-5.09978
-5.10187
-5.10367
-5.10561
-5.10771
-5.11025
-5.11249
-5.11442
-5.11648
-5.11884
-5.12072
-5.12259
-5.12475
-5.12688
-5.12899
-5.13108
-5.13299
-5.13488
-5.13674
-5.13843
-5.14009
-5.14187
-5.14363
-5.14566
-5.14721
-5.14873
-5.15007
-5.15153
-5.15296
-5.15452
-5.15605
-5.15709
-5.15826
-5.16
-5.16142
-5.16295
-5.1646
-5.16607
-5.16706
-5.16832
-5.16955
-5.17044
-5.17191
-5.17303
-5.17352
-5.17473
-5.17576
-5.17659
-5.17754
-5.17814
-5.17901
-5.17969
-5.18032
-5.18106
-5.18175
-5.18225
-5.1827
-5.18309
-5.18344
-5.18419
-5.18458
-5.18462
-5.18429
-5.18452
-5.18514
-5.18525
-5.1856
-5.18558
-5.18596
-5.18582
-5.18577
-5.1855
-5.18501
-5.1846
-5.18413
-5.18344
-5.18298
-5.18215
-5.18125
-5.18059
-5.17985
-5.17919
-5.17832
-5.17722
-5.17621
-5.17512
-5.17397
-5.1723
-5.17101
-5.1692
-5.16763
-5.166
-5.16399
-5.16223
-5.16041
-5.15867
-5.15673
-5.15442
-5.15237
-5.1501
-5.14793
-5.14571
-5.14359
-5.14127
-5.13921
-5.1368
-5.1342
-5.132
-5.12917
-5.1266
-5.12415
-5.12151
-5.11869
-5.11614
-5.11311
-5.11051
-5.10774
-5.1048
-5.10199
-5.09916
-5.09678
-5.09408
-5.09122
-5.08851
-5.08535
-5.08248
-5.07932
-5.07646
-5.07346
-5.07062
-5.06809
-5.06528
-5.06279
-5.06001
-5.05726
-5.05454
-5.0517
-5.04903
-5.04656
-5.04412
-5.04173
-5.03923
-5.03692
-5.03437
-5.03202
-5.02988
-5.02765
-5.02548
-5.02353
-5.02149
-5.01953
-5.0181
-5.01644
-5.01471
-5.01337
-5.01196
-5.01049
-5.00942
-5.00768
-5.00665
-5.00572
-5.00458
-5.00325
-5.00262
-5.00226
-5.00185
-5.00155
-5.00107
-5.00009
-5.00044
-5.00061
-5.00059
-5.00099
-5.00136
-5.00185
-5.00261
-5.00334
-5.00419
-5.00516
-5.00625
-5.00747
-5.0085
-5.0101
-5.01153
-5.01307
-5.01488
-5.01695
-5.01884
-5.02115
-5.02341
-5.02533
-5.02766
-5.0298
-5.03264
-5.03544
-5.03848
-5.04146
-5.04439
-5.04771
-5.05096
-5.05414
-5.0577
-5.06104
-5.06444
-5.06791
-5.0719
-5.07564
-5.07958
-5.08327
-5.08685
-5.09047
-5.09472
-5.09855
-5.10271
-5.10703
-5.11076
-5.11496
-5.119
-5.12304
-5.12692
-5.13079
-5.13464
-5.13831
-5.14241
-5.14647
-5.15034
-5.15447
-5.15855
-5.16213
-5.16594
-5.16954
-5.17277
-5.17624
-5.17977
-5.18308
-5.1863
-5.18898
-5.19188
-5.19498
-5.19798
-5.20059
-5.20309
-5.20594
-5.20822
-5.21055
-5.21277
-5.21503
-5.21717
-5.21919
-5.22094
-5.22258
-5.22394
-5.22548
-5.22721
-5.22821
-5.22908
-5.22984
-5.23062
-5.23143
-5.23166
-5.23223
-5.23253
-5.23255
-5.23276
-5.23301
-5.23329
-5.233
-5.2329
-5.23224
-5.23192
-5.23135
-5.23007
-5.229
-5.22797
-5.2264
-5.22533
-5.22448
-5.22309
-5.22161
-5.22005
-5.21872
-5.21716
-5.21523
-5.21323
-5.21116
-5.20904
-5.20671
-5.20448
-5.2022
-5.20018
-5.19782
-5.19542
-5.1939
-5.1919
-5.18927
-5.18678
-5.18413
-5.18176
-5.1794
-5.17703
-5.17467
-5.17231
-5.17012
-5.1678
-5.16579
-5.16337
-5.16112
-5.15906
-5.15673
-5.1546
-5.15251
-5.15047
-5.14848
-5.14625
-5.14453
-5.14241
-5.14052
-5.13884
-5.13724
-5.13585
-5.1347
-5.13347
-5.13231
-5.13094
-5.12995
-5.12889
-5.12822
-5.12748
-5.12668
-5.12596
-5.12547
-5.12538
-5.12491
-5.12422
-5.12423
-5.12401
-5.12387
-5.12366
-5.12368
-5.12393
-5.12395
-5.12434
-5.12465
-5.12502
-5.12561
-5.12612
-5.12683
-5.12744
-5.12811
-5.12883
-5.12959
-5.13024
-5.13048
-5.13136
-5.13228
-5.13291
-5.13388
-5.13441
-5.13527
-5.13644
-5.13716
-5.1382
-5.13924
-5.13997
-5.14085
-5.14217
-5.14303
-5.14403
-5.145
-5.14611
-5.14688
-5.14793
-5.14865
-5.14918
-5.14982
-5.15087
-5.15157
-5.15223
-5.15299
-5.15354
-5.15373
-5.15416
-5.15439
-5.15469
-5.15463
-5.15481
-5.15491
-5.15523
-5.15503
-5.15491
-5.15485
-5.15411
-5.15344
-5.15344
-5.1532
-5.15258
-5.15202
-5.15121
-5.15047
-5.14964
-5.14872
-5.14756
-5.1463
-5.14495
-5.14351
-5.14197
-5.1402
-5.13833
-5.13651
-5.13446
-5.13247
-5.13024
-5.12777
-5.12552
-5.12318
-5.12075
-5.11825
-5.11521
-5.11255
-5.10981
-5.10715
-5.10442
-5.10163
-5.09862
-5.0954
-5.09212
-5.08864
-5.08541
-5.08213
-5.07882
-5.07546
-5.07238
-5.06852
-5.06508
-5.06193
-5.05847
-5.05485
-5.05183
-5.04867
-5.04521
-5.04162
-5.03805
-5.03482
-5.03146
-5.02815
-5.02489
-5.02198
-5.01898
-5.01591
-5.0132
-5.01013
-5.00715
-5.00441
-5.00147
-4.99909
-4.99652
-4.99408
-4.99176
-4.98972
-4.98797
-4.98622
-4.98461
-4.98315
-4.98185
-4.98086
-4.98004
-4.97923
-4.97829
-4.97751
-4.97752
-4.9774
-4.9773
-4.97752
-4.97807
-4.97864
-4.97983
-4.98074
-4.98197
-4.98321
-4.98476
-4.98601
-4.98757
-4.98898
-4.99052
-4.99236
-4.99464
-4.99704
-4.99971
-5.0022
-5.0048
-5.00766
-5.01047
-5.01367
-5.01681
-5.02017
-5.02362
-5.02713
-5.0307
-5.03388
-5.03756
-5.04144
-5.04475
-5.04825
-5.05209
-5.05624
-5.05996
-5.06355
-5.06729
-5.07134
-5.07509
-5.07899
-5.08257
-5.08645
-5.09015
-5.09384
-5.0975
-5.10113
-5.10473
-5.10876
-5.11229
-5.11547
-5.11907
-5.12262
-5.12628
-5.12973
-5.13313
-5.13648
-5.13976
-5.14299
-5.14601
-5.14912
-5.15171
-5.15438
-5.15729
-5.15983
-5.1626
-5.16515
-5.16763
-5.16988
-5.17222
-5.17493
-5.17697
-5.17893
-5.18096
-5.18323
-5.18496
-5.18708
-5.18897
-5.19018
-5.19162
-5.19283
-5.19442
-5.19579
-5.19709
-5.19801
-5.19932
-5.20025
-5.20142
-5.20221
-5.20309
-5.20376
-5.20466
-5.20519
-5.20581
-5.20622
-5.20642
-5.20671
-5.20664
-5.20697
-5.2068
-5.20672
-5.20674
-5.20701
-5.20708
-5.20725
-5.20753
-5.20731
-5.20719
-5.20704
-5.20684
-5.20645
-5.20617
-5.2057
-5.2055
-5.20526
-5.20499
-5.20469
-5.20404
-5.20337
-5.20297
-5.20209
-5.20118
-5.20023
-5.19957
-5.19903
-5.19816
-5.19742
-5.19666
-5.19617
-5.19536
-5.19469
-5.19368
-5.19281
-5.19192
-5.19102
-5.19009
-5.1896
-5.18864
-5.18766
-5.18637
-5.18551
-5.18449
-5.18361
-5.18241
-5.1815
-5.18058
-5.17949
-5.17855
-5.1773
-5.17649
-5.17537
-5.17394
-5.1728
-5.17151
-5.17051
-5.16936
-5.16835
-5.16704
-5.16603
-5.16456
-5.16339
-5.16253
-5.16167
-5.16066
-5.15965
-5.15849
-5.15734
-5.15635
-5.15537
-5.15425
-5.15314
-5.15159
-5.15066
-5.1496
-5.1487
-5.14768
-5.14668
-5.14556
-5.14477
-5.14401
-5.14313
-5.14244
-5.14163
-5.14087
-5.1403
-5.13978
-5.139
-5.13827
-5.1376
-5.13698
-5.13657
-5.13577
-5.13548
-5.13525
-5.1351
-5.135
-5.13483
-5.13472
-5.13484
-5.13503
-5.13529
-5.13547
-5.13603
-5.13666
-5.13767
-5.13815
-5.13915
-5.14007
-5.14076
-5.14166
-5.14278
-5.14397
-5.14567
-5.14683
-5.14804
-5.1493
-5.15077
-5.15167
-5.15323
-5.15467
-5.15614
-5.15765
-5.15918
-5.16089
-5.16246
-5.1639
-5.16564
-5.16724
-5.16839
-5.16983
-5.17141
-5.17298
-5.17513
-5.17681
-5.17831
-5.17963
-5.18075
-5.18184
-5.18333
-5.18508
-5.18662
-5.18766
-5.18878
-5.18984
-5.19083
-5.1916
-5.1929
-5.19367
-5.19421
-5.19496
-5.19549
-5.19608
-5.19673
-5.19683
-5.1973
-5.19737
-5.1972
-5.19707
-5.19715
-5.19668
-5.19596
-5.19543
-5.19451
-5.19378
-5.1928
-5.19187
-5.19084
-5.18985
-5.18862
-5.18728
-5.18584
-5.18415
-5.18281
-5.18123
-5.1797
-5.17747
-5.17545
-5.17349
-5.17144
-5.16915
-5.16693
-5.16478
-5.1621
-5.15965
-5.15652
-5.15362
-5.15126
-5.14854
-5.14562
-5.14249
-5.13947
-5.1361
-5.1327
-5.12942
-5.12611
-5.12294
-5.11946
-5.11627
-5.11324
-5.11037
-5.10721
-5.10407
-5.10142
-5.0985
-5.09548
-5.09251
-5.08945
-5.08645
-5.08353
-5.08099
-5.07839
-5.07588
-5.07347
-5.07102
-5.06883
-5.06691
-5.06481
-5.06269
-5.0607
-5.05929
-5.05802
-5.05673
-5.05574
-5.05444
-5.05388
-5.05286
-5.05244
-5.052
-5.0517
-5.05154
-5.05167
-5.05163
-5.05186
-5.05223
-5.05256
-5.05317
-5.05389
-5.05487
-5.05595
-5.05699
-5.05842
-5.06009
-5.06125
-5.06233
-5.0638
-5.06504
-5.06664
-5.06832
-5.0702
-5.07168
-5.07336
-5.07509
-5.07702
-5.07914
-5.08114
-5.08317
-5.08538
-5.08732
-5.08944
-5.09188
-5.09433
-5.09636
-5.09854
-5.10074
-5.1031
-5.10532
-5.1077
-5.11023
-5.11322
-5.115
-5.11724
-5.11947
-5.12201
-5.12439
-5.12661
-5.12898
-5.13149
-5.13444
-5.13663
-5.13896
-5.14112
-5.14328
-5.14541
-5.14753
-5.14933
-5.15157
-5.15364
-5.15569
-5.15786
-5.15987
-5.16201
-5.16381
-5.1656
-5.16797
-5.16985
-5.17126
-5.17294
-5.17475
-5.17653
-5.17842
-5.18014
-5.18152
-5.18318
-5.18465
-5.18624
-5.18779
-5.18946
-5.19125
-5.19285
-5.19457
-5.1961
-5.19759
-5.19889
-5.19971
-5.20063
-5.20197
-5.20267
-5.20378
-5.2047
-5.20558
-5.20657
-5.20722
-5.20812
-5.20914
-5.21012
-5.21044
-5.21103
-5.21173
-5.21209
-5.2127
-5.21327
-5.21395
-5.21429
-5.21518
-5.21544
-5.2155
-5.21596
-5.21639
-5.21662
-5.21682
-5.21651
-5.21677
-5.21669
-5.21671
-5.21685
-5.21664
-5.21654
-5.21656
-5.21623
-5.21586
-5.21561
-5.21516
-5.21498
-5.21431
-5.2139
-5.21346
-5.21252
-5.21201
-5.2113
-5.21071
-5.21009
-5.20928
-5.20828
-5.20785
-5.20724
-5.20644
-5.20591
-5.20474
-5.20384
-5.20291
-5.20149
-5.20049
-5.19946
-5.19809
-5.19715
-5.19602
-5.19471
-5.19322
-5.19185
-5.19059
-5.18916
-5.18814
-5.18665
-5.18573
-5.18432
-5.18258
-5.18127
-5.17963
-5.17811
-5.17672
-5.17485
-5.17325
-5.17148
-5.16939
-5.16758
-5.16605
-5.16465
-5.16294
-5.16076
-5.15886
-5.15695
-5.15519
-5.15341
-5.15103
-5.1491
-5.14716
-5.14538
-5.1436
-5.14153
-5.13991
-5.13771
-5.13583
-5.13411
-5.13211
-5.13044
-5.1285
-5.12673
-5.12515
-5.1236
-5.12194
-5.12047
-5.11934
-5.1175
-5.11661
-5.11532
-5.11438
-5.11319
-5.1122
-5.11111
-5.11038
-5.1094
-5.10816
-5.10744
-5.10721
-5.10659
-5.10541
-5.10473
-5.10409
-5.10366
-5.10326
-5.1029
-5.10228
-5.10169
-5.10128
-5.10059
-5.09948
-5.09929
-5.09897
-5.09866
-5.09821
-5.09731
-5.09716
-5.09702
-5.09656
-5.09655
-5.09622
-5.09602
-5.0958
-5.0954
-5.09512
-5.09467
-5.09417
-5.09364
-5.09352
-5.09305
-5.09239
-5.09168
-5.09062
-5.08996
-5.0891
-5.08818
-5.0872
-5.08617
-5.08462
-5.08362
-5.08226
-5.081
-5.07967
-5.07829
-5.07669
-5.07519
-5.07424
-5.07233
-5.07112
-5.07001
-5.069
-5.06719
-5.06533
-5.06358
-5.06179
-5.06011
-5.05824
-5.05633
-5.05425
-5.05183
-5.04969
-5.04752
-5.04518
-5.04298
-5.04092
-5.0384
-5.03633
-5.03395
-5.03172
-5.0295
-5.02729
-5.02539
-5.02335
-5.02103
-5.01889
-5.01677
-5.01453
-5.01232
-5.00999
-5.00801
-5.00562
-5.00372
-5.00188
-4.99963
-4.99773
-4.9959
-4.99442
-4.993
-4.9915
-4.98991
-4.98839
-4.98724
-4.98616
-4.98425
-4.98301
-4.982
-4.98122
-4.98022
-4.97944
-4.97889
-4.97826
-4.97756
-4.97695
-4.97671
-4.9767
-4.97662
-4.97631
-4.97623
-4.97608
-4.9763
-4.9766
-4.97697
-4.97756
-4.97807
-4.9785
-4.9793
-4.97972
-4.98034
-4.98103
-4.98163
-4.98244
-4.98285
-4.98347
-4.98428
-4.9853
-4.98652
-4.98748
-4.98849
-4.98968
-4.99107
-4.99234
-4.99379
-4.99498
-4.99664
-4.99788
-4.9993
-5.00074
-5.00235
-5.00383
-5.00502
-5.00668
-5.0079
-5.00883
-5.01053
-5.01193
-5.01349
-5.01521
-5.01693
-5.0185
-5.02023
-5.02165
-5.02307
-5.02464
-5.02637
-5.02778
-5.02905
-5.03061
-5.03187
-5.03327
-5.03482
-5.03607
-5.03777
-5.03916
-5.04085
-5.04223
-5.04392
-5.04545
-5.04713
-5.04881
-5.05019
-5.05157
-5.05325
-5.05478
-5.05601
-5.05755
-5.05895
-5.06065
-5.06266
-5.06422
-5.06564
-5.06722
-5.06911
-5.07071
-5.07247
-5.07439
-5.07587
-5.07752
-5.07903
-5.08055
-5.08224
-5.08394
-5.0855
-5.08692
-5.08866
-5.09026
-5.09188
-5.09365
-5.09559
-5.0977
-5.09935
-5.10102
-5.1027
-5.10468
-5.10668
-5.10852
-5.10992
-5.11177
-5.11333
-5.11488
-5.11643
-5.11858
-5.12028
-5.12166
-5.12319
-5.12502
-5.12698
-5.12877
-5.13055
-5.13262
-5.13436
-5.13608
-5.13808
-5.13976
-5.14156
-5.14333
-5.14491
-5.14707
-5.14829
-5.14963
-5.15093
-5.15249
-5.15356
-5.15504
-5.15618
-5.15727
-5.15831
-5.15946
-5.16025
-5.16115
-5.1623
-5.16325
-5.16414
-5.16498
-5.16576
-5.16633
-5.16685
-5.16731
-5.16787
-5.16852
-5.1691
-5.16933
-5.16965
-5.17006
-5.1704
-5.17054
-5.17076
-5.17077
-5.17072
-5.17076
-5.17074
-5.17081
-5.17021
-5.17
-5.16928
-5.1688
-5.16841
-5.16766
-5.16761
-5.16673
-5.1658
-5.16481
-5.16407
-5.16296
-5.16195
-5.16073
-5.15976
-5.15873
-5.15749
-5.15605
-5.15485
-5.15391
-5.15246
-5.15111
-5.14956
-5.14781
-5.14631
-5.14461
-5.14302
-5.14122
-5.13938
-5.1378
-5.13572
-5.13359
-5.13203
-5.13027
-5.12817
-5.12603
-5.124
-5.12178
-5.11952
-5.11723
-5.11475
-5.11223
-5.10953
-5.10725
-5.10494
-5.1023
-5.09993
-5.09723
-5.0948
-5.09205
-5.08957
-5.08707
-5.08425
-5.08171
-5.07915
-5.07672
-5.07367
-5.07076
-5.06813
-5.06535
-5.06225
-5.0593
-5.05649
-5.05352
-5.05041
-5.04759
-5.04462
-5.04211
-5.03915
-5.0362
-5.03341
-5.03048
-5.02771
-5.02465
-5.02177
-5.01905
-5.0165
-5.01383
-5.01118
-5.00855
-5.00641
-5.00384
-5.00131
-4.99896
-4.9965
-4.99408
-4.99124
-4.98889
-4.98659
-4.98448
-4.98212
-4.97995
-4.97799
-4.97562
-4.9736
-4.97149
-4.96988
-4.96788
-4.96608
-4.96419
-4.96251
-4.96134
-4.95994
-4.95814
-4.95656
-4.95504
-4.95374
-4.95266
-4.95149
-4.95009
-4.94891
-4.94795
-4.94722
-4.94655
-4.94611
-4.94575
-4.9453
-4.94493
-4.94464
-4.94442
-4.94427
-4.94435
-4.94405
-4.94413
-4.94414
-4.94421
-4.94466
-4.94504
-4.94548
-4.94569
-4.94643
-4.94708
-4.94764
-4.94827
-4.94896
-4.94986
-4.95052
-4.95138
-4.95199
-4.95311
-4.95397
-4.95502
-4.95642
-4.9571
-4.95857
-4.95991
-4.96129
-4.96239
-4.96382
-4.96511
-4.96641
-4.96758
-4.96921
-4.97055
-4.97159
-4.97308
-4.97413
-4.97562
-4.97681
-4.97829
-4.97992
-4.98123
-4.98254
-4.98354
-4.98467
-4.98579
-4.9872
-4.98845
-4.98954
-4.99107
-4.99153
-4.99304
-4.99408
-4.99527
-4.9966
-4.99747
-4.99878
-4.99949
-5.0002
-5.00151
-5.00267
-5.00384
-5.00501
-5.00603
-5.00751
-5.0087
-5.00959
-5.01096
-5.01248
-5.01372
-5.01467
-5.01609
-5.01752
-5.01867
-5.01969
-5.02103
-5.02253
-5.02406
-5.02545
-5.02686
-5.02844
-5.02973
-5.03119
-5.03251
-5.0337
-5.03551
-5.03732
-5.0393
-5.04084
-5.04268
-5.04438
-5.04563
-5.04718
-5.04874
-5.05045
-5.05215
-5.05385
-5.05539
-5.05693
-5.05845
-5.05982
-5.06147
-5.06295
-5.06442
-5.06603
-5.06731
-5.06887
-5.07026
-5.07133
-5.07267
-5.07459
-5.07573
-5.07715
-5.07808
-5.07914
-5.08017
-5.08147
-5.08274
-5.08368
-5.08444
-5.08531
-5.08615
-5.08726
-5.08849
-5.08939
-5.0901
-5.09079
-5.09129
-5.09191
-5.09266
-5.09337
-5.09405
-5.09456
-5.09519
-5.09579
-5.09636
-5.09706
-5.09758
-5.09792
-5.09824
-5.09839
-5.09851
-5.09861
-5.09914
-5.0995
-5.09984
-5.09986
-5.10017
-5.10091
-5.10117
-5.10112
-5.1012
-5.10157
-5.10207
-5.1021
-5.10241
-5.10226
-5.10239
-5.10251
-5.10246
-5.10254
-5.10276
-5.10265
-5.10269
-5.10255
-5.10255
-5.10238
-5.1025
-5.1026
-5.10254
-5.10245
-5.10235
-5.10193
-5.10195
-5.10164
-5.10147
-5.10144
-5.10124
-5.10147
-5.10139
-5.1013
-5.10103
-5.10076
-5.10062
-5.10046
-5.10029
-5.09966
-5.09917
-5.09912
-5.09846
-5.09794
-5.09786
-5.09763
-5.09724
-5.09669
-5.09629
-5.09589
-5.09549
-5.09524
-5.09514
-5.09475
-5.09466
-5.09412
-5.09345
-5.09294
-5.09274
-5.09225
-5.09193
-5.09132
-5.09104
-5.09078
-5.09054
-5.09048
-5.09029
-5.09013
-5.09
-5.08976
-5.08969
-5.08951
-5.08982
-5.09002
-5.09011
-5.09008
-5.08995
-5.09046
-5.09072
-5.09087
-5.09122
-5.09161
-5.0919
-5.09253
-5.09292
-5.09395
-5.09488
-5.09525
-5.09597
-5.09659
-5.0971
-5.09766
-5.0981
-5.0986
-5.09973
-5.10091
-5.10182
-5.10278
-5.10391
-5.10509
-5.10614
-5.10752
-5.10864
-5.11008
-5.11124
-5.11288
-5.11378
-5.11486
-5.1167
-5.11826
-5.11999
-5.12172
-5.12301
-5.124
-5.12546
-5.12706
-5.12821
-5.12936
-5.13097
-5.13241
-5.13385
-5.13513
-5.13655
-5.13811
-5.1392
-5.14058
-5.14195
-5.14315
-5.14433
-5.14565
-5.14709
-5.14822
-5.14932
-5.15041
-5.15162
-5.15281
-5.15397
-5.15511
-5.15623
-5.15763
-5.15839
-5.16004
-5.16106
-5.16206
-5.16318
-5.16459
-5.16536
-5.16626
-5.16698
-5.16768
-5.16851
-5.16917
-5.1701
-5.17071
-5.17175
-5.17247
-5.17317
-5.174
-5.17466
-5.17559
-5.17636
-5.17681
-5.17739
-5.17811
-5.17865
-5.17872
-5.17938
-5.17987
-5.1808
-5.18126
-5.1817
-5.18211
-5.18267
-5.1829
-5.18326
-5.18406
-5.18409
-5.1841
-5.18469
-5.18481
-5.18521
-5.18544
-5.18595
-5.18613
-5.18645
-5.1866
-5.18687
-5.18682
-5.1869
-5.1871
-5.18729
-5.18714
-5.18728
-5.18725
-5.18719
-5.1871
-5.187
-5.18702
-5.18702
-5.18715
-5.18711
-5.1869
-5.18712
-5.18687
-5.1866
-5.18616
-5.186
-5.18599
-5.1855
-5.18515
-5.18448
-5.18426
-5.18387
-5.18363
-5.18322
-5.18281
-5.18254
-5.18226
-5.18168
-5.18094
-5.1805
-5.18006
-5.17917
-5.17888
-5.17859
-5.17799
-5.17741
-5.17697
-5.17624
-5.17596
-5.17569
-5.17543
-5.17502
-5.17417
-5.17332
-5.17308
-5.17285
-5.17233
-5.17211
-5.17145
-5.1711
-5.17076
-5.17103
-5.17086
-5.17054
-5.17008
-5.16992
-5.16978
-5.16919
-5.16921
-5.16894
-5.16867
-5.16826
-5.16831
-5.16807
-5.16768
-5.1673
-5.16737
-5.16715
-5.16679
-5.16658
-5.16668
-5.16633
-5.16598
-5.16579
-5.16561
-5.16558
-5.1654
-5.16553
-5.16581
-5.16609
-5.16623
-5.16606
-5.16575
-5.16528
-5.16527
