1.64915
1.64747
1.64576
1.64402
1.64224
1.64042
1.63858
1.6367
1.6348
1.63286
1.63089
1.62889
1.62685
1.62479
1.6227
1.62057
1.61841
1.61622
1.614
1.61175
1.60946
1.60715
1.60479
1.60241
1.59999
1.59753
1.59504
1.59251
1.58995
1.58735
1.58471
1.58203
1.57931
1.57656
1.57377
1.57094
1.56807
1.56517
1.56223
1.55925
1.55624
1.5532
1.55012
1.54701
1.54387
1.5407
1.5375
1.53429
1.53104
1.52778
1.5245
1.52121
1.51791
1.5146
1.51128
1.50796
1.50465
1.50134
1.49805
1.49477
1.4915
1.48827
1.48506
1.48189
1.47875
1.47566
1.47261
1.46962
1.46669
1.46381
1.46101
1.45827
1.45561
1.45303
1.45053
1.44811
1.44579
1.44356
1.44143
1.43939
1.43746
1.43563
1.43391
1.4323
1.43079
1.4294
1.42812
1.42695
1.42589
1.42495
1.42412
1.42341
1.42281
1.42232
1.42194
1.42168
1.42153
1.42149
1.42156
1.42174
1.42202
1.42242
1.42291
1.42352
1.42422
1.42503
1.42594
1.42694
1.42804
1.42924
1.43053
1.43191
1.43338
1.43493
1.43657
1.4383
1.4401
1.44197
1.44392
1.44594
1.44803
1.45018
1.45238
1.45464
1.45695
1.45931
1.46171
1.46414
1.4666
1.46909
1.47161
1.47413
1.47667
1.47921
1.48175
1.48429
1.48681
1.48931
1.49179
1.49424
1.49666
1.49904
1.50138
1.50367
1.5059
1.50807
1.51019
1.51224
1.51421
1.51612
1.51795
1.5197
1.52137
1.52296
1.52446
1.52587
1.5272
1.52843
1.52957
1.53063
1.53159
1.53246
1.53323
1.53392
1.53452
1.53502
1.53544
1.53578
1.53603
1.5362
1.53628
1.53629
1.53623
1.53609
1.53589
1.53562
1.53529
1.5349
1.53445
1.53396
1.53341
1.53283
1.5322
1.53155
1.53086
1.53014
1.52941
1.52866
1.5279
1.52713
1.52636
1.52559
1.52482
1.52407
1.52333
1.5226
1.5219
1.52123
1.52058
1.51996
1.51938
1.51884
1.51833
1.51787
1.51745
1.51707
1.51674
1.51646
1.51622
1.51604
1.5159
1.5158
1.51576
1.51575
1.51579
1.51587
1.51599
1.51615
1.51634
1.51657
1.51682
1.5171
1.5174
1.51772
1.51805
1.5184
1.51875
1.51911
1.51947
1.51982
1.52017
1.52051
1.52084
1.52114
1.52143
1.52169
1.52193
1.52213
1.52231
1.52244
1.52254
1.5226
1.52262
1.52259
1.52252
1.52241
1.52224
1.52203
1.52177
1.52147
1.52111
1.52071
1.52025
1.51976
1.51921
1.51862
1.51798
1.5173
1.51658
1.51582
1.51502
1.51418
1.51331
1.51241
1.51148
1.51052
1.50953
1.50852
1.5075
1.50645
1.50539
1.50432
1.50324
1.50215
1.50106
1.49998
1.49889
1.49781
1.49674
1.49567
1.49463
1.49359
1.49258
1.49159
1.49062
1.48968
1.48877
1.48789
1.48705
1.48624
1.48547
1.48475
1.48407
1.48343
1.48285
1.48231
1.48183
1.4814
1.48103
1.48072
1.48047
1.48028
1.48015
1.48009
1.4801
1.48017
1.48032
1.48054
1.48083
1.48119
1.48163
1.48215
1.48274
1.48341
1.48416
1.48499
1.4859
1.48689
1.48795
1.4891
1.49033
1.49164
1.49304
1.49451
1.49606
1.49769
1.4994
1.50119
1.50305
1.50499
1.507
1.50909
1.51125
1.51347
1.51577
1.51813
1.52055
1.52304
1.52558
1.52818
1.53084
1.53354
1.53629
1.53909
1.54192
1.5448
1.54771
1.55065
1.55362
1.55661
1.55962
1.56264
1.56568
1.56872
1.57177
1.57482
1.57786
1.58089
1.58391
1.58691
1.58989
1.59284
1.59577
1.59866
1.60152
1.60433
1.6071
1.60982
1.61249
1.6151
1.61766
1.62015
1.62258
1.62494
1.62722
1.62944
1.63158
1.63364
1.63561
1.63751
1.63932
1.64105
1.64268
1.64423
1.64569
1.64706
1.64833
1.64952
1.65061
1.65161
1.65252
1.65334
1.65407
1.6547
1.65525
1.65571
1.65608
1.65636
1.65656
1.65667
1.65671
1.65666
1.65654
1.65634
1.65606
1.65572
1.6553
1.65482
1.65428
1.65367
1.653
1.65228
1.6515
1.65066
1.64978
1.64885
1.64788
1.64687
1.64582
1.64473
1.6436
1.64244
1.64125
1.64002
1.63877
1.63749
1.63618
1.63485
1.63349
1.63212
1.63072
1.6293
1.62786
1.6264
1.62492
1.62342
1.6219
1.62036
1.6188
1.61722
1.61562
1.61401
1.61236
1.6107
1.60902
1.60731
1.60558
1.60383
1.60205
1.60025
1.59842
1.59657
1.59469
1.59279
1.59086
1.5889
1.58692
1.58491
1.58287
1.5808
1.57871
1.57659
1.57444
1.57226
1.57006
1.56783
1.56557
1.56329
1.56099
1.55866
1.55631
1.55394
1.55155
1.54914
1.54672
1.54428
1.54182
1.53935
1.53687
1.53438
1.53189
1.52939
1.52689
1.52439
1.5219
1.51941
1.51692
1.51445
1.51199
1.50955
1.50714
1.50474
1.50237
1.50003
1.49773
1.49547
1.49324
1.49106
1.48893
1.48685
1.48482
1.48285
1.48094
1.4791
1.47733
1.47563
1.47401
1.47246
1.471
1.46962
1.46833
1.46713
1.46602
1.465
1.46408
1.46326
1.46255
1.46193
1.46142
1.46101
1.4607
1.46051
1.46041
1.46043
1.46055
1.46078
1.46111
1.46155
1.4621
1.46274
1.4635
1.46435
1.46531
1.46636
1.46751
1.46876
1.4701
1.47154
1.47306
1.47467
1.47637
1.47816
1.48002
1.48197
1.48399
1.48609
1.48827
1.49051
1.49282
1.4952
1.49765
1.50016
1.50272
1.50535
1.50803
1.51076
1.51354
1.51637
1.51924
1.52216
1.52512
1.52811
1.53115
1.53421
1.53731
1.54044
1.54359
1.54676
1.54996
1.55318
1.55641
1.55966
1.56291
1.56618
1.56945
1.57272
1.57599
1.57926
1.58253
1.58579
1.58903
1.59227
1.59549
1.59869
1.60187
1.60502
1.60815
1.61125
1.61432
1.61736
1.62036
1.62332
1.62624
1.62912
1.63196
1.63474
1.63749
1.64018
1.64281
1.6454
1.64793
1.6504
1.65282
1.65517
1.65746
1.65969
1.66186
1.66396
1.666
1.66797
1.66987
1.67171
1.67348
1.67517
1.6768
1.67835
1.67983
1.68125
1.68259
1.68385
1.68505
1.68617
1.68722
1.6882
1.68911
1.68995
1.69072
1.69141
1.69204
1.69259
1.69307
1.69349
1.69383
1.69411
1.69431
1.69445
1.69452
1.69453
1.69447
1.69434
1.69416
1.6939
1.69359
1.69321
1.69277
1.69226
1.6917
1.69107
1.69039
1.68964
1.68884
1.68798
1.68706
1.68609
1.68506
1.68397
1.68283
1.68164
1.6804
1.6791
1.67775
1.67634
1.67489
1.67338
1.67183
1.67022
1.66857
1.66686
1.66511
1.66331
1.66147
1.65958
1.65764
1.65566
1.65364
1.65158
1.64947
1.64733
1.64514
1.64292
1.64066
1.63836
1.63603
1.63367
1.63127
1.62885
1.6264
1.62392
1.62142
1.6189
1.61636
1.61381
1.61125
1.60867
1.60609
1.6035
1.60092
1.59834
1.59576
1.59319
1.59064
1.5881
1.58559
1.5831
1.58065
1.57822
1.57584
1.5735
1.5712
1.56896
1.56677
1.56464
1.56258
1.56058
1.55866
1.55681
1.55504
1.55336
1.55176
1.55025
1.54883
1.5475
1.54627
1.54514
1.54412
1.54319
1.54236
1.54164
1.54102
1.5405
1.54009
1.53978
1.53956
1.53945
1.53943
1.5395
1.53966
1.53991
1.54024
1.54065
1.54113
1.54169
1.54231
1.543
1.54374
1.54453
1.54537
1.54625
1.54716
1.54811
1.54908
1.55007
1.55108
1.5521
1.55313
1.55416
1.55519
1.55621
1.55722
1.55822
1.5592
1.56016
1.56109
1.56201
1.56289
1.56374
1.56457
1.56536
1.56612
1.56684
1.56753
1.56818
1.5688
1.56937
1.56992
1.57042
1.5709
1.57133
1.57173
1.5721
1.57244
1.57275
1.57302
1.57327
1.57349
1.57369
1.57386
1.57401
1.57414
1.57425
1.57434
1.57441
1.57447
1.57451
1.57454
1.57455
1.57456
1.57455
1.57454
1.57452
1.57449
1.57446
1.57442
1.57437
1.57432
1.57427
1.57421
1.57416
1.57409
1.57403
1.57396
1.57389
1.57382
1.57375
1.57367
1.57359
1.5735
1.57342
1.57332
1.57322
1.57311
1.573
1.57288
1.57275
1.57261
1.57246
1.5723
1.57212
1.57194
1.57174
1.57153
1.5713
1.57105
1.57079
1.5705
1.5702
1.56988
1.56953
1.56917
1.56878
1.56837
1.56793
1.56747
1.56698
1.56646
1.56591
1.56534
1.56474
1.56411
1.56345
1.56276
1.56204
1.56129
1.56052
1.55971
1.55886
1.55799
1.55709
1.55616
1.55519
1.5542
1.55318
1.55213
1.55104
1.54993
1.5488
1.54763
1.54644
1.54522
1.54398
1.54271
1.54142
1.54011
1.53878
1.53742
1.53605
1.53466
1.53326
1.53183
1.5304
1.52895
1.52749
1.52603
1.52455
1.52307
1.52159
1.5201
1.51861
1.51712
1.51564
1.51415
1.51268
1.51121
1.50975
1.5083
1.50687
1.50545
1.50404
1.50266
1.50129
1.49994
1.49861
1.49731
1.49603
1.49479
1.49357
1.49237
1.49121
1.49009
1.48899
1.48793
1.48691
1.48592
1.48497
1.48405
1.48318
1.48234
1.48154
1.48078
1.48007
1.47939
1.47876
1.47817
1.47762
1.47711
1.47664
1.47621
1.47582
1.47547
1.47517
1.4749
1.47467
1.47447
1.47432
1.4742
1.47411
1.47406
1.47405
1.47406
1.4741
1.47417
1.47427
1.4744
1.47455
1.47472
1.47492
1.47513
1.47536
1.4756
1.47586
1.47613
1.47641
1.4767
1.477
1.47729
1.4776
1.4779
1.4782
1.4785
1.4788
1.47909
1.47938
1.47966
1.47993
1.48019
1.48044
1.48068
1.4809
1.48111
1.48131
1.48149
1.48165
1.4818
1.48193
1.48205
1.48214
1.48223
1.48229
1.48234
1.48238
1.4824
1.48241
1.4824
1.48238
1.48236
1.48232
1.48227
1.48221
1.48214
1.48207
1.482
1.48192
1.48185
1.48177
1.4817
1.48163
1.48156
1.4815
1.48145
1.48141
1.48138
1.48136
1.48135
1.48136
1.48138
1.48142
1.48148
1.48156
1.48166
1.48177
1.48191
1.48207
1.48225
1.48245
1.48266
1.4829
1.48316
1.48344
1.48374
1.48406
1.48439
1.48475
1.48512
1.4855
1.4859
1.48631
1.48673
1.48716
1.4876
1.48804
1.48849
1.48894
1.48939
1.48985
1.49029
1.49074
1.49118
1.49161
1.49203
1.49245
1.49285
1.49323
1.4936
1.49395
1.49427
1.49458
1.49487
1.49513
1.49537
1.49558
1.49576
1.49591
1.49603
1.49613
1.49619
1.49622
1.49622
1.49618
1.49612
1.49601
1.49588
1.49571
1.49551
1.49527
1.495
1.49469
1.49435
1.49399
1.49358
1.49315
1.49269
1.4922
1.49167
1.49113
1.49055
1.48996
1.48933
1.48869
1.48803
1.48735
1.48665
1.48594
1.48521
1.48447
1.48373
1.48297
1.48222
1.48146
1.48069
1.47993
1.47918
1.47843
1.47768
1.47695
1.47623
1.47553
1.47484
1.47417
1.47353
1.47291
1.47231
1.47174
1.47121
1.4707
1.47022
1.46979
1.46938
1.46902
1.46869
1.46841
1.46817
1.46797
1.46781
1.4677
1.46764
1.46762
1.46764
1.46772
1.46784
1.468
1.46822
1.46848
1.46879
1.46914
1.46954
1.46998
1.47047
1.471
1.47157
1.47219
1.47284
1.47353
1.47426
1.47503
1.47583
1.47667
1.47754
1.47844
1.47936
1.48032
1.4813
1.48231
1.48334
1.48439
1.48547
1.48656
1.48767
1.48879
1.48993
1.49108
1.49225
1.49343
1.49461
1.49581
1.49701
1.49822
1.49943
1.50065
1.50187
1.50309
1.50432
1.50554
1.50677
1.50799
1.50922
1.51043
1.51165
1.51286
1.51407
1.51527
1.51647
1.51766
1.51884
1.52002
1.52118
1.52234
1.52349
1.52463
1.52576
1.52688
1.52798
1.52908
1.53016
1.53122
1.53227
1.53331
1.53433
1.53533
1.53632
1.53729
1.53824
1.53917
1.54007
1.54096
1.54183
1.54267
1.54349
1.54428
1.54505
1.54579
1.5465
1.54718
1.54783
1.54846
1.54905
1.54961
1.55013
1.55062
1.55108
1.5515
1.55188
1.55222
1.55252
1.55279
1.55301
1.55319
1.55333
1.55343
1.55348
1.55349
1.55345
1.55337
1.55325
1.55307
1.55285
1.55259
1.55227
1.55191
1.5515
1.55104
1.55054
1.54999
1.54939
1.54874
1.54805
1.54731
1.54653
1.5457
1.54483
1.54391
1.54296
1.54196
1.54093
1.53986
1.53875
1.53761
1.53644
1.53524
1.534
1.53275
1.53146
1.53016
1.52884
1.5275
1.52614
1.52478
1.5234
1.52202
1.52063
1.51924
1.51785
1.51647
1.51509
1.51372
1.51237
1.51103
1.50971
1.50841
1.50714
1.50589
1.50468
1.50349
1.50234
1.50123
1.50015
1.49912
1.49813
1.49718
1.49628
1.49543
1.49462
1.49387
1.49317
1.49253
1.49194
1.4914
1.49092
1.49049
1.49013
1.48981
1.48956
1.48936
1.48922
1.48914
1.48911
1.48914
1.48923
1.48937
1.48957
1.48982
1.49012
1.49048
1.49089
1.49135
1.49186
1.49242
1.49302
1.49368
1.49438
1.49513
1.49592
1.49676
1.49764
1.49856
1.49953
1.50053
1.50157
1.50265
1.50377
1.50493
1.50612
1.50734
1.5086
1.50988
1.5112
1.51255
1.51393
1.51533
1.51677
1.51822
1.5197
1.52121
1.52273
1.52427
1.52584
1.52742
1.52901
1.53062
1.53225
1.53388
1.53552
1.53717
1.53883
1.54049
1.54215
1.54382
1.54549
1.54715
1.54881
1.55047
1.55212
1.55376
1.55539
1.55701
1.55862
1.56021
1.56179
1.56334
1.56488
1.5664
1.5679
1.56938
1.57083
1.57225
1.57365
1.57502
1.57636
1.57767
1.57895
1.5802
1.58141
1.5826
1.58374
1.58485
1.58593
1.58696
1.58796
1.58892
1.58984
1.59072
1.59156
1.59236
1.59312
1.59383
1.5945
1.59513
1.59571
1.59625
1.59674
1.59719
1.59759
1.59794
1.59824
1.5985
1.59871
1.59886
1.59897
1.59903
1.59904
1.59899
1.59889
1.59874
1.59854
1.59829
1.59798
1.59761
1.59719
1.59672
1.59619
1.5956
1.59496
1.59426
1.59351
1.5927
1.59183
1.5909
1.58992
1.58888
1.58779
1.58664
1.58543
1.58417
1.58285
1.58148
1.58006
1.57858
1.57706
1.57548
1.57386
1.57218
1.57047
1.5687
1.5669
1.56506
1.56317
1.56125
1.5593
1.55731
1.55529
1.55325
1.55118
1.54909
1.54698
1.54486
1.54272
1.54057
1.53841
1.53624
1.53407
1.5319
1.52974
1.52758
1.52543
1.52329
1.52115
1.51904
1.51694
1.51486
1.51281
1.51077
1.50876
1.50678
1.50483
1.5029
1.50101
1.49915
1.49732
1.49552
1.49375
1.49202
1.49032
1.48866
1.48702
1.48542
1.48386
1.48232
1.48082
1.47935
1.4779
1.47649
1.4751
1.47374
1.47241
1.4711
1.46981
1.46855
1.4673
1.46607
1.46487
1.46367
1.46249
1.46133
1.46017
1.45903
1.4579
1.45677
1.45565
1.45453
1.45342
1.45231
1.4512
1.45009
1.44898
1.44786
1.44675
1.44562
1.4445
1.44336
1.44222
1.44107
1.43992
1.43875
1.43758
1.4364
1.43521
1.43401
1.4328
1.43159
1.43036
1.42913
1.42789
1.42664
1.42539
1.42413
1.42287
1.42161
1.42034
1.41908
1.41781
1.41655
1.41529
1.41403
1.41279
1.41155
1.41031
1.4091
1.40789
1.4067
1.40553
1.40437
1.40324
1.40213
1.40104
1.39998
1.39895
1.39794
1.39697
1.39603
1.39512
1.39425
1.39341
1.39261
1.39185
1.39113
1.39045
1.38982
1.38922
1.38867
1.38816
1.3877
1.38728
1.38691
1.38658
1.3863
1.38607
1.38589
1.38575
1.38565
1.38561
1.38561
1.38565
1.38575
1.38589
1.38607
1.38631
1.38659
1.38691
1.38728
1.3877
1.38816
1.38867
1.38922
1.38981
1.39045
1.39114
1.39186
1.39263
1.39344
1.39429
1.39518
1.39612
1.39709
1.3981
1.39915
1.40024
1.40137
1.40253
1.40373
1.40497
1.40624
1.40754
1.40888
1.41025
1.41165
1.41309
1.41455
1.41604
1.41755
1.41909
1.42066
1.42225
1.42387
1.4255
1.42716
1.42883
1.43053
1.43224
1.43396
1.4357
1.43746
1.43922
1.441
1.44279
1.44459
1.4464
1.44821
1.45003
1.45185
1.45368
1.45552
1.45735
1.45919
1.46103
1.46288
1.46472
1.46656
1.4684
1.47025
1.47209
1.47393
1.47577
1.47761
1.47946
1.4813
1.48314
1.48498
1.48682
1.48866
1.49051
1.49235
1.49419
1.49604
1.49788
1.49973
1.50158
1.50342
1.50527
1.50712
1.50898
1.51083
1.51268
1.51453
1.51638
1.51822
1.52006
1.5219
1.52373
1.52555
1.52736
1.52916
1.53095
1.53272
1.53448
1.53622
1.53793
1.53962
1.54128
1.54292
1.54452
1.54609
1.54763
1.54912
1.55057
1.55198
1.55334
1.55465
1.55591
1.55711
1.55826
1.55934
1.56037
1.56133
1.56222
1.56305
1.56381
1.5645
1.56511
1.56566
1.56613
1.56652
1.56684
1.56709
1.56726
1.56736
1.56739
1.56734
1.56722
1.56703
1.56677
1.56644
1.56605
1.56559
1.56507
1.56449
1.56385
1.56317
1.56242
1.56164
1.5608
1.55993
1.55902
1.55807
1.5571
1.5561
1.55507
1.55403
1.55297
1.5519
1.55083
1.54975
1.54867
1.54759
1.54653
1.54548
1.54444
1.54342
1.54243
1.54147
1.54053
1.53963
1.53877
1.53795
1.53718
1.53645
1.53577
1.53514
1.53456
1.53404
1.53358
1.53318
1.53284
1.53256
1.53234
1.53219
1.5321
1.53208
1.53212
1.53223
1.5324
1.53263
1.53292
1.53328
1.53369
1.53417
1.53469
1.53528
1.53591
1.5366
1.53733
1.53811
1.53894
1.5398
1.5407
1.54164
1.54261
1.54362
1.54465
1.54571
1.5468
1.54791
1.54903
1.55018
1.55134
1.55251
1.5537
1.5549
1.5561
1.55732
1.55854
1.55976
1.56099
1.56222
1.56345
1.56468
1.56591
1.56714
1.56836
1.56958
1.57079
1.572
1.57321
1.57441
1.5756
1.57678
1.57796
1.57913
1.58029
1.58143
1.58257
1.58369
1.5848
1.5859
1.58698
1.58805
1.5891
1.59013
1.59114
1.59214
1.59311
1.59406
1.59499
1.5959
1.59678
1.59763
1.59846
1.59925
1.60002
1.60075
1.60144
1.60211
1.60273
1.60332
1.60386
1.60437
1.60483
1.60525
1.60562
1.60594
1.60621
1.60644
1.60661
1.60672
1.60678
1.60679
1.60673
1.60662
1.60644
1.60621
1.60591
1.60554
1.60511
1.60461
1.60405
1.60341
1.60271
1.60194
1.60109
1.60018
1.59919
1.59814
1.59701
1.59581
1.59454
1.5932
1.59178
1.5903
1.58875
1.58713
1.58544
1.58369
1.58188
1.58
1.57807
1.57607
1.57402
1.57191
1.56976
1.56755
1.5653
1.56301
1.56067
1.55831
1.5559
1.55347
1.55101
1.54853
1.54604
1.54352
1.541
1.53847
1.53593
1.5334
1.53087
1.52835
1.52585
1.52336
1.5209
1.51845
1.51604
1.51366
1.51131
1.50901
1.50675
1.50454
1.50237
1.50026
1.49821
1.49621
1.49428
1.49241
1.49061
1.48888
1.48723
1.48564
1.48414
1.48271
1.48135
1.48008
1.47889
1.47779
1.47676
1.47583
1.47498
1.47421
1.47353
1.47293
1.47242
1.472
1.47166
1.4714
1.47123
1.47113
1.47112
1.47118
1.47132
1.47153
1.47181
1.47216
1.47257
1.47305
1.47358
1.47417
1.47481
1.4755
1.47624
1.47701
1.47782
1.47866
1.47953
1.48043
1.48134
1.48226
1.4832
1.48414
1.48508
1.48602
1.48695
1.48787
1.48877
1.48965
1.49051
1.49135
1.49215
1.49291
1.49365
1.49434
1.49499
1.49559
1.49614
1.49665
1.4971
1.4975
1.49785
1.49814
1.49837
1.49855
1.49866
1.49872
1.49872
1.49866
1.49854
1.49836
1.49812
1.49782
1.49747
1.49706
1.4966
1.49608
1.49552
1.4949
1.49423
1.49352
1.49277
1.49197
1.49113
1.49025
1.48934
1.48839
1.48741
1.48641
1.48538
1.48432
1.48325
1.48216
1.48106
1.47995
1.47882
1.4777
1.47657
1.47544
1.47431
1.47319
1.47208
1.47098
1.4699
1.46884
1.46779
1.46678
1.46579
1.46483
1.46391
1.46303
1.46218
1.46138
1.46062
1.4599
1.45924
1.45863
1.45807
1.45757
1.45712
1.45674
1.45641
1.45615
1.45595
1.45582
1.45576
1.45576
1.45583
1.45596
1.45617
1.45644
1.45678
1.45718
1.45765
1.45819
1.45879
1.45945
1.46017
1.46095
1.46179
1.46268
1.46363
1.46462
1.46566
1.46675
1.46788
1.46905
1.47025
1.47149
1.47275
1.47404
1.47536
1.47669
1.47804
1.4794
1.48076
1.48214
1.48351
1.48489
1.48626
1.48762
1.48897
1.4903
1.49162
1.49292
1.49419
1.49544
1.49666
1.49785
1.49901
1.50013
1.50122
1.50227
1.50329
1.50426
1.50519
1.50607
1.50691
1.50771
1.50846
1.50916
1.50982
1.51043
1.51099
1.5115
1.51196
1.51238
1.51275
1.51307
1.51334
1.51356
1.51374
1.51387
1.51396
1.514
1.514
1.51396
1.51387
1.51375
1.51358
1.51338
1.51313
1.51286
1.51255
1.5122
1.51183
1.51142
1.51099
1.51053
1.51004
1.50953
1.509
1.50845
1.50789
1.50731
1.50671
1.5061
1.50549
1.50486
1.50423
1.5036
1.50297
1.50233
1.5017
1.50108
1.50046
1.49985
1.49926
1.49867
1.4981
1.49755
1.49702
1.49651
1.49602
1.49556
1.49512
1.49471
1.49433
1.49397
1.49365
1.49335
1.49309
1.49286
1.49266
1.49249
1.49235
1.49224
1.49216
1.49211
1.49209
1.49209
1.49212
1.49218
1.49225
1.49235
1.49246
1.4926
1.49274
1.4929
1.49307
1.49324
1.49342
1.4936
1.49377
1.49395
1.49411
1.49427
1.49441
1.49454
1.49466
1.49475
1.49482
1.49487
1.49489
1.49488
1.49483
1.49476
1.49465
1.4945
1.49432
1.49409
1.49382
1.49351
1.49315
1.49275
1.4923
1.4918
1.49126
1.49067
1.49003
1.48934
1.4886
1.48782
1.48699
1.48611
1.48518
1.4842
1.48318
1.48212
1.48101
1.47987
1.47868
1.47745
1.47619
1.47489
1.47355
1.47219
1.4708
1.46938
1.46793
1.46646
1.46497
1.46347
1.46195
1.46041
1.45887
1.45732
1.45577
1.45422
1.45266
1.45112
1.44958
1.44805
1.44653
1.44503
1.44355
1.44208
1.44065
1.43923
1.43785
1.4365
1.43518
1.4339
1.43265
1.43145
1.43028
1.42916
1.42809
1.42706
1.42608
1.42514
1.42426
1.42343
1.42265
1.42192
1.42124
1.42062
1.42005
1.41954
1.41908
1.41867
1.41832
1.41802
1.41777
1.41758
1.41743
1.41734
1.41729
1.41729
1.41734
1.41744
1.41757
1.41775
1.41797
1.41823
1.41853
1.41886
1.41922
1.41961
1.42004
1.42049
1.42097
1.42147
1.422
1.42254
1.4231
1.42368
1.42427
1.42487
1.42549
1.4261
1.42673
1.42736
1.42799
1.42862
1.42925
1.42987
1.43049
1.4311
1.4317
1.43229
1.43287
1.43343
1.43398
1.43451
1.43503
1.43552
1.436
1.43645
1.43688
1.43729
1.43767
1.43803
1.43836
1.43867
1.43896
1.43921
1.43944
1.43965
1.43982
1.43997
1.4401
1.44019
1.44026
1.44031
1.44033
1.44032
1.44029
1.44023
1.44016
1.44006
1.43994
1.43979
1.43963
1.43945
1.43926
1.43904
1.43881
1.43856
1.4383
1.43803
1.43774
1.43745
1.43714
1.43682
1.43649
1.43616
1.43582
1.43547
1.43511
1.43475
1.43439
1.43402
1.43365
1.43327
1.4329
1.43252
1.43214
1.43176
1.43138
1.43099
1.43061
1.43023
1.42985
1.42947
1.4291
1.42872
1.42835
1.42798
1.42761
1.42725
1.42689
1.42654
1.42619
1.42585
1.42551
1.42518
1.42486
1.42454
1.42424
1.42394
1.42365
1.42337
1.42311
1.42285
1.42261
1.42238
1.42217
1.42197
1.42178
1.42161
1.42146
1.42133
1.42122
1.42112
1.42104
1.42099
1.42095
1.42094
1.42094
1.42097
1.42102
1.42109
1.42118
1.4213
1.42143
1.42159
1.42177
1.42197
1.42219
1.42244
1.4227
1.42298
1.42329
1.42361
1.42395
1.42431
1.42468
1.42507
1.42548
1.4259
1.42633
1.42678
1.42723
1.4277
1.42817
1.42865
1.42914
1.42963
1.43013
1.43063
1.43113
1.43163
1.43213
1.43263
1.43313
1.43362
1.4341
1.43458
1.43506
1.43552
1.43597
1.43642
1.43685
1.43727
1.43768
1.43808
1.43846
1.43883
1.43919
1.43953
1.43985
1.44017
1.44046
1.44075
1.44101
1.44127
1.44151
1.44173
1.44195
1.44215
1.44233
1.44251
1.44268
1.44284
1.44299
1.44313
1.44326
1.4434
1.44352
1.44365
1.44378
1.4439
1.44403
1.44416
1.44429
1.44443
1.44458
1.44473
1.4449
1.44507
1.44526
1.44546
1.44568
1.44591
1.44616
1.44642
1.44671
1.44701
1.44734
1.44769
1.44805
1.44844
1.44886
1.4493
1.44976
1.45024
1.45075
1.45129
1.45184
1.45242
1.45303
1.45366
1.45431
1.45498
1.45567
1.45639
1.45713
1.45788
1.45866
1.45945
1.46026
1.46108
1.46192
1.46277
1.46363
1.46451
1.46539
1.46629
1.46719
1.4681
1.46902
1.46994
1.47087
1.47179
1.47273
1.47366
1.47459
1.47552
1.47645
1.47738
1.4783
1.47922
1.48013
1.48104
1.48195
1.48284
1.48374
1.48462
1.48549
1.48636
1.48722
1.48807
1.48892
1.48975
1.49058
1.4914
1.49221
1.49301
1.4938
1.49458
1.49535
1.49611
1.49686
1.4976
1.49834
1.49906
1.49978
1.50048
1.50118
1.50186
1.50254
1.50321
1.50387
1.50453
1.50517
1.50581
1.50645
1.50707
1.50769
1.50829
1.50889
1.50949
1.51007
1.51065
1.51122
1.51178
1.51233
1.51287
1.51341
1.51394
1.51446
1.51497
1.51548
1.51597
1.51646
1.51693
1.5174
1.51786
1.51831
1.51875
1.51919
1.51961
1.52002
1.52042
1.52081
1.5212
1.52157
1.52193
1.52228
1.52263
1.52296
1.52328
1.5236
1.52391
1.5242
1.52449
1.52477
1.52505
1.52531
1.52557
1.52582
1.52606
1.5263
1.52653
1.52676
1.52698
1.5272
1.52741
1.52761
1.52781
1.52801
1.5282
1.52839
1.52858
1.52876
1.52894
1.52912
1.52929
1.52946
1.52963
1.52979
1.52995
1.53011
1.53027
1.53042
1.53056
1.5307
1.53084
1.53096
1.53109
1.5312
1.53131
1.53141
1.5315
1.53157
1.53164
1.53169
1.53173
1.53175
1.53175
1.53174
1.5317
1.53165
1.53157
1.53146
1.53133
1.53117
1.53098
1.53076
1.5305
1.5302
1.52987
1.5295
1.52908
1.52862
1.5281
1.52754
1.52693
1.52626
1.52554
1.52475
1.52391
1.523
1.52203
1.52099
1.51988
1.5187
1.51744
1.51611
1.51471
1.51322
1.51166
1.51001
1.50829
1.50648
1.50458
1.5026
1.50054
1.49839
1.49615
1.49384
1.49143
1.48895
1.48638
1.48374
1.48102
1.47823
1.47538
1.47245
1.46947
1.46644
1.46335
1.46023
1.45707
1.45389
1.45069
1.44748
1.44427
1.44108
1.43791
1.43478
1.4317
1.42868
1.42573
1.42288
1.42012
1.41749
1.41498
1.41262
1.41041
1.40838
1.40653
1.40487
1.40342
1.40218
1.40117
1.40038
1.39984
1.39954
1.39948
1.39967
1.40011
1.40079
1.40172
1.40289
1.40429
1.40592
1.40776
1.40982
1.41207
1.41452
1.41714
1.41992
1.42284
1.42591
1.42909
1.43239
1.43577
1.43923
1.44275
1.44633
1.44994
1.45358
1.45723
1.46087
1.46451
1.46812
1.4717
1.47524
1.47873
1.48216
1.48552
1.48882
1.49203
1.49516
1.4982
1.50114
1.50399
1.50674
1.50938
1.51192
1.51435
1.51667
1.51888
1.52098
1.52297
1.52484
1.5266
1.52826
1.5298
1.53123
1.53255
1.53376
1.53487
1.53587
1.53676
1.53756
1.53825
1.53885
1.53935
1.53975
1.54006
1.54028
1.54041
1.54046
1.54042
1.5403
1.5401
1.53982
1.53947
1.53904
1.53855
1.53799
1.53736
1.53667
1.53592
1.53511
1.53425
1.53333
1.53235
1.53133
1.53026
1.52914
1.52797
1.52676
1.52551
1.52422
1.5229
1.52153
1.52013
1.5187
1.51723
1.51573
1.51421
1.51266
1.51108
1.50947
1.50785
1.5062
1.50453
1.50284
1.50113
1.4994
1.49766
1.4959
1.49413
1.49234
1.49055
1.48874
1.48693
1.48511
1.48328
1.48145
1.47961
1.47777
1.47594
1.4741
1.47227
1.47045
1.46863
1.46682
1.46502
1.46323
1.46146
1.45971
1.45797
1.45626
1.45457
1.4529
1.45127
1.44966
1.44808
1.44654
1.44504
1.44358
1.44216
1.44078
1.43945
1.43817
1.43695
1.43577
1.43466
1.4336
1.4326
1.43166
1.43079
1.42999
1.42925
1.42857
1.42797
1.42744
1.42697
1.42658
1.42626
1.42601
1.42582
1.42571
1.42567
1.4257
1.42579
1.42595
1.42617
1.42645
1.4268
1.4272
1.42766
1.42818
1.42874
1.42935
1.43001
1.43071
1.43145
1.43222
1.43303
1.43387
1.43474
1.43563
1.43655
1.43748
1.43843
1.4394
1.44038
1.44136
1.44235
1.44334
1.44434
1.44533
1.44632
1.4473
1.44828
1.44925
1.4502
1.45114
1.45207
1.45298
1.45387
1.45474
1.4556
1.45643
1.45724
1.45803
1.45879
1.45953
1.46024
1.46092
1.46158
1.4622
1.4628
1.46337
1.46392
1.46443
1.46491
1.46536
1.46578
1.46617
1.46653
1.46686
1.46716
1.46743
1.46767
1.46788
1.46806
1.46822
1.46835
1.46846
1.46854
1.4686
1.46864
1.46866
1.46866
1.46864
1.46861
1.46856
1.4685
1.46843
1.46834
1.46825
1.46816
1.46805
1.46795
1.46785
1.46774
1.46764
1.46754
1.46745
1.46736
1.46728
1.46721
1.46715
1.4671
1.46707
1.46705
1.46704
1.46705
1.46708
1.46713
1.46719
1.46727
1.46737
1.46748
1.46762
1.46777
1.46795
1.46815
1.46836
1.46859
1.46884
1.46911
1.4694
1.4697
1.47002
1.47036
1.47071
1.47107
1.47145
1.47184
1.47224
1.47266
1.47308
1.47351
1.47396
1.47441
1.47486
1.47533
1.47579
1.47627
1.47674
1.47722
1.4777
1.47818
1.47866
1.47914
1.47962
1.4801
1.48058
1.48105
1.48153
1.482
1.48246
1.48292
1.48338
1.48383
1.48428
1.48472
1.48516
1.48559
1.48601
1.48642
1.48683
1.48724
1.48763
1.48802
1.4884
1.48878
1.48915
1.48951
1.48986
1.49021
1.49054
1.49087
1.49119
1.49151
1.49181
1.49211
1.4924
1.49269
1.49296
1.49323
1.49348
1.49373
1.49397
1.4942
1.49442
1.49464
1.49484
1.49503
1.49521
1.49538
1.49554
1.49569
1.49583
1.49595
1.49606
1.49616
1.49625
1.49632
1.49637
1.49642
1.49645
1.49646
1.49646
1.49644
1.4964
1.49635
1.49627
1.49619
1.49608
1.49595
1.49581
1.49564
1.49545
1.49524
1.49501
1.49476
1.49448
1.49419
1.49386
1.49352
1.49314
1.49275
1.49233
1.49188
1.4914
1.4909
1.49037
1.48982
1.48924
1.48863
1.48799
1.48732
1.48663
1.48591
1.48516
1.48438
1.48358
1.48275
1.48189
1.48101
1.48011
1.47918
1.47822
1.47725
1.47626
1.47524
1.47421
1.47316
1.4721
1.47103
1.46995
1.46886
1.46777
1.46668
1.46558
1.46449
1.46341
1.46233
1.46127
1.46023
1.4592
1.4582
1.45723
1.45628
1.45538
1.45451
1.45368
1.4529
1.45217
1.45149
1.45087
1.45031
1.44982
1.4494
1.44904
1.44877
1.44857
1.44844
1.4484
1.44845
1.44858
1.44879
1.44909
1.44948
1.44996
1.45053
1.45119
1.45193
1.45276
1.45368
1.45468
1.45576
1.45692
1.45816
1.45948
1.46087
1.46233
1.46386
1.46545
1.4671
1.4688
1.47056
1.47237
1.47422
1.47611
1.47804
1.48
1.482
1.48401
1.48605
1.48811
1.49018
1.49226
1.49435
1.49645
1.49855
1.50064
1.50273
1.50482
1.5069
1.50896
1.51101
1.51305
1.51507
1.51707
1.51905
1.52101
1.52295
1.52486
1.52675
1.52862
1.53045
1.53226
1.53405
1.5358
1.53753
1.53923
1.5409
1.54255
1.54416
1.54575
1.5473
1.54883
1.55033
1.5518
1.55324
1.55465
1.55603
1.55738
1.5587
1.55999
1.56125
1.56248
1.56368
1.56484
1.56597
1.56706
1.56812
1.56914
1.57013
1.57107
1.57198
1.57285
1.57368
1.57446
1.5752
1.57589
1.57654
1.57714
1.57769
1.57818
1.57863
1.57902
1.57936
1.57964
1.57987
1.58003
1.58014
1.58019
1.58018
1.5801
1.57996
1.57975
1.57948
1.57915
1.57874
1.57827
1.57773
1.57712
1.57644
1.57569
1.57487
1.57399
1.57303
1.572
1.57091
1.56974
1.5685
1.5672
1.56583
1.56439
1.56289
1.56131
1.55968
1.55798
1.55622
1.55439
1.55251
1.55056
1.54856
1.5465
1.54439
1.54222
1.54
1.53773
1.53541
1.53305
1.53064
1.52818
1.52569
1.52316
1.52059
1.51798
1.51534
1.51267
1.50998
1.50725
1.5045
1.50173
1.49894
1.49613
1.4933
1.49046
1.48762
1.48476
1.4819
1.47904
1.47617
1.47331
1.47045
1.4676
1.46476
1.46193
1.45912
1.45632
1.45355
1.4508
1.44808
1.44538
1.44272
1.4401
1.43751
1.43496
1.43246
1.43001
1.42761
1.42526
1.42297
1.42073
1.41857
1.41646
1.41443
1.41247
1.41058
1.40877
1.40704
1.4054
1.40384
1.40237
1.40099
1.39971
1.39853
1.39744
1.39646
1.39558
1.39481
1.39414
1.39358
1.39313
1.3928
1.39258
1.39248
1.39249
1.39262
1.39287
1.39324
1.39373
1.39434
1.39507
1.39592
1.39689
1.39799
1.3992
1.40053
1.40199
1.40356
1.40525
1.40706
1.40898
1.41102
1.41318
1.41544
1.41782
1.4203
1.42289
1.42558
1.42837
1.43127
1.43425
1.43733
1.44049
1.44375
1.44708
1.45049
1.45398
1.45753
1.46115
1.46484
1.46858
1.47237
1.47621
1.48009
1.48401
1.48796
1.49194
1.49595
1.49997
1.504
1.50804
1.51209
1.51613
1.52016
1.52417
1.52817
1.53215
1.5361
1.54001
1.54388
1.54771
1.55148
1.55521
1.55887
1.56247
1.56601
1.56947
1.57285
1.57616
1.57938
1.58252
1.58556
1.58851
1.59137
1.59412
1.59677
1.59932
1.60176
1.60409
1.6063
1.60841
1.6104
1.61227
1.61402
1.61566
1.61717
1.61856
1.61984
1.62098
1.62201
1.62292
1.6237
1.62436
1.62489
1.62531
1.62561
1.62578
1.62584
1.62578
1.62561
1.62532
1.62492
1.62441
1.6238
1.62307
1.62225
1.62132
1.62029
1.61917
1.61796
1.61665
1.61526
1.61379
1.61223
1.61059
1.60888
1.6071
1.60525
1.60334
1.60137
1.59934
1.59726
1.59513
1.59296
1.59075
1.58851
1.58623
1.58393
1.5816
1.57926
1.57691
1.57455
1.57218
1.56981
1.56745
1.5651
1.56275
1.56043
1.55813
1.55585
1.5536
1.55139
1.54921
1.54708
1.54499
1.54295
1.54096
1.53903
1.53716
1.53535
1.53361
1.53193
1.53033
1.52879
1.52733
1.52595
1.52465
1.52343
1.52229
1.52123
1.52025
1.51936
1.51856
1.51784
1.5172
1.51665
1.51619
1.5158
1.5155
1.51529
1.51515
1.51509
1.51511
1.5152
1.51537
1.51561
1.51592
1.5163
1.51674
1.51724
1.5178
1.51842
1.51908
1.5198
1.52056
1.52137
1.52221
1.52309
1.524
1.52494
1.52591
1.52689
1.5279
1.52892
1.52995
1.53098
1.53202
1.53305
1.53408
1.53511
1.53612
1.53711
1.53809
1.53904
1.53997
1.54087
1.54173
1.54256
1.54335
1.5441
1.54481
1.54546
1.54607
1.54662
1.54711
1.54755
1.54792
1.54823
1.54847
1.54864
1.54874
1.54877
1.54872
1.54859
1.54838
1.5481
1.54773
1.54727
1.54673
1.54611
1.5454
1.54459
1.5437
1.54272
1.54165
1.54048
1.53923
1.53788
1.53643
1.5349
1.53327
1.53155
1.52974
1.52784
1.52585
1.52377
1.5216
1.51935
1.51701
1.51459
1.51208
1.5095
1.50683
1.5041
1.50129
1.49841
1.49546
1.49245
1.48938
1.48625
1.48307
1.47985
1.47657
1.47326
1.4699
1.46652
1.46311
1.45967
1.45622
1.45276
1.44929
1.44582
1.44235
1.4389
1.43546
1.43204
1.42866
1.4253
1.42199
1.41873
1.41552
1.41237
1.40929
1.40629
1.40337
1.40054
1.3978
1.39516
1.39263
1.39022
1.38792
1.38575
1.38372
1.38182
1.38006
1.37845
1.377
1.3757
1.37456
1.37358
1.37277
1.37213
1.37166
1.37137
1.37125
1.3713
1.37152
1.37192
1.37249
1.37323
1.37414
1.37521
1.37645
1.37785
1.37941
1.38112
1.38297
1.38498
1.38711
1.38939
1.39179
1.39431
1.39695
1.39971
1.40256
1.40552
1.40857
1.41171
1.41492
1.41821
1.42157
1.425
1.42848
1.43201
1.43558
1.4392
1.44285
1.44653
1.45023
1.45395
1.45769
1.46143
1.46518
1.46893
1.47268
1.47641
1.48013
1.48384
1.48752
1.49119
1.49482
1.49842
1.50199
1.50552
1.50901
1.51245
1.51585
1.5192
1.52251
1.52576
1.52895
1.53209
1.53517
1.53818
1.54114
1.54403
1.54686
1.54961
1.5523
1.55492
1.55747
1.55995
1.56236
1.56469
1.56695
1.56914
1.57125
1.57329
1.57525
1.57714
1.57895
1.58069
1.58235
1.58394
1.58546
1.5869
1.58827
1.58956
1.59079
1.59194
1.59303
1.59404
1.59499
1.59587
1.59668
1.59743
1.59812
1.59874
1.5993
1.5998
1.60025
1.60063
1.60096
1.60124
1.60146
1.60163
1.60175
1.60182
1.60184
1.60182
1.60175
1.60163
1.60148
1.60128
1.60104
1.60076
1.60045
1.60009
1.59971
1.59928
1.59882
1.59834
1.59781
1.59726
1.59668
1.59607
1.59543
1.59477
1.59408
1.59336
1.59262
1.59186
1.59107
1.59026
1.58943
1.58858
1.58771
1.58682
1.58591
1.58499
1.58404
1.58308
1.5821
1.58111
1.5801
1.57908
1.57805
1.577
1.57594
1.57487
1.57379
1.57269
1.57159
1.57048
1.56936
1.56823
1.56709
1.56595
1.5648
1.56365
1.56249
1.56133
1.56017
1.559
1.55784
1.55667
1.55551
1.55434
1.55318
1.55203
1.55088
1.54974
1.54861
1.54749
1.54637
1.54528
1.5442
1.54313
1.54209
1.54107
1.54007
1.5391
1.53816
1.53724
1.53637
1.53552
1.53472
1.53396
1.53324
1.53256
1.53194
1.53136
1.53084
1.53037
1.52996
1.52961
1.52932
1.5291
1.52894
1.52885
1.52882
1.52887
1.52898
1.52917
1.52943
1.52977
1.53018
1.53066
1.53121
1.53184
1.53254
1.53331
1.53415
1.53505
1.53602
1.53706
1.53815
1.53931
1.54052
1.54178
1.5431
1.54446
1.54586
1.5473
1.54877
1.55028
1.55181
1.55337
1.55494
1.55653
1.55812
1.55972
1.56132
1.56291
1.5645
1.56606
1.56761
1.56914
1.57064
1.5721
1.57353
1.57492
1.57626
1.57755
1.5788
1.57998
1.5811
1.58216
1.58315
1.58407
1.58492
1.58569
1.58638
1.58699
1.58751
1.58795
1.5883
1.58855
1.58872
1.58879
1.58876
1.58864
1.58842
1.5881
1.58768
1.58715
1.58653
1.5858
1.58498
1.58404
1.58301
1.58188
1.58064
1.5793
1.57786
1.57632
1.57468
1.57295
1.57112
1.56919
1.56717
1.56506
1.56286
1.56057
1.5582
1.55575
1.55322
1.55061
1.54793
1.54519
1.54238
1.53951
1.53658
1.53361
1.53058
1.52752
1.52442
1.52129
1.51814
1.51497
1.51179
1.5086
1.50542
1.50224
1.49909
1.49595
1.49284
1.48977
1.48675
1.48378
1.48087
1.47803
1.47526
1.47257
1.46997
1.46746
1.46505
1.46275
1.46057
1.4585
1.45655
1.45473
1.45303
1.45148
1.45005
1.44877
1.44763
1.44662
1.44576
1.44505
1.44447
1.44403
1.44374
1.44358
1.44355
1.44366
1.4439
1.44426
1.44475
1.44535
1.44607
1.4469
1.44783
1.44887
1.45
1.45122
1.45252
1.45391
1.45538
1.45692
1.45852
1.46019
1.46192
1.46371
1.46554
1.46743
1.46935
1.47132
1.47332
1.47535
1.47741
1.4795
1.48162
1.48375
1.48591
1.48808
1.49027
1.49247
1.49468
1.4969
1.49912
1.50135
1.50358
1.50582
1.50806
1.51029
1.51252
1.51475
1.51698
1.51919
1.5214
1.5236
1.52579
1.52797
1.53013
1.53228
1.53442
1.53654
1.53864
1.54073
1.54279
1.54484
1.54687
1.54888
1.55086
1.55282
1.55476
1.55667
1.55856
1.56042
1.56225
1.56406
1.56583
1.56758
1.5693
1.57098
1.57263
1.57426
1.57585
1.5774
1.57892
1.58041
1.58186
1.58327
1.58465
1.58599
1.58729
1.58856
1.58979
1.59098
1.59213
1.59324
1.59431
1.59534
1.59633
1.59728
1.59819
1.59905
1.59988
1.60066
1.6014
1.6021
1.60275
1.60337
1.60394
1.60447
1.60495
1.6054
1.6058
1.60616
1.60648
1.60676
1.60699
1.60718
1.60733
1.60744
1.6075
1.60753
1.60751
1.60746
1.60736
1.60722
1.60705
1.60683
1.60658
1.60628
1.60595
1.60558
1.60517
1.60473
1.60425
1.60373
1.60318
1.60259
1.60196
1.6013
1.60061
1.59988
1.59911
1.59831
1.59748
1.59662
1.59572
1.59479
1.59382
1.59282
1.59179
1.59073
1.58963
1.5885
1.58734
1.58615
1.58493
1.58368
1.58239
1.58108
1.57973
1.57836
1.57695
1.57552
1.57406
1.57257
1.57105
1.5695
1.56793
1.56634
1.56472
1.56308
1.56142
1.55974
1.55804
1.55633
1.5546
1.55286
1.5511
1.54933
1.54756
1.54578
1.544
1.54221
1.54043
1.53865
1.53688
1.53512
1.53337
1.53163
1.52992
1.52822
1.52655
1.52491
1.52329
1.52171
1.52016
1.51865
1.51718
1.51575
1.51437
1.51303
1.51174
1.5105
1.5093
1.50816
1.50708
1.50604
1.50506
1.50413
1.50325
1.50242
1.50164
1.50091
1.50024
1.4996
1.49901
1.49846
1.49796
1.49748
1.49704
1.49663
1.49625
1.49589
1.49555
1.49523
1.49492
1.49462
1.49432
1.49403
1.49373
1.49342
1.49311
1.49278
1.49243
1.49206
1.49166
1.49123
1.49077
1.49028
1.48975
1.48917
1.48856
1.4879
1.48719
1.48643
1.48561
1.48475
1.48383
1.48285
1.48182
1.48073
1.47958
1.47837
1.4771
1.47578
1.47439
1.47295
1.47145
1.4699
1.46829
1.46662
1.46491
1.46315
1.46133
1.45948
1.45757
1.45563
1.45365
1.45163
1.44957
1.44748
1.44537
1.44323
1.44106
1.43888
1.43668
1.43447
1.43225
1.43002
1.42779
1.42557
1.42335
1.42113
1.41893
1.41675
1.41458
1.41243
1.41031
1.40822
1.40617
1.40414
1.40216
1.40022
1.39833
1.39648
1.39468
1.39294
1.39126
1.38963
1.38806
1.38656
1.38512
1.38375
1.38245
1.38122
1.38006
1.37898
1.37797
1.37704
1.37618
1.3754
1.3747
1.37407
1.37353
1.37306
1.37267
1.37236
1.37213
1.37197
1.3719
1.37189
1.37197
1.37211
1.37233
1.37262
1.37298
1.37341
1.37391
1.37447
1.3751
1.37579
1.37654
1.37734
1.37821
1.37913
1.3801
1.38112
1.38218
1.3833
1.38445
1.38565
1.38688
1.38815
1.38945
1.39079
1.39215
1.39354
1.39496
1.3964
1.39786
1.39934
1.40083
1.40234
1.40386
1.4054
1.40694
1.4085
1.41006
1.41162
1.41319
1.41476
1.41634
1.41791
1.41948
1.42106
1.42263
1.4242
1.42576
1.42732
1.42888
1.43044
1.43199
1.43354
1.43509
1.43663
1.43817
1.4397
1.44124
1.44277
1.4443
1.44583
1.44736
1.44889
1.45042
1.45195
1.45349
1.45502
1.45657
1.45812
1.45967
1.46124
1.46281
1.46439
1.46598
1.46757
1.46918
1.47081
1.47244
1.47409
1.47575
1.47742
1.47911
1.48081
1.48252
1.48425
1.48598
1.48774
1.4895
1.49128
1.49307
1.49487
1.49668
1.49849
1.50032
1.50216
1.504
1.50584
1.50769
1.50955
1.5114
1.51326
1.51511
1.51696
1.5188
1.52064
1.52248
1.5243
1.52611
1.5279
1.52968
1.53145
1.53319
1.53491
1.53661
1.53828
1.53993
1.54155
1.54314
1.54469
1.54622
1.54771
1.54916
1.55057
1.55194
1.55327
1.55455
1.55579
1.55699
1.55813
1.55923
1.56028
1.56128
1.56222
1.56312
1.56395
1.56474
1.56546
1.56613
1.56675
1.5673
1.5678
1.56823
1.56861
1.56893
1.56919
1.56938
1.56952
1.56959
1.5696
1.56955
1.56944
1.56927
1.56903
1.56874
1.56838
1.56796
1.56748
1.56694
1.56634
1.56568
1.56496
1.56418
1.56334
1.56244
1.56149
1.56048
1.55941
1.55828
1.5571
1.55587
1.55457
1.55323
1.55183
1.55039
1.54889
1.54733
1.54573
1.54408
1.54238
1.54064
1.53884
1.537
1.53512
1.53319
1.53121
1.52919
1.52714
1.52503
1.52289
1.52071
1.51849
1.51624
1.51394
1.51161
1.50925
1.50685
1.50442
1.50196
1.49947
1.49695
1.4944
1.49182
1.48922
1.48659
1.48394
1.48127
1.47857
1.47586
1.47313
1.47038
1.46762
1.46485
1.46206
1.45927
1.45647
1.45366
1.45084
1.44803
1.44521
1.44239
1.43958
1.43677
1.43397
1.43118
1.4284
1.42563
1.42288
1.42014
1.41743
1.41473
1.41205
1.4094
1.40678
1.40418
1.40162
1.39909
1.39659
1.39413
1.3917
1.38932
1.38697
1.38467
1.38241
1.3802
1.37803
1.37591
1.37385
1.37183
1.36987
1.36796
1.36611
1.36431
1.36257
1.36089
1.35927
1.35771
1.35622
1.35479
1.35342
1.35212
1.35089
1.34972
1.34862
1.34759
1.34664
1.34575
1.34494
1.34419
1.34352
1.34293
1.34241
1.34196
1.34159
1.34129
1.34107
1.34092
1.34085
1.34085
1.34093
1.34108
1.3413
1.3416
1.34196
1.34239
1.34289
1.34345
1.34408
1.34477
1.34552
1.34633
1.34719
1.3481
1.34907
1.35008
1.35113
1.35223
1.35336
1.35453
1.35572
1.35695
1.3582
1.35947
1.36076
1.36207
1.36339
1.36472
1.36606
1.3674
1.36874
1.37008
1.37143
1.37276
1.3741
1.37542
1.37674
1.37805
1.37934
1.38063
1.3819
1.38316
1.38441
1.38565
1.38687
1.38809
1.38929
1.39049
1.39168
1.39286
1.39403
1.39519
1.39636
1.39752
1.39868
1.39984
1.401
1.40217
1.40334
1.40453
1.40571
1.40691
1.40812
1.40935
1.41058
1.41184
1.4131
1.41439
1.41569
1.41701
1.41835
1.4197
1.42108
1.42247
1.42388
1.42531
1.42675
1.42821
1.42968
1.43117
1.43267
1.43419
1.43572
1.43725
1.43879
1.44034
1.44189
1.44345
1.445
1.44656
1.44811
1.44966
1.4512
1.45274
1.45426
1.45577
1.45727
1.45876
1.46023
1.46168
1.46312
1.46453
1.46592
1.46729
1.46863
1.46995
1.47124
1.4725
1.47374
1.47495
1.47613
1.47728
1.4784
1.47949
1.48055
1.48157
1.48256
1.48352
1.48445
1.48535
1.48621
1.48705
1.48785
1.48863
1.48937
1.49008
1.49077
1.49142
1.49205
1.49265
1.49322
1.49377
1.49429
1.49479
1.49526
1.4957
1.49613
1.49653
1.49691
1.49728
1.49762
1.49794
1.49824
1.49853
1.49879
1.49904
1.49928
1.49949
1.49969
1.49987
1.50003
1.50018
1.50031
1.50043
1.50053
1.50061
1.50068
1.50073
1.50076
1.50078
1.50078
1.50076
1.50073
1.50068
1.50061
1.50052
1.50042
1.50031
1.50017
1.50002
1.49985
1.49967
1.49946
1.49925
1.49901
1.49877
1.4985
1.49823
1.49793
1.49763
1.49731
1.49698
1.49664
1.49629
1.49593
1.49556
1.49518
1.4948
1.49441
1.49401
1.49361
1.49321
1.49281
1.49241
1.49201
1.49161
1.49122
1.49084
1.49047
1.4901
1.48975
1.48942
1.4891
1.48879
1.48851
1.48825
1.48801
1.4878
1.48761
1.48745
1.48732
1.48723
1.48716
1.48714
1.48715
1.48719
1.48728
1.48741
1.48757
1.48779
1.48804
1.48835
1.48869
1.48908
1.48952
1.49001
1.49054
1.49112
1.49175
1.49243
1.49315
1.49391
1.49473
1.49558
1.49649
1.49743
1.49842
1.49944
1.50051
1.50161
1.50275
1.50392
1.50512
1.50636
1.50762
1.50891
1.51022
1.51156
1.51292
1.51429
1.51569
1.5171
1.51852
1.51995
1.52139
1.52284
1.52429
1.52574
1.5272
1.52865
1.5301
1.53154
1.53298
1.53441
1.53583
1.53724
1.53864
1.54002
1.54139
1.54274
1.54407
1.54538
1.54668
1.54796
1.54921
1.55045
1.55166
1.55285
1.55401
1.55515
1.55627
1.55736
1.55843
1.55948
1.5605
1.5615
1.56247
1.56342
1.56434
1.56524
1.56611
1.56697
1.5678
1.5686
1.56938
1.57015
1.57089
1.5716
1.5723
1.57298
1.57364
1.57427
1.57489
1.57549
1.57607
1.57664
1.57718
1.57771
1.57822
1.57871
1.57918
1.57964
1.58007
1.58049
1.58089
1.58128
1.58164
1.58199
1.58232
1.58262
1.58291
1.58318
1.58343
1.58366
1.58387
1.58406
1.58423
1.58437
1.58449
1.58459
1.58467
1.58473
1.58476
1.58477
1.58475
1.58472
1.58466
1.58457
1.58447
1.58434
1.58419
1.58402
1.58382
1.58361
1.58338
1.58313
1.58286
1.58257
1.58227
1.58195
1.58161
1.58126
1.5809
1.58052
1.58014
1.57974
1.57933
1.57892
1.5785
1.57807
1.57764
1.57721
1.57677
1.57633
1.57588
1.57544
1.575
1.57456
1.57412
1.57369
1.57326
1.57283
1.57241
1.572
1.57159
1.57119
1.57079
1.5704
1.57002
1.56965
1.56929
1.56893
1.56858
1.56823
1.5679
1.56757
1.56726
1.56694
1.56664
1.56635
1.56606
1.56578
1.5655
1.56524
1.56498
1.56473
1.56448
1.56425
1.56401
1.56379
1.56357
1.56336
1.56315
1.56294
1.56274
1.56255
1.56236
1.56218
1.56199
1.56182
1.56164
1.56147
1.5613
1.56113
1.56097
1.5608
1.56064
