-4.31951
-4.31725
-4.31492
-4.31205
-4.30815
-4.3049
-4.30063
-4.29653
-4.29188
-4.28717
-4.2819
-4.27657
-4.27021
-4.26377
-4.25776
-4.25095
-4.24358
-4.23615
-4.22841
-4.22084
-4.21199
-4.20332
-4.19384
-4.1843
-4.17469
-4.16428
-4.1538
-4.14324
-4.13237
-4.12095
-4.10969
-4.09788
-4.08551
-4.07234
-4.05934
-4.04603
-4.03264
-4.01893
-4.00491
-3.99034
-3.97568
-3.96
-3.94472
-3.92864
-3.9125
-3.89604
-3.87974
-3.8629
-3.84574
-3.82828
-3.81027
-3.79219
-3.77356
-3.75462
-3.73563
-3.71657
-3.69673
-3.67684
-3.65617
-3.6352
-3.61443
-3.59312
-3.57129
-3.5499
-3.52799
-3.50556
-3.4831
-3.46037
-3.43713
-3.41387
-3.39035
-3.36658
-3.34255
-3.31853
-3.29354
-3.26879
-3.24405
-3.21885
-3.19319
-3.16755
-3.1417
-3.11541
-3.08892
-3.06272
-3.03609
-3.00881
-2.98183
-2.95421
-2.92691
-2.8997
-2.87211
-2.84413
-2.81651
-2.78901
-2.76115
-2.73318
-2.70511
-2.67695
-2.64847
-2.6199
-2.59127
-2.56281
-2.53407
-2.50503
-2.47572
-2.44662
-2.41749
-2.38835
-2.3592
-2.3303
-2.30164
-2.27251
-2.24413
-2.21505
-2.1865
-2.15775
-2.12977
-2.10089
-2.07255
-2.04405
-2.01562
-1.98705
-1.95881
-1.93067
-1.90287
-1.87519
-1.84739
-1.81947
-1.79168
-1.76428
-1.73701
-1.71014
-1.68318
-1.65662
-1.63022
-1.604
-1.57795
-1.55137
-1.52545
-1.49972
-1.47419
-1.44885
-1.42397
-1.39929
-1.37507
-1.35082
-1.32656
-1.30276
-1.27847
-1.25465
-1.23154
-1.20892
-1.18605
-1.16344
-1.14106
-1.11918
-1.09731
-1.07594
-1.05458
-1.033
-1.01216
-0.99206
-0.971025
-0.950978
-0.931197
-0.911443
-0.892198
-0.872983
-0.854279
-0.836087
-0.817927
-0.80028
-0.783388
-0.765807
-0.748981
-0.731705
-0.714943
-0.699177
-0.683202
-0.66774
-0.652308
-0.637387
-0.622737
-0.607874
-0.594002
-0.580399
-0.567062
-0.553993
-0.540467
-0.527205
-0.514687
-0.502431
-0.490194
-0.478939
-0.46698
-0.455999
-0.444792
-0.434079
-0.423137
-0.412446
-0.402004
-0.392051
-0.382343
-0.373121
-0.363901
-0.354923
-0.345703
-0.336963
-0.329181
-0.320913
-0.313119
-0.305076
-0.297744
-0.290881
-0.284244
-0.277351
-0.271163
-0.264954
-0.258965
-0.252951
-0.247634
-0.24205
-0.236435
-0.231512
-0.226795
-0.222283
-0.218216
-0.214109
-0.2102
-0.206727
-0.203448
-0.200601
-0.196979
-0.194506
-0.191735
-0.189385
-0.18697
-0.18497
-0.183142
-0.181242
-0.179507
-0.177933
-0.17676
-0.175741
-0.174875
-0.173917
-0.173105
-0.172435
-0.171662
-0.171507
-0.171242
-0.171106
-0.170853
-0.170961
-0.170945
-0.170562
-0.170772
-0.171328
-0.171986
-0.172261
-0.173113
-0.174056
-0.174846
-0.175718
-0.176911
-0.177939
-0.179279
-0.180687
-0.182399
-0.184654
-0.186242
-0.187401
-0.18909
-0.190824
-0.191875
-0.193928
-0.195773
-0.198129
-0.199787
-0.201708
-0.203887
-0.205839
-0.20756
-0.209771
-0.211503
-0.213474
-0.21544
-0.216675
-0.21862
-0.220788
-0.222214
-0.224339
-0.225954
-0.227537
-0.229084
-0.230833
-0.232299
-0.233477
-0.235328
-0.236884
-0.238622
-0.239818
-0.24119
-0.242252
-0.243243
-0.244882
-0.244999
-0.245758
-0.246673
-0.247499
-0.248475
-0.249358
-0.250385
-0.251072
-0.251417
-0.251418
-0.251552
-0.251578
-0.251734
-0.251537
-0.251707
-0.251282
-0.25098
-0.250078
-0.248816
-0.247916
-0.246895
-0.245993
-0.244488
-0.243102
-0.241835
-0.239966
-0.238217
-0.236107
-0.233879
-0.231533
-0.229312
-0.227218
-0.224772
-0.222216
-0.219312
-0.217266
-0.214396
-0.211427
-0.208362
-0.205446
-0.201959
-0.198627
-0.194973
-0.191723
-0.188159
-0.184287
-0.180591
-0.176595
-0.172545
-0.168685
-0.16478
-0.160835
-0.156856
-0.152846
-0.148332
-0.14428
-0.140454
-0.136139
-0.132301
-0.128464
-0.124876
-0.121058
-0.116776
-0.112275
-0.107799
-0.104319
-0.100632
-0.0965041
-0.0929004
-0.0886219
-0.0851171
-0.0814262
-0.077793
-0.0744627
-0.0709559
-0.0679974
-0.0646274
-0.0613292
-0.0576235
-0.054475
-0.0514044
-0.048655
-0.0459854
-0.0424343
-0.0394468
-0.0367822
-0.0346822
-0.0324248
-0.030009
-0.0269537
-0.0247019
-0.0222897
-0.0197166
-0.0179443
-0.0160081
-0.0139064
-0.0121198
-0.0106458
-0.00924281
-0.00766726
-0.00615794
-0.00447142
-0.002846
-0.00152098
-0.000734055
0.000480445
0.00164406
0.00300008
0.00406874
0.00461222
0.00559656
0.00702403
0.00769406
0.0083305
0.00893681
0.00999701
0.0107911
0.0115623
0.012072
0.0125626
0.0132772
0.0137362
0.0146636
0.0155793
0.0160033
0.0161777
0.0168257
0.017226
0.0178611
0.0182507
0.0191169
0.0199785
0.0208351
0.0216867
0.0218107
0.0221703
0.0222831
0.0228704
0.0234504
0.0245029
0.0250633
0.0256118
0.0261469
0.0269074
0.0274093
0.0276506
0.02835
0.0285421
0.0294289
0.0290805
0.0296617
0.030206
0.0307111
0.0309324
0.0311067
0.0312317
0.0315447
0.0313199
0.0312762
0.0309286
0.0307551
0.0305113
0.0309158
0.03052
0.0300436
0.0297242
0.0285942
0.0280952
0.027261
0.0268104
0.0260188
0.0246428
0.0234016
0.0218112
0.0205905
0.0190156
0.0175655
0.0159969
0.0143068
0.0124939
0.0103147
0.00752821
0.00485324
0.00204907
-0.000403565
-0.00322849
-0.005945
-0.00879444
-0.0117769
-0.0151337
-0.0186241
-0.0224895
-0.0260072
-0.0301399
-0.0341652
-0.0383231
-0.042613
-0.047034
-0.0513445
-0.0562666
-0.0608356
-0.0657724
-0.0710757
-0.0760218
-0.0806085
-0.0855577
-0.0911073
-0.0962916
-0.102072
-0.107963
-0.113723
-0.119591
-0.126285
-0.132358
-0.139012
-0.145281
-0.152125
-0.158817
-0.165356
-0.172701
-0.179404
-0.186424
-0.193517
-0.200438
-0.207667
-0.215198
-0.222548
-0.230192
-0.237887
-0.24563
-0.253657
-0.261723
-0.269585
-0.277237
-0.285638
-0.2931
-0.300582
-0.308079
-0.315828
-0.323343
-0.331101
-0.338616
-0.346366
-0.354106
-0.361831
-0.370261
-0.378187
-0.385845
-0.392991
-0.400102
-0.407656
-0.415166
-0.422628
-0.430039
-0.437395
-0.444211
-0.451206
-0.458134
-0.465234
-0.472259
-0.479207
-0.485833
-0.492616
-0.499794
-0.506399
-0.513874
-0.520771
-0.526846
-0.533539
-0.539404
-0.5454
-0.551524
-0.557293
-0.562943
-0.568232
-0.57388
-0.579404
-0.584801
-0.589588
-0.594484
-0.599489
-0.604118
-0.60837
-0.612725
-0.617182
-0.621258
-0.625191
-0.628981
-0.632628
-0.636372
-0.639489
-0.642461
-0.645768
-0.648928
-0.651941
-0.655048
-0.65801
-0.660343
-0.663012
-0.665052
-0.667428
-0.669177
-0.670541
-0.672002
-0.673561
-0.674498
-0.675534
-0.676431
-0.67695
-0.677573
-0.678543
-0.677936
-0.678402
-0.678259
-0.678229
-0.678314
-0.678276
-0.677877
-0.677358
-0.676723
-0.676457
-0.67584
-0.674874
-0.673803
-0.672149
-0.671359
-0.670233
-0.668773
-0.666982
-0.665345
-0.664106
-0.662306
-0.660429
-0.658962
-0.656943
-0.654858
-0.652952
-0.650986
-0.649207
-0.647135
-0.645498
-0.643335
-0.640891
-0.63865
-0.636135
-0.633831
-0.631261
-0.628909
-0.626538
-0.62367
-0.621272
-0.619107
-0.616215
-0.613561
-0.61115
-0.608503
-0.605864
-0.603237
-0.600624
-0.59803
-0.595699
-0.593633
-0.591114
-0.588866
-0.586893
-0.584477
-0.582583
-0.580008
-0.577238
-0.574517
-0.571846
-0.56971
-0.56763
-0.565126
-0.563164
-0.561265
-0.559431
-0.558147
-0.556692
-0.55531
-0.553521
-0.55205
-0.550657
-0.549586
-0.548358
-0.547216
-0.546883
-0.545678
-0.544564
-0.543545
-0.542621
-0.542278
-0.541554
-0.541174
-0.541139
-0.541452
-0.541392
-0.541202
-0.541367
-0.541165
-0.541803
-0.542559
-0.543196
-0.543955
-0.544838
-0.545847
-0.546984
-0.548251
-0.549649
-0.55118
-0.552845
-0.554647
-0.556346
-0.558423
-0.56016
-0.562759
-0.5655
-0.568142
-0.570447
-0.573376
-0.576688
-0.579904
-0.58302
-0.586761
-0.590643
-0.594666
-0.598348
-0.602169
-0.606607
-0.610697
-0.615401
-0.619994
-0.62375
-0.628353
-0.633318
-0.638158
-0.643593
-0.648897
-0.654546
-0.660054
-0.665899
-0.671595
-0.677616
-0.683959
-0.689896
-0.695903
-0.701972
-0.707858
-0.713795
-0.720019
-0.726763
-0.733058
-0.73962
-0.745961
-0.752314
-0.758673
-0.765033
-0.771627
-0.777727
-0.784049
-0.789623
-0.795887
-0.802834
-0.809254
-0.815381
-0.82097
-0.826736
-0.832673
-0.837571
-0.843593
-0.849047
-0.854408
-0.860153
-0.865796
-0.871332
-0.876273
-0.881339
-0.886284
-0.891584
-0.896514
-0.900828
-0.905244
-0.909518
-0.912925
-0.917387
-0.921216
-0.925131
-0.928647
-0.932001
-0.935191
-0.937974
-0.940829
-0.943512
-0.946022
-0.948598
-0.950756
-0.953218
-0.955019
-0.95688
-0.959283
-0.960781
-0.961372
-0.962501
-0.962722
-0.963482
-0.964055
-0.964201
-0.963919
-0.96369
-0.963516
-0.963157
-0.962371
-0.961399
-0.960966
-0.959627
-0.958346
-0.956404
-0.954524
-0.952709
-0.950477
-0.947833
-0.944778
-0.942279
-0.939135
-0.93583
-0.932367
-0.928752
-0.924746
-0.921077
-0.917026
-0.914285
-0.910452
-0.906254
-0.902177
-0.897745
-0.893206
-0.888326
-0.883596
-0.87878
-0.874368
-0.869405
-0.86366
-0.858585
-0.853467
-0.848075
-0.8429
-0.837709
-0.832274
-0.827085
-0.822394
-0.81701
-0.811424
-0.80637
-0.801617
-0.795976
-0.791142
-0.786405
-0.781775
-0.777504
-0.773125
-0.768889
-0.765529
-0.761611
-0.758109
-0.754553
-0.751193
-0.748038
-0.744616
-0.74214
-0.739415
-0.737171
-0.735173
-0.733428
-0.731941
-0.730959
-0.730005
-0.729324
-0.729159
-0.729271
-0.72918
-0.729368
-0.729835
-0.73106
-0.732562
-0.734095
-0.73662
-0.73893
-0.741741
-0.744325
-0.746917
-0.749991
-0.753539
-0.756832
-0.760581
-0.764779
-0.769173
-0.773755
-0.778514
-0.783197
-0.788516
-0.793015
-0.798126
-0.803839
-0.809417
-0.814849
-0.820122
-0.825705
-0.832309
-0.837756
-0.843958
-0.850181
-0.855931
-0.861678
-0.866688
-0.872153
-0.87734
-0.882959
-0.889002
-0.894253
-0.899184
-0.904748
-0.910213
-0.915328
-0.920326
-0.924959
-0.929699
-0.933816
-0.938265
-0.942318
-0.94693
-0.950652
-0.954197
-0.958285
-0.961223
-0.964211
-0.967244
-0.970076
-0.972705
-0.975125
-0.977575
-0.97933
-0.981111
-0.982673
-0.984014
-0.984651
-0.985305
-0.986698
-0.987384
-0.987362
-0.986873
-0.986637
-0.986415
-0.985966
-0.98505
-0.98439
-0.983024
-0.981676
-0.979625
-0.977353
-0.975102
-0.972634
-0.970915
-0.968021
-0.964916
-0.961845
-0.958086
-0.955088
-0.951168
-0.94657
-0.942019
-0.937758
-0.93307
-0.928441
-0.923631
-0.918405
-0.912766
-0.907201
-0.901232
-0.895345
-0.889062
-0.882389
-0.875811
-0.869335
-0.862483
-0.855743
-0.848878
-0.841894
-0.835036
-0.828072
-0.820523
-0.813358
-0.805863
-0.797801
-0.790143
