1.09985
1.09953
1.09917
1.09878
1.09836
1.0979
1.09741
1.09689
1.09632
1.09573
1.0951
1.09443
1.09373
1.09299
1.09222
1.09142
1.09057
1.08969
1.08878
1.08783
1.08684
1.08582
1.08476
1.08366
1.08253
1.08136
1.08015
1.07891
1.07763
1.07631
1.07495
1.07355
1.07212
1.07065
1.06914
1.06759
1.066
1.06438
1.06271
1.06101
1.05926
1.05748
1.05566
1.0538
1.0519
1.04995
1.04797
1.04595
1.04389
1.04179
1.03965
1.03747
1.03525
1.03299
1.03069
1.02835
1.02597
1.02356
1.0211
1.0186
1.01607
1.0135
1.01089
1.00824
1.00555
1.00283
1.00007
0.997274
0.994442
0.991574
0.988671
0.985734
0.982763
0.979758
0.97672
0.97365
0.970548
0.967416
0.964253
0.96106
0.957839
0.954589
0.951313
0.948011
0.944683
0.941331
0.937955
0.934556
0.931136
0.927696
0.924235
0.920756
0.91726
0.913747
0.910219
0.906676
0.90312
0.899551
0.895972
0.892383
0.888785
0.88518
0.881569
0.877952
0.874331
0.870709
0.867084
0.863458
0.859833
0.856209
0.852587
0.848969
0.845355
0.841747
0.838146
0.834552
0.830966
0.827391
0.823827
0.820274
0.816735
0.813209
0.809699
0.806204
0.802726
0.799266
0.795824
0.792402
0.788999
0.785618
0.782259
0.778922
0.775608
0.772319
0.769054
0.765816
0.762603
0.759418
0.756261
0.753133
0.750033
0.746964
0.743925
0.740917
0.737941
0.734997
0.732085
0.729207
0.726363
0.723552
0.720776
0.718036
0.71533
0.712661
0.710027
0.70743
0.704869
0.702345
0.699859
0.69741
0.694998
0.692625
0.69029
0.687993
0.685734
0.683513
0.681331
0.679187
0.677081
0.675015
0.672987
0.670998
0.669047
0.667136
0.665263
0.663428
0.661632
0.659874
0.658154
0.656473
0.654829
0.653222
0.651653
0.650121
0.648626
0.647168
0.645747
0.644363
0.643015
0.641703
0.640427
0.639187
0.637982
0.636812
0.635677
0.634577
0.633511
0.632479
0.631481
0.630517
0.629586
0.628687
0.627821
0.626988
0.626187
0.625417
0.62468
0.623974
0.623299
0.622655
0.622042
0.621459
0.620906
0.620383
0.619889
0.619424
0.618989
0.618582
0.618204
0.617853
0.617531
0.617236
0.616968
0.616727
0.616513
0.616325
0.616163
0.616028
0.615918
0.615833
0.615772
0.615737
0.615725
0.615737
0.615773
0.615831
0.615911
0.616013
0.616137
0.616282
0.616447
0.616633
0.616838
0.617062
0.617305
0.617566
0.617845
0.618142
0.618454
0.618784
0.619128
0.619488
0.619863
0.620251
0.620653
0.621068
0.621496
0.621936
0.622387
0.622849
0.623321
0.623804
0.624295
0.624795
0.625303
0.625819
0.626341
0.62687
0.627404
0.627944
0.628488
0.629036
0.629588
0.630143
0.6307
0.631259
0.631819
0.63238
0.632941
0.633502
0.634061
0.634619
0.635175
0.635729
0.636279
0.636826
0.637369
0.637906
0.638439
0.638965
0.639485
0.639997
0.640502
0.640999
0.641487
0.641965
0.642434
0.642892
0.643339
0.643775
0.644198
0.644608
0.645005
0.645389
0.645757
0.646111
0.64645
0.646774
0.647082
0.647372
0.647644
0.647899
0.648136
0.648354
0.648553
0.648733
0.648893
0.649033
0.649153
0.649252
0.64933
0.649387
0.649423
0.649438
0.649431
0.649402
0.649351
0.649279
0.649184
0.649067
0.648929
0.648769
0.648588
0.648385
0.648161
0.647916
0.64765
0.647364
0.647058
0.646734
0.64639
0.646028
0.645648
0.645251
0.644837
0.644407
0.643961
0.643501
0.643026
0.642538
0.642037
0.641525
0.641002
0.640469
0.639926
0.639375
0.638817
0.638251
0.63768
0.637104
0.636525
0.635943
0.635359
0.634774
0.634189
0.633605
0.633022
0.632443
0.631867
0.631296
0.63073
0.630171
0.629618
0.629073
0.628537
0.628009
0.627491
0.626984
0.626487
0.626002
0.625528
0.625068
0.62462
0.624185
0.623764
0.623357
0.622964
0.622586
0.622222
0.621873
0.621539
0.621219
0.620914
0.620624
0.620349
0.620089
0.619843
0.619611
0.619392
0.619187
0.618996
0.618817
0.61865
0.618496
0.618353
0.618222
0.618102
0.617991
0.617891
0.617799
0.617717
0.617642
0.617575
0.617515
0.617461
0.617414
0.617371
0.617334
0.617301
0.617271
0.617245
0.617221
0.617199
0.617178
0.617159
0.61714
0.617121
0.617102
0.617083
0.617062
0.61704
0.617017
0.616991
0.616964
0.616934
0.616901
0.616866
0.616828
0.616787
0.616743
0.616697
0.616648
0.616595
0.61654
0.616483
0.616422
0.61636
0.616295
0.616228
0.61616
0.616091
0.616021
0.61595
0.61588
0.615811
0.615742
0.615676
0.615611
0.615548
0.615489
0.615434
0.615383
0.615336
0.615295
0.61526
0.615232
0.61521
0.615197
0.615192
0.615196
0.61521
0.615234
0.615269
0.615316
0.615375
0.615447
0.615533
0.615631
0.615744
0.615872
0.616015
0.616174
0.616348
0.616539
0.616747
0.616972
0.617215
0.617477
0.617757
0.618056
0.618373
0.61871
0.619065
0.61944
0.619835
0.620248
0.620681
0.621134
0.621606
0.622098
0.622609
0.62314
0.62369
0.624259
0.624848
0.625455
0.626082
0.626728
0.627392
0.628075
0.628776
0.629496
0.630233
0.630987
0.631758
0.632546
0.63335
0.63417
0.635006
0.635857
0.636722
0.637602
0.638496
0.639404
0.640324
0.641257
0.642202
0.643158
0.644125
0.645103
0.64609
0.647086
0.64809
0.649103
0.650123
0.651149
0.652183
0.653222
0.654266
0.655315
0.656367
0.657424
0.658483
0.659544
0.660606
0.661669
0.662733
0.663795
0.664857
0.665916
0.666973
0.668027
0.669078
0.670123
0.671164
0.672199
0.673228
0.674249
0.675263
0.676269
0.677265
0.678253
0.67923
0.680198
0.681154
0.682099
0.683031
0.68395
0.684857
0.68575
0.686628
0.687492
0.688342
0.689175
0.689993
0.690794
0.691578
0.692344
0.693092
0.693821
0.694532
0.695223
0.695895
0.696547
0.697179
0.697791
0.698381
0.698951
0.6995
0.700027
0.700532
0.701015
0.701477
0.701915
0.702332
0.702726
0.703098
0.703447
0.703774
0.704078
0.704359
0.704618
0.704854
0.705067
0.705258
0.705426
0.705572
0.705695
0.705796
0.705875
0.705932
0.705967
0.705981
0.705973
0.705944
0.705894
0.705824
0.705733
0.705623
0.705493
0.705344
0.705176
0.704988
0.704783
0.704558
0.704316
0.704057
0.703782
0.70349
0.703181
0.702858
0.70252
0.702167
0.701801
0.70142
0.701027
0.700621
0.700204
0.699775
0.699335
0.698885
0.698426
0.697957
0.697479
0.696994
0.696502
0.696003
0.695498
0.694987
0.694471
0.69395
0.693426
0.692898
0.692368
0.691835
0.6913
0.690765
0.690229
0.689692
0.689156
0.688621
0.688086
0.687554
0.687024
0.686496
0.685972
0.685452
0.684936
0.684425
0.683919
0.683419
0.682926
0.682439
0.68196
0.681487
0.681023
0.680567
0.68012
0.679682
0.679252
0.678833
0.678423
0.678023
0.677634
0.677257
0.67689
0.676536
0.676193
0.675863
0.675545
0.67524
0.674948
0.67467
0.674407
0.674157
0.673922
0.673703
0.673498
0.67331
0.673138
0.672982
0.672843
0.672721
0.672617
0.67253
0.672462
0.672413
0.672382
0.67237
0.672378
0.672405
0.672453
0.67252
0.672609
0.672718
0.672849
0.673001
0.673175
0.673372
0.673591
0.673833
0.674097
0.674385
0.674697
0.675032
0.67539
0.675773
0.676179
0.676608
0.677061
0.677538
0.678038
0.678562
0.679109
0.67968
0.680272
0.680887
0.681523
0.682181
0.68286
0.68356
0.684279
0.685017
0.685774
0.686549
0.68734
0.688148
0.688971
0.689809
0.690661
0.691525
0.692402
0.693289
0.694186
0.695092
0.696005
0.696925
0.697851
0.698782
0.699715
0.700651
0.701588
0.702525
0.703461
0.704395
0.705326
0.706253
0.707175
0.70809
0.708998
0.709896
0.710786
0.711664
0.712531
0.713385
0.714226
0.715053
0.715863
0.716658
0.717435
0.718194
0.718934
0.719654
0.720355
0.721034
0.721692
0.722327
0.722939
0.723527
0.72409
0.724629
0.725143
0.725631
0.726092
0.726527
0.726934
0.727312
0.727663
0.727985
0.728278
0.728541
0.728775
0.72898
0.729154
0.729299
0.729414
0.729499
0.729553
0.729576
0.729569
0.729531
0.729463
0.729363
0.729232
0.72907
0.728877
0.728653
0.728397
0.728111
0.727794
0.727446
0.727067
0.726658
0.72622
0.725752
0.725254
0.724727
0.724172
0.723589
0.722979
0.722341
0.721677
0.720988
0.720273
0.719533
0.71877
0.717985
0.717178
0.716351
0.715503
0.714636
0.713751
0.712848
0.711931
0.711
0.710056
0.7091
0.708135
0.707162
0.706181
0.705196
0.704208
0.703217
0.702226
0.701237
0.700252
0.699272
0.698301
0.697339
0.696389
0.695453
0.694533
0.693631
0.692749
0.691889
0.691054
0.690246
0.689466
0.688717
0.687999
0.687317
0.686671
0.686062
0.685494
0.684966
0.684482
0.684042
0.683647
0.6833
0.682999
0.682748
0.682546
0.682394
0.682294
0.682245
0.682247
0.682301
0.682407
0.682564
0.682772
0.683031
0.683339
0.683697
0.684104
0.684558
0.685058
0.685603
0.686191
0.686822
0.687492
0.688202
0.688948
0.68973
0.690544
0.69139
0.692265
0.693167
0.694094
0.695043
0.696014
0.697002
0.698007
0.699025
0.700055
0.701095
0.702142
0.703194
0.70425
0.705305
0.70636
0.707411
0.708457
0.709496
0.710526
0.711545
0.712552
0.713544
0.71452
0.715478
0.716416
0.717335
0.718231
0.719104
0.719952
0.720773
0.721568
0.722335
0.723072
0.723779
0.724455
0.725098
0.725709
0.726287
0.726829
0.727337
0.727809
0.728246
0.728647
0.729011
0.729338
0.729628
0.72988
0.730095
0.730272
0.730411
0.730513
0.730576
0.730602
0.730589
0.730539
0.73045
0.730325
0.730163
0.729963
0.729727
0.729455
0.729146
0.728801
0.728421
0.728007
0.727558
0.727075
0.726558
0.726009
0.725426
0.724812
0.724165
0.723488
0.72278
0.722043
0.721276
0.72048
0.719657
0.718807
0.717931
0.717028
0.716101
0.715149
0.714175
0.713178
0.71216
0.711121
0.710062
0.708984
0.707889
0.706776
0.705647
0.704503
0.703346
0.702175
