0 326.159
1 326.159
2 326.159
3 326.159
4 326.159
5 326.159
6 326.159
7 299.945
8 292.897
9 290.997
10 262.316
11 255.696
12 239.536
13 227.873
14 213.155
15 201.786
16 190.812
17 179.468
18 173.326
19 173.326
20 173.326
21 168.146
22 161.957
23 146.89
24 146.843
25 139.144
26 137.373
27 137.373
28 137.344
29 132.495
30 132.495
31 132.495
32 132.495
33 132.495
34 132.469
35 128.499
36 127.026
37 127.019
38 127.019
39 127.019
40 127.019
41 127.019
42 127.019
43 126.874
44 126.736
45 126.736
46 126.736
47 126.736
48 126.736
49 126.736
50 126.736
51 122.143
52 122.143
53 121.415
54 121.415
55 118.236
56 118.236
57 118.131
58 114.958
59 113.726
60 113.726
61 107.839
62 107.839
63 107.839
64 107.839
65 107.839
66 107.839
67 107.839
68 107.839
69 107.839
70 107.839
71 107.839
72 107.839
73 107.839
74 107.839
75 107.839
76 107.839
77 107.839
78 107.839
79 107.839
80 107.839
81 107.839
82 107.839
83 107.839
84 107.839
85 107.839
86 107.839
87 107.839
88 107.839
89 107.839
90 107.839
91 107.839
92 107.839
93 107.839
94 107.839
95 107.839
96 107.839
97 107.839
98 107.839
99 107.839
100 107.839
101 107.839
102 107.839
103 107.839
104 107.839
105 107.839
106 107.839
107 107.839
108 107.839
109 107.839
110 107.839
111 107.839
112 107.839
113 107.839
114 107.839
115 107.839
116 107.839
117 107.839
118 107.839
119 107.839
120 107.839
121 103.292
122 103.292
123 96.7588
124 96.7588
125 96.7588
126 96.7588
127 90.8909
128 90.8909
129 84.9375
130 84.2098
131 83.1157
132 83.1157
133 83.1157
134 81.0185
135 81.0185
136 80.9388
137 80.9388
138 80.9388
139 80.6871
140 80.6871
141 80.6871
142 80.6871
143 80.6871
144 80.6871
145 80.6871
146 79.2397
147 79.2397
148 79.2397
149 79.2397
150 79.2397
151 79.2397
152 79.2397
153 79.2397
154 79.2397
155 79.2397
156 79.2397
157 79.2397
158 79.2397
159 79.2397
160 79.2397
161 79.2397
162 78.8658
163 77.7562
164 77.7562
165 77.7562
166 77.7562
167 71.8487
168 71.8487
169 71.8487
170 68.8986
171 68.8986
172 68.627
173 68.627
174 68.6116
175 68.6116
176 68.6116
177 68.6116
178 68.6116
179 68.6116
180 68.6116
181 68.6116
182 68.6116
183 68.6116
184 68.6116
185 68.6116
186 68.6116
187 68.6116
188 68.6116
189 68.6116
190 68.6116
191 68.6116
192 68.6116
193 68.6116
194 68.6116
195 68.6116
196 68.6116
197 68.6116
198 68.6116
199 68.6116
200 68.6116
201 68.6116
202 68.6116
203 68.6116
204 68.6116
205 68.6116
206 68.6116
207 68.6116
208 68.6116
209 68.6116
210 68.6116
211 68.6116
212 68.6116
213 68.6116
214 68.6116
215 68.6116
216 68.6116
217 68.6116
218 68.6116
219 68.6116
220 68.6116
221 68.6116
222 68.6116
223 68.6116
224 68.6116
225 68.6116
226 68.6116
227 68.6116
228 68.6116
229 68.6116
230 68.6116
231 68.6116
232 68.6116
233 68.6116
234 68.6116
235 68.6116
236 68.6116
237 68.6116
238 68.6116
239 68.6116
240 68.6116
241 68.6116
242 68.6116
243 68.6116
244 68.6116
245 68.6116
246 68.6116
247 68.6116
248 68.6116
249 68.6116
250 68.6116
251 68.6116
252 68.6116
253 68.6116
254 68.6116
255 68.6116
256 68.6116
257 68.6116
258 68.6116
259 68.6116
260 68.6116
261 68.6116
262 68.6116
263 68.6116
264 68.6116
265 68.6116
266 68.6116
267 68.6116
268 68.6116
269 68.6116
270 68.6116
271 68.6116
272 68.6116
273 68.6116
274 68.6116
275 68.6116
276 68.6116
277 68.6116
278 68.6116
279 68.6116
280 68.6116
281 68.6116
282 68.6116
283 68.6116
284 68.6116
285 68.6116
286 68.6116
287 68.6116
288 68.6116
289 68.6116
290 68.6116
291 68.6116
292 68.6116
293 68.6116
294 68.6116
295 68.6116
296 68.6116
297 68.6116
298 68.6116
299 68.6116
300 68.6116
301 68.6116
302 68.6116
303 68.6116
304 62.4511
305 62.4511
306 62.4511
307 62.4511
308 62.4511
309 62.4511
310 62.4511
311 62.4511
312 62.4511
313 62.4511
314 62.4511
315 62.4511
316 62.4511
317 62.4511
318 62.4511
319 62.4511
320 62.4511
321 62.4511
322 62.4511
323 62.4511
324 62.4511
325 62.4511
326 62.4511
327 62.4511
328 62.4511
329 62.4511
330 62.4511
331 62.4511
332 62.4511
333 62.4511
334 62.4511
335 62.4511
336 62.4511
337 62.4511
338 62.4511
339 62.4511
340 62.4511
341 62.4511
342 62.4511
343 62.4511
344 62.4511
345 62.4511
346 62.4511
347 62.4511
348 62.4511
349 62.4511
350 62.4511
351 62.4511
352 62.4511
353 62.4511
354 62.4511
355 62.4511
356 62.4511
357 62.4511
358 62.4511
359 62.4511
360 62.4511
361 62.4511
362 62.4511
363 62.4511
364 62.4511
365 62.4511
366 62.4511
367 62.4511
368 62.4511
369 62.4511
370 62.4511
371 62.4511
372 62.4511
373 62.4511
374 62.4511
375 62.4511
376 62.4511
377 62.4511
378 62.4511
379 62.4511
380 62.4511
381 62.4511
382 62.4511
383 62.4511
384 62.4511
385 62.4511
386 62.4511
387 62.4511
388 62.4511
389 62.4511
390 62.4511
391 62.4511
392 62.4511
393 62.4511
394 62.4511
395 62.4511
396 62.4511
397 62.4511
398 62.4511
399 62.4511
400 62.4511
401 62.4511
402 62.4511
403 62.4511
404 62.4511
405 62.4511
406 62.4511
407 62.4511
408 62.4511
409 62.4511
410 62.4511
411 62.4511
412 62.4511
413 62.4511
414 62.4511
415 62.4511
416 62.4511
417 62.4511
418 62.4511
419 62.4511
420 62.4511
421 62.4511
422 62.4511
423 62.4511
424 62.4511
425 62.4511
426 62.4511
427 62.4511
428 62.4511
429 62.4511
430 62.4511
431 62.4511
432 62.4511
433 62.4511
434 62.4511
435 62.4511
436 62.4511
437 62.4511
438 62.4511
439 62.4511
440 62.4511
441 62.4511
442 62.4511
443 62.4511
444 62.4511
445 62.4511
446 62.4511
447 62.4511
448 62.4511
449 62.4511
450 62.4511
451 62.4511
452 62.4511
453 62.4511
454 62.4511
455 62.4511
456 62.4511
457 62.4511
458 62.4511
459 62.4511
460 62.4511
461 62.4511
462 62.4511
463 62.4511
464 62.4511
465 62.4511
466 62.4511
467 62.4511
468 62.4511
469 62.4511
470 62.4511
471 62.4511
472 62.4511
473 62.4511
474 62.4511
475 62.4511
476 62.4511
477 62.4511
478 62.4511
479 62.4511
480 62.4511
481 62.4511
482 62.4511
483 62.4511
484 62.4511
485 62.4511
486 62.4511
487 62.4511
488 62.4511
489 62.4511
490 62.4511
491 62.4511
492 62.4511
493 62.4511
494 62.4511
495 62.4511
496 62.4511
497 62.4511
498 62.4511
499 62.4511
