   0.0115332	 0	 0
   0.0345996	 0	 0
   0.0576661	 0	 0
   0.0807325	 0	 0
    0.103799	 0	 0
    0.126865	 0	 0
    0.149932	 0	 0
    0.172998	 0	 0
    0.196065	 0	 0
    0.219131	 0	 0
    0.242198	 0	 0
    0.265264	 0	 0
     0.28833	 0	 0
    0.311397	 0	 0
    0.334463	 0	 0
     0.35753	 0	 0
    0.380596	 0	 0
    0.403663	 0	 0
    0.426729	 0	 0
    0.449795	 0	 0
    0.472862	 0	 0
    0.495928	 0	 0
    0.518995	 0	 0
    0.542061	 0	 0
    0.565128	 0	 0
    0.588194	 0	 0
     0.61126	 0	 0
    0.634327	 0	 0
    0.657393	 0	 0
     0.68046	 0	 0
    0.703526	 0	 0
    0.726593	 0	 0
    0.749659	 0	 0
    0.772725	 0	 0
    0.795792	 0	 0
    0.818858	 0	 0
    0.841925	 0	 0
    0.864991	 1.5524e-007	 1.5524e-007
    0.888058	 7.20204e-005	 4.58582e-006
    0.911124	 0.00335385	 3.92591e-005
     0.93419	 0.0471641	 0.00015171
    0.957257	 0.293771	 0.000507006
    0.980323	 1.00831	 0.000935417
     1.00339	 2.24073	 0.00117353
     1.02646	 3.62479	 0.00102713
     1.04952	 4.61865	 0.00111578
     1.07259	 4.89647	 0.00156637
     1.09566	 4.49032	 0.00174072
     1.11872	 3.65814	 0.00133129
     1.14179	 2.69439	 0.00097058
     1.16485	 1.81532	 0.000606152
     1.18792	 1.13009	 0.000578659
     1.21099	 0.653603	 0.000593401
     1.23405	 0.354052	 0.000490564
     1.25712	 0.180063	 0.000415536
     1.28019	 0.0893305	 0.000274572
     1.30325	 0.0494543	 0.000234078
     1.32632	 0.0424171	 0.000223016
     1.34939	 0.0607568	 0.000231223
     1.37245	 0.106053	 0.000289652
     1.39552	 0.184196	 0.000327939
     1.41859	 0.300416	 0.000306595
     1.44165	 0.453337	 0.000308091
     1.46472	 0.628291	 0.00032487
     1.48778	 0.796686	 0.00040741
     1.51085	 0.921768	 0.000607532
     1.53392	 0.9706	 0.000666419
     1.55698	 0.928733	 0.000633779
     1.58005	 0.808607	 0.00044017
     1.60312	 0.640971	 0.000272388
     1.62618	 0.465689	 0.000261194
     1.64925	 0.316777	 0.000341166
     1.67232	 0.219624	 0.000387017
     1.69538	 0.192356	 0.000449144
     1.71845	 0.255455	 0.00053176
     1.74152	 0.43383	 0.000598054
     1.76458	 0.749625	 0.000643268
     1.78765	 1.19767	 0.000564077
     1.81071	 1.72728	 0.000394597
     1.83378	 2.23566	 0.000675765
     1.85685	 2.59734	 0.000937805
     1.87991	 2.71332	 0.00116134
     1.90298	 2.55664	 0.00125212
     1.92605	 2.17982	 0.000791124
     1.94911	 1.68981	 0.000441769
     1.97218	 1.2006	 0.000416983
     1.99525	 0.802191	 0.00056112
     2.01831	 0.54268	 0.000636616
     2.04138	 0.4348	 0.000641088
     2.06445	 0.461524	 0.000517221
     2.08751	 0.587195	 0.000374593
     2.11058	 0.758379	 0.000246742
     2.13364	 0.917136	 0.000252513
     2.15671	 1.01441	 0.00041175
     2.17978	 1.02124	 0.000456013
     2.20284	 0.919114	 0.000367431
     2.22591	 0.780746	 0.000246336
     2.24898	 0.654175	 0.000302327
     2.27204	 0.57213	 0.000507381
     2.29511	 0.573248	 0.000625326
