           1    -7.55024	-7.55024	0
           2      -7.555	-7.55262	0.00237967
           3    -7.54744	-7.55089	0.00220687
           4    -7.55497	-7.55191	0.00186402
           5    -7.55091	-7.55171	0.00145786
           6     -7.5465	-7.55084	0.00147348
           7    -7.55305	-7.55116	0.00128458
           8    -7.53567	-7.54922	0.00223304
           9    -7.55363	-7.54971	0.00202933
          10    -7.54979	-7.54972	0.0018151
          11    -7.54268	-7.54908	0.00176202
          12    -7.55738	-7.54977	0.00175107
          13    -7.54676	-7.54954	0.00162731
          14    -7.55173	-7.5497	0.00151468
          15    -7.54922	-7.54966	0.00141045
          16    -7.53818	-7.54895	0.00150197
          17     -7.5475	-7.54886	0.00141341
          18    -7.54221	-7.54849	0.00138287
          19    -7.54651	-7.54839	0.00131223
          20     -7.5534	-7.54864	0.00126983
          21    -7.54763	-7.54859	0.00120879
          22     -7.5442	-7.54839	0.00116966
          23    -7.53985	-7.54802	0.00117772
          24    -7.54146	-7.54775	0.00116022
          25    -7.55486	-7.54803	0.00114867
          26    -7.53987	-7.54772	0.00114738
          27    -7.54688	-7.54769	0.0011045
          28    -7.55576	-7.54797	0.00110273
          29    -7.53987	-7.5477	0.00110016
          30    -7.55706	-7.54801	0.00110775
          31    -7.55608	-7.54827	0.00110261
          32    -7.54546	-7.54818	0.00107118
          33    -7.54512	-7.54809	0.00104235
          34    -7.53885	-7.54782	0.00104711
          35    -7.54406	-7.54771	0.0010224
          36    -7.54635	-7.54767	0.00099431
          37    -7.54895	-7.5477	0.00096768
          38    -7.53546	-7.54738	0.000995479
          39    -7.54252	-7.54726	0.00097759
          40    -7.55193	-7.54737	0.000959957
          41    -7.54163	-7.54723	0.000946688
          42    -7.54139	-7.5471	0.000934277
          43    -7.54728	-7.5471	0.000912301
          44    -7.54144	-7.54697	0.000900558
          45    -7.54304	-7.54688	0.000884653
          46    -7.54992	-7.54695	0.000867727
          47    -7.55013	-7.54702	0.000851751
          48    -7.53889	-7.54685	0.000850826
          49    -7.55343	-7.54698	0.00084405
          50    -7.54951	-7.54703	0.000828546
          51    -7.55589	-7.54721	0.000830511
          52    -7.54983	-7.54726	0.000815942
          53    -7.55223	-7.54735	0.00080588
          54    -7.54928	-7.54739	0.000791622
          55    -7.55171	-7.54747	0.00078107
          56    -7.54023	-7.54734	0.000777795
          57    -7.54039	-7.54721	0.000773697
          58    -7.54294	-7.54714	0.000763803
          59    -7.54225	-7.54706	0.000755311
          60    -7.53602	-7.54687	0.000765057
          61    -7.54894	-7.54691	0.000753174
          62    -7.54876	-7.54694	0.000741529
          63    -7.55252	-7.54703	0.000735029
          64    -7.55074	-7.54708	0.000725777
          65    -7.54519	-7.54706	0.000715119
          66    -7.54711	-7.54706	0.000704201
          67     -7.5442	-7.54701	0.000694919
          68    -7.54602	-7.547	0.00068478
          69    -7.54445	-7.54696	0.000675791
          70    -7.53907	-7.54685	0.000675534
          71    -7.54282	-7.54679	0.000668368
          72    -7.54883	-7.54682	0.000659629
          73     -7.5433	-7.54677	0.000652318
          74    -7.54148	-7.5467	0.000647412
          75    -7.54146	-7.54663	0.00064253
          76    -7.53558	-7.54649	0.000650494
          77    -7.53808	-7.54638	0.000651206
          78    -7.54732	-7.54639	0.000642917
          79    -7.54459	-7.54637	0.000635135
          80    -7.54997	-7.54641	0.000628759
          81    -7.54686	-7.54642	0.000620973
          82    -7.54462	-7.54639	0.000613744
          83     -7.5416	-7.54634	0.00060905
          84    -7.54046	-7.54627	0.000605808
          85    -7.54629	-7.54627	0.000598639
          86     -7.5504	-7.54632	0.000593588
          87    -7.55425	-7.54641	0.000593777
          88     -7.5444	-7.54638	0.000587433
          89    -7.55894	-7.54652	0.000597691
          90    -7.53892	-7.54644	0.000597017
          91    -7.54234	-7.5464	0.000592134
          92    -7.55287	-7.54647	0.000589881
          93    -7.53898	-7.54639	0.000589031
          94     -7.5439	-7.54636	0.000583329
          95    -7.54104	-7.5463	0.000579862
          96    -7.54289	-7.54627	0.000574889
          97    -7.55252	-7.54633	0.000572575
          98    -7.53862	-7.54625	0.00057214
          99    -7.52976	-7.54609	0.000590314
         100    -7.54738	-7.5461	0.000584524
