1.2
1.19988
1.19953
1.19893
1.1981
1.19703
1.19573
1.19418
1.1924
1.19039
1.18814
1.18565
1.18293
1.17998
1.17679
1.17337
1.16972
1.16584
1.16174
1.15741
1.15285
1.14807
1.14308
1.13787
1.13244
1.1268
1.12094
1.11487
1.1086
1.10211
1.09542
1.08853
1.08143
1.07414
1.06664
1.05896
1.05108
1.04301
1.03476
1.02632
1.01771
1.00891
0.999952
0.990821
0.981527
0.972075
0.96247
0.952714
0.942812
0.932768
0.922587
0.912274
0.901835
0.891277
0.880604
0.869821
0.858936
0.847954
0.83688
0.825722
0.814485
0.803176
0.791802
0.78037
0.768886
0.757359
0.745796
0.734203
0.722588
0.710959
0.699324
0.68769
0.676066
0.664459
0.652878
0.641331
0.629826
0.61837
0.606973
0.595643
0.584387
0.573214
0.562132
0.55115
0.540277
0.529519
0.518884
0.508382
0.498019
0.487804
0.477745
0.467848
0.458121
0.448571
0.439206
0.430032
0.421055
0.412282
0.40372
0.395374
0.38725
0.379353
0.371689
0.364262
0.357077
0.350139
0.34345
0.337015
0.330838
0.32492
0.319266
0.313877
0.308755
0.303902
0.29932
0.295009
0.29097
0.287204
0.28371
0.280487
0.277536
0.274854
0.272442
0.270296
0.268417
0.2668
0.265442
0.264342
0.263495
0.262899
0.262549
0.262441
0.262571
0.262935
0.263527
0.264342
0.265376
0.266622
0.268076
0.269731
0.271581
0.273622
0.275846
0.278247
0.280819
0.283554
0.286447
0.289491
0.292678
0.296002
0.299457
0.303035
0.306729
0.310533
0.31444
0.318443
0.322536
0.32671
0.330961
0.33528
0.339661
0.344098
0.348584
0.353114
0.357679
0.362276
0.366897
0.371538
0.376193
0.380855
0.385521
0.390182
0.394835
0.399474
0.404095
0.408694
0.413265
0.417804
0.422307
0.426769
0.431187
0.435558
0.439877
0.444141
0.448346
0.452491
0.456572
0.460586
0.46453
0.468402
0.4722
0.475922
0.479566
0.483129
0.486612
0.490013
0.49333
0.496562
0.49971
0.502773
0.505749
0.508639
0.511441
0.514155
0.516781
0.51932
0.521772
0.524137
0.526416
0.528609
0.530717
0.532741
0.53468
0.536538
0.538314
0.54001
0.541627
0.543167
0.544631
0.546021
0.547339
0.548587
0.549765
0.550877
0.551924
0.552909
0.553833
0.554699
0.55551
0.556267
0.556974
0.557631
0.558242
0.558808
0.559333
0.559818
0.560266
0.56068
0.561062
0.561416
0.561743
0.562046
0.562329
0.562592
0.562839
0.563072
0.563294
0.563508
0.563714
0.563917
0.564117
0.564318
0.564521
0.564729
0.564943
0.565166
0.5654
0.565646
0.565906
0.566182
0.566477
0.566791
0.567126
0.567484
0.567866
0.568274
0.568708
0.569171
0.569662
0.570183
0.570736
0.571321
0.571938
0.572588
0.573271
0.573988
0.574737
0.575521
0.576339
0.577192
0.578079
0.579
0.579955
0.580945
0.581969
0.583026
0.584118
0.585242
0.586398
0.587584
0.588802
0.59005
0.591327
0.592632
0.593964
0.595322
0.596707
0.598115
0.599547
0.601
0.602474
0.603968
0.60548
0.60701
0.608556
0.610117
0.611692
0.613281
0.614883
0.616494
0.618114
0.619742
0.621378
0.623019
0.624664
0.626313
0.627964
0.629616
0.631267
0.632918
0.634566
0.636212
0.637853
0.639488
0.641117
0.642738
0.644351
0.645955
0.647549
0.649131
0.650703
0.652262
0.653807
0.655339
0.656856
0.658359
0.659847
0.661318
0.662773
0.664211
0.66563
0.667032
0.668416
0.669782
0.671128
0.672454
0.673762
0.67505
0.676317
0.677563
0.678787
0.679988
0.681169
0.682327
0.683463
0.684577
0.685669
0.686738
0.687786
0.688811
0.689814
0.690794
0.69175
0.692682
0.693589
0.694473
0.695333
0.696168
0.696978
0.697764
0.698524
0.699259
0.699969
0.700655
0.701314
0.701947
0.702555
0.703139
0.703695
0.704224
0.704726
0.705201
0.705649
0.706069
0.706461
0.706823
0.707157
0.707461
0.707737
0.707984
0.708199
0.708385
0.708539
0.708661
0.708752
0.708811
0.708839
0.708834
0.708796
0.708723
0.708617
0.708477
0.708302
0.708093
0.707847
0.707566
0.707248
0.706894
0.706504
0.706077
0.705614
0.705114
0.704578
0.704002
0.703388
0.702736
0.702043
0.701312
0.700541
0.699729
0.698877
0.697985
0.697054
0.696082
0.69507
0.694016
0.692922
0.691788
0.690612
0.689394
0.688136
0.686837
0.685496
0.684115
0.682694
0.681235
0.679737
0.678199
0.676622
0.675007
0.673354
0.671662
0.669932
0.668165
0.666361
0.664521
0.662646
0.660734
0.658789
0.65681
0.654799
0.652756
0.650683
0.64858
0.646447
0.644286
0.642098
0.639884
0.637645
0.635383
0.633097
0.630791
0.628466
0.626123
0.62376
0.621382
0.618988
0.61658
0.614159
0.611727
0.609288
0.606841
0.604389
0.601933
0.599475
0.597017
0.59456
0.592106
0.589659
0.587217
0.584785
0.582363
0.579953
0.577556
0.575174
0.572809
0.570463
0.568139
0.565839
0.563563
0.561314
0.559093
0.556902
0.554743
0.552617
0.550526
0.548473
0.546457
0.544482
0.542549
0.540658
0.538811
0.537011
0.535258
0.533555
0.5319
0.530297
0.528747
0.52725
0.525808
0.524422
0.523092
0.521819
0.520605
0.519449
0.518352
0.517314
0.516337
0.515421
0.514566
0.513773
0.513041
0.512373
0.511767
0.511223
0.51074
0.510319
0.50996
0.509664
0.509428
0.509253
0.509139
0.509085
0.50909
0.509153
0.509275
0.509453
0.509688
0.509978
0.510324
0.510724
0.511178
0.511684
0.512241
0.512847
0.513501
0.514203
0.51495
0.515743
0.51658
0.517459
0.51838
0.519342
0.520343
0.521382
0.522457
0.523568
0.524713
0.52589
0.527098
0.528337
0.529605
0.530901
0.532223
0.533572
0.534944
0.53634
0.537757
0.539196
0.540655
0.542134
0.54363
0.545142
0.546669
0.548209
0.549763
0.55133
0.552908
0.554495
0.556093
0.557699
0.559313
0.560934
0.562562
0.564196
0.565836
0.567482
0.569132
0.570785
0.572441
0.5741
0.575761
0.577424
0.579089
0.580754
0.582421
0.584087
0.585753
0.587417
0.589081
0.590743
0.592404
0.594064
0.595721
0.597376
0.599029
0.600678
0.602323
0.603966
0.605606
0.607243
0.608877
0.610509
0.612135
0.613757
0.615373
0.616984
0.618588
0.620187
0.621779
0.623365
0.624944
0.626516
0.62808
0.629638
0.63119
0.632734
0.63427
0.635798
0.637317
0.63883
0.640333
0.641828
0.643312
0.644787
0.64625
0.647703
0.649147
0.650577
0.651995
0.6534
0.654791
0.656168
0.65753
0.658878
0.660211
0.661528
0.662828
0.664112
0.665378
0.666627
0.667859
0.669072
0.670266
0.671441
0.672597
0.673734
0.674849
0.675944
0.677017
0.678068
0.679098
0.680106
0.681092
0.682054
0.682993
0.683908
0.684799
0.685665
0.686505
0.68732
0.688108
0.688871
0.689609
0.690321
0.691007
0.691666
0.692299
0.692906
0.693486
0.694039
0.694564
0.695061
0.695532
0.695977
0.696394
0.696784
0.697147
0.697483
0.697792
0.698073
0.698328
0.698555
0.698757
0.698933
0.699083
0.699207
0.699306
0.69938
0.699429
0.699452
0.699451
0.699427
0.69938
0.699311
0.69922
0.699106
0.698972
0.698818
0.698644
0.698449
0.698233
0.697998
0.697743
0.697469
0.697176
0.696865
0.696537
0.696192
0.695832
0.695455
0.695062
0.694653
0.69423
0.69379
0.693336
0.692867
0.692386
0.691892
0.691385
0.690865
0.690332
0.689785
0.689226
0.688655
0.688072
0.687478
0.686872
0.686255
0.685627
0.684987
0.684337
0.683676
0.683005
0.682323
0.681631
0.68093
0.680217
0.679495
0.678763
0.678021
0.677269
0.676507
0.675735
0.674953
0.67416
0.673358
0.672546
0.671725
0.670895
0.670055
0.669205
0.668346
0.667476
0.666596
0.665707
0.664809
0.663901
0.662983
0.662056
0.661119
0.660173
0.659217
0.658253
0.65728
0.656298
0.655307
0.654307
0.653299
0.652282
0.651258
0.650225
0.649186
0.648138
0.647084
0.646023
0.644955
0.643881
0.642801
0.641716
0.640625
0.639529
0.638427
0.637321
0.63621
0.635095
0.633976
0.632854
0.631731
0.630606
0.629479
0.628353
0.627227
0.626103
0.62498
0.623858
0.622739
0.621622
0.620509
0.6194
0.618297
0.6172
0.616109
0.615025
0.613949
0.612882
0.611823
0.610775
0.609736
0.60871
0.607695
0.606693
0.605705
0.604731
0.603773
0.602831
0.601905
0.600997
0.600107
0.599237
0.598387
0.597557
0.596748
0.59596
0.595196
0.594454
0.593737
0.593044
0.592377
0.591735
0.591118
0.590527
0.589963
0.589425
0.588915
0.588434
0.587982
0.587557
0.587161
0.586794
0.586455
0.586144
0.585863
0.585611
0.585389
0.585195
0.585029
0.584892
0.584784
0.584705
0.584655
0.584633
0.584639
0.584672
0.584731
0.584817
0.584929
0.585067
0.585232
0.585422
0.585637
0.585874
0.586135
0.586419
0.586724
0.587051
0.587397
0.587763
0.588148
0.58855
0.588968
0.589403
0.589853
0.590317
0.590795
0.591286
0.591788
0.592302
0.592826
0.593359
0.5939
0.594446
0.594998
0.595554
0.596115
0.596679
0.597243
0.597808
0.59837
0.598929
0.599485
0.600035
0.600577
0.601112
0.601638
0.602153
0.602657
0.603147
0.603623
0.604084
0.604527
0.604953
0.60536
0.605747
0.606112
0.606454
0.606774
0.607068
0.607337
0.607578
0.607791
0.607976
0.60813
0.608254
0.608345
0.608404
0.60843
0.608421
0.608378
0.608298
0.608183
0.608033
0.607846
0.607621
0.607357
0.607054
0.606711
0.606329
0.605906
0.605443
0.60494
0.604396
0.603812
0.603186
0.602521
0.601815
0.601069
0.600283
0.599457
0.598592
0.597687
0.596742
0.595761
0.594742
0.593685
0.592592
0.591461
0.590295
0.589093
0.587856
0.586585
0.585281
0.583946
0.58258
0.581184
0.579759
0.578307
0.576829
0.575324
0.573796
0.572245
0.570672
0.569079
0.567468
0.565841
0.564199
0.562544
0.560878
0.5592
0.557513
0.555818
0.554119
0.552416
0.550711
0.549007
0.547305
0.545608
0.543917
0.542236
0.540564
0.538904
0.537257
0.535626
0.534013
0.532419
0.530847
0.529299
0.527777
0.526282
0.524816
