-7.85046
-7.85034
-7.84998
-7.84939
-7.84856
-7.84749
-7.84618
-7.84464
-7.84286
-7.84085
-7.83859
-7.83611
-7.83339
-7.83043
-7.82725
-7.82383
-7.81953
-7.815
-7.81057
-7.80592
-7.79974
-7.79335
-7.78609
-7.77861
-7.77189
-7.76527
-7.75845
-7.75011
-7.7406
-7.73282
-7.72451
-7.71664
-7.70825
-7.69934
-7.69087
-7.68221
-7.67304
-7.66367
-7.6538
-7.6444
-7.63513
-7.62602
-7.61576
-7.60598
-7.59442
-7.58335
-7.57115
-7.56043
-7.54988
-7.53983
-7.529
-7.51772
-7.50566
-7.49381
-7.48152
-7.47009
-7.45758
-7.44563
-7.43423
-7.42177
-7.41021
-7.3989
-7.38656
-7.3748
-7.36267
-7.3505
-7.33796
-7.32604
-7.31443
-7.30247
-7.29084
-7.27888
-7.26661
-7.25468
-7.24277
-7.23122
-7.21939
-7.20762
-7.19622
-7.18489
-7.17363
-7.16246
-7.15138
-7.13974
-7.12822
-7.11746
-7.10683
-7.09633
-7.08564
-7.07478
-7.06407
-7.05352
-7.04347
-7.03328
-7.02359
-7.01441
-7.00543
-6.99601
-6.98713
-6.97846
-6.96968
-6.96114
-6.95283
-6.94508
-6.93789
-6.93095
-6.92394
-6.91718
-6.911
-6.90509
-6.89879
-6.89307
-6.88763
-6.88277
-6.87851
-6.87388
-6.86952
-6.86575
-6.86226
-6.85903
-6.85608
-6.85275
-6.85034
-6.84723
-6.84405
-6.84243
-6.84108
-6.83998
-6.83913
-6.83821
-6.83786
-6.83808
-6.83821
-6.83825
-6.83916
-6.83998
-6.84069
-6.84161
-6.84307
-6.84504
-6.84657
-6.84861
-6.85019
-6.85292
-6.85516
-6.8579
-6.86079
-6.86384
-6.86702
-6.87132
-6.87478
-6.87868
-6.88237
-6.88521
-6.88944
-6.89344
-6.89753
-6.90106
-6.90499
-6.90898
-6.91337
-6.91813
-6.92261
-6.92682
-6.93171
-6.93631
-6.94028
-6.94492
-6.94925
-6.95424
-6.95891
-6.96357
-6.96822
-6.97318
-6.97716
-6.98111
-6.98536
-6.9899
-6.9944
-6.99951
-7.00457
-7.00927
-7.01391
-7.01818
-7.02238
-7.02685
-7.03093
-7.03495
-7.03857
-7.04244
-7.04624
-7.04996
-7.0536
-7.05717
-7.06097
-7.06437
-7.06769
-7.07092
-7.07407
-7.07713
-7.07946
-7.08268
-7.08548
-7.08819
-7.09049
-7.09303
-7.09581
-7.0985
-7.1011
-7.10329
-7.1054
-7.10742
-7.10904
-7.11057
-7.11267
-7.11469
-7.11631
-7.11817
-7.11931
-7.12135
-7.12267
-7.12359
-7.1251
-7.12621
-7.12693
-7.12824
-7.12884
-7.12971
-7.13052
-7.13192
-7.13263
-7.13328
-7.13389
-7.13446
-7.13498
-7.13515
-7.13559
-7.13666
-7.13704
-7.13739
-7.13804
-7.13899
-7.13927
-7.13921
-7.13978
-7.14034
-7.14089
-7.1411
-7.14131
-7.14119
-7.14171
-7.14288
-7.14309
-7.14329
-7.14351
-7.14373
-7.14364
-7.14389
-7.14415
-7.14442
-7.14504
-7.14568
-7.14601
-7.14702
-7.14772
-7.1491
-7.15019
-7.15032
-7.15081
-7.15069
-7.15124
-7.15085
-7.15115
-7.15147
-7.15216
-7.15287
-7.15362
-7.15408
-7.15458
-7.15575
-7.15696
-7.15789
-7.15916
-7.16015
-7.16085
-7.16159
-7.163
-7.16413
-7.16528
-7.16679
-7.16801
-7.16861
-7.16989
-7.17119
-7.17253
-7.17356
-7.17495
-7.17636
-7.17746
-7.17892
-7.18007
-7.18156
-7.18307
-7.18493
-7.18615
-7.18803
-7.19058
-7.19217
-7.19345
-7.19538
-7.19733
-7.19928
-7.20124
-7.20288
-7.20452
-7.2065
-7.20782
-7.20948
-7.2121
-7.21407
-7.21605
-7.21769
-7.21966
-7.22162
-7.22324
-7.22487
-7.2268
-7.22808
-7.22968
-7.23126
-7.2338
-7.23536
-7.23723
-7.23844
-7.24028
-7.24211
-7.24424
-7.24539
-7.2462
-7.24763
-7.24938
-7.25143
-7.25378
-7.25515
-7.2565
-7.25782
-7.25881
-7.25945
-7.26136
-7.26261
-7.26383
-7.26503
-7.26654
-7.26737
-7.26818
-7.26962
-7.27104
-7.27243
-7.27348
-7.27515
-7.27583
-7.27681
-7.27776
-7.2787
-7.27928
-7.28016
-7.28102
-7.28218
-7.28267
-7.28378
-7.28454
-7.28527
-7.28566
-7.28602
-7.28668
-7.28732
-7.28825
-7.28915
-7.29003
-7.29024
-7.29042
-7.29122
-7.29231
-7.29273
-7.29312
-7.29316
-7.29382
-7.29445
-7.29375
-7.29368
-7.29389
-7.29408
-7.29391
-7.29403
-7.29315
-7.29321
-7.29324
-7.29356
-7.29319
-7.29344
-7.29399
-7.29417
-7.29399
-7.29378
-7.29386
-7.2939
-7.29423
-7.29356
-7.29219
-7.29209
-7.29195
-7.29081
-7.29092
-7.29034
-7.28973
-7.2894
-7.28935
-7.28765
-7.28688
-7.28574
-7.28457
-7.28368
-7.28275
-7.28177
-7.28109
-7.28003
-7.27829
-7.27683
-7.27566
-7.27411
-7.27286
-7.27123
-7.26989
-7.26851
-7.26644
-7.26466
-7.26284
-7.26162
-7.26069
-7.25973
-7.25775
-7.25638
-7.25465
-7.25321
-7.25011
-7.24795
-7.24607
-7.24448
-7.24221
-7.23991
-7.23822
-7.23586
-7.23216
-7.23006
-7.2276
-7.22544
-7.22261
-7.21975
-7.21686
-7.21427
-7.21199
-7.21065
-7.20833
-7.20566
-7.2033
-7.20157
-7.19917
-7.19676
-7.19434
-7.19191
-7.19044
-7.18767
-7.18457
-7.18212
-7.17998
-7.17655
-7.17442
-7.17261
-7.16984
-7.16805
-7.16626
-7.16352
-7.16111
-7.15903
-7.15698
-7.15429
-7.15162
-7.14962
-7.14796
-7.14537
-7.14279
-7.14025
-7.1387
-7.13719
-7.13507
-7.13297
-7.1306
-7.12923
-7.12725
-7.12532
-7.12343
-7.12126
-7.11978
-7.11706
-7.11535
-7.1137
-7.1121
-7.11022
-7.10937
-7.10793
-7.10654
-7.10554
-7.10427
-7.1037
-7.10189
-7.10047
-7.09911
-7.09846
-7.09754
-7.09604
-7.09589
-7.09516
-7.09352
-7.09324
-7.0927
-7.09221
-7.09212
-7.09208
-7.09146
-7.09123
-7.09138
-7.09094
-7.09056
-7.09056
-7.0903
-7.09075
-7.0906
-7.09084
-7.09081
-7.09148
-7.09188
-7.09168
-7.09251
-7.09339
-7.094
-7.09465
-7.09535
-7.0961
-7.09689
-7.09806
-7.09861
-7.09856
-7.10017
-7.10117
-7.10221
-7.10328
-7.1044
-7.10554
-7.10639
-7.1076
-7.10884
-7.10979
-7.11141
-7.1124
-7.11408
-7.11512
-7.11684
-7.11891
-7.12035
-7.12181
-7.12296
-7.12446
-7.12532
-7.12653
-7.12839
-7.12962
-7.13151
-7.13309
-7.135
-7.13725
-7.13885
-7.14047
-7.14241
-7.14371
-7.14502
-7.14634
-7.14734
-7.14867
-7.15064
-7.15295
-7.15493
-7.15724
-7.1589
-7.16057
-7.16255
-7.1639
-7.16556
-7.16723
-7.16889
-7.17088
-7.17157
-7.17259
-7.17457
-7.17623
-7.17756
-7.17889
-7.18086
-7.18315
-7.18479
-7.18579
-7.18872
-7.19132
-7.19263
-7.19426
-7.19588
-7.1975
-7.19911
-7.20104
-7.20231
-7.2039
-7.20516
-7.20674
-7.20832
-7.20988
-7.21208
-7.21461
-7.21712
-7.21931
-7.22083
-7.22171
-7.22257
-7.22537
-7.22654
-7.2277
-7.22885
-7.22967
-7.23209
-7.23386
-7.23562
-7.23639
-7.23779
-7.23951
-7.24121
-7.24289
-7.24424
-7.2459
-7.24721
-7.24884
-7.25012
-7.25171
-7.25264
-7.25419
-7.25541
-7.25692
-7.25842
-7.25958
-7.26104
-7.26215
-7.26357
-7.26497
-7.26634
-7.26705
-7.26838
-7.26937
-7.27098
-7.27192
-7.27315
-7.27405
-7.27491
-7.27575
-7.27657
-7.27736
-7.27844
-7.27983
-7.28054
-7.28187
-7.28286
-7.28349
-7.28409
-7.28467
-7.28555
-7.28672
-7.2869
-7.28802
-7.28846
-7.2892
-7.28862
-7.28898
-7.28899
-7.2893
-7.28959
-7.28984
-7.28974
-7.28994
-7.2898
-7.28995
-7.28975
-7.28985
-7.29057
-7.29062
-7.29064
-7.29064
-7.29061
-7.29089
-7.2905
-7.29041
-7.28997
-7.28919
-7.28839
-7.28821
-7.28802
-7.28813
-7.28789
-7.28763
-7.28704
-7.28674
-7.28708
-7.28643
-7.28511
-7.2841
-7.28373
-7.28333
-7.28293
-7.2825
-7.28239
-7.28258
-7.28243
-7.28098
-7.28146
-7.2803
-7.27978
-7.27925
-7.27838
-7.27782
-7.27757
-7.27667
-7.27607
-7.2745
-7.27388
-7.27293
-7.27197
-7.27132
-7.27065
-7.26966
-7.26898
-7.26829
-7.26726
-7.26655
-7.2655
-7.26509
-7.26435
-7.26392
-7.26348
-7.26304
-7.26193
-7.26146
-7.25936
-7.25855
-7.25773
-7.25787
-7.25703
-7.25618
-7.25565
-7.25478
-7.2539
-7.25236
-7.25179
-7.25088
-7.24996
-7.24806
-7.24745
-7.24683
-7.24619
-7.24458
-7.24361
-7.2423
-7.24099
-7.23999
-7.23866
-7.23764
-7.23791
-7.23623
-7.23584
-7.23479
-7.23438
-7.23332
-7.23225
-7.2315
-7.22978
-7.22934
-7.2289
-7.2278
-7.2267
-7.22592
-7.22481
-7.22337
-7.22225
-7.22145
-7.21968
-7.21855
-7.21743
-7.21695
-7.21582
-7.21373
-7.21228
-7.21116
-7.21004
-7.20828
-7.20716
-7.20573
-7.20398
-7.20256
-7.20147
-7.19974
-7.19866
-7.19759
-7.19621
-7.19516
-7.19445
-7.19407
-7.19305
-7.1914
-7.18977
-7.18944
-7.18881
-7.18786
-7.18661
-7.18603
-7.18514
-7.18427
-7.18277
-7.18194
-7.18146
-7.18035
-7.17926
-7.17916
-7.1778
-7.17678
-7.17579
-7.17547
-7.17518
-7.17491
-7.17467
-7.17413
-7.17298
-7.17217
-7.17204
-7.17129
-7.17122
-7.16988
-7.16987
-7.16956
-7.16927
-7.16902
-7.16815
-7.16796
-7.16812
-7.1683
-7.16722
-7.16714
-7.16807
-7.16804
-7.1674
-7.16744
-7.16782
-7.16758
-7.16802
-7.16848
-7.16897
-7.16948
-7.16937
-7.16993
-7.17019
-7.16983
-7.16981
-7.17046
-7.17081
-7.17085
-7.17124
-7.17164
-7.17206
-7.17249
-7.17327
-7.17373
-7.17388
-7.1734
-7.17358
-7.1741
-7.17527
-7.17548
-7.17602
-7.17656
-7.17744
-7.17702
-7.17694
-7.17782
-7.17742
-7.17798
-7.17822
-7.17975
-7.18031
-7.18086
-7.1814
-7.18064
-7.18117
-7.182
-7.18283
-7.183
-7.18347
-7.18394
-7.18438
-7.1848
-7.18554
-7.18592
-7.18564
-7.18566
-7.18598
-7.18692
-7.18719
-7.18775
-7.18797
-7.18815
-7.18798
-7.18778
-7.18884
-7.18858
-7.18828
-7.18795
-7.18791
-7.18815
-7.18771
-7.18756
-7.18673
-7.18618
-7.18624
-7.18594
-7.18527
-7.18489
-7.18446
-7.18432
-7.18382
-7.18328
-7.18269
-7.18304
-7.18205
-7.18134
-7.18027
-7.17852
-7.17737
-7.1765
-7.17527
-7.17433
-7.17335
-7.17168
-7.17062
-7.16888
-7.16775
-7.16594
-7.16506
-7.16382
-7.16223
-7.16125
-7.15959
-7.15822
-7.1565
-7.15573
-7.15395
-7.1528
-7.15129
-7.15041
-7.14854
-7.14664
-7.14537
-7.14376
-7.14213
-7.14114
-7.14013
-7.13846
-7.13679
-7.1351
-7.13373
-7.1317
-7.13
-7.12797
-7.12659
-7.12489
-7.12287
-7.12183
-7.11982
-7.11782
-7.11584
-7.11419
-7.11224
-7.11095
-7.10936
-7.10681
-7.10526
-7.10342
-7.1016
-7.10046
