-6.65046
-6.65046
-6.65046
-6.65046
-6.65046
-6.65046
-6.65046
-6.65046
-6.65046
-6.65046
-6.65046
-6.65046
-6.65046
-6.65046
-6.65046
-6.65046
-6.64981
-6.64916
-6.64884
-6.64851
-6.64689
-6.64527
-6.64301
-6.64074
-6.63945
-6.63847
-6.6375
-6.63524
-6.632
-6.6307
-6.62909
-6.62811
-6.62682
-6.6252
-6.62423
-6.62326
-6.62196
-6.62067
-6.61905
-6.61808
-6.61743
-6.6171
-6.61581
-6.61516
-6.61289
-6.61127
-6.60868
-6.60771
-6.60706
-6.60706
-6.60642
-6.60545
-6.60383
-6.60253
-6.60091
-6.60026
-6.59864
-6.59767
-6.59735
-6.59605
-6.59573
-6.59573
-6.59476
-6.59443
-6.59378
-6.59314
-6.59216
-6.59184
-6.59184
-6.59152
-6.59151
-6.59119
-6.59054
-6.59022
-6.58989
-6.58989
-6.58957
-6.58925
-6.58924
-6.58924
-6.58924
-6.58924
-6.58924
-6.58859
-6.58795
-6.58795
-6.58795
-6.58795
-6.58762
-6.58697
-6.58632
-6.58568
-6.58535
-6.5847
-6.58438
-6.58438
-6.58438
-6.58373
-6.58341
-6.58308
-6.58244
-6.58179
-6.58114
-6.58082
-6.58082
-6.58081
-6.58049
-6.58017
-6.58017
-6.58017
-6.57952
-6.5792
-6.57887
-6.57887
-6.5792
-6.57887
-6.57855
-6.57855
-6.57855
-6.57855
-6.57855
-6.5779
-6.5779
-6.57693
-6.57563
-6.57563
-6.57563
-6.57563
-6.57563
-6.57531
-6.57531
-6.57564
-6.57564
-6.57531
-6.57564
-6.57564
-6.57531
-6.57499
-6.57499
-6.57531
-6.57499
-6.57499
-6.57434
-6.57467
-6.57435
-6.57435
-6.57435
-6.57435
-6.57435
-6.57532
-6.57532
-6.57564
-6.57564
-6.57467
-6.575
-6.575
-6.575
-6.57435
-6.57403
-6.5737
-6.57371
-6.57403
-6.57403
-6.57371
-6.57403
-6.57403
-6.57338
-6.57338
-6.57306
-6.57338
-6.57339
-6.57339
-6.57339
-6.57371
-6.57306
-6.57242
-6.57209
-6.57209
-6.57209
-6.57274
-6.57339
-6.57371
-6.57404
-6.57404
-6.57404
-6.57436
-6.57436
-6.57436
-6.57404
-6.57404
-6.57404
-6.57404
-6.57404
-6.57404
-6.57436
-6.57436
-6.57436
-6.57436
-6.57436
-6.57436
-6.57371
-6.57404
-6.57404
-6.57404
-6.57371
-6.57371
-6.57404
-6.57436
-6.57468
-6.57468
-6.57468
-6.57468
-6.57436
-6.57404
-6.57436
-6.57468
-6.57468
-6.57501
-6.57468
-6.57533
-6.57533
-6.57501
-6.57533
-6.57533
-6.57501
-6.57533
-6.57501
-6.57501
-6.57501
-6.57565
-6.57565
-6.57565
-6.57565
-6.57565
-6.57565
-6.57533
-6.57533
-6.57598
-6.57598
-6.57598
-6.5763
-6.57695
-6.57695
-6.57662
-6.57695
-6.57727
-6.57759
-6.57759
-6.57759
-6.57727
-6.57759
-6.57856
-6.57856
-6.57856
-6.57856
-6.57856
-6.57824
-6.57824
-6.57824
-6.57824
-6.57856
-6.57889
-6.57889
-6.57953
-6.57986
-6.58083
-6.58148
-6.58115
-6.58115
-6.5805
-6.5805
-6.57953
-6.57921
-6.57889
-6.57889
-6.57889
-6.57889
-6.57856
-6.57824
-6.57856
-6.57889
-6.57889
-6.57921
-6.57921
-6.57889
-6.57856
-6.57889
-6.57889
-6.57889
-6.57921
-6.57921
-6.57856
-6.57856
-6.57856
-6.57856
-6.57824
-6.57824
-6.57824
-6.57792
-6.57792
-6.57759
-6.57759
-6.57759
-6.57792
-6.57759
-6.57792
-6.57889
-6.57889
-6.57856
-6.57889
-6.57921
-6.57954
-6.57986
-6.57986
-6.57986
-6.58018
-6.57986
-6.57986
-6.58083
-6.58116
-6.58148
-6.58148
-6.5818
-6.58213
-6.58213
-6.58213
-6.58245
-6.58213
-6.58213
-6.58213
-6.5831
-6.5831
-6.58342
-6.5831
-6.58342
-6.58375
-6.5844
-6.58407
-6.58342
-6.58342
-6.58375
-6.5844
-6.58537
-6.58537
-6.58537
-6.58537
-6.58504
-6.5844
-6.58504
-6.58504
-6.58504
-6.58504
-6.58537
-6.58504
-6.58472
-6.58504
-6.58537
-6.58569
-6.58569
-6.58634
-6.58601
-6.58601
-6.58601
-6.58601
-6.58569
-6.58569
-6.58569
-6.58602
-6.58569
-6.58602
-6.58602
-6.58602
-6.58569
-6.58537
-6.58537
-6.58537
-6.58569
-6.58602
-6.58634
-6.58602
-6.58569
-6.58602
-6.58666
-6.58666
-6.58666
-6.58634
-6.58666
-6.58699
-6.58602
-6.58569
-6.58569
-6.58569
-6.58537
-6.58537
-6.5844
-6.5844
-6.5844
-6.58472
-6.5844
-6.58472
-6.58537
-6.58569
-6.58569
-6.58569
-6.58602
-6.58634
-6.58699
-6.58666
-6.58569
-6.58601
-6.58634
-6.58569
-6.58634
-6.58634
-6.58634
-6.58666
-6.58731
-6.58634
-6.58634
-6.58602
-6.58569
-6.58569
-6.58569
-6.58569
-6.58602
-6.58602
-6.58537
-6.58504
-6.58504
-6.58472
-6.58472
-6.5844
-6.5844
-6.5844
-6.58375
-6.58343
-6.5831
-6.58343
-6.58407
-6.58472
-6.5844
-6.58472
-6.58472
-6.58504
-6.58375
-6.58343
-6.58343
-6.58375
-6.58343
-6.5831
-6.58342
-6.5831
-6.58148
-6.58148
-6.58116
-6.58116
-6.58051
-6.57986
-6.57922
-6.57889
-6.57889
-6.57986
-6.57986
-6.57954
-6.57954
-6.58018
-6.58018
-6.58018
-6.58018
-6.58018
-6.58116
-6.58083
-6.58018
-6.58018
-6.58051
-6.57954
-6.57986
-6.58051
-6.58018
-6.58083
-6.58148
-6.58116
-6.58116
-6.58148
-6.5818
-6.58148
-6.58115
-6.58148
-6.58213
-6.5818
-6.58148
-6.58115
-6.5818
-6.58245
-6.58245
-6.58245
-6.58212
-6.58277
-6.58277
-6.58277
-6.58277
-6.58245
-6.58277
-6.5818
-6.5818
-6.5818
-6.5818
-6.58148
-6.58212
-6.58212
-6.58212
-6.58245
-6.58245
-6.58309
-6.58245
-6.58212
-6.5818
-6.58212
-6.58212
-6.58147
-6.58212
-6.58212
-6.58115
-6.58147
-6.58147
-6.58147
-6.5818
-6.58212
-6.5818
-6.5818
-6.58212
-6.5818
-6.58147
-6.58147
-6.58115
-6.58148
-6.58115
-6.58115
-6.58083
-6.58115
-6.58115
-6.5805
-6.58083
-6.58115
-6.58115
-6.58115
-6.58115
-6.58115
-6.58115
-6.58148
-6.58115
-6.58018
-6.58083
-6.58083
-6.58083
-6.58083
-6.58083
-6.58083
-6.5805
-6.5805
-6.5805
-6.58018
-6.5805
-6.58018
-6.5805
-6.58018
-6.5805
-6.58115
-6.58115
-6.58115
-6.58083
-6.58083
-6.58018
-6.57986
-6.58018
-6.57986
-6.58018
-6.58018
-6.5805
-6.58115
-6.58115
-6.58115
-6.58148
-6.58115
-6.58083
-6.5805
-6.57986
-6.57953
-6.57986
-6.58051
-6.58083
-6.58148
-6.58148
-6.58148
-6.5818
-6.58148
-6.58148
-6.58148
-6.58148
-6.5818
-6.58083
-6.58018
-6.5805
-6.5805
-6.58018
-6.57986
-6.58018
-6.58083
-6.58083
-6.58018
-6.58148
-6.58245
-6.58212
-6.58212
-6.58212
-6.58212
-6.58212
-6.58245
-6.58212
-6.58212
-6.5818
-6.5818
-6.5818
-6.5818
-6.58245
-6.58342
-6.58439
-6.58504
-6.58504
-6.58439
-6.58374
-6.58504
-6.58471
-6.58439
-6.58407
-6.58342
-6.58439
-6.58471
-6.58504
-6.58439
-6.58439
-6.58471
-6.58504
-6.58536
-6.58536
-6.58569
-6.58569
-6.58601
-6.58601
-6.58633
-6.58601
-6.58633
-6.58633
-6.58666
-6.58698
-6.58698
-6.5873
-6.5873
-6.58763
-6.58795
-6.58828
-6.58795
-6.58827
-6.58827
-6.58892
-6.58892
-6.58925
-6.58925
-6.58925
-6.58925
-6.58925
-6.58925
-6.58957
-6.59022
-6.59022
-6.59087
-6.59119
-6.59119
-6.59119
-6.59119
-6.59151
-6.59216
-6.59184
-6.59248
-6.59248
-6.59281
-6.59184
-6.59184
-6.59151
-6.59151
-6.59151
-6.59151
-6.59119
-6.59119
-6.59086
-6.59086
-6.59054
-6.59054
-6.59119
-6.59119
-6.59119
-6.59119
-6.59119
-6.59151
-6.59119
-6.59119
-6.59086
-6.59022
-6.58957
-6.58957
-6.58957
-6.58989
-6.58989
-6.58989
-6.58957
-6.58957
-6.59022
-6.58989
-6.58892
-6.58827
-6.58827
-6.58827
-6.58827
-6.58827
-6.5886
-6.58924
-6.58957
-6.5886
-6.58957
-6.58892
-6.58892
-6.58892
-6.5886
-6.5886
-6.58892
-6.5886
-6.5886
-6.58763
-6.58763
-6.5873
-6.58698
-6.58698
-6.58698
-6.58665
-6.58665
-6.58665
-6.58633
-6.58633
-6.58601
-6.58633
-6.58633
-6.58665
-6.58698
-6.5873
-6.58698
-6.5873
-6.58601
-6.58601
-6.58601
-6.58698
-6.58698
-6.58698
-6.5873
-6.5873
-6.5873
-6.58665
-6.58698
-6.58698
-6.58698
-6.58601
-6.58633
-6.58665
-6.58698
-6.58633
-6.58633
-6.586
-6.58568
-6.58568
-6.58536
-6.58536
-6.58665
-6.58601
-6.58665
-6.58665
-6.5873
-6.5873
-6.5873
-6.58762
-6.58698
-6.58762
-6.58827
-6.58827
-6.58827
-6.5886
-6.5886
-6.58827
-6.58827
-6.5886
-6.58795
-6.58795
-6.58795
-6.5886
-6.5886
-6.58762
-6.5873
-6.5873
-6.5873
-6.58665
-6.58665
-6.58633
-6.58568
-6.58536
-6.58536
-6.58471
-6.58471
-6.58471
-6.58439
-6.58439
-6.58471
-6.58536
-6.58536
-6.58471
-6.58406
-6.58471
-6.58503
-6.58503
-6.58471
-6.58503
-6.58503
-6.58503
-6.58439
-6.58439
-6.58471
-6.58439
-6.58406
-6.58471
-6.58406
-6.58374
-6.58341
-6.58374
-6.58406
-6.58439
-6.58471
-6.58471
-6.58406
-6.58374
-6.58406
-6.58374
-6.58406
-6.58309
-6.58341
-6.58341
-6.58341
-6.58341
-6.58276
-6.58276
-6.58309
-6.58341
-6.58244
-6.58244
-6.58341
-6.58341
-6.58276
-6.58276
-6.58309
-6.58276
-6.58309
-6.58341
-6.58374
-6.58406
-6.58374
-6.58406
-6.58406
-6.58341
-6.58309
-6.58341
-6.58341
-6.58309
-6.58309
-6.58309
-6.58309
-6.58309
-6.58341
-6.58341
-6.58309
-6.58212
-6.58179
-6.58179
-6.58244
-6.58212
-6.58212
-6.58212
-6.58244
-6.58147
-6.58082
-6.58115
-6.58017
-6.58017
-6.57985
-6.58082
-6.58082
-6.58082
-6.58082
-6.57953
-6.57953
-6.57985
-6.58017
-6.57985
-6.57985
-6.57985
-6.57985
-6.57985
-6.58018
-6.58018
-6.57953
-6.5792
-6.5792
-6.57985
-6.57985
-6.58018
-6.58018
-6.58018
-6.57985
-6.57953
-6.5805
-6.58018
-6.57985
-6.57953
-6.57953
-6.57985
-6.57953
-6.57953
-6.57888
-6.57856
-6.57888
-6.57888
-6.57856
-6.57856
-6.57856
-6.57888
-6.57888
-6.57888
-6.57888
-6.57985
-6.57953
-6.57953
-6.5792
-6.57823
-6.57791
-6.57791
-6.57759
-6.57759
-6.57759
-6.57694
-6.57694
-6.57629
-6.57629
-6.57564
-6.57597
-6.57597
-6.57564
-6.57597
-6.57564
-6.57564
-6.57532
-6.57597
-6.57564
-6.57597
-6.57597
-6.57661
-6.57629
-6.57597
-6.57629
-6.57629
-6.57629
-6.57694
-6.57759
-6.57759
-6.57759
-6.57759
-6.57791
-6.57759
-6.57759
-6.57726
-6.57759
-6.57758
-6.57726
-6.57791
-6.57758
-6.57726
-6.57694
-6.57694
-6.57661
-6.57694
-6.57694
-6.57597
-6.57597
-6.57564
-6.57532
-6.57564
