-6.64199
-6.64137
-6.64101
-6.63994
-6.63913
-6.63794
-6.63701
-6.63603
-6.635
-6.63326
-6.63212
-6.63092
-6.62968
-6.62838
-6.62736
-6.62597
-6.62454
-6.62338
-6.62187
-6.62064
-6.6184
-6.61645
-6.61479
-6.6131
-6.61203
-6.60996
-6.60787
-6.60544
-6.60493
-6.60312
-6.60129
-6.59913
-6.59762
-6.59577
-6.59361
-6.59242
-6.59028
-6.58847
-6.587
-6.58555
-6.58316
-6.5808
-6.57944
-6.57747
-6.57587
-6.57431
-6.57312
-6.57167
-6.57027
-6.56893
-6.5683
-6.56677
-6.56596
-6.56489
-6.56423
-6.563
-6.56218
-6.56176
-6.56111
-6.56055
-6.56008
-6.55971
-6.55942
-6.55859
-6.55851
-6.55852
-6.55863
-6.5582
-6.55852
-6.55862
-6.55914
-6.55879
-6.55985
-6.56035
-6.56097
-6.56233
-6.56347
-6.56439
-6.56638
-6.56718
-6.56872
-6.57036
-6.57178
-6.57362
-6.57555
-6.57693
-6.57938
-6.58192
-6.58389
-6.58661
-6.58973
-6.59229
-6.59526
-6.59895
-6.60143
-6.60431
-6.60693
-6.60995
-6.61272
-6.61554
-6.61843
-6.62203
-6.62568
-6.62906
-6.63314
-6.63661
-6.6398
-6.64271
-6.64598
-6.65057
-6.65422
-6.6579
-6.66255
-6.66626
-6.66964
-6.67401
-6.67837
-6.68209
-6.68644
-6.69013
-6.69446
-6.69746
-6.70109
-6.70404
-6.70761
-6.71113
-6.71525
-6.71803
-6.7214
-6.72472
-6.7283
-6.73149
-6.73462
-6.73768
-6.74066
-6.74292
-6.74575
-6.74817
-6.75083
-6.7534
-6.75556
-6.75762
-6.75992
-6.7618
-6.76358
-6.76591
-6.7675
-6.76898
-6.77037
-6.7723
-6.77348
-6.77487
-6.77682
-6.77769
-6.7791
-6.78041
-6.78129
-6.78271
-6.78338
-6.78427
-6.78441
-6.78542
-6.786
-6.78647
-6.78587
-6.78582
-6.78566
-6.78507
-6.78471
-6.78457
-6.78465
-6.78367
-6.7829
-6.78172
-6.78076
-6.7797
-6.77919
-6.77859
-6.77758
-6.77615
-6.77463
-6.77399
-6.77198
-6.7702
-6.76706
-6.7648
-6.76183
-6.7604
-6.75794
-6.75541
-6.75217
-6.74985
-6.74779
-6.74439
-6.7416
-6.73941
-6.73751
-6.73429
-6.73136
-6.72873
-6.72576
-6.72342
-6.72074
-6.71806
-6.71602
-6.71367
-6.71067
-6.70769
-6.70602
-6.70308
-6.69951
-6.69728
-6.69442
-6.69193
-6.68981
-6.68741
-6.68473
-6.68243
-6.67987
-6.67736
-6.67459
-6.67319
-6.6712
-6.66897
-6.6681
-6.66569
-6.66401
-6.66208
-6.66023
-6.65847
-6.65744
-6.65584
-6.65498
-6.6542
-6.65286
-6.65194
-6.65077
-6.64969
-6.64837
-6.64779
-6.64696
-6.64654
-6.64587
-6.64561
-6.64574
-6.64563
-6.64591
-6.64626
-6.64668
-6.64717
-6.64739
-6.64734
-6.64768
-6.64904
-6.64948
-6.64997
-6.65018
-6.65075
-6.65071
-6.65071
-6.65138
-6.65143
-6.65216
-6.6529
-6.65302
-6.65444
-6.6549
-6.65634
-6.65616
-6.65695
-6.65774
-6.6595
-6.65995
-6.66071
-6.66081
-6.66121
-6.66159
-6.66227
-6.66261
-6.66453
-6.66578
-6.667
-6.66884
-6.66935
-6.67014
-6.67091
-6.67164
-6.672
-6.67233
-6.67295
-6.67289
-6.67311
-6.6733
-6.67345
-6.67422
-6.67495
-6.67534
-6.67569
-6.67601
-6.67664
-6.67658
-6.67586
-6.67545
-6.67501
-6.67553
-6.67636
-6.6762
-6.67604
-6.67554
-6.67568
-6.67582
-6.67499
-6.6748
-6.67462
-6.67444
-6.67394
-6.67345
-6.6733
-6.67283
-6.6727
-6.67291
-6.67346
-6.67306
-6.67299
-6.6723
-6.67227
-6.67258
-6.67227
-6.67263
-6.67333
-6.67275
-6.67252
-6.67393
-6.67439
-6.67487
-6.67536
-6.67522
-6.6751
-6.67532
-6.67588
-6.67612
-6.67605
-6.67631
-6.6769
-6.6775
-6.67777
-6.67837
-6.67801
-6.67796
-6.67792
-6.67884
-6.67879
-6.67872
-6.67833
-6.67824
-6.67782
-6.67868
-6.67888
-6.67907
-6.67923
-6.67969
-6.67949
-6.67959
-6.67934
-6.67875
-6.6791
-6.67878
-6.67876
-6.67872
-6.67864
-6.67919
-6.67939
-6.67956
-6.67938
-6.67788
-6.6783
-6.67869
-6.6784
-6.67745
-6.67712
-6.67742
-6.67705
-6.67569
-6.67496
-6.67485
-6.67441
-6.67427
-6.6738
-6.67364
-6.67281
-6.67231
-6.67179
-6.67159
-6.67073
-6.67052
-6.66999
-6.66945
-6.66859
-6.66806
-6.66753
-6.66701
-6.6665
-6.66535
-6.66486
-6.66438
-6.66392
-6.66316
-6.66209
-6.66233
-6.66162
-6.66159
-6.65996
-6.65965
-6.65937
-6.65977
-6.65922
-6.65903
-6.65919
-6.65905
-6.65831
-6.65824
-6.6582
-6.65853
-6.65824
-6.65895
-6.65937
-6.65885
-6.65933
-6.65953
-6.66007
-6.66032
-6.66028
-6.66026
-6.6606
-6.66095
-6.66134
-6.66174
-6.66152
-6.66197
-6.66243
-6.66291
-6.66373
-6.66423
-6.66443
-6.66495
-6.66549
-6.66538
-6.66625
-6.66744
-6.6683
-6.66884
-6.66937
-6.67054
-6.67139
-6.67222
-6.67174
-6.67288
-6.67367
-6.67444
-6.67487
-6.67528
-6.67535
-6.67507
-6.67508
-6.67573
-6.67569
-6.67531
-6.67619
-6.6764
-6.67625
-6.67704
-6.67748
-6.67691
-6.67696
-6.67697
-6.67695
-6.67625
-6.67583
-6.67603
-6.67619
-6.67663
-6.67607
-6.6758
-6.67549
-6.67514
-6.67411
-6.67466
-6.67356
-6.67307
-6.67221
-6.67165
-6.67104
-6.67041
-6.66973
-6.66869
-6.66794
-6.66682
-6.66633
-6.66579
-6.66522
-6.66429
-6.66301
-6.66169
-6.66033
-6.65959
-6.65882
-6.65769
-6.65652
-6.65533
-6.6541
-6.65316
-6.65219
-6.65087
-6.64984
-6.64814
-6.64641
-6.64562
-6.64449
-6.64236
-6.63988
-6.63933
-6.63746
-6.63653
-6.63559
-6.63334
-6.63139
-6.6291
-6.6268
-6.62448
-6.6228
-6.62208
-6.62037
-6.61866
-6.61662
-6.61458
-6.61253
-6.61047
-6.60907
-6.60767
-6.60594
-6.60358
-6.60186
-6.60016
-6.59879
-6.59775
-6.59608
-6.59411
-6.59247
-6.58988
-6.58796
-6.58606
-6.58418
-6.58298
-6.5818
-6.58033
-6.57889
-6.57748
-6.57578
-6.57412
-6.57346
-6.57253
-6.57163
-6.57045
-6.569
-6.56823
-6.56752
-6.56653
-6.56558
-6.56469
-6.5645
-6.56307
-6.563
-6.56233
-6.56108
-6.56053
-6.56004
-6.55994
-6.55893
-6.55864
-6.55873
-6.55856
-6.5578
-6.55776
-6.55811
-6.55885
-6.559
-6.55825
-6.55821
-6.55857
-6.55898
-6.55947
-6.55937
-6.55966
-6.56001
-6.56106
-6.56154
-6.56142
-6.56299
-6.56332
-6.56499
-6.56575
-6.56657
-6.56743
-6.56899
-6.57092
-6.57258
-6.57395
-6.57536
-6.57682
-6.57896
-6.58081
-6.58301
-6.5846
-6.58653
-6.58817
-6.5908
-6.59248
-6.5945
-6.59622
-6.59762
-6.59967
-6.60109
-6.60219
-6.60393
-6.60568
-6.60709
-6.60915
-6.61056
-6.61292
-6.61527
-6.61728
-6.61863
-6.62028
-6.62224
-6.62384
-6.62542
-6.6273
-6.62979
-6.63161
-6.63306
-6.63449
-6.63555
-6.63723
-6.63887
-6.64014
-6.64138
-6.64258
-6.64438
-6.64614
-6.64721
-6.6476
-6.64826
-6.65019
-6.6511
-6.65164
-6.65215
-6.65197
-6.65305
-6.6541
-6.65414
-6.65479
-6.65542
-6.65633
-6.65722
-6.65776
-6.65795
-6.65779
-6.65923
-6.66034
-6.6611
-6.66153
-6.66292
-6.66334
-6.66342
-6.6648
-6.66489
-6.66498
-6.6654
-6.66583
-6.66562
-6.66639
-6.66686
-6.66799
-6.66913
-6.66933
-6.6702
-6.67077
-6.67169
-6.67198
-6.67263
-6.67298
-6.67368
-6.67474
-6.67549
-6.67628
-6.67709
-6.67793
-6.67912
-6.68
-6.68059
-6.68152
-6.68279
-6.68408
-6.68506
-6.68702
-6.68802
-6.68903
-6.68972
-6.69073
-6.6911
-6.69178
-6.69245
-6.69279
-6.69343
-6.69438
-6.69499
-6.69557
-6.69611
-6.69695
-6.69711
-6.69787
-6.69826
-6.69893
-6.69955
-6.70076
-6.70192
-6.70204
-6.70243
-6.70242
-6.70267
-6.70253
-6.70264
-6.70332
-6.7036
-6.7038
-6.7036
-6.70331
-6.70294
-6.70248
-6.70193
-6.7013
-6.70026
-6.69945
-6.69887
-6.69788
-6.69713
-6.69629
-6.69472
-6.69403
-6.69293
-6.6911
-6.68984
-6.68881
-6.68706
-6.68523
-6.683
-6.68134
-6.67961
-6.67814
-6.67498
-6.67274
-6.66978
-6.66742
-6.665
-6.66351
-6.66068
-6.65813
-6.65522
-6.6526
-6.6506
-6.64761
-6.64557
-6.64319
-6.64048
-6.63777
-6.63473
-6.6317
-6.629
-6.626
-6.62366
-6.62136
-6.61908
-6.6162
-6.61206
-6.60992
-6.60751
-6.60517
-6.60288
-6.60034
-6.59885
-6.59711
-6.59514
-6.59326
-6.59082
-6.58978
-6.58852
-6.58704
-6.58536
-6.58378
-6.58298
-6.58198
-6.58078
-6.58036
-6.5791
-6.57863
-6.57764
-6.57712
-6.57673
-6.57714
-6.57736
-6.57708
-6.57726
-6.57791
-6.57869
-6.57962
-6.581
-6.5822
-6.5832
-6.58466
-6.58559
-6.58762
-6.58945
-6.59171
-6.59408
-6.59655
-6.59848
-6.60083
-6.60326
-6.60513
-6.60676
-6.61008
-6.61314
-6.61593
-6.6191
-6.62199
-6.62491
-6.62658
-6.62924
-6.63159
-6.63461
-6.63763
-6.64065
-6.64366
-6.64666
-6.649
-6.65132
-6.65393
-6.65683
-6.66002
-6.66284
-6.66561
-6.66833
-6.67132
-6.67392
-6.67614
-6.67829
-6.68102
-6.68303
-6.68529
-6.68811
-6.69118
-6.6932
-6.69482
-6.69667
-6.69843
-6.69979
-6.7017
-6.7032
-6.70461
-6.70626
-6.7075
-6.70897
-6.71002
-6.71131
-6.7122
-6.71235
-6.71338
-6.71434
-6.71488
-6.71535
-6.71477
-6.71411
-6.71402
-6.71451
-6.71493
-6.71528
-6.71556
-6.71546
-6.71561
-6.71506
-6.71575
-6.71541
-6.71535
-6.71556
-6.71572
-6.7152
-6.71431
-6.71305
-6.71338
-6.71303
-6.71232
-6.71191
-6.71082
-6.71069
-6.71053
-6.7097
-6.70918
-6.70801
-6.70714
-6.70626
-6.7057
-6.70578
-6.70521
-6.70399
-6.70341
-6.70251
-6.70193
-6.70201
-6.70144
-6.70056
-6.69967
-6.69815
-6.69696
-6.69609
-6.69557
-6.69472
-6.69388
-6.69403
-6.69224
-6.69176
-6.69097
-6.68986
-6.68941
-6.68864
-6.68821
-6.68779
-6.68673
-6.68633
-6.68562
-6.68459
-6.6839
-6.68289
-6.6819
-6.68156
-6.68059
-6.67994
-6.67931
-6.67804
-6.67743
-6.67748
-6.67688
-6.67501
-6.67379
-6.67323
-6.67333
-6.67214
-6.67193
-6.67109
-6.67058
-6.67008
-6.66862
-6.66815
-6.668
-6.66754
-6.66677
-6.66665
-6.66654
-6.66644
-6.66602
-6.66529
-6.66489
-6.6645
-6.66476
-6.66439
-6.66337
-6.66334
-6.66299
-6.66232
-6.66231
-6.66198
-6.66133
-6.66133
-6.66037
-6.66006
-6.65943
-6.6588
-6.6585
-6.65788
-6.65759
-6.65601
-6.6554
-6.65545
-6.65517
-6.65522
-6.65495
-6.65469
-6.6541
-6.65255
-6.65166
-6.65206
-6.65085
-6.65062
-6.6504
-6.65018
-6.64997
-6.64977
-6.64958
-6.64972
-6.64922
-6.64938
-6.64923
-6.64877
-6.64865
-6.64854
-6.64811
-6.64771
-6.64699
-6.6463
-6.64626
-6.6456
-6.64592
-6.6453
-6.64501
-6.64507
-6.64547
-6.64557
-6.64601
-6.64615
-6.64663
-6.64681
-6.64669
-6.64724
-6.64781
-6.64776
-6.64772
-6.64836
-6.64837
-6.64807
-6.64909
-6.64981
-6.65054
-6.65129
-6.65109
-6.65123
-6.65203
-6.65284
-6.65302
-6.65322
-6.65472
-6.65559
-6.65582
-6.65736
-6.6576
-6.65851
-6.65974
-6.66033
-6.66059
-6.66118
-6.6621
-6.66268
-6.66359
-6.66417
-6.66441
-6.66465
-6.66553
-6.66607
-6.66595
-6.66613
-6.66695
-6.66743
-6.66788
-6.66864
-6.66938
-6.67042
-6.67046
-6.67112
-6.67208
-6.67237
-6.67263
-6.6722
-6.6724
-6.67321
-6.67367
-6.6741
-6.67352
-6.67356
-6.6726
-6.67322
-6.67317
-6.6734
-6.6736
-6.67313
-6.67327
-6.67371
-6.67379
-6.67353
-6.67356
-6.67357
-6.67258
-6.6719
-6.67281
-6.67274
-6.67233
-6.67222
-6.67146
-6.67134
-6.67056
-6.67009
-6.66898
-6.66852
-6.66838
-6.66792
-6.66748
-6.66672
-6.66629
-6.66621
-6.66518
-6.66417
-6.66318
-6.66352
-6.66292
-6.66203
-6.66151
-6.66102
-6.66057
-6.66016
-6.66045
-6.66079
-6.66086
-6.66098
-6.6618
-6.66235
-6.66296
-6.66298
-6.66339
-6.66451
-6.66439
-6.66531
-6.66532
-6.66572
-6.66651
-6.66639
-6.66699
-6.66764
-6.66966
-6.67141
-6.67226
-6.67349
-6.6751
-6.67644
-6.67815
-6.6796
-6.68109
-6.68231
-6.68357
-6.68552
-6.68719
-6.68856
-6.68997
-6.69108
-6.69254
-6.69467
-6.69682
-6.69931
-6.70116
-6.70269
-6.70455
-6.70673
-6.70826
-6.70945
-6.71161
-6.71374
-6.7152
-6.71729
-6.71935
-6.72137
-6.72368
-6.7253
-6.7272
-6.72841
-6.72956
-6.73098
-6.73234
-6.73461
-6.73617
-6.73766
-6.73908
-6.7401
-6.74137
-6.74158
-6.74237
-6.74339
-6.74369
-6.74421
-6.74465
-6.74533
-6.74461
-6.74608
-6.74584
-6.74647
-6.74637
-6.74618
-6.74621
-6.74583
-6.74536
-6.74512
-6.74447
-6.7434
-6.74257
-6.74133
-6.73969
-6.73764
-6.73648
-6.73524
-6.73393
-6.73222
-6.73077
-6.72925
-6.72766
-6.72537
-6.72367
-6.72256
-6.72043
-6.71858
-6.71701
-6.7154
-6.71409
-6.71177
-6.70943
-6.70642
-6.7034
-6.70101
-6.69926
-6.69719
-6.69512
-6.69272
-6.69066
-6.68861
-6.6869
-6.68521
-6.68322
-6.68158
-6.67965
-6.67806
-6.67555
-6.67404
-6.67128
-6.66953
-6.66783
-6.66649
-6.66552
-6.66396
-6.66244
-6.66129
-6.66051
-6.65913
-6.65747
-6.65619
-6.65496
-6.65247
-6.65165
-6.65087
-6.64916
-6.64814
-6.64717
-6.64655
-6.645
-6.64446
-6.64329
-6.64249
-6.64106
-6.63934
-6.63797
-6.63726
-6.63658
-6.63592
-6.63527
-6.63561
-6.63564
-6.63536
-6.63477
-6.63451
-6.63394
-6.63272
-6.63217
-6.63194
-6.6314
-6.63086
-6.62968
-6.62947
-6.62895
-6.62842
-6.62822
-6.62803
-6.62751
-6.627
-6.62649
-6.62566
-6.62451
-6.62434
-6.62481
-6.62433
-6.62384
-6.62401
-6.62354
-6.62275
-6.62229
-6.62023
-6.61979
-6.61969
-6.61927
-6.61919
-6.61912
-6.61777
-6.6174
-6.61672
-6.61671
-6.61638
-6.61542
-6.61448
-6.61355
-6.61362
-6.61337
-6.61346
-6.61325
-6.61305
-6.61319
-6.61334
-6.61351
-6.61338
-6.61326
-6.61348
-6.61404
-6.61429
-6.61358
-6.61419
-6.61449
-6.61577
-6.61578
-6.61579
-6.61517
-6.6152
-6.61492
-6.61594
-6.61536
-6.61575
-6.61518
-6.61526
-6.61502
-6.61543
-6.61585
-6.6153
-6.61573
-6.61615
-6.61625
-6.61636
-6.61645
-6.61655
-6.61664
-6.61706
-6.61683
-6.61627
-6.61636
-6.61644
-6.61652
-6.61724
-6.61764
-6.61803
-6.61712
-6.61752
-6.61855
-6.61862
-6.61901
-6.61907
-6.61849
-6.61857
-6.61832
-6.61839
-6.61815
-6.61857
-6.61802
-6.61812
-6.61824
-6.61869
-6.61883
-6.61833
-6.61882
-6.61933
-6.61921
-6.61942
-6.62063
-6.62154
-6.62182
-6.62277
-6.62309
-6.62343
-6.62348
-6.62355
-6.62398
-6.62442
-6.62489
-6.62539
-6.62591
-6.62614
-6.62672
-6.62635
-6.62763
-6.62861
-6.62929
-6.62999
-6.63072
-6.63082
-6.63127
-6.63206
-6.63255
-6.6337
-6.63455
-6.63541
-6.63662
-6.63751
-6.63809
-6.63934
-6.63994
-6.6412
-6.64215
-6.64375
-6.64471
-6.64567
-6.6463
-6.64693
-6.64789
-6.64981
-6.65076
-6.65169
-6.65295
-6.65386
-6.6538
-6.65469
-6.65524
-6.6561
-6.65694
-6.65775
-6.65855
-6.66029
-6.66071
-6.66143
-6.66213
-6.66279
-6.6631
-6.66241
-6.66363
-6.66384
-6.66531
-6.66513
-6.6662
-6.66756
-6.66824
-6.66919
-6.66913
-6.66968
-6.67017
-6.66966
-6.66974
-6.66848
-6.66847
-6.66906
-6.66895
-6.66847
-6.66826
-6.66736
-6.66705
-6.66572
-6.66531
-6.66485
-6.66434
-6.66411
-6.6635
-6.66219
-6.66116
-6.66073
-6.65961
-6.65909
-6.6582
-6.65727
-6.6563
-6.65464
-6.65326
-6.65185
-6.65073
-6.64892
-6.64773
-6.64651
-6.64526
-6.64464
-6.64302
-6.6417
-6.6407
-6.63967
-6.63832
-6.63533
-6.63364
-6.63162
-6.63089
-6.62953
-6.62881
-6.62713
-6.62611
-6.62446
-6.62347
-6.6225
-6.6209
-6.62062
-6.61972
-6.61852
-6.61736
-6.61623
-6.61546
-6.61537
-6.615
-6.61467
-6.61406
-6.61317
-6.61167
-6.61087
-6.61044
-6.60974
-6.60972
-6.60944
-6.60888
-6.60804
-6.6079
-6.60781
-6.60777
-6.60681
-6.60686
-6.60567
-6.60549
-6.60567
-6.6059
-6.6065
-6.60681
-6.60651
-6.60624
-6.60634
-6.60614
-6.60532
-6.6055
-6.60571
-6.60626
-6.60587
-6.60646
-6.60643
-6.60673
-6.60736
-6.60736
-6.60769
-6.6077
-6.60835
-6.60868
-6.60901
-6.60934
-6.609
-6.60899
-6.60896
-6.60956
-6.60951
-6.60879
-6.60837
-6.60825
-6.60909
-6.60925
-6.60971
-6.61014
-6.6099
-6.61027
-6.61062
-6.61093
-6.61056
-6.61049
-6.60973
-6.60959
-6.60942
-6.60954
-6.6093
-6.60805
-6.60807
-6.60839
-6.60867
-6.6086
-6.60786
-6.6074
-6.60628
-6.60481
-6.60428
-6.60406
-6.60382
-6.60291
-6.60263
-6.60201
-6.60171
-6.60139
-6.60074
-6.60008
-6.5991
-6.59844
-6.59745
-6.59615
-6.59615
-6.59519
-6.59553
-6.59491
-6.59399
-6.59341
-6.59317
-6.59296
-6.59245
-6.59197
-6.59152
-6.59143
-6.59105
-6.59005
-6.58942
-6.5898
-6.58893
-6.5894
-6.58958
-6.59014
-6.58913
-6.58913
-6.58887
-6.58865
-6.58881
-6.58935
-6.58994
-6.58961
-6.59063
-6.59106
-6.59122
-6.59175
-6.59298
-6.5933
-6.59432
-6.59506
-6.59553
-6.59638
-6.59695
-6.59789
-6.59889
-6.59928
-6.60003
-6.60148
-6.60265
-6.60419
-6.60609
-6.6077
-6.60967
-6.61135
-6.61306
-6.61513
-6.61625
-6.61773
-6.6189
-6.6201
-6.62163
-6.62287
-6.62444
-6.62667
-6.62892
-6.63021
-6.63183
-6.63377
-6.63508
-6.63671
-6.63738
-6.63869
-6.64032
-6.64228
-6.6439
-6.64585
-6.64746
-6.64841
-6.64968
-6.65127
-6.65251
-6.65407
-6.65561
-6.65746
-6.65962
-6.66112
-6.6626
-6.66438
-6.66648
-6.66791
-6.66932
-6.67038
-6.67208
-6.67343
-6.67347
-6.67511
-6.67673
-6.67801
-6.67927
-6.68083
-6.68237
-6.68293
-6.68379
-6.6856
-6.68642
-6.68755
-6.68866
-6.68974
-6.69081
-6.69154
-6.69257
-6.69359
-6.69458
-6.69588
-6.69684
-6.69745
-6.6987
-6.6996
-6.69951
-6.70037
-6.70121
-6.70139
-6.70219
-6.70362
-6.70406
-6.70513
-6.70585
-6.70622
-6.7069
-6.70788
-6.70851
-6.70879
-6.70906
-6.70995
-6.71081
-6.71068
-6.71086
-6.71133
-6.71114
-6.71254
-6.71327
-6.71365
-6.71369
-6.71371
-6.71371
-6.71435
-6.7156
-6.71652
-6.71742
-6.71766
-6.7182
-6.71872
-6.71826
-6.71811
-6.71826
-6.71873
-6.71887
-6.71867
-6.71878
-6.71856
-6.71865
-6.71874
-6.71914
-6.71921
-6.71896
-6.71967
-6.72006
-6.7198
-6.71985
-6.71959
-6.71965
-6.71971
-6.71977
-6.71984
-6.71958
-6.71997
-6.71971
-6.71978
-6.72017
-6.72024
-6.72031
-6.72071
-6.72111
-6.72086
-6.72094
-6.72036
-6.72077
-6.72117
-6.72059
-6.72099
-6.72106
-6.72112
-6.72053
-6.72059
-6.72096
-6.72165
-6.72135
-6.72138
-6.7214
-6.7214
-6.7214
-6.72105
-6.72135
-6.72098
-6.72027
-6.72052
-6.72011
-6.72033
-6.72052
-6.72038
-6.72054
-6.72101
-6.72113
-6.72156
-6.72132
-6.72171
-6.72111
-6.72146
-6.72114
-6.72113
-6.72078
-6.72041
-6.72034
-6.71961
-6.71918
-6.71938
-6.71828
-6.7178
-6.71731
-6.71714
-6.71695
-6.7161
-6.71524
-6.71438
-6.71319
-6.71199
-6.71079
-6.71088
-6.71064
-6.71073
-6.70985
-6.70929
-6.70874
-6.70786
-6.70732
-6.7071
-6.70754
-6.70669
-6.70586
-6.70535
-6.70422
-6.70341
-6.7023
-6.70152
-6.70173
-6.7013
-6.70089
-6.70017
-6.70012
-6.69976
-6.69942
-6.69845
-6.69848
-6.69852
-6.69826
-6.69706
-6.69749
-6.6973
-6.69745
-6.69698
-6.69686
-6.69644
-6.69636
-6.69664
-6.69661
-6.69759
-6.69795
-6.698
-6.69744
-6.69788
-6.69672
-6.69689
-6.69643
-6.69665
-6.69657
-6.69684
-6.69714
-6.69681
-6.6965
-6.69719
-6.69757
-6.6983
-6.69807
-6.69948
-6.70025
-6.70005
-6.69987
-6.70066
-6.7008
-6.70094
-6.70172
-6.70282
-6.70357
-6.70366
-6.70438
-6.70409
-6.7054
-6.7057
-6.70595
-6.70616
-6.70633
-6.70644
-6.70649
-6.70615
-6.70543
-6.70529
-6.70507
-6.7051
-6.70473
-6.70395
-6.70341
-6.7031
-6.70206
-6.70125
-6.69938
-6.69741
-6.69664
-6.69611
-6.69482
-6.6928
-6.69165
-6.68976
-6.68842
-6.68667
-6.68514
-6.68321
-6.68086
-6.67811
-6.67625
-6.67399
-6.67165
-6.66989
-6.66774
-6.66521
-6.66326
-6.65996
-6.65792
-6.65551
-6.65273
-6.64961
-6.6471
-6.64425
-6.64139
-6.63788
-6.63501
-6.6328
-6.62995
-6.6281
-6.6253
-6.62286
-6.62014
-6.61713
-6.61484
-6.61227
-6.60978
-6.60703
-6.60403
-6.6021
-6.59993
-6.59818
-6.5962
-6.59466
-6.59291
-6.59094
-6.5891
-6.5877
-6.58643
-6.58561
-6.58459
-6.58339
-6.58231
-6.58202
-6.58186
-6.58151
-6.58096
-6.58023
-6.58027
-6.58044
-6.58042
-6.58083
-6.58137
-6.58234
-6.58309
-6.58428
-6.58491
-6.58629
-6.58711
-6.58801
-6.58898
-6.591
-6.59308
-6.59393
-6.59579
-6.59771
-6.59966
-6.60099
-6.60267
-6.60469
-6.6064
-6.60715
-6.60854
-6.60993
-6.61164
-6.613
-6.615
-6.61632
-6.61794
-6.6192
-6.6214
-6.62259
-6.62439
-6.62614
-6.62721
-6.62823
-6.62921
-6.63045
-6.63165
-6.63248
-6.63422
-6.63527
-6.6366
-6.63722
-6.63812
-6.638
-6.63913
-6.63956
-6.63994
-6.64158
-6.64253
-6.64278
-6.64332
-6.64383
-6.64429
-6.64407
-6.64446
-6.64547
-6.64419
-6.64449
-6.64509
-6.64535
-6.6459
-6.64611
-6.64629
-6.64678
-6.64725
-6.64771
-6.64912
-6.64955
-6.64965
-6.64941
-6.64851
-6.6489
-6.64928
-6.649
-6.64904
-6.64973
-6.65009
-6.65013
-6.64951
-6.64955
-6.65023
-6.65059
-6.65063
-6.65067
-6.65039
-6.65044
-6.65017
-6.65023
-6.6503
-6.65005
-6.65014
-6.64991
-6.64905
-6.64885
-6.64898
-6.64913
-6.64995
-6.65013
-6.65098
-6.65055
-6.65079
-6.65137
-6.65133
-6.65261
-6.65293
-6.65263
-6.65333
-6.65372
-6.65414
-6.65394
-6.65441
-6.65458
-6.65543
-6.6563
-6.65623
-6.65682
-6.65745
-6.65842
-6.6591
-6.6598
-6.6602
-6.6616
-6.66237
-6.66316
-6.66301
-6.66385
-6.66503
-6.66591
-6.66681
-6.66805
-6.66898
-6.66992
-6.67056
-6.6712
-6.67186
-6.67351
-6.67483
-6.67682
-6.67816
-6.67918
-6.68117
-6.6822
-6.68355
-6.68457
-6.68559
-6.68693
-6.68696
-6.6886
-6.68991
-6.69056
-6.69217
-6.6944
-6.69501
-6.69559
-6.69712
-6.69734
-6.69817
-6.69963
-6.70009
-6.70117
-6.70189
-6.70258
-6.70356
-6.70418
-6.7038
-6.7037
-6.70487
-6.70437
-6.70546
-6.70586
-6.70654
-6.70686
-6.70681
-6.70639
-6.70626
-6.70609
-6.70652
-6.70626
-6.70596
-6.70627
-6.70653
-6.70675
-6.70661
-6.70644
-6.70623
-6.7063
-6.70537
-6.70408
-6.70373
-6.70302
-6.70293
-6.70249
-6.70202
-6.70184
-6.701
-6.7011
-6.70054
-6.6993
-6.69902
-6.6984
-6.69808
-6.69743
-6.69709
-6.69706
-6.69701
-6.69664
-6.69593
-6.69586
-6.69514
-6.69441
-6.69401
-6.69392
-6.69351
-6.69244
-6.69137
-6.68966
-6.68859
-6.68752
-6.68613
-6.68506
-6.68432
-6.68357
-6.68347
-6.68272
-6.68133
-6.68058
-6.6795
-6.67843
-6.67702
-6.67659
-6.67647
-6.67571
-6.67494
-6.67384
-6.67274
-6.67163
-6.67051
-6.66971
-6.6689
-6.66841
-6.66759
-6.66675
-6.66623
-6.66539
-6.66421
-6.66366
-6.66279
-6.6619
-6.661
-6.66042
-6.65982
-6.65857
-6.65763
-6.65635
-6.65539
-6.6541
-6.65312
-6.65213
-6.65145
-6.65044
-6.64942
-6.64807
-6.64769
-6.64664
-6.64624
-6.64486
-6.64348
-6.64274
-6.64134
-6.63994
-6.63854
-6.63681
-6.63606
-6.63433
-6.63325
-6.63184
-6.63141
-6.63065
-6.62957
-6.62817
-6.6271
-6.62604
-6.62465
-6.62359
-6.62254
-6.62247
-6.62078
-6.62008
-6.61842
-6.61741
-6.61673
-6.61575
-6.61542
-6.61413
-6.61382
-6.61288
-6.61227
-6.61135
-6.61012
-6.60923
-6.60932
-6.60813
-6.60696
-6.60548
-6.60466
-6.60386
-6.60307
-6.60229
-6.60153
-6.60014
-6.59909
-6.59839
-6.59802
-6.59799
-6.59637
-6.59541
-6.59545
-6.59453
-6.59299
-6.59243
-6.59222
-6.59235
-6.59186
-6.59139
-6.59061
-6.58986
-6.58977
-6.58939
-6.58935
-6.58933
-6.58933
-6.58969
-6.58941
-6.58884
-6.58861
-6.58938
-6.5892
-6.58904
-6.5889
-6.58847
-6.58838
-6.58799
-6.58827
-6.58826
-6.58859
-6.58863
-6.58901
-6.58845
-6.58921
-6.58967
-6.58984
-6.59067
-6.59089
-6.59146
-6.59076
-6.59073
-6.59235
-6.59303
-6.5934
-6.5938
-6.59488
-6.59565
-6.59646
-6.59631
-6.59652
-6.59643
-6.59701
-6.59762
-6.59825
-6.59859
-6.59927
-6.59998
-6.60072
-6.60147
-6.60161
-6.60177
-6.60292
-6.6041
-6.60497
-6.60587
-6.60678
-6.60772
-6.60835
-6.60965
-6.61065
-6.61101
-6.61301
-6.61406
-6.61512
-6.61554
-6.6163
-6.61772
-6.61948
-6.61994
-6.62139
-6.62251
-6.62397
-6.6251
-6.62622
-6.62735
-6.62879
-6.6299
-6.63036
-6.6321
-6.63285
-6.63456
-6.63625
-6.63759
-6.63956
-6.64021
-6.64051
-6.64078
-6.64263
-6.64412
-6.64525
-6.64602
-6.64707
-6.6484
-6.64871
-6.64994
-6.65015
-6.65128
-6.65268
-6.65306
-6.65371
-6.65397
-6.6545
-6.65464
-6.65407
-6.6541
-6.65341
-6.65331
-6.65282
-6.65292
-6.65328
-6.65293
-6.65252
-6.65075
-6.65055
-6.64996
-6.64932
-6.64862
-6.64786
-6.64706
-6.64587
-6.64399
-6.64303
-6.64138
-6.63969
-6.63827
-6.63617
-6.63501
-6.63348
-6.63257
-6.63098
-6.63
-6.62868
-6.62733
-6.62629
-6.62458
-6.62317
-6.62239
-6.62096
-6.61951
-6.61837
-6.61691
-6.6148
-6.61333
-6.6125
-6.61104
-6.60957
-6.60779
-6.60537
-6.60393
-6.60249
-6.60108
-6.59935
-6.59763
-6.59626
-6.59426
-6.59358
-6.59163
-6.58905
-6.58845
-6.58722
-6.5857
-6.58486
-6.58405
-6.58231
-6.58093
-6.58023
-6.57893
-6.57798
-6.57644
-6.57493
-6.57412
-6.57304
-6.57169
-6.57071
-6.57043
-6.57021
-6.56907
-6.56863
-6.56858
-6.56924
-6.56899
-6.56816
-6.56805
-6.568
-6.56834
-6.56778
-6.56697
-6.56689
-6.5672
-6.56791
-6.56805
-6.56826
-6.56888
-6.57023
-6.571
-6.57186
-6.57247
-6.57316
-6.57361
-6.5751
-6.57668
-6.57801
-6.57909
-6.5809
-6.58246
-6.58378
-6.58549
-6.58695
-6.58848
-6.59106
-6.59273
-6.59479
-6.5966
-6.59878
-6.60039
-6.60302
-6.60506
-6.60715
-6.60994
-6.61278
-6.61502
-6.61762
-6.62091
-6.62359
-6.62597
-6.62904
-6.63148
-6.63525
-6.63806
-6.64121
-6.64438
-6.6482
-6.65139
-6.65425
-6.65711
-6.66029
-6.66314
-6.66631
-6.66914
-6.67227
-6.67539
-6.67849
-6.68124
-6.68461
-6.68731
-6.68965
-6.69292
-6.69552
-6.69807
-6.70091
-6.70338
-6.70613
-6.70786
-6.7102
-6.71248
-6.71503
-6.71689
-6.71901
-6.72172
-6.72276
-6.72471
-6.7266
-6.72875
-6.73051
-6.73188
-6.73319
-6.73475
-6.73689
-6.73863
-6.73998
-6.74126
-6.74246
-6.74391
-6.74528
-6.7469
-6.74747
-6.74829
-6.74902
-6.74967
-6.74991
-6.75072
-6.75145
-6.75112
-6.75135
-6.75116
-6.75187
-6.75183
-6.75203
-6.75181
-6.75118
-6.75111
-6.75127
-6.75037
-6.75003
-6.74927
-6.74874
-6.74748
-6.74613
-6.74469
-6.74382
-6.74319
-6.74215
-6.74071
-6.73886
-6.73759
-6.73625
-6.73451
-6.73302
-6.73115
-6.72922
-6.72755
-6.72551
-6.72309
-6.7216
-6.7191
-6.71592
-6.71335
-6.71044
-6.7088
-6.70714
-6.70451
-6.70251
-6.69923
-6.69692
-6.69397
-6.69202
-6.68976
-6.68721
-6.68503
-6.68255
-6.68013
-6.67808
-6.67674
-6.67449
-6.6723
-6.67051
-6.66815
-6.66652
-6.66496
-6.6635
-6.66212
-6.66084
-6.65965
-6.65823
-6.6566
-6.65571
-6.65493
-6.65425
-6.65433
-6.65451
-6.65415
-6.6539
-6.65342
-6.65338
-6.65344
-6.65392
-6.65482
-6.6555
-6.65595
-6.65584
-6.65647
-6.65686
-6.65765
-6.65853
-6.66012
-6.6618
-6.66353
-6.66501
-6.66623
-6.6675
-6.66818
-6.66922
-6.67063
-6.67143
-6.67356
-6.67571
-6.67789
-6.67912
-6.68036
-6.68193
-6.68351
-6.68542
-6.68667
-6.6876
-6.68981
-6.69135
-6.69288
-6.69374
-6.69587
-6.69765
-6.69907
-6.70013
-6.7018
-6.70279
-6.70438
-6.7056
-6.70645
-6.70725
-6.70896
-6.71159
-6.71223
-6.71378
-6.71462
-6.7154
-6.71612
-6.7171
-6.71802
-6.71888
-6.71903
-6.71975
-6.71977
-6.72037
-6.72058
-6.72073
-6.72081
-6.7218
-6.72111
-6.72101
-6.72052
-6.7203
-6.7197
-6.71839
-6.71865
-6.71821
-6.71738
-6.71684
-6.71591
-6.71527
-6.71425
-6.71383
-6.71273
-6.71191
-6.7117
-6.71048
-6.70987
-6.70826
-6.70694
-6.70624
-6.70519
-6.70346
-6.70203
-6.70025
-6.69878
-6.69858
-6.69706
-6.69585
-6.6943
-6.69273
-6.69212
-6.69118
-6.69022
-6.68924
-6.68793
-6.68565
-6.68432
-6.68299
-6.681
-6.68062
-6.67926
-6.67724
-6.67521
-6.6735
-6.67242
-6.67102
-6.66928
-6.66752
-6.66609
-6.66432
-6.66286
-6.66172
-6.65991
-6.65745
-6.65627
-6.65443
-6.65226
-6.65039
-6.64884
-6.64727
-6.64536
-6.64312
-6.64053
-6.63923
-6.63758
-6.63496
-6.63361
-6.63192
-6.62989
-6.62785
-6.62612
-6.6247
-6.62326
-6.62117
-6.61939
-6.61663
-6.61483
-6.61335
-6.61186
-6.61004
-6.60822
-6.6064
-6.60458
-6.60243
-6.60094
-6.59946
-6.59799
-6.59685
-6.59508
-6.59334
-6.59193
-6.59023
-6.58888
-6.58724
-6.58628
-6.58439
-6.58287
-6.58139
-6.57963
-6.57761
-6.57661
-6.57535
-6.57448
-6.57335
-6.57164
-6.57066
-6.57007
-6.56989
-6.56883
-6.56817
-6.56793
-6.56745
-6.56707
-6.56711
-6.56757
-6.56716
-6.56685
-6.56729
-6.5675
-6.56718
-6.56727
-6.5678
-6.56842
-6.56947
-6.56997
-6.57121
-6.57223
-6.57334
-6.57454
-6.57614
-6.57784
-6.57897
-6.5805
-6.58242
-6.58345
-6.58518
-6.58731
-6.58884
-6.5901
-6.59173
-6.59308
-6.59641
-6.59881
-6.60091
-6.60303
-6.60485
-6.60733
-6.60949
-6.61133
-6.61318
-6.61566
-6.61814
-6.62093
-6.62305
-6.62548
-6.62756
-6.62962
-6.63132
-6.63364
-6.63592
-6.63784
-6.6394
-6.64092
-6.64271
-6.64446
-6.64681
-6.64846
-6.65006
-6.65096
-6.65245
-6.65357
-6.65528
-6.65694
-6.65854
-6.65943
-6.65995
-6.66073
-6.6621
-6.66278
-6.66404
-6.66492
-6.66607
-6.66685
-6.66757
-6.66791
-6.6682
-6.66908
-6.66992
-6.67005
-6.66949
-6.66953
-6.66985
-6.67045
-6.67035
-6.67086
-6.67035
-6.67078
-6.67084
-6.67086
-6.67117
-6.67015
-6.66974
-6.67027
-6.67076
-6.67091
-6.6707
-6.67078
-6.67019
-6.67023
-6.66959
-6.66991
-6.66956
-6.66919
-6.6688
-6.66839
-6.6683
-6.66721
-6.66677
-6.66663
-6.66584
-6.66504
-6.66489
-6.66375
-6.66359
-6.66342
-6.66293
-6.66211
-6.66162
-6.66113
-6.66096
-6.6608
-6.66032
-6.66017
-6.65969
-6.65891
-6.65813
-6.658
-6.65821
-6.65714
-6.65672
-6.65598
-6.65558
-6.65584
-6.65546
-6.65477
-6.65442
-6.65408
-6.65375
-6.65375
-6.65345
-6.65251
-6.65223
-6.6526
-6.65267
-6.65243
-6.6522
-6.65133
-6.65112
-6.65125
-6.65041
-6.64992
-6.64975
-6.6496
-6.64913
-6.649
-6.64855
-6.64779
-6.648
-6.64758
-6.64748
-6.64739
-6.64698
-6.64658
-6.64683
-6.64741
-6.64766
-6.64695
-6.64722
-6.64716
-6.64743
-6.6477
-6.64732
-6.64726
-6.6472
-6.64746
-6.64708
-6.64733
-6.64824
-6.64881
-6.64809
-6.64768
-6.6476
-6.64751
-6.64773
-6.6473
-6.64751
-6.64738
-6.64822
-6.6484
-6.64824
-6.64775
-6.64758
-6.64642
-6.64558
-6.64537
-6.64482
-6.64557
-6.64565
-6.64604
-6.64577
-6.64548
-6.64616
-6.64488
-6.64456
-6.64423
-6.64356
-6.6432
-6.64315
-6.64309
-6.64335
-6.64262
-6.6422
-6.6421
-6.64231
-6.64219
-6.64108
-6.64062
-6.63982
-6.63967
-6.63854
-6.63805
-6.63756
-6.63706
-6.63656
-6.63605
-6.63523
-6.63472
-6.63422
-6.63372
-6.63322
-6.63272
-6.63256
-6.63208
-6.63192
-6.63113
-6.63003
-6.62893
-6.62882
-6.62905
-6.62864
-6.62759
-6.62721
-6.62717
-6.62651
-6.62747
-6.62716
-6.62687
-6.62725
-6.62699
-6.62709
-6.62687
-6.62635
-6.62618
-6.62539
-6.62591
-6.62645
-6.62572
-6.62631
-6.62594
-6.6256
-6.62626
-6.62629
-6.62601
-6.62641
-6.6265
-6.62628
-6.62609
-6.62624
-6.6264
-6.62658
-6.62614
-6.6257
-6.62626
-6.6265
-6.62676
-6.62671
-6.62667
-6.62631
-6.62662
-6.6266
-6.62724
-6.62725
-6.6279
-6.62726
-6.6276
-6.62794
-6.62796
-6.62862
-6.62864
-6.62898
-6.62867
-6.629
-6.62965
-6.62965
-6.62964
-6.63059
-6.63154
-6.63216
-6.63244
-6.63239
-6.63265
-6.63388
-6.63412
-6.63499
-6.63456
-6.63445
-6.63432
-6.63417
-6.63402
-6.63417
-6.63464
-6.63477
-6.63554
-6.63532
-6.63542
-6.63552
-6.6356
-6.63535
-6.63509
-6.63483
-6.63521
-6.63526
-6.63531
-6.63503
-6.63411
-6.63351
-6.63356
-6.63329
-6.63368
-6.63439
-6.63511
-6.6352
-6.63464
-6.63507
-6.63519
-6.63533
-6.63548
-6.63629
-6.6368
-6.63635
-6.63658
-6.63747
-6.63806
-6.63933
-6.63965
-6.63934
-6.64003
-6.6401
-6.6402
-6.64096
-6.6411
-6.64159
-6.64211
-6.64297
-6.64385
-6.64476
-6.64504
-6.64566
-6.64631
-6.64697
-6.64829
-6.64963
-6.65067
-6.65171
-6.65276
-6.65317
-6.65359
-6.65434
-6.65444
-6.65454
-6.65529
-6.65635
-6.65774
-6.65814
-6.65853
-6.65923
-6.65992
-6.66092
-6.6606
-6.66157
-6.6625
-6.66342
-6.66398
-6.66484
-6.66568
-6.66616
-6.66693
-6.66767
-6.66837
-6.66904
-6.67033
-6.67092
-6.67116
-6.67136
-6.67152
-6.67034
-6.66977
-6.66981
-6.66916
-6.66976
-6.66935
-6.66889
-6.66839
-6.66817
-6.66823
-6.66792
-6.66757
-6.6675
-6.66739
-6.66659
-6.66672
-6.66552
-6.6646
-6.66428
-6.66328
-6.66257
-6.6615
-6.66071
-6.65989
-6.65871
-6.65814
-6.65656
-6.65561
-6.65462
-6.6536
-6.65287
-6.6518
-6.6507
-6.6499
-6.64973
-6.64792
-6.64674
-6.64555
-6.64433
-6.64311
-6.64123
-6.63966
-6.63873
-6.6378
-6.63654
-6.6356
-6.63499
-6.63374
-6.63249
-6.63125
-6.62969
-6.62847
-6.62661
-6.62607
-6.62489
-6.62309
-6.62196
-6.6215
-6.62074
-6.61903
-6.618
-6.61701
-6.61571
-6.61478
-6.61356
-6.61302
-6.61284
-6.61206
-6.61196
-6.61061
-6.61028
-6.60966
-6.60812
-6.6076
-6.6068
-6.60604
-6.60663
-6.60694
-6.60698
-6.60642
-6.60688
-6.60641
-6.60599
-6.60594
-6.60562
-6.60566
-6.60608
-6.60718
-6.60736
-6.60726
-6.60752
-6.6075
-6.60751
-6.60757
-6.60863
-6.60908
-6.60924
-6.60975
-6.60998
-6.61055
-6.61116
-6.61244
-6.61277
-6.61281
-6.61351
-6.61391
-6.61466
-6.61608
-6.61686
-6.61702
-6.61816
-6.61964
-6.62049
-6.62135
-6.62255
-6.62344
-6.62368
-6.62426
-6.62518
-6.6261
-6.62703
-6.62861
-6.62987
-6.63018
-6.6321
-6.63274
-6.63339
-6.63436
-6.63534
-6.63599
-6.63698
-6.63797
-6.63929
-6.63964
-6.64096
-6.64165
-6.64331
-6.64464
-6.64566
-6.64668
-6.64737
-6.64807
-6.6491
-6.65012
-6.65083
-6.65056
-6.65191
-6.65326
-6.65397
-6.65531
-6.65666
-6.65865
-6.66
-6.66069
-6.66266
-6.66366
-6.66433
-6.66564
-6.66726
-6.6679
-6.66852
-6.66978
-6.67102
-6.67193
-6.67281
-6.67336
-6.67388
-6.67438
-6.67485
-6.67595
-6.67703
-6.67807
-6.67876
-6.6791
-6.68037
-6.68064
-6.68185
-6.6827
-6.68286
-6.68331
-6.68404
-6.68376
-6.68409
-6.68437
-6.68526
-6.6861
-6.68657
-6.68635
-6.6864
-6.68577
-6.68573
-6.68532
-6.68551
-6.68532
-6.68574
-6.6845
-6.68418
-6.68382
-6.68211
-6.6823
-6.68148
-6.68126
-6.68034
-6.68036
-6.67969
-6.67962
-6.67887
-6.67873
-6.67822
-6.67703
-6.67614
-6.67553
-6.67521
-6.67389
-6.67287
-6.67214
-6.67138
-6.66962
-6.6685
-6.66734
-6.6665
-6.66563
-6.66409
-6.66351
-6.66195
-6.66102
-6.65943
-6.65881
-6.65655
-6.65494
-6.653
-6.6517
-6.65008
-6.64878
-6.64716
-6.64555
-6.64394
-6.64235
-6.64012
-6.63888
-6.63733
-6.6358
-6.63494
-6.63346
-6.63201
-6.63059
-6.62888
-6.62787
-6.62754
-6.62661
-6.62541
-6.62458
-6.62381
-6.62374
-6.6231
-6.62284
-6.62169
-6.62157
-6.62089
-6.62127
-6.62107
-6.62129
-6.62192
-6.62232
-6.62281
-6.62242
-6.6231
-6.62355
-6.62409
-6.62441
-6.62483
-6.62598
-6.62691
-6.62858
-6.6297
-6.6309
-6.6322
-6.6339
-6.63536
-6.63787
-6.63949
-6.64086
-6.64294
-6.64509
-6.64633
-6.64795
-6.64962
-6.65102
-6.65247
-6.65396
-6.65582
-6.65835
-6.66156
-6.66285
-6.66513
-6.66775
-6.66941
-6.67206
-6.67406
-6.67639
-6.67872
-6.6804
-6.68272
-6.68536
-6.68701
-6.68898
-6.69158
-6.69352
-6.69641
-6.69864
-6.70149
-6.70433
-6.70682
-6.70928
-6.7114
-6.71317
-6.71524
-6.71793
-6.71931
-6.72097
-6.72262
-6.72488
-6.72679
-6.72867
-6.73085
-6.73236
-6.7348
-6.7369
-6.73896
-6.74067
-6.74203
-6.74432
-6.74627
-6.74753
-6.74908
-6.75028
-6.75176
-6.75256
-6.75429
-6.75631
-6.75732
-6.75796
-6.75888
-6.75976
-6.76091
-6.76169
-6.76275
-6.76375
-6.76437
-6.76494
-6.76577
-6.76686
-6.76724
-6.76755
-6.76844
-6.76926
-6.76968
-6.76938
-6.77126
-6.77145
-6.77155
-6.77092
-6.7702
-6.76971
-6.76977
-6.76942
-6.76929
-6.76873
-6.76807
-6.76698
-6.76643
-6.76545
-6.76437
-6.76317
-6.76121
-6.75947
-6.75761
-6.75467
-6.75324
-6.75104
-6.7497
-6.74761
-6.7454
-6.74404
-6.74226
-6.73939
-6.73642
-6.73366
-6.73113
-6.72849
-6.72608
-6.72292
-6.72
-6.71699
-6.71388
-6.70941
-6.70517
-6.70152
-6.69811
-6.69432
-6.69015
-6.68657
-6.68293
-6.67893
-6.67554
-6.67147
-6.6677
-6.66391
-6.65913
-6.65435
-6.64989
-6.64609
-6.6423
-6.63821
-6.63383
-6.62947
-6.62452
-6.62058
-6.61669
-6.61287
-6.60944
-6.60608
-6.60216
-6.59832
-6.5949
-6.59158
-6.58837
-6.58494
-6.5813
-6.57811
-6.57568
-6.57339
-6.5722
-6.56921
-6.56733
-6.56559
-6.564
-6.56224
-6.56062
-6.55916
-6.55753
-6.55703
-6.55636
-6.55584
-6.55516
-6.55463
-6.55425
-6.55435
-6.55363
-6.55403
-6.55425
-6.55527
-6.55577
-6.55674
-6.55784
-6.55875
-6.55946
-6.56126
-6.56221
-6.5636
-6.56541
-6.56733
-6.56869
-6.57014
-6.57167
-6.57393
-6.57562
-6.57769
-6.5795
-6.58168
-6.58359
-6.58521
-6.58752
-6.58985
-6.5922
-6.59521
-6.59758
-6.59996
-6.60233
-6.60436
-6.60671
-6.60839
-6.61133
-6.61393
-6.61616
-6.61868
-6.6205
-6.6226
-6.62464
-6.62695
-6.62985
-6.63204
-6.63319
-6.63524
-6.6369
-6.63816
-6.63934
-6.64045
-6.64147
-6.64241
-6.64327
-6.64373
-6.64442
-6.64535
-6.64588
-6.64664
-6.64796
-6.64824
-6.64875
-6.64853
-6.64855
-6.64947
-6.64966
-6.64978
-6.65014
-6.65011
-6.65001
-6.64984
-6.64993
-6.64932
-6.64961
-6.64921
-6.64875
-6.64824
-6.64801
-6.64742
-6.64678
-6.64611
-6.6454
-6.64434
-6.64423
-6.64376
-6.64328
-6.64213
-6.64065
-6.63947
-6.63861
-6.6371
-6.63623
-6.63503
-6.63384
-6.6333
-6.63309
-6.63224
-6.63107
-6.63024
-6.62909
-6.62796
-6.62716
-6.62671
-6.62498
-6.62424
-6.62416
-6.62313
-6.62211
-6.62176
-6.62046
-6.61983
-6.61921
-6.61829
-6.61803
-6.61746
-6.61723
-6.61735
-6.61651
-6.61601
-6.61552
-6.61473
-6.61428
-6.61449
-6.61406
-6.61365
-6.61358
-6.61288
-6.61316
-6.61312
-6.61278
-6.61181
-6.61182
-6.61151
-6.61187
-6.61127
-6.61004
-6.6098
-6.60924
-6.60935
-6.60948
-6.60897
-6.60913
-6.60898
-6.60918
-6.60907
-6.60898
-6.60892
-6.6092
-6.60918
-6.60886
-6.60888
-6.60926
-6.60999
-6.61043
-6.61057
-6.61107
-6.61193
-6.61217
-6.61213
-6.61147
-6.61182
-6.61254
-6.61265
-6.61345
-6.61429
-6.61485
-6.61546
-6.61676
-6.61778
-6.61789
-6.61869
-6.61922
-6.62012
-6.6214
-6.62273
-6.62347
-6.62427
-6.62512
-6.62603
-6.62765
-6.62867
-6.6304
-6.63153
-6.6337
-6.63528
-6.63595
-6.63732
-6.63908
-6.64025
-6.64181
-6.64375
-6.64607
-6.6478
-6.64927
-6.65177
-6.65335
-6.65532
-6.65702
-6.65976
-6.66287
-6.66571
-6.66699
-6.66898
-6.67199
-6.67408
-6.67719
-6.67906
-6.68324
-6.6865
-6.68948
-6.69219
-6.69526
-6.69837
-6.70151
-6.70437
-6.70695
-6.7102
-6.71381
-6.71712
-6.72046
-6.72382
-6.72752
-6.73124
-6.73498
-6.73841
-6.74281
-6.74722
-6.75099
-6.75476
-6.75852
-6.76196
-6.76603
-6.76943
-6.77282
-6.77587
-6.77986
-6.78286
-6.7868
-6.79005
-6.79392
-6.79709
-6.80022
-6.8033
-6.80698
-6.81059
-6.81318
-6.81603
-6.81881
-6.82119
-6.8235
-6.82574
-6.82822
-6.82997
-6.83228
-6.83548
-6.83761
-6.839
-6.84126
-6.84375
-6.84485
-6.84681
-6.84802
-6.84944
-6.85107
-6.85259
-6.854
-6.85399
-6.85418
-6.85458
-6.8555
-6.8563
-6.85665
-6.8559
-6.85566
-6.85562
-6.8561
-6.85612
-6.85601
-6.85544
-6.85506
-6.85422
-6.8526
-6.8502
-6.84895
-6.84789
-6.84605
-6.84407
-6.84228
-6.84133
-6.8396
-6.83807
-6.83543
-6.83299
-6.82978
-6.82709
-6.82459
-6.82134
-6.81861
-6.81544
-6.81249
-6.80846
-6.80465
-6.80106
-6.79705
-6.79327
-6.79005
-6.78513
-6.78111
-6.77701
-6.77252
-6.76796
-6.76432
-6.7603
-6.75624
-6.75148
-6.74701
-6.7425
-6.73829
-6.73373
-6.72948
-6.72456
-6.71995
-6.71502
-6.70911
-6.70418
-6.69957
-6.69529
-6.69038
-6.68548
-6.68158
-6.67671
-6.67252
-6.66769
-6.66354
-6.65973
-6.65498
-6.65057
-6.64651
-6.64215
-6.63781
-6.63414
-6.62952
-6.62558
-6.62132
-6.61677
-6.61288
-6.60836
-6.60354
-6.60003
-6.59589
-6.59176
-6.58798
-6.58324
-6.57981
-6.57575
-6.57171
-6.56736
-6.56368
-6.5597
-6.55574
-6.55213
-6.54854
-6.54466
-6.54081
-6.537
-6.53291
-6.52951
-6.52583
-6.52156
-6.51863
-6.51448
-6.51072
-6.50703
-6.50374
-6.49989
-6.4971
-6.49505
-6.49181
-6.48836
-6.48599
-6.48244
-6.47967
-6.47735
-6.47549
-6.47345
-6.47123
-6.46884
-6.46726
-6.46583
-6.46457
-6.4638
-6.46288
-6.46214
-6.46157
-6.46086
-6.46065
-6.45997
-6.46045
-6.46078
-6.46129
-6.46101
-6.46219
-6.4629
-6.46411
-6.46612
-6.46766
-6.46967
-6.47152
-6.47318
-6.47531
-6.47758
-6.47964
-6.48216
-6.48511
-6.48751
-6.491
-6.49392
-6.49693
-6.50066
-6.50414
-6.50736
-6.51031
-6.51396
-6.51797
-6.52169
-6.52511
-6.5292
-6.53266
-6.53677
-6.54089
-6.54404
-6.54782
-6.55159
-6.55437
-6.5581
-6.56115
-6.5645
-6.56813
-6.57172
-6.5756
-6.57878
-6.58289
-6.58629
-6.58868
-6.59166
-6.59393
-6.59711
-6.59992
-6.60233
-6.60501
-6.60795
-6.61082
-6.61331
-6.61509
-6.61777
-6.62006
-6.62229
-6.62446
-6.62656
-6.62891
-6.63121
-6.63279
-6.63399
-6.63544
-6.63684
-6.63817
-6.63977
-6.6413
-6.64245
-6.64355
-6.64491
-6.64621
-6.64745
-6.64832
-6.64945
-6.65085
-6.65155
-6.65252
-6.65409
-6.65561
-6.65643
-6.65655
-6.65726
-6.65794
-6.65856
-6.65881
-6.65902
-6.65918
-6.6593
-6.6597
-6.66102
-6.66231
-6.66291
-6.66282
-6.66302
-6.66285
-6.66264
-6.66239
-6.66276
-6.66243
-6.6624
-6.66297
-6.66286
-6.66303
-6.66284
-6.66294
-6.66236
-6.66142
-6.66077
-6.6604
-6.65968
-6.65957
-6.65911
-6.65828
-6.65807
-6.65717
-6.65657
-6.65561
-6.65462
-6.65457
-6.6545
-6.6531
-6.65232
-6.65152
-6.65037
-6.64952
-6.64866
-6.64745
-6.64687
-6.6466
-6.64632
-6.64539
-6.64444
-6.64447
-6.6432
-6.64225
-6.64131
-6.64038
-6.63913
-6.63855
-6.63669
-6.63583
-6.63499
-6.63386
-6.63276
-6.63202
-6.631
-6.63035
-6.62877
-6.62854
-6.62771
-6.62726
-6.62655
-6.62493
-6.62531
-6.62544
-6.62564
-6.62558
-6.62624
-6.62665
-6.62615
-6.62606
-6.62636
-6.62673
-6.62716
-6.62735
-6.62857
-6.62857
-6.62895
-6.6294
-6.62959
-6.63081
-6.63175
-6.63276
-6.63413
-6.63523
-6.63637
-6.63756
-6.63976
-6.64069
-6.64263
-6.64363
-6.64498
-6.64668
-6.64775
-6.64884
-6.64994
-6.65138
-6.65315
-6.6546
-6.65606
-6.65784
-6.6593
-6.66108
-6.66254
-6.66399
-6.66608
-6.66816
-6.66894
-6.67036
-6.6708
-6.67252
-6.6739
-6.67495
-6.67664
-6.67799
-6.679
-6.68032
-6.6813
-6.68163
-6.68259
-6.68419
-6.6861
-6.68735
-6.68891
-6.69047
-6.69201
-6.69322
-6.69442
-6.69561
-6.69679
-6.69699
-6.69783
-6.69899
-6.70013
-6.70224
-6.70304
-6.70383
-6.70428
-6.7057
-6.70678
-6.70752
-6.70955
-6.71091
-6.71194
-6.71327
-6.71394
-6.71491
-6.71586
-6.71581
-6.71672
-6.71728
-6.71879
-6.71962
-6.72074
-6.72183
-6.72289
-6.72391
-6.72424
-6.72454
-6.72511
-6.72564
-6.72612
-6.72526
-6.72532
-6.72533
-6.72561
-6.7255
-6.72502
-6.72577
-6.72614
-6.72644
-6.72668
-6.72652
-6.72663
-6.72601
-6.72598
-6.72555
-6.72505
-6.72479
-6.72414
-6.72342
-6.72359
-6.72272
-6.7208
-6.72042
-6.71933
-6.71783
-6.71723
-6.71493
-6.71386
-6.71239
-6.71117
-6.70923
-6.70722
-6.70643
-6.70461
-6.70272
-6.70012
-6.69875
-6.69667
-6.69453
-6.69298
-6.69041
-6.68778
-6.68575
-6.68334
-6.6809
-6.67873
-6.67587
-6.67364
-6.67104
-6.66841
-6.66575
-6.66275
-6.65973
-6.65702
-6.65429
-6.65155
-6.64881
-6.64606
-6.64202
-6.63928
-6.63655
-6.63351
-6.63049
-6.6278
-6.6258
-6.62317
-6.62057
-6.61802
-6.61647
-6.614
-6.61125
-6.60791
-6.6056
-6.60302
-6.60115
-6.59871
-6.59665
-6.59532
-6.59374
-6.59191
-6.59081
-6.58882
-6.58693
-6.58608
-6.58469
-6.58306
-6.58217
-6.58105
-6.5797
-6.5791
-6.57795
-6.57722
-6.57627
-6.57607
-6.57596
-6.57595
-6.57572
-6.57558
-6.57553
-6.57656
-6.57671
-6.57695
-6.5776
-6.57834
-6.57885
-6.57911
-6.57946
-6.58021
-6.58104
-6.58162
-6.58227
-6.58364
-6.58443
-6.58593
-6.58716
-6.58877
-6.59012
-6.59217
-6.59426
-6.59543
-6.59696
-6.59853
-6.60013
-6.60177
-6.60376
-6.60512
-6.60683
-6.60856
-6.60967
-6.61273
-6.61451
-6.61695
-6.61778
-6.61959
-6.62075
-6.62223
-6.62339
-6.62488
-6.62733
-6.6288
-6.63059
-6.63302
-6.63415
-6.63689
-6.63929
-6.64104
-6.64277
-6.64547
-6.6475
-6.64952
-6.65186
-6.65321
-6.65455
-6.65589
-6.65721
-6.65788
-6.65983
-6.66081
-6.66276
-6.66405
-6.66535
-6.66697
-6.66859
-6.67054
-6.67185
-6.67317
-6.67417
-6.67487
-6.67687
-6.67858
-6.6803
-6.68204
-6.68543
-6.68788
-6.68971
-6.69125
-6.69314
-6.69474
-6.6967
-6.6987
-6.70074
-6.70346
-6.70557
-6.70772
-6.71023
-6.71246
-6.71472
-6.71669
-6.7187
-6.72074
-6.72281
-6.72556
-6.72801
-6.73048
-6.7333
-6.73548
-6.73865
-6.7415
-6.74338
-6.74591
-6.74875
-6.75224
-6.75441
-6.75655
-6.759
-6.76141
-6.76314
-6.76514
-6.76743
-6.76933
-6.77085
-6.77296
-6.775
-6.77696
-6.77884
-6.78064
-6.78138
-6.78301
-6.78551
-6.78662
-6.78795
-6.79014
-6.79126
-6.79259
-6.79414
-6.79427
-6.79559
-6.79615
-6.79626
-6.79722
-6.79742
-6.79814
-6.7981
-6.79794
-6.79798
-6.79791
-6.79739
-6.79676
-6.79666
-6.79709
-6.79612
-6.79407
-6.79289
-6.79128
-6.78957
-6.78776
-6.78586
-6.78483
-6.78275
-6.78025
-6.77832
-6.77567
-6.77391
-6.77143
-6.76953
-6.76724
-6.76425
-6.76218
-6.75941
-6.75724
-6.7547
-6.75213
-6.7492
-6.74657
-6.74424
-6.74189
-6.73855
-6.7339
-6.73152
-6.72881
-6.72643
-6.7234
-6.72038
-6.71835
-6.71601
-6.71304
-6.7101
-6.70784
-6.70593
-6.70374
-6.70159
-6.69916
-6.69709
-6.6941
-6.69116
-6.68924
-6.68739
-6.68526
-6.68288
-6.68087
-6.67893
-6.67673
-6.67524
-6.67285
-6.67084
-6.66955
-6.66801
-6.66685
-6.66479
-6.66311
-6.66215
-6.66028
-6.65911
-6.65736
-6.65599
-6.65565
-6.65407
-6.65351
-6.65236
-6.65125
-6.65051
-6.65013
-6.64914
-6.64851
-6.64727
-6.64702
-6.64712
-6.6466
-6.64609
-6.64592
-6.64544
-6.64496
-6.64546
-6.64467
-6.6442
-6.64373
-6.6439
-6.64341
-6.6429
-6.64271
-6.64185
-6.64162
-6.64007
-6.63947
-6.63917
-6.63852
-6.63784
-6.63778
-6.63736
-6.63594
-6.63481
-6.63429
-6.63374
-6.63315
-6.6322
-6.63089
-6.62955
-6.62817
-6.62708
-6.62595
-6.62414
-6.62295
-6.62172
-6.62079
-6.61853
-6.61688
-6.61554
-6.61449
-6.61244
-6.61102
-6.6099
-6.60844
-6.60729
-6.60644
-6.60559
-6.6044
-6.60223
-6.60103
-6.59983
-6.59895
-6.59744
-6.5956
-6.59442
-6.59359
-6.59244
-6.59164
-6.59022
-6.58915
-6.5881
-6.58677
-6.58579
-6.58486
-6.58396
-6.58247
-6.58102
-6.58026
-6.57924
-6.57827
-6.57703
-6.57617
-6.5757
-6.57465
-6.57333
-6.57273
-6.5722
-6.57141
-6.57069
-6.57036
-6.57108
-6.57057
-6.57047
-6.56946
-6.57047
-6.57124
-6.57175
-6.57168
-6.57202
-6.57242
-6.57322
-6.57377
-6.57407
-6.5754
-6.57615
-6.57665
-6.57786
-6.57784
-6.57918
-6.57993
-6.58106
-6.58226
-6.5835
-6.58513
-6.58681
-6.58789
-6.59063
-6.59181
-6.59335
-6.59462
-6.59657
-6.59759
-6.5993
-6.60104
-6.60281
-6.60461
-6.60579
-6.60732
-6.60921
-6.61111
-6.61272
-6.61499
-6.61696
-6.61959
-6.62223
-6.62392
-6.62561
-6.62764
-6.62935
-6.63107
-6.63279
-6.63517
-6.63689
-6.63862
-6.64034
-6.6427
-6.64506
-6.64741
-6.64943
-6.65144
-6.65279
-6.6551
-6.65771
-6.65967
-6.66192
-6.66384
-6.66573
-6.66825
-6.67042
-6.67223
-6.67435
-6.67676
-6.67914
-6.68051
-6.68186
-6.68382
-6.68541
-6.68729
-6.68848
-6.68996
-6.69074
-6.69245
-6.69314
-6.69411
-6.69503
-6.69589
-6.69703
-6.69812
-6.69914
-6.69979
-6.70038
-6.70189
-6.70269
-6.7031
-6.7041
-6.70504
-6.70527
-6.70576
-6.70651
-6.70688
-6.7075
-6.70741
-6.70757
-6.70768
-6.70739
-6.70768
-6.70759
-6.70776
-6.70657
-6.70661
-6.70627
-6.70553
-6.70506
-6.70484
-6.70424
-6.70391
-6.70319
-6.70144
-6.70028
-6.70003
-6.69974
-6.69841
-6.69768
-6.6969
-6.69574
-6.69421
-6.69263
-6.69133
-6.68999
-6.68796
-6.68686
-6.68573
-6.68455
-6.6827
-6.68146
-6.6802
-6.67793
-6.67662
-6.67366
-6.67133
-6.6693
-6.66726
-6.66619
-6.66478
-6.66304
-6.66162
-6.65987
-6.65845
-6.65671
-6.65465
-6.6526
-6.65057
-6.6492
-6.64752
-6.6462
-6.64457
-6.64329
-6.64171
-6.64049
-6.63833
-6.63686
-6.63543
-6.63371
-6.63268
-6.6317
-6.63045
-6.62795
-6.62679
-6.62602
-6.6253
-6.62431
-6.62403
-6.62251
-6.62203
-6.62095
-6.61994
-6.61932
-6.61843
-6.61793
-6.61717
-6.61711
-6.6168
-6.61622
-6.61635
-6.61621
-6.61549
-6.61546
-6.61517
-6.61526
-6.6154
-6.6159
-6.61646
-6.61576
-6.61511
-6.61482
-6.61522
-6.61532
-6.61578
-6.61626
-6.61644
-6.61665
-6.6172
-6.61775
-6.61832
-6.61987
-6.62109
-6.62134
-6.62191
-6.62313
-6.62336
-6.62454
-6.62539
-6.62622
-6.6267
-6.62715
-6.62724
-6.62763
-6.62765
-6.62829
-6.62823
-6.62814
-6.62864
-6.6291
-6.62886
-6.62825
-6.62856
-6.62849
-6.62805
-6.62788
-6.62765
-6.62736
-6.6267
-6.62695
-6.6265
-6.626
-6.62576
-6.62418
-6.62353
-6.62249
-6.62174
-6.62061
-6.61879
-6.61823
-6.6173
-6.61601
-6.61534
-6.614
-6.61295
-6.61122
-6.61046
-6.60967
-6.60854
-6.60806
-6.60757
-6.60675
-6.60528
-6.60511
-6.60334
-6.60255
-6.60145
-6.60101
