-5.57563
-5.57528
-5.57524
-5.57552
-5.57516
-5.57576
-5.57571
-5.57501
-5.57495
-5.57522
-5.57515
-5.57508
-5.57533
-5.5759
-5.57549
-5.57509
-5.575
-5.57491
-5.57417
-5.57472
-5.57462
-5.57452
-5.57409
-5.57366
-5.57355
-5.57376
-5.57397
-5.57354
-5.57342
-5.57363
-5.57384
-5.57372
-5.57393
-5.57349
-5.57338
-5.57326
-5.57315
-5.57337
-5.57326
-5.57284
-5.57241
-5.57265
-5.57256
-5.5728
-5.57272
-5.5733
-5.57357
-5.57384
-5.57347
-5.57279
-5.57309
-5.57307
-5.57274
-5.57177
-5.57147
-5.57117
-5.57153
-5.5719
-5.57261
-5.57235
-5.57276
-5.5735
-5.5736
-5.57371
-5.57286
-5.57364
-5.57378
-5.57425
-5.57408
-5.57424
-5.57505
-5.57587
-5.57637
-5.57623
-5.57609
-5.57595
-5.57614
-5.57633
-5.57684
-5.57767
-5.57818
-5.57803
-5.57821
-5.5787
-5.57855
-5.57871
-5.57886
-5.57965
-5.58076
-5.58154
-5.58199
-5.58178
-5.58254
-5.58231
-5.58207
-5.58086
-5.58092
-5.58034
-5.58038
-5.5801
-5.57981
-5.57887
-5.57888
-5.57921
-5.57921
-5.5792
-5.57919
-5.57949
-5.57946
-5.57877
-5.57841
-5.57868
-5.57863
-5.57857
-5.57851
-5.57812
-5.57935
-5.57863
-5.57824
-5.57816
-5.57905
-5.57897
-5.57856
-5.57815
-5.57774
-5.57798
-5.57821
-5.5778
-5.57738
-5.57762
-5.57752
-5.57743
-5.57766
-5.57756
-5.57812
-5.57802
-5.57793
-5.57751
-5.57839
-5.5783
-5.5782
-5.57746
-5.57737
-5.57793
-5.57784
-5.57776
-5.57799
-5.57726
-5.5775
-5.57839
-5.57767
-5.57759
-5.57751
-5.57809
-5.5777
-5.57828
-5.57789
-5.57783
-5.57777
-5.57804
-5.57734
-5.57729
-5.57627
-5.57591
-5.57652
-5.57746
-5.57742
-5.57739
-5.57704
-5.57669
-5.57635
-5.57666
-5.57664
-5.57695
-5.57662
-5.57629
-5.57531
-5.57498
-5.57498
-5.57562
-5.57562
-5.57595
-5.57562
-5.57595
-5.57563
-5.57596
-5.57596
-5.57661
-5.57597
-5.57597
-5.5763
-5.5763
-5.57598
-5.57566
-5.57534
-5.57534
-5.5747
-5.57469
-5.57469
-5.57502
-5.57404
-5.57436
-5.57403
-5.57435
-5.57402
-5.57434
-5.574
-5.57399
-5.57366
-5.573
-5.57364
-5.57298
-5.57329
-5.57295
-5.57326
-5.57325
-5.57323
-5.57354
-5.57353
-5.57416
-5.57382
-5.57381
-5.57379
-5.57346
-5.57377
-5.57376
-5.57407
-5.57406
-5.57405
-5.57339
-5.57306
-5.57338
-5.57272
-5.57272
-5.57239
-5.57175
-5.57175
-5.57143
-5.57079
-5.56982
-5.56983
-5.56984
-5.56953
-5.56955
-5.56956
-5.56894
-5.56863
-5.56866
-5.56868
-5.56807
-5.56745
-5.56716
-5.5672
-5.56789
-5.56793
-5.56798
-5.56803
-5.5684
-5.56878
-5.56852
-5.56825
-5.56864
-5.56839
-5.5691
-5.56982
-5.56957
-5.569
-5.56941
-5.56917
-5.56925
-5.56966
-5.56975
-5.5692
-5.56897
-5.56939
-5.56981
-5.57024
-5.57066
-5.57044
-5.57087
-5.5713
-5.57109
-5.57152
-5.57163
-5.57142
-5.57152
-5.57196
-5.57174
-5.57185
-5.57195
-5.57206
-5.57216
-5.57194
-5.57172
-5.57149
-5.57159
-5.57168
-5.5721
-5.57251
-5.57259
-5.57299
-5.57372
-5.57314
-5.57354
-5.5736
-5.57334
-5.57307
-5.57312
-5.57284
-5.57289
-5.57228
-5.57231
-5.57266
-5.57301
-5.57368
-5.57337
-5.57305
-5.57338
-5.57338
-5.57305
-5.57336
-5.57335
-5.573
-5.57266
-5.57263
-5.57292
-5.57257
-5.57221
-5.57216
-5.57179
-5.57239
-5.57267
-5.57261
-5.5732
-5.57282
-5.57308
-5.57302
-5.57263
-5.57257
-5.57217
-5.57243
-5.57268
-5.57261
-5.57318
-5.57278
-5.57303
-5.5736
-5.57385
-5.5741
-5.57403
-5.57427
-5.5742
-5.57477
-5.57502
-5.57495
-5.57455
-5.57448
-5.57505
-5.57498
-5.57491
-5.57517
-5.57478
-5.57439
-5.57432
-5.57458
-5.57452
-5.57478
-5.57439
-5.5753
-5.57492
-5.57551
-5.57546
-5.57508
-5.57503
-5.57465
-5.5746
-5.5739
-5.57417
-5.57445
-5.5744
-5.57436
-5.57463
-5.57621
-5.57617
-5.57612
-5.57576
-5.57572
-5.576
-5.57661
-5.57657
-5.57653
-5.57649
-5.57645
-5.57642
-5.57703
-5.57764
-5.57696
-5.5766
-5.5769
-5.57654
-5.57651
-5.57616
-5.57581
-5.5761
-5.5764
-5.57637
-5.57635
-5.57568
-5.5763
-5.57661
-5.57659
-5.57689
-5.57688
-5.57653
-5.57587
-5.57553
-5.57585
-5.57616
-5.57615
-5.57582
-5.57581
-5.57548
-5.5758
-5.57613
-5.57548
-5.5758
-5.57548
-5.57484
-5.5742
-5.57356
-5.57324
-5.57325
-5.57294
-5.57263
-5.57264
-5.57233
-5.57235
-5.57204
-5.57239
-5.5737
-5.57405
-5.57375
-5.57378
-5.57348
-5.57383
-5.57418
-5.57421
-5.57424
-5.57428
-5.57431
-5.57467
-5.5747
-5.57441
-5.57413
-5.57417
-5.57388
-5.57425
-5.57364
-5.57368
-5.57405
-5.57442
-5.57446
-5.57451
-5.57455
-5.57525
-5.5753
-5.57502
-5.57442
-5.57447
-5.57419
-5.57424
-5.57493
-5.57563
-5.57568
-5.57605
-5.57674
-5.57711
-5.57651
-5.57623
-5.5766
-5.576
-5.57572
-5.57576
-5.5758
-5.5752
-5.57524
-5.5756
-5.57564
-5.576
-5.57604
-5.57542
-5.57546
-5.57517
-5.5752
-5.57588
-5.57558
-5.57561
-5.57661
-5.57696
-5.57698
-5.577
-5.57735
-5.57769
-5.57706
-5.57773
-5.57775
-5.57744
-5.57745
-5.57779
-5.57812
-5.57781
-5.57782
-5.5775
-5.57685
-5.57783
-5.57718
-5.57686
-5.57718
-5.57783
-5.57783
-5.57814
-5.57781
-5.57812
-5.57682
-5.57583
-5.57582
-5.5758
-5.5761
-5.5764
-5.57638
-5.57635
-5.57664
-5.57661
-5.57625
-5.57654
-5.5765
-5.57485
-5.5748
-5.57509
-5.57504
-5.57467
-5.57397
-5.57328
-5.5729
-5.57253
-5.57215
-5.57242
-5.57268
-5.57295
-5.57289
-5.57283
-5.57244
-5.57271
-5.57232
-5.57226
-5.57316
-5.5731
-5.57336
-5.57395
-5.57356
-5.5735
-5.57247
-5.57176
-5.57202
-5.57196
-5.57125
-5.57184
-5.57082
-5.57076
-5.57103
-5.57098
-5.56996
-5.56991
-5.56953
-5.56981
-5.56977
-5.5694
-5.56871
-5.56899
-5.56895
-5.56827
-5.56856
-5.56853
-5.56817
-5.56782
-5.56747
-5.56712
-5.56645
-5.56675
-5.56706
-5.56672
-5.5667
-5.56669
-5.56635
-5.56699
-5.56666
-5.56633
-5.56568
-5.56632
-5.56632
-5.56664
-5.56696
-5.56729
-5.56697
-5.56729
-5.5673
-5.56763
-5.56763
-5.56764
-5.56732
-5.56766
-5.56767
-5.568
-5.56737
-5.56705
-5.56771
-5.5674
-5.56774
-5.56807
-5.56808
-5.56842
-5.56778
-5.56747
-5.56748
-5.56781
-5.5675
-5.56816
-5.56817
-5.56948
-5.56949
-5.5695
-5.56984
-5.57017
-5.56986
-5.56955
-5.56891
-5.56925
-5.56991
-5.56993
-5.56962
-5.56996
-5.56932
-5.56966
-5.56967
-5.56937
-5.56971
-5.56908
-5.56942
-5.56944
-5.56914
-5.56884
-5.56919
-5.56889
-5.56859
-5.56862
-5.56767
-5.56738
-5.56676
-5.56712
-5.56683
-5.56687
-5.5669
-5.56662
-5.56698
-5.56735
-5.56707
-5.56711
-5.5678
-5.56817
-5.56855
-5.5686
-5.56865
-5.56935
-5.5694
-5.56945
-5.56918
-5.56956
-5.56994
-5.57
-5.57006
-5.57012
-5.57051
-5.57024
-5.56998
-5.57037
-5.57043
-5.57049
-5.57055
-5.57029
-5.57003
-5.57041
-5.57047
-5.57054
-5.57092
-5.57098
-5.57072
-5.57013
-5.57051
-5.57057
-5.57063
-5.57102
-5.57172
-5.57211
-5.57216
-5.57222
-5.5726
-5.57234
-5.57207
-5.57278
-5.57283
-5.57224
-5.5723
-5.57268
-5.57338
-5.57344
-5.57317
-5.5729
-5.57295
-5.57431
-5.57436
-5.57442
-5.57512
-5.5755
-5.5749
-5.57463
-5.57436
-5.57442
-5.57382
-5.5742
-5.57457
-5.57527
-5.57532
-5.57569
-5.57672
-5.57709
-5.57681
-5.57751
-5.57755
-5.57792
-5.57764
-5.57833
-5.57837
-5.57808
-5.57844
-5.5788
-5.5785
-5.57886
-5.57921
-5.57891
-5.57893
-5.57992
-5.57994
-5.58028
-5.58062
-5.5803
-5.58031
-5.57934
-5.57869
-5.57901
-5.57836
-5.57899
-5.57866
-5.57831
-5.57829
-5.57892
-5.57921
-5.57854
-5.57882
-5.57911
-5.57939
-5.57902
-5.57865
-5.57859
-5.57983
-5.57848
-5.57745
-5.57803
-5.57861
-5.57822
-5.57879
-5.57904
-5.57896
-5.57855
-5.57911
-5.57902
-5.57861
-5.57819
-5.57778
-5.57768
-5.57758
-5.57781
-5.5777
-5.5776
-5.5775
-5.57642
-5.57599
-5.57556
-5.57577
-5.57566
-5.57555
-5.57544
-5.57532
-5.57521
-5.57412
-5.57401
-5.57292
-5.57249
-5.57334
-5.57355
-5.57376
-5.57268
-5.57224
-5.57245
-5.57234
-5.57223
-5.57212
-5.57169
-5.57158
-5.57115
-5.57105
-5.57094
-5.57051
-5.57009
-5.57031
-5.56989
-5.57012
-5.57002
-5.56993
-5.56951
-5.5691
-5.56902
-5.56893
-5.56853
-5.56845
-5.56805
-5.56765
-5.5692
-5.56913
-5.56907
-5.56966
-5.56895
-5.56857
-5.56917
-5.56879
-5.56875
-5.5687
-5.56834
-5.56928
-5.56892
-5.56922
-5.56919
-5.56982
-5.56981
-5.56915
-5.56914
-5.56914
-5.56881
-5.56849
-5.56818
-5.56787
-5.5682
-5.5679
-5.56793
-5.56795
-5.56766
-5.56738
-5.56807
-5.56876
-5.56881
-5.56886
-5.56827
-5.56833
-5.5684
-5.56912
-5.56854
-5.56797
-5.56837
-5.56813
-5.56853
-5.5683
-5.56871
-5.5688
-5.56922
-5.56931
-5.56844
-5.56789
-5.56766
-5.56777
-5.56884
-5.56959
-5.56969
-5.56947
-5.56989
-5.56967
-5.56913
-5.56955
-5.56997
-5.57007
-5.57017
-5.57059
-5.57036
-5.57012
-5.57021
-5.5703
-5.57038
-5.57046
-5.57054
-5.57061
-5.57036
-5.57043
-5.57114
-5.5712
-5.57158
-5.57261
-5.57266
-5.57238
-5.57243
-5.57246
-5.5725
-5.57285
-5.57288
-5.57322
-5.57324
-5.57293
-5.57327
-5.5736
-5.5736
-5.5736
-5.57295
-5.57262
-5.57293
-5.57324
-5.57289
-5.57287
-5.57285
-5.57314
-5.57311
-5.57308
-5.57272
-5.57236
-5.57199
-5.57195
-5.57255
-5.57218
-5.57148
-5.57111
-5.57106
-5.57101
-5.57128
-5.5709
-5.56955
-5.5695
-5.56977
-5.56971
-5.56998
-5.56993
-5.56987
-5.57014
-5.57041
-5.57036
-5.57031
-5.57026
-5.57118
-5.57114
-5.57077
-5.57105
-5.57068
-5.57032
-5.57061
-5.57025
-5.57021
-5.57019
-5.57048
-5.57046
-5.57011
-5.57009
-5.57007
-5.56973
-5.56939
-5.56971
-5.5697
-5.56905
-5.56872
-5.56872
-5.56873
-5.56874
-5.56939
-5.56909
-5.56943
-5.56912
-5.56979
-5.57014
-5.57081
-5.57084
-5.57152
-5.5722
-5.57224
-5.5726
-5.57264
-5.57268
-5.57272
-5.57277
-5.57281
-5.57383
-5.57323
-5.57361
-5.57333
-5.57306
-5.57311
-5.57252
-5.5729
-5.57295
-5.57235
-5.57241
-5.57278
-5.57251
-5.57289
-5.57294
-5.57235
-5.57369
-5.57374
-5.57347
-5.57352
-5.57292
-5.57297
-5.57301
-5.57306
-5.57375
-5.57347
-5.57286
-5.57323
-5.57229
-5.57201
-5.57237
-5.57208
-5.57179
-5.5728
-5.57348
-5.57351
-5.57419
-5.57486
-5.57489
-5.57524
-5.57592
-5.5753
-5.575
-5.57502
-5.57505
-5.57475
-5.57477
-5.57414
-5.57449
-5.57451
-5.5755
-5.57552
-5.57521
-5.57556
-5.57557
-5.57527
-5.57496
-5.57498
-5.57532
-5.57631
-5.57633
-5.57666
-5.577
-5.57702
-5.57703
-5.57672
-5.57641
-5.57578
-5.57547
-5.57548
-5.57582
-5.5755
-5.57551
-5.5752
-5.57521
-5.57521
-5.57586
-5.57652
-5.57652
-5.57652
-5.5762
-5.57555
-5.57555
-5.57522
-5.57521
-5.57552
-5.57551
-5.57485
-5.57419
-5.5745
-5.5748
-5.57478
-5.57443
-5.57375
-5.57437
-5.57467
-5.57431
-5.5746
-5.57553
-5.57517
-5.57512
-5.57508
-5.57503
-5.57498
-5.57493
-5.57488
-5.57483
-5.57445
-5.57407
-5.57434
-5.57428
-5.57519
-5.57481
-5.57475
-5.57501
-5.57495
-5.57489
-5.57515
-5.57542
-5.57601
-5.57595
-5.57654
-5.57713
-5.57675
-5.57638
-5.57633
-5.57498
-5.57494
-5.57489
-5.57453
-5.57481
-5.5751
-5.57506
-5.57471
-5.57468
-5.574
-5.57398
-5.57428
-5.57427
-5.57328
-5.57424
-5.57424
-5.57391
-5.57455
-5.57552
-5.57618
-5.57586
-5.57586
-5.57555
-5.57556
-5.57525
-5.57526
-5.57528
-5.57562
-5.57629
-5.57631
-5.57633
-5.57667
-5.57669
-5.57704
-5.57803
-5.57805
-5.57775
-5.57842
-5.57779
-5.57781
-5.57783
-5.57785
-5.57754
-5.57658
-5.57627
-5.57628
-5.57597
-5.5763
-5.57663
-5.57663
-5.57664
-5.57664
-5.57631
-5.57599
-5.57566
-5.57565
-5.57532
-5.57564
-5.57563
-5.57529
-5.57463
-5.57429
-5.5746
-5.57458
-5.57359
-5.57389
-5.57387
-5.57417
-5.57447
-5.57413
-5.57313
-5.57343
-5.5734
-5.57338
-5.57335
-5.57333
-5.57265
-5.5723
-5.57228
-5.57225
-5.57223
-5.57155
-5.57153
-5.57118
-5.57148
-5.57178
-5.57241
-5.57239
-5.57237
-5.57267
-5.57233
-5.57264
-5.57262
-5.57293
-5.57292
-5.57291
-5.57322
-5.57289
-5.57256
-5.57255
-5.5719
-5.57157
-5.57125
-5.57125
-5.57157
-5.57158
-5.57126
-5.57094
-5.57063
-5.57
-5.56969
-5.5697
-5.57037
-5.57006
-5.57008
-5.57011
-5.56949
-5.56919
-5.56954
-5.5699
-5.56993
-5.56996
-5.57
-5.57003
-5.57072
-5.57043
-5.57015
-5.56954
-5.56991
-5.56995
-5.57
-5.57037
-5.56977
-5.56949
-5.56954
-5.57023
-5.56996
-5.57033
-5.57038
-5.57043
-5.5708
-5.57149
-5.57154
-5.57126
-5.57131
-5.572
-5.57172
-5.57111
-5.57148
-5.57119
-5.57123
-5.57159
-5.57195
-5.57166
-5.57072
-5.57108
-5.57143
-5.5721
-5.57309
-5.57279
-5.57249
-5.57218
-5.57219
-5.57188
-5.57156
-5.57222
-5.57254
-5.57254
-5.57254
-5.57221
-5.57188
-5.57154
-5.57185
-5.57086
-5.57117
-5.57115
-5.57145
-5.57012
-5.56977
-5.56974
-5.56905
-5.56869
-5.5693
-5.56829
-5.56792
-5.56852
-5.56815
-5.5681
-5.5674
-5.568
-5.56794
-5.56821
-5.56816
-5.5681
-5.56772
-5.56766
-5.56728
-5.56722
-5.56684
-5.56678
-5.56705
-5.56634
-5.56661
-5.56656
-5.5665
-5.56612
-5.56672
-5.56699
-5.56727
-5.56754
-5.56782
-5.56778
-5.56773
-5.56769
-5.56701
-5.56697
-5.56662
-5.56626
-5.56655
-5.56685
-5.56715
-5.56745
-5.56808
-5.56806
-5.56772
-5.56836
-5.56867
-5.56866
-5.56865
-5.56865
-5.56897
-5.56864
-5.56832
-5.56897
-5.56898
-5.56931
-5.56964
-5.56932
-5.56966
-5.56934
-5.56903
-5.56937
-5.56874
-5.56811
-5.56812
-5.56847
-5.56849
-5.56786
-5.5682
-5.56789
-5.56888
-5.56858
-5.5686
-5.56862
-5.56864
-5.56866
-5.56771
-5.56773
-5.56807
-5.56776
-5.56746
-5.56813
-5.56879
-5.56881
-5.56883
-5.5682
-5.56854
-5.56824
-5.56761
-5.56665
-5.56635
-5.56637
-5.56638
-5.56607
-5.56577
-5.56643
-5.56645
-5.56679
-5.56777
-5.56779
-5.56813
-5.56879
-5.56848
-5.56882
-5.56884
-5.5695
-5.56952
-5.56921
-5.5689
-5.56924
-5.56893
-5.56895
-5.56961
-5.56995
-5.57062
-5.57063
-5.57195
-5.57197
-5.57231
-5.57232
-5.57202
-5.57139
-5.57109
-5.57143
-5.57177
-5.57179
-5.57149
-5.57183
-5.57153
-5.57155
-5.57157
-5.57159
-5.57193
-5.57163
-5.57165
-5.572
-5.57137
-5.57139
-5.57206
-5.57176
-5.57179
-5.57213
-5.57216
-5.57218
-5.57221
-5.57321
-5.57356
-5.57326
-5.57329
-5.57332
-5.57303
-5.57338
-5.57309
-5.57377
-5.57413
-5.57416
-5.57484
-5.57553
-5.57589
-5.57593
-5.57597
-5.57568
-5.57572
-5.57512
-5.57581
-5.57585
-5.57589
-5.57625
-5.57565
-5.57569
-5.57605
-5.57642
-5.57646
-5.57682
-5.57686
-5.5769
-5.57662
-5.57633
-5.57604
-5.57608
-5.57611
-5.57583
-5.57553
-5.57621
-5.57689
-5.57659
-5.57629
-5.57631
-5.57633
-5.57635
-5.57604
-5.57606
-5.57542
-5.57607
-5.5764
-5.57608
-5.57641
-5.57673
-5.57673
-5.5764
-5.57704
-5.57735
-5.57669
-5.57635
-5.57601
-5.57663
-5.57661
-5.57756
-5.57785
-5.5775
-5.57779
-5.57776
-5.57772
-5.57671
-5.577
-5.57695
-5.57691
-5.57654
-5.57649
-5.57644
-5.57671
-5.57634
-5.57628
-5.57622
-5.57616
-5.57578
-5.57539
-5.57467
-5.57461
-5.57454
-5.57414
-5.57472
-5.574
-5.57392
-5.57385
-5.57377
-5.57336
-5.57296
-5.57255
-5.57214
-5.57173
-5.57132
-5.57156
-5.57147
-5.57073
-5.57032
-5.56991
-5.57014
-5.57037
-5.57029
-5.57084
-5.57043
-5.57034
-5.56993
-5.56984
-5.56943
-5.56967
-5.56926
-5.56917
-5.56941
-5.56998
-5.5699
-5.56982
-5.56975
-5.56935
-5.57025
-5.56985
-5.57011
-5.5694
-5.56966
-5.57057
-5.57084
-5.57143
-5.5717
-5.57101
-5.57096
-5.57092
-5.5699
-5.56987
-5.56983
-5.5698
-5.56977
-5.56974
-5.5694
-5.56938
-5.57034
-5.57
-5.56967
-5.56999
-5.56998
-5.56998
-5.56999
-5.57064
-5.57066
-5.57132
-5.57134
-5.57168
-5.5717
-5.57141
-5.57079
-5.57082
-5.57086
-5.57123
-5.57127
-5.57099
-5.57039
-5.57012
-5.56985
-5.56991
-5.5703
-5.57069
-5.57075
-5.57082
-5.57122
-5.57097
-5.57039
-5.5695
-5.56926
-5.56967
-5.5704
-5.57049
-5.57058
-5.57131
-5.57141
-5.5715
-5.57127
-5.57169
-5.57211
-5.57221
-5.57166
-5.57176
-5.57186
-5.57067
-5.5698
-5.5699
-5.57
-5.57043
-5.57021
-5.57063
-5.57105
-5.57018
-5.57027
-5.57069
-5.57046
-5.5712
-5.57032
-5.57041
-5.57049
-5.57025
-5.57033
-5.5704
-5.57048
-5.57087
-5.57191
-5.57197
-5.57235
-5.5724
-5.5731
-5.57282
-5.57318
-5.5729
-5.5726
-5.57263
-5.57297
-5.57364
-5.57365
-5.57398
-5.5743
-5.5743
-5.57364
-5.57395
-5.57361
-5.57391
-5.57356
-5.57385
-5.57381
-5.5741
-5.57373
-5.57433
-5.57395
-5.5739
-5.57319
-5.57346
-5.57339
-5.573
-5.57326
-5.57287
-5.57247
-5.57304
-5.57297
-5.57322
-5.57314
-5.57339
-5.57332
-5.57356
-5.57348
-5.57373
-5.57333
-5.57293
-5.57286
-5.57311
-5.57304
-5.57329
-5.57354
-5.57251
-5.57244
-5.57173
-5.57199
-5.57161
-5.57155
-5.57117
-5.57144
-5.57172
-5.57199
-5.5726
-5.57256
-5.57317
-5.57249
-5.5731
-5.57243
-5.5724
-5.57238
-5.57269
-5.57268
-5.57267
-5.57233
-5.57201
-5.57169
-5.57169
-5.5717
-5.57138
-5.57172
-5.57174
-5.57209
-5.57212
-5.57247
-5.57218
-5.57254
-5.57258
-5.57262
-5.57299
-5.57336
-5.57342
-5.57315
-5.57353
-5.57391
-5.57365
-5.57403
-5.57442
-5.57481
-5.57456
-5.57495
-5.5747
-5.57509
-5.57516
-5.57523
-5.57562
-5.57602
-5.57609
-5.5768
-5.57687
-5.57565
-5.57604
-5.5761
-5.57585
-5.57462
-5.57501
-5.57442
-5.57416
-5.57357
-5.57363
-5.57368
-5.57341
-5.57346
-5.57351
-5.57389
-5.57361
-5.57365
-5.57402
-5.57373
-5.57442
-5.57511
-5.57547
-5.57582
-5.57618
-5.57556
-5.57559
-5.57561
-5.57563
-5.5763
-5.576
-5.57602
-5.57668
-5.57637
-5.57671
-5.57769
-5.5777
-5.57803
-5.57804
-5.57805
-5.57838
-5.57871
-5.57871
-5.57839
-5.57807
-5.57774
-5.57774
-5.57774
-5.57774
-5.57807
-5.57774
-5.57742
-5.57774
-5.57741
-5.57773
-5.57805
-5.57773
-5.5774
-5.57772
-5.57804
-5.57836
-5.57836
-5.57901
-5.579
-5.57835
-5.579
-5.57803
-5.57802
-5.57834
-5.57834
-5.57801
-5.57801
-5.57703
-5.57638
-5.5767
-5.5767
-5.57734
-5.57734
-5.57701
-5.57732
-5.57667
-5.57666
-5.57762
-5.57794
-5.57793
-5.57824
-5.57855
-5.57951
-5.57982
-5.5798
-5.57946
-5.57977
-5.57943
-5.57973
-5.57971
-5.58001
-5.57999
-5.58029
-5.58027
-5.58089
-5.58119
-5.58052
-5.58016
-5.58013
-5.5801
-5.57942
-5.58004
-5.58098
-5.58094
-5.58091
-5.58119
-5.58116
-5.58079
-5.57914
-5.5791
-5.57873
-5.57902
-5.57963
-5.57959
-5.57922
-5.5795
-5.57946
-5.57845
-5.57905
-5.57901
-5.57832
-5.5786
-5.57791
-5.57819
-5.57815
-5.57811
-5.57806
-5.57802
-5.5783
-5.57922
-5.57918
-5.57881
-5.57877
-5.5784
-5.57803
-5.57766
-5.57697
-5.57595
-5.57526
-5.57522
-5.57485
-5.57545
-5.57606
-5.57634
-5.5763
-5.57625
-5.57621
-5.57552
-5.57612
-5.57608
-5.57636
-5.57664
-5.57628
-5.57623
-5.57554
-5.57583
-5.57611
-5.57607
-5.57506
-5.57469
-5.5753
-5.57461
-5.57457
-5.57453
-5.57449
-5.57477
-5.57473
-5.57469
-5.57498
-5.57559
-5.57587
-5.57584
-5.57548
-5.57544
-5.57573
-5.57537
-5.57502
-5.57563
-5.57592
-5.57589
-5.57586
-5.57583
-5.5758
-5.57675
-5.5764
-5.57573
-5.57538
-5.57568
-5.57566
-5.57564
-5.57627
-5.57657
-5.57655
-5.57653
-5.57587
-5.57521
-5.57519
-5.57518
-5.57516
-5.57515
-5.57514
-5.57512
-5.57543
-5.57542
-5.57606
-5.57573
-5.57572
-5.57571
-5.5757
-5.57601
-5.57568
-5.57567
-5.57469
-5.57468
-5.57467
-5.57466
-5.57432
-5.57463
-5.57462
-5.57461
-5.5746
-5.57556
-5.57587
-5.57586
-5.5752
-5.57454
-5.5742
-5.57386
-5.5732
-5.5735
-5.57316
-5.5725
-5.57215
-5.57181
-5.57212
-5.5721
-5.57175
-5.57206
-5.57171
-5.57201
-5.57135
-5.57165
-5.57195
-5.57161
-5.57224
-5.57157
-5.57155
-5.57121
-5.57087
-5.57118
-5.57084
-5.57082
-5.57016
-5.57015
-5.56982
-5.56981
-5.56948
-5.56915
-5.56883
-5.5698
-5.57045
-5.57046
-5.57047
-5.57048
-5.57017
-5.57019
-5.57021
-5.56959
-5.56962
-5.56933
-5.56936
-5.56908
-5.56847
-5.56852
-5.56889
-5.56895
-5.56965
-5.56971
-5.57043
-5.5705
-5.57122
-5.57194
-5.5717
-5.57178
-5.5709
-5.57131
-5.57173
-5.5715
-5.57193
-5.57203
-5.57214
-5.57192
-5.57138
-5.57117
-5.57128
-5.57107
-5.57119
-5.57098
-5.57078
-5.57122
-5.57134
-5.57146
-5.57125
-5.57137
-5.57149
-5.57225
-5.57237
-5.57313
-5.57325
-5.57271
-5.57217
-5.57293
-5.57368
-5.57378
-5.57356
-5.57397
-5.57374
-5.5735
-5.57359
-5.57399
-5.57374
-5.57349
-5.57387
-5.57394
-5.57464
-5.57469
-5.57473
-5.57477
-5.57513
-5.57516
-5.57486
-5.57489
-5.5749
-5.57523
-5.57523
-5.57555
-5.57555
-5.57554
-5.57519
-5.57517
-5.57514
-5.57511
-5.57475
-5.57471
-5.57498
-5.57493
-5.57488
-5.57579
-5.57476
-5.57437
-5.5743
-5.57422
-5.57415
-5.57439
-5.57334
-5.57326
-5.57349
-5.57341
-5.57332
-5.57323
-5.57313
-5.57304
-5.5736
-5.5735
-5.57341
-5.57299
-5.5729
-5.57313
-5.57239
-5.571
-5.57091
-5.57147
-5.57138
-5.57097
-5.57089
-5.57016
-5.5704
-5.57
-5.56992
-5.56952
-5.56945
-5.56939
-5.56932
-5.56958
-5.56985
-5.56979
-5.57038
-5.57131
-5.57191
-5.57154
-5.57183
-5.57147
-5.57079
-5.57076
-5.57009
-5.56975
-5.57005
-5.57036
-5.57036
-5.57003
-5.57035
-5.57067
-5.57035
-5.57036
-5.57038
-5.57072
-5.57041
-5.57043
-5.57046
-5.57049
-5.57052
-5.57055
-5.57059
-5.57096
-5.571
-5.57138
-5.57175
-5.57115
-5.57088
-5.57127
-5.57165
-5.57106
-5.57113
-5.57087
-5.57094
-5.57133
-5.57108
-5.57115
-5.5709
-5.57065
-5.57104
-5.57144
-5.57152
-5.57159
-5.57199
-5.57239
-5.57215
-5.5719
-5.57198
-5.57173
-5.57148
-5.57221
-5.57261
-5.57236
-5.57211
-5.5725
-5.5729
-5.57329
-5.57368
-5.5744
-5.57447
-5.57518
-5.57492
-5.57498
-5.57568
-5.57509
-5.57515
-5.57455
-5.57396
-5.57368
-5.57405
-5.57377
-5.57317
-5.57321
-5.57293
-5.57361
-5.57397
-5.574
-5.57403
-5.57341
-5.57278
-5.57345
-5.57282
-5.57284
-5.57286
-5.57255
-5.57255
-5.57224
-5.5716
-5.57192
-5.57192
-5.57127
-5.57127
-5.57094
-5.57093
-5.57092
-5.57059
-5.57057
-5.56991
-5.56989
-5.57019
-5.56985
-5.57047
-5.57044
-5.57106
-5.57103
-5.57068
-5.57065
-5.57061
-5.57025
-5.57086
-5.57082
-5.57111
-5.57074
-5.57037
-5.56936
-5.56931
-5.56894
-5.5689
-5.56917
-5.56912
-5.56875
-5.56935
-5.5693
-5.56957
-5.5692
-5.56915
-5.5704
-5.5697
-5.56998
-5.56961
-5.56923
-5.56919
-5.56914
-5.5691
-5.56905
-5.56933
-5.56929
-5.56925
-5.56889
-5.56885
-5.56849
-5.56878
-5.56875
-5.5684
-5.56804
-5.56834
-5.56929
-5.57056
-5.57087
-5.57085
-5.57083
-5.57179
-5.57145
-5.5708
-5.57079
-5.57078
-5.57045
-5.57109
-5.57077
-5.57141
-5.57141
-5.57109
-5.57174
-5.57175
-5.57175
-5.57208
-5.57209
-5.57209
-5.57178
-5.57178
-5.57179
-5.57147
-5.57115
-5.57116
-5.57116
-5.57117
-5.57085
-5.57085
-5.57086
-5.57054
-5.57054
-5.57054
-5.57151
-5.57183
-5.57183
-5.57183
-5.57248
-5.57247
-5.57182
-5.57182
-5.57213
-5.57245
-5.57244
-5.57308
-5.57307
-5.57338
-5.5737
-5.57368
-5.57399
-5.57334
-5.57332
-5.57331
-5.57329
-5.57392
-5.57391
-5.57454
-5.57453
-5.57548
-5.57514
-5.57513
-5.57446
-5.57445
-5.57475
-5.57377
-5.57343
-5.57341
-5.57274
-5.57273
-5.57303
-5.57302
-5.57365
-5.57363
-5.57361
-5.57522
-5.5752
-5.57583
-5.57581
-5.57612
-5.57513
-5.57414
-5.57412
-5.57411
-5.57409
-5.57374
-5.57372
-5.5737
-5.57433
-5.57431
-5.57428
-5.57426
-5.57423
-5.57421
-5.57451
-5.57416
-5.57349
-5.57476
-5.57538
-5.57535
-5.57467
-5.57497
-5.57591
-5.57555
-5.5752
-5.57484
-5.57448
-5.57445
-5.57474
-5.57503
-5.57499
-5.57495
-5.57524
-5.57488
-5.57484
-5.5748
-5.57477
-5.5744
-5.57404
-5.57336
-5.57332
-5.57426
-5.57455
-5.57419
-5.57449
-5.57478
-5.57475
-5.57407
-5.57404
-5.57402
-5.57399
-5.57364
-5.5733
-5.57328
-5.57358
-5.57292
-5.5729
-5.57257
-5.57321
-5.57288
-5.57255
-5.57255
-5.57287
-5.57255
-5.57288
-5.57256
-5.57128
-5.57194
-5.57195
-5.57262
-5.57296
-5.57233
-5.57236
-5.57206
-5.57241
-5.57212
-5.57248
-5.57251
-5.5732
-5.57323
-5.57328
-5.57267
-5.57239
-5.57244
-5.57248
-5.57253
-5.57226
-5.57199
-5.57171
-5.57144
-5.57182
-5.57187
-5.57128
-5.57133
-5.57171
-5.57176
-5.57214
-5.57187
-5.57193
-5.5723
-5.57235
-5.57273
-5.5731
-5.57315
-5.5732
-5.57357
-5.57362
-5.57366
-5.57403
-5.57439
-5.57379
-5.57383
-5.57386
-5.57358
-5.57329
-5.57332
-5.57303
-5.57306
-5.57309
-5.57312
-5.57282
-5.5735
-5.5732
-5.5729
-5.57228
-5.5723
-5.57233
-5.57203
-5.57302
-5.5724
-5.57242
-5.57245
-5.57247
-5.57282
-5.57252
-5.57319
-5.57354
-5.57195
-5.57198
-5.57265
-5.57236
-5.57271
-5.57273
-5.57276
-5.57279
-5.57185
-5.57188
-5.57191
-5.57259
-5.57262
-5.57297
-5.57268
-5.57238
-5.57306
-5.57309
-5.57344
-5.57379
-5.57414
-5.57352
-5.57419
-5.57389
-5.57489
-5.57491
-5.57493
-5.57559
-5.57529
-5.5753
-5.57499
-5.57499
-5.57435
-5.57468
-5.57468
-5.57468
-5.575
-5.57532
-5.57499
-5.57498
-5.57464
-5.57397
-5.57395
-5.57425
-5.5739
-5.57355
-5.57352
-5.57316
-5.57377
-5.57406
-5.57305
-5.57333
-5.57328
-5.57291
-5.57286
-5.57281
-5.57275
-5.57302
-5.57296
-5.5729
-5.57317
-5.57278
-5.57304
-5.57395
-5.57421
-5.57349
-5.57408
-5.57336
-5.5733
-5.57323
-5.57348
-5.57342
-5.5727
-5.57231
-5.57127
-5.57089
-5.57115
-5.5714
-5.57134
-5.57128
-5.57025
-5.56954
-5.56981
-5.5704
-5.57035
-5.57095
-5.57122
-5.57117
-5.5708
-5.57076
-5.57072
-5.57101
-5.57162
-5.57094
-5.57059
-5.57024
-5.56989
-5.56923
-5.56921
-5.56888
-5.56919
-5.56918
-5.56918
-5.56853
-5.56854
-5.56886
-5.56887
-5.56986
-5.56987
-5.56989
-5.57024
-5.56994
-5.56997
-5.57129
-5.57133
-5.57104
-5.57108
-5.57144
-5.57181
-5.57186
-5.57158
-5.57164
-5.57201
-5.57206
-5.5718
-5.57185
-5.57159
-5.57197
-5.57203
-5.57209
-5.5728
-5.57254
-5.57228
-5.57299
-5.57273
-5.57279
-5.5735
-5.57324
-5.5733
-5.57368
-5.57309
-5.57282
-5.57288
-5.57293
-5.57201
-5.57206
-5.57243
-5.57248
-5.57252
-5.57256
-5.57292
-5.57295
-5.57266
-5.57237
-5.57207
-5.57177
-5.57147
-5.57149
-5.5715
-5.57119
-5.57152
-5.5712
-5.57121
-5.57153
-5.5712
-5.57152
-5.57184
-5.57182
-5.57181
-5.57114
-5.57144
-5.57174
-5.57139
-5.57136
-5.57165
-5.57129
-5.57061
-5.56992
-5.56988
-5.57016
-5.57011
-5.57006
-5.56969
-5.56996
-5.57023
-5.57017
-5.57076
-5.5707
-5.56967
-5.56993
-5.56987
-5.56981
-5.56974
-5.56903
-5.56929
-5.56954
-5.5698
-5.5707
-5.57031
-5.57025
-5.56953
-5.57011
-5.5694
-5.56965
-5.56991
-5.56984
-5.56977
-5.56873
-5.56899
-5.56925
-5.56919
-5.56977
-5.56971
-5.56965
-5.56959
-5.5692
-5.56882
-5.56779
-5.56774
-5.56704
-5.56698
-5.56726
-5.56688
-5.56651
-5.56582
-5.56675
-5.56768
-5.56764
-5.56857
-5.56886
-5.56818
-5.56782
-5.56747
-5.56744
-5.56741
-5.56771
-5.56704
-5.56637
-5.56635
-5.56634
-5.56665
-5.56632
-5.56728
-5.56728
-5.5676
-5.56663
-5.56631
-5.56632
-5.56731
-5.56829
-5.56831
-5.56866
-5.56868
-5.56871
-5.56907
-5.5691
-5.56947
-5.56887
-5.56924
-5.56897
-5.56902
-5.56908
-5.5698
-5.57019
-5.56994
-5.57034
-5.57042
-5.57018
-5.56994
-5.57003
-5.57045
-5.57087
-5.57065
-5.57173
-5.57184
-5.57162
-5.57206
-5.5725
-5.57261
-5.57241
-5.57253
-5.57265
-5.57245
-5.57257
-5.5727
-5.57314
-5.57392
-5.57436
-5.57448
-5.57493
-5.57472
-5.57484
-5.57495
-5.57506
-5.57517
-5.5756
-5.57603
-5.57548
-5.57525
-5.57534
-5.57511
-5.57519
-5.57494
-5.57437
-5.57444
-5.5745
-5.57456
-5.57428
-5.57465
-5.57437
-5.57473
-5.57476
-5.57543
-5.57512
-5.57481
-5.57514
-5.57482
-5.57514
-5.57513
-5.57479
-5.57477
-5.57442
-5.57374
-5.57371
-5.57334
-5.5733
-5.5726
-5.57385
-5.5738
-5.57342
-5.57336
-5.572
-5.57193
-5.57122
-5.57115
-5.57043
-5.57003
-5.5706
-5.57052
-5.57141
-5.57198
-5.5719
-5.57117
-5.57142
-5.57134
-5.57125
-5.57117
-5.57077
-5.57069
-5.57028
-5.57053
-5.5711
-5.5707
-5.56997
-5.5699
-5.56918
-5.56782
-5.56775
-5.56833
-5.56697
-5.56691
-5.56685
-5.56647
-5.56739
-5.56701
-5.56761
-5.56789
-5.5672
-5.56715
-5.56711
-5.56708
-5.56672
-5.56604
-5.56568
-5.56598
-5.56531
-5.56528
-5.56526
-5.56525
-5.56523
-5.56489
-5.56488
-5.56519
-5.56454
-5.56453
-5.56485
-5.56517
-5.56452
-5.56485
-5.56485
-5.56453
-5.56454
-5.56552
-5.56552
-5.56521
-5.56619
-5.56685
-5.56654
-5.56655
-5.56689
-5.5669
-5.56724
-5.56758
-5.56825
-5.56859
-5.56926
-5.56896
-5.5693
-5.56932
-5.56902
-5.56872
-5.56907
-5.56877
-5.56879
-5.56914
-5.56917
-5.56919
-5.56954
-5.56956
-5.56926
-5.56961
-5.56931
-5.56901
-5.56871
-5.5684
-5.56907
-5.56908
-5.56877
-5.56846
-5.56783
-5.56719
-5.56753
-5.56721
-5.56689
-5.56657
-5.56754
-5.56721
-5.56721
-5.56785
-5.56784
-5.56751
-5.56749
-5.56748
-5.56746
-5.56712
-5.56677
-5.56707
-5.5677
-5.56735
-5.56733
-5.56763
-5.5676
-5.56757
-5.56851
-5.56848
-5.56845
-5.56842
-5.56774
-5.56804
-5.56833
-5.5683
-5.56827
-5.56857
-5.56822
-5.56755
-5.56752
-5.5675
-5.56748
-5.56746
-5.56744
-5.56678
-5.56677
-5.56612
-5.56676
-5.56675
-5.5674
-5.56773
-5.56805
-5.56806
-5.56775
-5.56841
-5.56843
-5.56877
-5.56879
-5.56882
-5.56884
-5.5692
-5.56891
-5.56894
-5.56898
-5.56902
-5.56907
-5.56879
-5.56917
-5.56987
-5.56992
-5.56933
-5.57004
-5.5701
-5.57049
-5.56958
-5.56997
-5.57004
-5.56946
-5.56986
-5.56993
-5.57032
-5.57072
-5.57177
-5.57152
-5.5716
-5.572
-5.57207
-5.57247
-5.57223
-5.5723
-5.57238
-5.57278
-5.57254
-5.57229
-5.57237
-5.57244
-5.57155
-5.57162
-5.57137
-5.57144
-5.57151
-5.57191
-5.57198
-5.57172
-5.57179
-5.57185
-5.57257
-5.5723
-5.57204
-5.57178
-5.57184
-5.57254
-5.57292
-5.57394
-5.57367
-5.57404
-5.57376
-5.57445
-5.57449
-5.57453
-5.57456
-5.57492
-5.57397
-5.574
-5.57434
-5.57436
-5.57471
-5.57472
-5.57473
-5.57505
-5.57538
-5.5757
-5.57537
-5.57568
-5.57599
-5.57597
-5.57627
-5.57592
-5.57588
-5.57617
-5.57548
-5.57544
-5.57539
-5.57598
-5.5756
-5.57554
-5.5758
-5.57573
-5.57598
-5.57623
-5.5768
-5.57639
-5.57631
-5.57687
-5.5771
-5.57636
-5.57659
-5.57682
-5.57704
-5.57694
-5.57683
-5.57673
-5.57695
-5.57587
-5.57544
-5.57533
-5.57522
-5.57479
-5.57468
-5.57425
-5.57543
-5.57565
-5.5749
-5.57447
-5.57404
-5.57426
-5.57383
-5.57373
-5.57267
-5.57257
-5.57248
-5.57238
-5.57229
-5.57221
-5.5718
-5.57139
-5.57132
-5.57092
-5.57052
-5.57045
-5.57038
-5.57032
-5.57026
-5.57053
-5.57048
-5.5701
-5.57006
-5.57001
-5.5703
-5.57058
-5.57087
-5.57019
-5.57049
-5.56982
-5.56947
-5.56913
-5.56911
-5.56975
-5.56973
-5.56972
-5.56939
-5.56971
-5.57003
-5.57035
-5.57035
-5.57035
-5.57068
-5.57068
-5.57068
-5.57069
-5.57102
-5.57135
-5.57103
-5.57104
-5.57105
-5.57138
-5.57009
-5.56913
-5.56914
-5.56914
-5.56915
-5.57013
-5.57013
-5.57014
-5.57014
-5.5695
-5.57015
-5.5695
-5.56983
-5.56983
-5.5695
-5.5695
-5.56982
-5.57014
-5.57078
-5.57045
-5.57077
-5.57076
-5.57075
-5.57042
-5.57041
-5.5704
-5.57039
-5.56973
-5.5694
-5.56971
-5.56938
-5.56969
-5.57
-5.56999
-5.5703
-5.56996
-5.56995
-5.57026
-5.56895
-5.56862
-5.56764
-5.56698
-5.56697
-5.56697
-5.56728
-5.56825
-5.56857
-5.56889
-5.56888
-5.5692
-5.56856
-5.56856
-5.56856
-5.56824
-5.56889
-5.56923
-5.57021
-5.56892
-5.56894
-5.56928
-5.56865
-5.56964
-5.57031
-5.57066
-5.57133
-5.57103
-5.57139
-5.57109
-5.57112
-5.57148
-5.57119
-5.57156
-5.5716
-5.57293
-5.57298
-5.57302
-5.57307
-5.57312
-5.57382
-5.57484
-5.57652
-5.57722
-5.5776
-5.57798
-5.57772
-5.57778
-5.57817
-5.57758
-5.57764
-5.57836
-5.5781
-5.57784
-5.57758
-5.57765
-5.57771
-5.57746
-5.57753
-5.57695
-5.57701
-5.5774
-5.57715
-5.57657
-5.57631
-5.57638
-5.5758
-5.57586
-5.57593
-5.57567
-5.57509
-5.57515
-5.57521
-5.5756
-5.57534
-5.57508
-5.57514
-5.5752
-5.57526
-5.57499
-5.57473
-5.57446
-5.57517
-5.57555
-5.5756
-5.57566
-5.57538
-5.57544
-5.57517
-5.57457
-5.57462
-5.57434
-5.57374
-5.57379
-5.57383
-5.57387
-5.57424
-5.57428
-5.57497
-5.57565
-5.57537
-5.5754
-5.57479
-5.57482
-5.57485
-5.57488
-5.57523
-5.57526
-5.57496
-5.57498
-5.57468
-5.5747
-5.57471
-5.57473
-5.57474
-5.57507
-5.57475
-5.57443
-5.57411
-5.57378
-5.57345
-5.57312
-5.57311
-5.57213
-5.57147
-5.57178
-5.5724
-5.57238
-5.57203
-5.57135
-5.57067
-5.57161
-5.57125
-5.57089
-5.57084
-5.5708
-5.57075
-5.57103
-5.57097
-5.57027
-5.57021
-5.5708
-5.57107
-5.57068
-5.57062
-5.57087
-5.57048
-5.57074
-5.57099
-5.57027
-5.5702
-5.57045
-5.57038
-5.56998
-5.56958
-5.56983
-5.56975
-5.56935
-5.56993
-5.56985
-5.5701
-5.571
-5.57093
-5.57118
-5.57079
-5.57039
-5.57033
-5.56994
-5.57052
-5.57078
-5.5704
-5.57034
-5.56996
-5.5699
-5.57017
-5.57012
-5.57007
-5.5697
-5.56933
-5.56929
-5.56925
-5.56922
-5.56919
-5.56948
-5.56945
-5.56943
-5.56973
-5.56875
-5.56905
-5.56872
-5.56904
-5.56936
-5.56968
-5.56969
-5.57034
-5.57003
-5.56972
-5.57006
-5.57041
-5.57043
-5.57013
-5.57017
-5.5702
-5.57024
-5.5706
-5.57032
-5.57005
-5.57075
-5.57113
-5.57054
-5.57092
-5.57098
-5.57105
-5.57111
-5.57118
-5.57222
-5.57262
-5.57334
-5.57309
-5.57317
-5.57292
-5.573
-5.57308
-5.57283
-5.57324
-5.573
-5.57372
-5.57413
-5.57453
-5.57461
-5.57534
-5.57574
-5.57646
-5.57556
-5.57563
-5.57635
-5.5761
-5.57616
-5.5772
-5.57726
-5.57764
-5.5777
-5.57775
-5.57845
-5.57849
-5.57886
-5.57955
-5.57958
-5.57961
-5.57997
-5.57999
-5.57969
-5.57938
-5.57907
-5.57908
-5.57941
-5.57877
-5.57876
-5.57908
-5.5794
-5.57906
-5.57905
-5.57903
-5.57901
-5.57898
-5.57928
-5.57893
-5.57889
-5.57853
-5.57817
-5.57781
-5.57809
-5.57739
-5.57767
-5.57762
-5.57757
-5.57687
-5.57649
-5.57611
-5.57572
-5.57534
-5.57496
-5.5749
-5.57484
-5.57478
-5.57407
-5.57433
-5.57427
-5.5742
-5.57414
-5.57343
-5.57305
-5.57299
-5.57293
-5.57352
-5.57378
-5.57405
-5.57302
-5.57297
-5.57323
-5.57285
-5.57248
-5.57308
-5.57303
-5.5733
-5.57325
-5.57288
-5.57283
-5.57279
-5.57274
-5.57237
-5.57201
-5.57196
-5.57225
-5.57188
-5.57184
-5.57213
-5.57273
-5.57237
-5.57168
-5.57165
-5.57096
-5.5706
-5.57056
-5.57084
-5.57145
-5.57109
-5.57073
-5.57069
-5.57065
-5.57093
-5.57089
-5.57053
-5.57081
-5.57044
-5.57008
-5.57003
-5.56999
-5.57027
-5.5699
-5.56954
-5.56917
-5.56977
-5.56973
-5.56904
-5.56899
-5.56862
-5.56858
-5.56886
-5.56881
-5.56909
-5.56873
-5.56868
-5.56767
-5.56763
-5.56727
-5.56691
-5.56655
-5.56651
-5.56713
-5.56742
-5.56642
-5.56672
-5.56637
-5.5657
-5.56568
-5.56566
-5.56565
-5.56531
-5.56595
-5.56562
-5.56594
-5.56562
-5.5666
-5.56661
-5.56694
-5.56664
-5.56698
-5.56636
-5.56638
-5.56609
-5.56645
-5.56681
-5.56653
-5.5669
-5.56695
-5.56765
-5.56803
-5.56841
-5.56815
-5.56854
-5.56829
-5.56772
-5.56812
-5.56949
-5.56925
-5.56933
-5.56974
-5.57015
-5.57057
-5.57066
-5.5714
-5.5715
-5.57192
-5.57169
-5.57179
-5.57156
-5.57166
-5.5724
-5.57282
-5.57227
-5.57302
-5.57311
-5.57417
-5.57459
-5.57403
-5.57379
-5.57355
-5.57331
-5.57371
-5.57347
-5.57354
-5.57361
-5.57368
-5.57407
-5.5738
-5.57321
-5.57327
-5.57396
-5.57401
-5.57373
-5.57377
-5.57316
-5.57352
-5.57387
-5.57454
-5.57489
-5.57523
-5.57492
-5.57461
-5.57494
-5.57463
-5.57431
-5.57431
-5.57333
-5.57333
-5.57332
-5.57396
-5.57362
-5.57263
-5.57229
-5.57228
-5.57258
-5.57191
-5.57189
-5.57283
-5.57281
-5.57246
-5.57243
-5.57175
-5.57205
-5.57234
-5.57263
-5.5726
-5.57225
-5.57254
-5.57251
-5.57248
-5.57245
-5.57209
-5.57238
-5.57235
-5.57265
-5.57197
-5.57162
-5.57191
-5.57156
-5.57121
-5.57119
-5.57149
-5.57146
-5.57176
-5.57239
-5.57237
-5.57364
-5.57427
-5.5749
-5.57488
-5.57486
-5.57516
-5.57547
-5.5748
-5.57511
-5.57477
-5.57443
-5.57604
-5.57538
-5.57568
-5.57535
-5.57533
-5.57532
-5.57466
-5.57432
-5.57431
-5.57429
-5.5746
-5.57426
-5.57392
-5.57423
-5.57389
-5.57517
-5.57516
-5.57482
-5.57448
-5.57381
-5.57379
-5.57377
-5.57311
-5.57277
-5.57307
-5.57338
-5.57303
-5.57301
-5.57331
-5.57362
-5.57327
-5.57358
-5.57356
-5.57386
-5.57417
-5.57382
-5.57445
-5.57508
-5.57506
-5.57536
-5.57502
-5.57533
-5.57628
-5.57627
-5.57593
-5.57624
-5.57623
-5.57622
-5.57653
-5.57652
-5.57651
-5.57585
-5.57584
-5.57519
-5.57518
-5.57518
-5.57485
-5.57485
-5.57518
-5.57485
-5.57421
-5.57422
-5.57422
-5.57455
-5.57391
-5.57522
-5.57491
-5.57556
-5.5759
-5.57559
-5.57528
-5.5753
-5.57532
-5.57502
-5.57504
-5.57506
-5.57573
-5.57543
-5.57577
-5.57547
-5.57518
-5.57488
-5.57394
-5.57396
-5.57367
-5.57305
-5.57275
-5.57214
-5.57216
-5.57252
-5.57223
-5.57161
-5.57132
-5.57102
-5.57106
-5.57109
-5.57144
-5.57148
-5.57184
-5.57122
-5.57158
-5.57194
-5.57197
-5.572
-5.57171
-5.57239
-5.57242
-5.57278
-5.57314
-5.57252
-5.57158
-5.57129
-5.571
-5.57006
-5.57008
-5.57043
-5.57014
-5.57016
-5.5718
-5.57215
-5.57282
-5.57348
-5.57318
-5.57449
-5.5745
-5.57419
-5.5742
-5.57486
-5.57519
-5.57585
-5.5752
-5.57553
-5.57585
-5.57585
-5.57682
-5.57714
-5.57681
-5.57647
-5.57646
-5.57677
-5.57643
-5.57641
-5.57607
-5.57637
-5.57635
-5.576
-5.57565
-5.57465
-5.5743
-5.57427
-5.57424
-5.57356
-5.57352
-5.57316
-5.57345
-5.57374
-5.57338
-5.57366
-5.57362
-5.57358
-5.57321
-5.57317
-5.57377
-5.57372
-5.574
-5.57395
-5.5739
-5.57384
-5.57379
-5.57309
-5.57303
-5.57265
-5.57226
-5.57188
-5.57214
-5.5711
-5.57135
-5.57063
-5.56991
-5.56951
-5.56911
-5.56902
-5.56862
-5.56853
-5.56876
-5.56932
-5.56891
-5.56849
-5.56872
-5.56895
-5.5695
-5.5694
-5.56963
-5.56953
-5.56975
-5.5703
-5.56988
-5.56979
-5.57002
-5.57057
-5.57016
-5.56975
-5.56999
-5.57056
-5.57048
-5.57041
-5.57001
-5.56995
-5.56989
-5.56952
-5.56882
-5.56813
-5.5681
-5.56839
-5.56836
-5.56866
-5.568
-5.56767
-5.56767
-5.56768
-5.56801
-5.56836
-5.56838
-5.56906
-5.5691
-5.56914
-5.56951
-5.56924
-5.56865
-5.56871
-5.56878
-5.56885
-5.5686
-5.56836
-5.56812
-5.56885
-5.56927
-5.56936
-5.56978
-5.56987
-5.56965
-5.56975
-5.56985
-5.56962
-5.56972
-5.56983
-5.57057
-5.571
-5.5711
-5.5712
-5.57097
-5.57107
-5.57149
-5.57126
-5.57135
-5.57112
-5.57153
-5.57162
-5.5717
-5.57178
-5.57153
-5.57161
-5.572
-5.57239
-5.57214
-5.5722
-5.57258
-5.57231
-5.57302
-5.57307
-5.57279
-5.57284
-5.57256
-5.5726
-5.57231
-5.57202
-5.57173
-5.57143
-5.57146
-5.57116
-5.57086
-5.57088
-5.57057
-5.57124
-5.57125
-5.57094
-5.57128
-5.57194
-5.57195
-5.57164
-5.57165
-5.57133
-5.57134
-5.57135
-5.57135
-5.57071
-5.57137
-5.57073
-5.57074
-5.57042
-5.57108
-5.57108
-5.57109
-5.5711
-5.57014
-5.57015
-5.56952
-5.56921
-5.56858
-5.56827
-5.56829
-5.56831
-5.56833
-5.56835
-5.56902
-5.56872
-5.56777
-5.56844
-5.5688
-5.56915
-5.5695
-5.56953
-5.56988
-5.57056
-5.57059
-5.57095
-5.57098
-5.57102
-5.57137
-5.57206
-5.57242
-5.57245
-5.57314
-5.57285
-5.57192
-5.57293
-5.57362
-5.57398
-5.57337
-5.57309
-5.57377
-5.57414
-5.5745
-5.57454
-5.57555
-5.57591
-5.57595
-5.57631
-5.577
-5.57736
-5.57675
-5.57744
-5.57618
-5.57621
-5.57625
-5.57596
-5.57567
-5.57537
-5.5754
-5.57446
-5.57449
-5.57419
-5.57389
-5.57391
-5.57426
-5.57427
-5.57364
-5.57366
-5.57367
-5.57335
-5.57369
-5.57434
-5.57435
-5.57597
-5.57533
-5.57533
-5.57532
-5.57435
-5.57434
-5.574
-5.57399
-5.5743
-5.57429
-5.57492
-5.5749
-5.57553
-5.5755
-5.57451
-5.57449
-5.57414
-5.57379
-5.57409
-5.57406
-5.57306
-5.57336
-5.57268
-5.57297
-5.57327
-5.57356
-5.57321
-5.5735
-5.57412
-5.57474
-5.57503
-5.575
-5.57562
-5.57526
-5.57491
-5.57423
-5.5742
-5.57352
-5.57414
-5.57444
-5.57376
-5.57373
-5.57402
-5.57399
-5.57493
-5.57555
-5.57584
-5.57581
-5.57643
-5.57639
-5.57571
-5.576
-5.57597
-5.57625
-5.57687
-5.57683
-5.57614
-5.57611
-5.57542
-5.57571
-5.57566
-5.57562
-5.57623
-5.57586
-5.57614
-5.57577
-5.5754
-5.57567
-5.57562
-5.57622
-5.57617
-5.57644
-5.57639
-5.57666
-5.57628
-5.57655
-5.57681
-5.57643
-5.57604
-5.57598
-5.57624
-5.57586
-5.57612
-5.57541
-5.57566
-5.5756
-5.57585
-5.57643
-5.57636
-5.57629
-5.57623
-5.57648
-5.57738
-5.57699
-5.57627
-5.5762
-5.57548
-5.57508
-5.57501
-5.57462
-5.57422
-5.57415
-5.57375
-5.57433
-5.57361
-5.57386
-5.57347
-5.57372
-5.57366
-5.57359
-5.57352
-5.57345
-5.57339
-5.57397
-5.5739
-5.57319
-5.57313
-5.57307
-5.573
-5.57294
-5.57256
-5.5725
-5.57245
-5.57239
-5.57234
-5.57197
-5.57224
-5.57284
-5.57312
-5.57307
-5.57271
-5.57267
-5.57263
-5.57195
-5.57159
-5.57123
-5.57088
-5.5715
-5.57179
-5.57112
-5.5711
-5.57108
-5.57139
-5.57169
-5.57168
-5.57167
-5.57198
-5.571
-5.57068
-5.57132
-5.57132
-5.57132
-5.571
-5.57036
-5.57101
-5.5707
-5.57039
-5.57073
-5.57042
-5.57076
-5.57078
-5.57015
-5.57082
-5.57052
-5.57054
-5.5696
-5.56995
-5.56998
-5.57001
-5.57036
-5.57039
-5.56913
-5.56916
-5.56887
-5.56891
-5.56829
-5.56865
-5.56772
-5.56711
-5.56682
-5.56653
-5.56625
-5.56628
-5.56599
-5.56603
-5.56574
-5.56545
-5.56549
-5.56585
-5.56653
-5.56689
-5.56822
-5.56922
-5.57023
-5.56961
-5.57062
-5.57
-5.57004
-5.57007
-5.57043
-5.57046
-5.57017
-5.5702
-5.57056
-5.57027
-5.56998
-5.57066
-5.5707
-5.57041
-5.57077
-5.57081
-5.57053
-5.57057
-5.57094
-5.57066
-5.57168
-5.57302
-5.57307
-5.57247
-5.57188
-5.57161
-5.57167
-5.57173
-5.57211
-5.5725
-5.5716
-5.57166
-5.57173
-5.57212
-5.57284
-5.57292
-5.57234
-5.57372
-5.57477
-5.57485
-5.57427
-5.57532
-5.57475
-5.57451
-5.57491
-5.57499
-5.57506
-5.57514
-5.57456
-5.57464
-5.57406
-5.57349
-5.57323
-5.5733
-5.57336
-5.57375
-5.57348
-5.57354
-5.57359
-5.573
-5.57337
-5.57277
-5.57281
-5.57317
-5.57289
-5.57227
-5.57328
-5.57395
-5.57333
-5.57335
-5.57337
-5.57371
-5.57372
-5.57308
-5.57212
-5.57212
-5.57213
-5.57212
-5.57212
-5.57179
-5.57178
-5.57209
-5.57175
-5.57206
-5.57204
-5.57234
-5.57296
-5.57261
-5.57291
-5.57191
-5.57188
-5.57249
-5.57214
-5.5721
-5.57239
-5.5717
-5.57134
-5.57162
-5.57125
-5.57153
-5.57181
-5.57177
-5.57172
-5.572
-5.57195
-5.5719
-5.57218
-5.5718
-5.57143
-5.57138
-5.57133
-5.57128
-5.57091
-5.57022
-5.57049
-5.57077
-5.57137
-5.571
-5.57063
-5.57026
-5.57022
-5.57017
-5.57046
-5.57042
-5.5707
-5.57131
-5.57096
-5.5706
-5.57024
-5.57021
-5.57018
-5.5708
-5.57078
-5.57075
-5.57106
-5.57104
-5.5707
-5.57068
-5.57067
-5.57033
-5.57065
-5.57064
-5.57063
-5.57063
-5.5703
-5.56998
-5.56998
-5.56966
-5.56902
-5.56903
-5.56904
-5.56906
-5.56907
-5.56941
-5.56943
-5.56977
-5.56979
-5.56981
-5.57016
-5.57019
-5.57022
-5.57025
-5.57028
-5.57031
-5.57035
-5.57006
-5.56977
-5.57013
-5.56985
-5.56988
-5.56928
-5.56932
-5.57001
-5.5707
-5.5714
-5.57144
-5.57052
-5.56992
-5.56997
-5.56937
-5.56942
-5.56914
-5.56887
-5.56828
-5.56865
-5.56903
-5.56908
-5.56913
-5.56918
-5.56956
-5.56896
-5.56902
-5.56875
-5.5688
-5.56885
-5.56923
-5.56928
-5.56933
-5.5697
-5.56943
-5.5698
-5.57017
-5.57022
-5.57027
-5.57064
-5.57198
-5.57235
-5.5724
-5.57276
-5.57313
-5.57317
-5.57256
-5.57325
-5.57329
-5.573
-5.57401
-5.57339
-5.57342
-5.57345
-5.57316
-5.57351
-5.57418
-5.57453
-5.57358
-5.57393
-5.5746
-5.57559
-5.57625
-5.57562
-5.57661
-5.5763
-5.57598
-5.57534
-5.576
-5.57568
-5.57569
-5.57569
-5.57602
-5.5757
-5.57473
-5.57602
-5.57569
-5.57601
-5.57633
-5.57632
-5.57664
-5.57631
-5.57597
-5.57564
-5.57562
-5.57561
-5.57592
-5.5759
-5.57621
-5.57619
-5.57618
-5.57551
-5.57581
-5.57579
-5.5761
-5.5764
-5.57605
-5.57635
-5.57697
-5.57663
-5.57725
-5.57722
-5.5772
-5.57652
-5.57617
-5.57614
-5.57676
-5.57738
-5.57703
-5.57667
-5.57632
-5.57628
-5.5769
-5.57718
-5.57747
-5.57744
-5.57708
-5.57639
-5.57668
-5.57697
-5.57855
-5.57916
-5.57815
-5.57682
-5.57678
-5.57641
-5.57669
-5.57535
-5.57596
-5.57559
-5.57586
-5.57582
-5.57609
-5.5767
-5.5773
-5.5766
-5.5772
-5.57715
-5.57645
-5.57737
-5.57764
-5.57694
-5.57688
-5.57683
-5.57677
-5.57704
-5.57699
-5.57693
-5.57623
-5.57617
-5.57612
-5.57606
-5.576
-5.57627
-5.57621
-5.57615
-5.57642
-5.57668
-5.57695
-5.57656
-5.57618
-5.57548
-5.57509
-5.57471
-5.5753
-5.57589
-5.57616
-5.57642
-5.57637
-5.57599
-5.57561
-5.57523
-5.57485
-5.57383
-5.5741
-5.57372
-5.57464
-5.57524
-5.57551
-5.57481
-5.57476
-5.57439
-5.57532
-5.57494
-5.57457
-5.57453
-5.57448
-5.57476
-5.57472
-5.57467
-5.57398
-5.57362
-5.57358
-5.57386
-5.57382
-5.57411
-5.57537
-5.57533
-5.57594
-5.57591
-5.57587
-5.57552
-5.57484
-5.57481
-5.57445
-5.57442
-5.57407
-5.57436
-5.57336
-5.57334
-5.57267
-5.57232
-5.57294
-5.57292
-5.5729
-5.57288
-5.57254
-5.5735
-5.57316
-5.57347
-5.57314
-5.57281
-5.57313
-5.5728
-5.57215
-5.5728
-5.5728
-5.57183
-5.57183
-5.57119
-5.57055
-5.57056
-5.57058
-5.57091
-5.56996
-5.56998
-5.57
-5.56938
-5.56973
-5.56912
-5.5685
-5.56886
-5.56858
-5.56894
-5.56963
-5.57
-5.5694
-5.56945
-5.56983
-5.56988
-5.56962
-5.56968
-5.57006
-5.57013
-5.56987
-5.56994
-5.57034
-5.56911
-5.56887
-5.56862
-5.56967
-5.56943
-5.56984
-5.56992
-5.57001
-5.57009
-5.57018
-5.57059
-5.57068
-5.57045
-5.57118
-5.57127
-5.57039
-5.57081
-5.5709
-5.57098
-5.57075
-5.57019
-5.57028
-5.57036
-5.5711
-5.57085
-5.57191
-5.57231
-5.57239
-5.57246
-5.57253
-5.5726
-5.57234
-5.57273
-5.57247
-5.57252
-5.5729
-5.57295
-5.57332
-5.57305
-5.57309
-5.57215
-5.57218
-5.57189
-5.57126
-5.57193
-5.57195
-5.57099
-5.57197
-5.57295
-5.57327
-5.57327
-5.57358
-5.57325
-5.57323
-5.57321
-5.57319
-5.57284
-5.57282
-5.57343
-5.5734
-5.57336
-5.57267
-5.57327
-5.57323
-5.57285
-5.57313
-5.57308
-5.57302
-5.57361
-5.57356
-5.57382
-5.57376
-5.5737
-5.57364
-5.57358
-5.57417
-5.57411
-5.57405
-5.57399
-5.5736
-5.57452
-5.57446
-5.57473
-5.57467
-5.57526
-5.57488
-5.57451
-5.57413
-5.57376
-5.57339
-5.57334
-5.5733
-5.57293
-5.5729
-5.57286
-5.5725
-5.57247
-5.57244
-5.57371
-5.57402
-5.57464
-5.57527
-5.57494
-5.57525
-5.57589
-5.57653
-5.5762
-5.5762
-5.57652
-5.57653
-5.57686
-5.57654
-5.57591
-5.5769
-5.57691
-5.57693
-5.57695
-5.57601
-5.57603
-5.57638
-5.57641
-5.57644
-5.57615
-5.57618
-5.57719
-5.57755
-5.57758
-5.5773
-5.57766
-5.57705
-5.57773
-5.57712
-5.57684
-5.57687
-5.57756
-5.57759
-5.5773
-5.57831
-5.57802
-5.57838
-5.57841
-5.57779
-5.57782
-5.57687
-5.5769
-5.5766
-5.57694
-5.57696
-5.57698
-5.57667
-5.57635
-5.57701
-5.57735
-5.57735
-5.57735
-5.57703
-5.57736
-5.57735
-5.57702
-5.57799
-5.57798
-5.57765
-5.57796
-5.57795
-5.57793
-5.57791
-5.57789
-5.57755
-5.57785
-5.57783
-5.57813
-5.5781
-5.57808
-5.57805
-5.5777
-5.57799
-5.57797
-5.57794
-5.57791
-5.57788
-5.57753
-5.57717
-5.57747
-5.57744
-5.57741
-5.57739
-5.57704
-5.57734
-5.57699
-5.57729
-5.57695
-5.57596
-5.57594
-5.57625
-5.57624
-5.57622
-5.57556
-5.57556
-5.57587
-5.57619
-5.57652
-5.57619
-5.57587
-5.57588
-5.57621
-5.57654
-5.57655
-5.57656
-5.57593
-5.5753
-5.57468
-5.57405
-5.57472
-5.57508
-5.57446
-5.57449
-5.57419
-5.57455
-5.57458
-5.57429
-5.57433
-5.57469
-5.57473
-5.57444
-5.57513
-5.57484
-5.57488
-5.57524
-5.57561
-5.57468
-5.57504
-5.5754
-5.57511
-5.57514
-5.57582
-5.57617
-5.57587
-5.57558
-5.57592
-5.57692
-5.57661
-5.5763
-5.57599
-5.57536
-5.57537
-5.57537
-5.57505
-5.5757
-5.57538
-5.57602
-5.57666
-5.57633
-5.57567
-5.57565
-5.57563
-5.57496
-5.57494
-5.57524
-5.57521
-5.57519
-5.57515
-5.5748
-5.57444
-5.57473
-5.57469
-5.57465
-5.57461
-5.5749
-5.57486
-5.57514
-5.57477
-5.57473
-5.57436
-5.57432
-5.57427
-5.57455
-5.57386
-5.57447
-5.57442
-5.57438
-5.57434
-5.57397
-5.57328
-5.57357
-5.5732
-5.57284
-5.57281
-5.57244
-5.57241
-5.5727
-5.57299
-5.57329
-5.57326
-5.57323
-5.57256
