8.97823
8.97222
8.9657
8.9587
8.95334
8.94611
8.94057
8.93673
8.93179
8.92648
8.92222
8.91834
8.91414
8.90963
8.90767
8.90614
8.90437
8.90306
8.90365
8.90191
8.9021
8.90282
8.90477
8.90727
8.90963
8.91184
8.91463
8.9194
8.92405
8.92858
8.93368
8.94007
8.94633
8.95458
8.96268
8.97135
8.98056
8.98959
8.99984
9.01128
9.0232
9.03415
9.04622
9.05797
9.07078
9.0825
9.0952
9.10814
9.12269
9.1381
9.15149
9.16564
9.18051
9.19674
9.21146
9.22602
9.23896
9.25165
9.2633
9.27671
9.28828
9.29866
9.30993
9.32063
9.33281
9.3408
9.34949
9.35672
9.36458
9.37091
9.37499
9.37818
9.38119
9.3847
9.38729
9.38894
9.38894
9.38801
9.38544
9.38123
9.37682
9.37292
9.36743
9.36039
9.35392
9.34595
9.33722
9.32634
9.31407
9.30184
9.28972
9.27843
9.26451
9.25223
9.23952
9.22854
9.21441
9.20139
9.18673
9.17258
9.15827
9.14526
9.13007
9.11415
9.09896
9.08383
9.06879
9.05318
9.03845
9.02532
9.01171
8.99695
8.98318
8.96972
8.9566
8.94453
8.92929
8.91868
8.90777
8.89657
8.88367
8.87334
8.86418
8.85548
8.84726
8.83811
8.82944
8.82268
8.81643
8.80926
8.80331
8.79788
8.79225
8.78785
8.78256
8.7792
8.77636
8.77475
8.77083
8.76955
8.76878
8.76994
8.77018
8.76952
8.77077
8.7725
8.77401
8.77812
8.78057
8.78206
8.78753
8.79202
8.79693
8.80084
8.80726
8.81194
8.81911
8.82593
8.83309
8.83986
8.84906
8.85713
8.86759
8.87689
8.8843
8.89123
8.90048
8.90992
8.92025
8.93073
8.94135
8.95068
8.96084
8.97039
8.98144
8.99257
9.00518
9.01642
9.02701
9.03623
9.04688
9.05685
9.06825
9.07825
9.08967
9.09968
9.1104
9.11971
9.13183
9.14254
9.15254
9.16324
9.17463
9.18602
9.19741
9.20809
9.22018
9.23087
9.24157
9.25157
9.26441
9.27443
9.28589
9.29596
9.30747
9.3176
9.32916
9.34006
9.3517
9.36409
9.37369
9.38616
9.39655
9.40841
9.41889
9.43013
9.44141
9.45204
9.46341
9.47341
9.48557
9.49706
9.50859
9.52086
9.53175
9.54336
9.55428
9.56593
9.57758
9.59065
9.60302
9.61395
9.62699
9.63859
9.65086
9.6638
9.67526
9.68738
9.70012
9.71347
9.72462
9.73566
9.7473
9.7581
9.76876
9.78068
9.79173
9.8019
9.81189
9.82308
9.83405
9.84409
9.85319
9.86061
9.86917
9.87744
9.88541
9.89237
9.89899
9.90667
9.914
9.91954
9.92611
9.93016
9.93379
9.93912
9.9447
9.94772
9.95168
9.95445
9.95603
9.95781
9.96049
9.96194
9.96144
9.96041
9.95882
9.95668
9.95538
9.9521
9.94825
9.94524
9.94023
9.93534
9.93058
9.92453
9.9172
9.9107
9.90292
9.89459
9.88569
9.87625
9.86697
9.85717
9.84685
9.83533
9.82331
9.81011
9.79646
9.78308
9.76857
9.75296
9.73978
9.72413
9.70885
9.69396
9.67877
9.66262
9.64692
9.63029
9.61489
9.59789
9.58005
9.56208
9.54331
9.52658
9.50981
9.4916
9.47411
9.45735
9.43922
9.42188
9.40534
9.38892
9.37194
9.3544
9.33846
9.32271
9.30648
9.29119
9.27404
9.25785
9.24266
9.22636
9.21248
9.19752
9.1836
9.17074
9.15752
9.14537
9.13218
9.11938
9.10766
9.09493
9.08471
9.07348
9.06195
9.05153
9.04151
9.03261
9.02341
9.01533
9.00623
8.99824
8.99136
8.98559
8.97951
8.97241
8.9671
8.96219
8.95694
8.95348
8.95039
8.94695
8.94316
8.94044
8.93735
8.93601
8.93218
8.9315
8.92902
8.92826
8.92853
8.92839
8.92925
8.9297
8.93185
8.93217
8.93275
8.93431
8.93614
8.93752
8.93633
8.93892
8.94175
8.94552
8.94882
8.95165
8.954
8.95798
8.96218
8.96659
8.97121
8.97604
8.97964
8.98344
8.99026
8.99655
9.00161
9.00825
9.01436
9.02133
9.02845
9.03432
9.04034
9.0472
9.05419
9.06272
9.06855
9.07519
9.08265
9.0895
9.09715
9.10559
9.11482
9.12341
9.13065
9.13794
9.14599
9.15478
9.1629
9.17174
9.17919
9.18665
9.19621
9.20365
9.21248
9.22198
9.23146
9.24088
9.24956
9.25746
9.26601
9.27448
9.28216
9.29046
9.29796
9.30606
9.31263
9.31697
9.32329
9.33088
9.33763
9.34494
9.35067
9.35624
9.36234
9.36827
9.37402
9.37958
9.38424
9.3894
9.39506
9.40051
9.40504
9.41004
9.41341
9.41866
9.42226
9.42491
9.42732
9.43018
9.4328
9.43515
9.43584
9.43768
9.43996
9.44268
9.44372
9.44521
9.44572
9.44455
9.44312
9.44283
9.44157
9.43935
9.43757
9.43765
9.43677
9.43423
9.43355
9.43192
9.42934
9.42653
9.42489
9.42161
9.4174
9.41369
9.40905
9.40492
9.40201
9.39748
9.39348
9.38859
9.38211
9.37758
9.37219
9.36452
9.35812
9.35229
9.34633
9.33953
9.33262
9.32772
9.31989
9.31337
9.30747
9.30079
9.29333
9.28581
9.27965
9.27273
9.26649
9.26092
9.2518
9.2462
9.23989
9.23217
9.22376
9.2168
9.20916
9.20299
9.19546
9.19154
9.18698
9.18039
9.17391
9.16684
9.15989
9.15379
9.14783
9.14134
9.13572
9.13099
9.12505
9.12002
9.11873
9.11414
9.10909
9.10498
9.10184
9.09967
9.09778
9.09546
9.09344
9.09171
9.08888
9.08637
9.08417
9.083
9.08217
9.08238
9.08152
9.08242
9.08295
9.08171
9.08294
9.08381
9.08433
9.08731
9.08993
9.09501
9.09972
9.10266
9.10664
9.11236
9.11559
9.12266
9.12793
9.1328
9.13869
9.14698
9.15345
9.16091
9.16723
9.17453
9.18278
9.19199
9.19932
9.20759
9.21749
9.22549
9.23439
9.24419
9.25418
9.26433
9.27466
9.28584
9.29504
9.30438
9.31524
9.32552
9.3359
9.34707
9.35622
9.36755
9.37896
9.39112
9.40051
9.41136
9.42154
9.43174
9.44197
9.45363
9.46388
9.47484
9.48508
9.49602
9.50695
9.51856
9.52874
9.53959
9.5497
9.56189
9.57335
9.58264
9.59399
9.6039
9.61376
9.62427
9.63403
9.64586
9.65693
9.66724
9.67679
9.6877
9.69643
9.70652
9.71372
9.72368
9.73359
9.74273
9.7518
9.76221
9.77256
9.78354
9.79232
9.80031
9.80964
9.81958
9.82803
9.83851
9.84678
9.85565
9.86513
9.87308
9.88304
9.89076
9.89906
9.90793
9.91666
9.92383
9.93227
9.94054
9.94793
9.95726
9.965
9.97325
9.97919
9.98632
9.99253
9.99852
10.005
10.0098
10.0144
10.0201
10.0248
10.0279
10.0314
10.0346
10.0382
10.0415
10.0431
10.0458
10.0482
10.0509
10.0519
10.0526
10.0537
10.0544
10.0547
10.054
10.0544
10.0544
10.0526
10.0512
10.0494
10.0473
10.0455
10.0433
10.0394
10.0358
10.0319
10.0268
10.0222
10.0179
10.0139
10.0074
10.0013
9.99489
9.98738
9.97882
9.97062
9.96277
9.95459
9.94535
9.93719
9.92869
9.91773
9.90784
9.89904
9.88849
9.8769
9.86427
9.85274
9.84158
9.8301
9.81759
9.80194
9.78879
9.77532
9.76012
9.74531
9.73232
9.71831
9.70399
9.68867
9.67446
9.65784
9.64093
9.62303
9.60625
9.58849
9.56904
9.55074
9.53358
9.51406
9.4957
9.47639
9.45827
9.43781
9.41855
9.3998
9.37945
9.35892
9.33963
9.31878
9.29779
9.27808
9.25755
9.23481
9.2141
9.19261
9.17107
9.15091
9.13002
9.11124
9.09178
9.07023
9.05085
9.02872
9.0088
8.98898
8.96859
8.94694
8.92615
8.90767
8.88727
8.86709
8.84716
8.8289
8.81092
8.79253
8.77164
8.75672
8.74145
8.72301
8.70495
8.68941
8.67217
8.65607
8.64112
8.62734
8.61192
8.59839
8.58608
8.57428
8.563
8.55156
8.54066
8.52961
8.51984
8.51063
8.50201
8.4961
8.48937
8.48325
8.47633
8.47073
8.46575
8.46139
8.45767
8.45458
8.45424
8.45242
8.45336
8.45352
8.4515
8.45153
8.45219
8.45631
8.45965
8.4622
8.46609
8.4706
8.47572
8.48216
8.4885
8.49614
8.50366
8.51178
8.52118
8.53116
8.54028
8.55137
8.56158
8.57303
8.585
8.59818
8.61185
8.62531
8.63923
8.65432
8.66914
8.6851
8.70147
8.71401
8.73045
8.74726
8.76301
8.78191
8.80042
8.81711
8.8362
8.85484
8.87373
8.89354
8.91074
8.93095
8.9499
8.96971
8.98822
9.00825
9.02977
9.04993
9.07013
9.09104
9.11195
9.13283
9.15366
9.173
9.19365
9.21349
9.23318
9.25341
9.27346
9.29117
9.30866
9.32731
9.34568
9.36518
9.38295
9.40039
9.41606
9.43419
9.45193
9.46715
9.48337
9.49774
9.51307
9.52653
9.54023
9.55274
9.56546
9.57979
9.5929
9.60479
9.61545
9.62346
9.63164
9.6407
9.64993
9.65721
9.66538
9.67372
9.67941
9.68458
9.68993
9.69478
9.69842
9.70298
9.70706
9.70996
9.71241
9.71441
9.71598
9.71713
9.71788
9.71895
9.71894
9.71717
9.71648
9.71476
9.71133
9.70974
9.70859
9.7065
9.7042
9.70169
9.69831
9.69547
9.69179
9.6887
9.68622
9.68224
9.67821
9.67485
9.67147
9.66951
9.66685
9.66283
9.65885
9.65637
9.65326
9.65026
9.64667
9.64392
9.64132
9.63959
9.63803
9.63666
9.63477
9.63169
9.63093
9.6311
9.6308
9.63003
9.6295
9.62851
9.62919
9.63224
9.63272
9.63276
9.63375
9.63431
9.63582
9.63758
9.63889
9.64045
9.64295
9.6457
9.64867
9.64976
9.65318
9.65751
9.66063
9.66536
9.67027
9.67394
9.67918
9.68386
9.68868
9.69291
9.69796
9.70381
9.70905
9.71436
9.72043
9.72655
9.73128
9.73674
9.74361
9.74975
9.75517
9.76055
9.76586
9.76969
9.77555
9.7799
9.78555
9.78894
9.79291
9.79601
9.80036
9.80312
9.80569
9.80947
9.81233
9.81568
9.8188
9.82168
9.82432
9.82671
9.82672
9.82999
9.83087
9.83289
9.83463
9.83537
9.83725
9.83671
9.8366
9.83761
9.83691
9.83522
9.83465
9.83239
9.83054
9.82983
9.8246
9.82192
9.81967
9.81645
9.81438
9.81064
9.80665
9.80241
9.79652
9.79252
9.78899
9.78312
9.77986
9.77498
9.76848
9.7632
9.75773
9.74924
9.74129
9.73457
9.72627
9.71781
9.7106
9.70253
9.69361
9.68737
9.68029
9.67237
9.66432
9.65686
9.64856
9.64156
9.63233
9.62369
9.61283
9.60398
9.59573
9.58598
9.57683
9.5683
9.55968
9.55026
9.54004
9.52834
9.51866
9.50821
9.49767
9.48777
9.4778
9.46847
9.45908
9.45033
9.44083
9.43056
9.41955
9.40991
9.39952
9.38981
9.37938
9.36893
9.35705
9.34518
9.33472
9.32427
9.31456
9.30558
9.29523
9.28563
9.2754
9.26453
9.25445
9.24587
9.23741
9.22693
9.21659
9.20709
9.19845
9.19069
9.18027
9.17075
9.16284
9.15373
9.14343
9.13618
9.12848
9.12103
9.11385
9.10694
9.10032
9.09399
9.08796
9.08294
9.07824
9.07245
9.06768
9.06112
9.05772
9.05395
9.04981
9.04671
9.04395
9.04082
9.03802
9.03484
9.0334
9.03086
9.02863
9.02882
9.0293
9.02937
9.03253
9.03313
9.03398
9.03579
9.0364
9.03723
9.03897
9.0416
9.0437
9.04736
9.04976
9.05157
9.0542
9.05903
9.05971
9.06257
9.06618
9.06771
9.06855
9.0701
9.07376
9.0767
9.08031
9.08318
9.0867
9.08947
9.09216
9.09408
9.09521
9.09766
9.10002
9.10159
9.10376
9.10513
9.10498
9.10685
9.10932
9.10958
9.11257
9.11406
9.11545
9.11677
9.11871
9.122
9.12381
9.12485
9.12654
9.12678
9.12699
9.12787
9.12872
9.12956
9.1311
9.13265
9.1342
9.13507
9.13667
9.13689
9.13786
9.13958
9.14207
9.14391
9.14441
9.14568
9.14916
9.14989
9.15142
9.15234
9.15335
9.15587
9.1599
9.16122
9.16335
9.16559
9.16794
9.17039
9.17437
9.17775
9.18053
9.18342
9.18643
9.19094
9.19415
9.19816
9.20086
9.20365
9.20581
9.20947
9.21321
9.21632
9.22091
9.22415
9.22815
9.2315
9.2356
9.23973
9.24319
9.24809
9.253
9.25721
9.26283
9.26774
9.27263
9.27679
9.28021
9.28429
9.28903
9.2937
9.2983
9.30352
9.30795
9.31157
9.31368
9.31778
9.32105
9.32418
9.32858
9.33212
9.33408
9.33588
9.33822
9.34037
9.34233
9.34409
9.34424
9.34629
9.34813
9.35045
9.35043
9.35089
9.35112
9.3504
9.35156
9.35178
9.35104
9.34864
9.34812
9.34593
9.34421
9.34225
9.33934
9.33548
9.33281
9.33061
9.32748
9.32272
9.31987
9.31751
9.31283
9.30938
9.30503
9.29981
9.29441
9.29027
9.2874
9.28156
9.2756
9.26882
9.26124
9.25638
9.25145
9.24646
9.24071
9.23563
9.23053
9.22331
9.2168
9.21102
9.20528
9.20029
9.19536
9.19053
9.18437
9.18116
9.17524
9.17016
9.16453
9.16259
9.15871
9.15432
9.15154
9.14827
9.14311
9.14172
9.13916
9.13474
9.1327
9.13024
9.12947
9.12616
9.12456
9.12255
9.12156
9.12088
9.12121
9.12115
9.12212
9.12269
9.12428
9.12548
9.12629
9.12952
9.13093
9.13335
9.13606
9.13977
9.14164
9.1445
9.14761
9.15098
9.1546
9.15917
9.16396
9.16898
9.17561
9.18102
9.18733
9.1938
9.19903
9.2044
9.20991
9.21555
9.22059
9.22714
9.23449
9.23979
9.24587
9.2527
9.25958
9.26649
9.27271
9.28036
9.288
9.29352
9.30042
9.30659
9.31273
9.32023
9.32627
9.33366
9.34099
9.34684
9.35472
9.36251
9.36881
9.3743
9.38041
9.38782
9.39302
9.39952
9.4031
9.40939
9.41486
9.42022
9.42548
9.43061
9.43775
9.44266
9.44674
9.45213
9.4574
9.46045
9.46337
9.4676
9.47172
9.47714
9.48032
9.48481
9.48989
9.49556
9.49972
9.50306
9.50629
9.51013
9.51386
9.51538
9.51819
9.5202
9.52069
9.5232
9.5249
9.52579
9.52869
9.53007
9.53206
9.53253
9.53431
9.53668
9.53894
9.53969
9.54174
9.54298
9.54269
9.54301
9.5425
9.5433
9.54116
9.54173
9.54148
9.54182
9.54274
9.54425
9.54493
9.54408
9.54311
9.54271
9.5429
9.54155
9.54149
9.54059
9.53956
9.5384
9.5364
9.53568
9.53411
9.53171
9.53129
9.52931
9.52579
9.52424
9.52183
9.51858
9.51588
9.51304
9.51004
9.50476
9.50074
9.49796
9.49431
9.4905
9.48721
9.48234
9.4787
9.47276
9.46734
9.46243
9.45592
9.44922
9.44301
9.43731
9.4314
9.42599
9.41966
9.41453
9.40636
9.39939
9.39221
9.3841
9.3779
9.37007
9.36132
9.35236
9.3439
9.33453
9.32566
9.3166
9.30804
9.29931
9.29039
9.28059
9.27062
9.2612
9.25164
9.23981
9.22785
9.21789
9.20782
9.19696
9.18601
9.17499
9.16461
9.15348
9.14373
9.13114
9.11924
9.10876
9.09689
9.08505
9.07395
9.06362
9.05125
9.03967
9.0303
9.02034
9.01049
8.99867
8.98841
8.97619
8.96555
8.95651
8.94625
8.9369
8.92777
8.92099
8.91161
8.9032
8.89504
8.88787
8.88027
8.87296
8.86524
8.85925
8.85287
8.84682
8.84112
8.83648
8.83219
8.82898
8.82474
8.82089
8.81814
8.81368
8.81245
8.81023
8.80844
8.80708
8.80688
8.80712
8.80782
8.80899
8.81062
8.81272
8.81389
8.81624
8.82049
8.82451
8.82902
8.83261
8.83667
8.84193
8.84625
8.85317
8.85986
8.86774
8.87537
8.88418
8.89204
8.90176
8.91123
8.92043
8.92935
8.94011
8.95128
8.96285
8.97551
8.98573
8.99914
9.01149
9.0263
9.03931
9.05123
9.06486
9.07806
9.09224
9.10879
9.12417
9.13976
9.15769
9.17368
9.18984
9.20616
9.22262
9.23921
9.25659
9.27336
9.28807
9.30566
9.32327
9.33949
9.35641
9.37331
9.39016
9.40553
9.42224
9.43744
9.45393
9.46959
9.4858
9.50256
9.51983
9.53549
9.55094
9.56544
9.58039
9.59578
9.6116
9.6264
9.64089
9.65434
9.66673
9.67876
9.69111
9.70308
9.71394
9.72579
9.73793
9.75032
9.76085
9.76951
9.77699
9.78539
9.7933
9.7993
9.8062
9.81258
9.81914
9.82376
9.82784
9.83208
9.8372
9.84035
9.84296
9.84783
9.85145
9.85239
9.85279
9.85194
9.85195
9.85001
9.84754
9.84736
9.84454
9.84051
9.83738
9.83164
9.82895
9.82366
9.81793
9.81245
9.80585
9.79884
9.79144
9.78296
9.77272
9.76426
9.75479
9.74573
9.73499
9.72613
9.71564
9.70636
9.69692
9.68663
9.67551
9.6636
9.65304
9.64174
9.63042
9.61982
9.61068
9.59948
9.58978
9.57879
9.56934
9.55865
9.54884
9.53853
9.52987
9.51932
9.51116
9.50258
9.49571
9.48703
9.47938
9.47278
9.46512
9.45924
9.45373
9.44649
9.44105
9.43529
9.43064
9.42568
9.42184
9.4177
9.41467
9.41135
9.40984
9.40874
9.40733
9.40561
9.40498
9.40403
9.40345
9.40606
9.40691
9.40953
9.41036
9.41293
9.41512
9.41831
9.42039
9.42275
9.42537
9.42754
9.43135
9.43397
9.43962
9.44263
9.44863
9.45338
9.45826
9.46255
9.46764
9.47282
9.47876
9.48475
9.49076
9.49608
9.50138
9.50735
9.51186
9.517
9.52135
9.52629
9.53041
9.53579
9.53959
9.54393
9.54807
9.5513
9.55429
9.55776
9.56168
9.56392
9.56588
9.56897
9.57034
9.5714
9.57214
9.57398
9.57407
9.57524
9.57466
9.57445
9.57389
9.57228
9.57032
9.56873
9.56538
9.56309
9.56328
9.5596
9.5563
9.55336
9.55222
9.54722
9.54403
9.53982
9.53601
9.5305
9.52471
9.51934
9.51301
9.5064
9.49884
9.49245
9.48511
9.47685
9.46978
9.46038
9.45079
9.4417
9.43243
9.42299
9.41551
9.40646
9.39727
9.38794
9.37708
9.36821
9.35852
9.34733
9.33815
9.32748
9.31531
9.30519
9.29429
9.28403
9.27372
9.26266
9.25154
9.2411
9.23132
9.22151
9.21167
9.20111
9.19052
9.17992
9.16859
9.15866
9.14872
9.13736
9.1274
9.11602
9.10464
9.09467
9.08469
9.0733
9.0619
9.0505
9.03981
9.02769
9.01699
9.00771
8.99559
8.98701
8.9763
8.9649
8.95421
8.94423
8.93355
8.925
8.91575
8.9044
8.89376
8.88173
8.87113
8.86127
8.85002
8.84092
8.83045
8.8179
8.8068
8.79646
8.78547
8.77454
8.76226
8.75147
8.74147
8.73225
8.72172
8.71269
8.70235
8.69283
8.68271
8.67342
8.66355
8.65451
8.64419
8.63472
8.62751
8.61976
8.61145
8.60331
8.59676
8.58756
8.57784
8.57042
8.5632
8.55546
8.54864
8.54273
8.53984
8.53364
8.52837
8.5219
8.51495
8.50963
8.50525
8.49968
8.49505
8.49278
8.48721
8.48328
8.481
8.47684
8.47504
8.47136
8.46864
8.46616
8.46392
8.46193
8.45947
8.45585
8.45459
8.45428
8.45351
8.4537
8.45413
8.4548
8.45642
8.459
8.46111
8.46205
8.46394
8.46396
8.46422
8.46542
8.46757
8.46995
8.47258
8.47686
8.47855
8.4819
8.48477
8.48788
8.49264
8.49693
8.50286
8.50691
8.51118
8.51639
8.52394
8.5303
8.53477
8.54228
8.54861
8.55516
8.56193
8.56821
8.5754
8.58281
8.58972
8.59613
8.60344
8.61166
8.62077
8.62936
8.63743
8.6471
8.65694
8.66484
8.67361
8.68325
8.69305
8.703
8.7131
8.72122
8.7323
8.74422
8.75556
8.7656
8.77648
8.78746
8.79713
8.80761
8.8189
8.83028
8.84315
8.85611
8.86774
8.87944
8.89121
8.90305
8.91496
8.92693
8.93825
8.95034
8.96106
8.97396
8.98619
8.99848
9.01081
9.02248
9.03562
9.04809
9.06273
9.0753
9.08791
9.10057
9.11399
9.12605
9.13886
9.15172
9.16463
9.17548
9.1878
9.20087
9.21542
9.23004
9.24401
9.25805
9.27286
9.28562
9.29988
9.31491
9.32932
9.3438
9.35696
9.37091
9.38565
9.39906
9.41397
9.42755
9.44334
9.45709
9.47092
9.48625
9.49953
9.51572
9.53057
9.54619
9.56188
9.57621
9.59201
9.60715
9.62374
9.63895
9.65489
9.67013
9.68609
9.70204
9.71797
9.73105
9.74478
9.75988
9.77491
9.78985
9.8054
9.82013
9.83472
9.85058
9.86486
9.87967
9.89357
9.90795
9.92281
9.936
9.94821
9.96083
9.97173
9.9837
9.99392
10.0052
10.0146
10.0237
10.0345
10.0441
10.0554
10.0633
10.0708
10.0792
10.0857
10.0924
10.0985
10.1047
10.1112
10.1163
10.1201
10.1241
10.1268
10.1296
10.1317
10.1319
10.1322
10.1318
10.1316
10.1301
10.1279
10.1238
10.1205
10.1152
10.1107
10.1071
10.103
10.0954
10.0874
10.0803
10.0734
10.0646
10.0568
10.0485
10.0391
10.0286
10.0192
10.0094
9.99793
9.98684
9.97407
9.96246
9.95064
9.93862
9.92573
9.9134
9.90167
9.88915
9.87657
9.86326
9.85065
9.83736
9.82483
9.81238
9.80073
9.78852
9.77645
9.76456
9.75359
9.74213
9.73021
9.71928
9.70863
9.69618
9.68829
9.67934
9.67005
9.66114
9.65263
9.64383
9.63826
9.63102
9.62351
9.61716
9.61127
9.60586
9.60091
9.59645
9.59106
9.58756
9.58454
9.58272
9.58067
9.5784
9.57872
9.58093
9.58077
9.57966
9.58042
9.58232
9.58396
9.58743
9.5892
9.59279
9.59605
9.6004
9.60441
9.60875
9.61343
9.61773
9.62232
9.62789
9.63233
9.6363
9.64121
9.64845
9.65447
9.66208
9.67054
9.67773
9.68645
9.69456
9.70133
9.70817
9.71575
9.72405
9.73094
9.73782
9.74607
9.75355
9.76097
9.76758
9.77549
9.78257
9.78951
9.79629
9.80288
9.80928
9.81548
9.82074
9.82645
9.8312
9.83568
9.842
9.84731
9.8509
9.85417
9.85923
9.86253
9.86619
9.86878
9.8703
9.87285
9.87432
9.8761
9.87748
9.87706
9.87623
9.87571
9.87478
9.87273
9.87027
9.86881
9.86694
9.86394
9.86125
9.85814
9.85251
9.84718
9.84287
9.83816
9.83166
9.82477
9.8175
9.80987
9.80117
9.79352
9.78412
9.7765
9.76785
9.75746
9.74959
9.74002
9.73156
9.72283
9.71313
9.70177
9.69157
9.68185
9.6705
9.65964
9.64647
9.63383
9.62172
9.60945
9.59845
9.58732
9.57324
9.56189
9.54902
9.53607
9.52375
9.51068
9.49827
9.48653
9.47265
9.45947
9.44771
9.43456
9.42214
9.40904
9.396
9.38372
9.3708
9.35939
9.34665
9.33332
9.32151
9.30771
9.29546
9.28194
9.26998
9.25889
9.24727
9.23583
9.22528
9.21282
9.20196
9.19061
9.18088
9.17138
9.16352
9.15378
9.14499
9.13573
9.12602
9.11726
9.10946
9.0998
9.09182
9.08339
9.07663
9.06943
9.05967
9.0544
9.04726
9.0418
9.03659
9.03092
9.02549
9.02031
9.01537
9.00995
9.00546
9.00119
8.99784
8.99398
8.99102
8.98684
8.98354
8.98111
8.97885
8.97532
8.97051
8.96513
8.96199
8.95967
8.95745
8.9532
8.95186
8.9513
8.94939
8.94754
8.94645
8.94328
8.94226
8.93916
8.93748
8.93653
8.93347
8.93183
8.93019
8.92785
8.9262
8.92456
8.92361
8.92195
8.92028
8.91931
8.91834
8.91664
8.91495
8.91325
8.91225
8.91055
8.90886
8.90787
8.9062
8.90454
8.90078
8.89845
8.89686
8.8953
8.89235
8.89086
8.89082
8.88941
8.88735
8.88534
8.88409
8.88149
8.88037
8.87861
8.87692
8.87602
8.87449
8.87516
8.87449
8.87391
8.87342
8.8716
8.87129
8.86965
8.8695
8.86734
8.86808
8.86822
8.86986
8.87018
8.86988
8.87251
8.87381
8.8745
8.87669
8.87756
8.87782
8.87887
8.8786
8.87984
8.88117
8.87906
8.88057
8.88075
8.88244
8.88352
8.88751
8.8916
8.89366
8.89583
8.89809
8.90116
8.90362
8.9062
8.90747
8.91026
8.91317
8.9162
8.91934
8.92261
8.92529
8.92951
8.93457
8.93552
8.93803
8.94209
8.94771
8.95136
8.95374
8.95911
8.96464
8.97033
8.97618
8.98149
8.98627
8.99122
8.99705
9.00306
9.00854
9.0156
9.02215
9.02887
9.03577
9.04355
9.0515
9.06034
9.06793
9.07356
9.08077
9.08954
9.09706
9.10472
9.11324
9.12329
9.13206
9.14095
9.14996
9.15977
9.16968
9.17898
9.18764
9.19849
9.20798
9.21822
9.22637
9.23667
9.24697
9.25656
9.26543
9.27569
9.2845
9.29466
9.30689
9.31479
9.32403
9.33175
9.34006
9.35036
9.35912
9.36843
9.37618
9.38517
9.39256
9.40047
9.40676
9.41425
9.42152
9.42998
9.43749
9.44404
9.45035
9.4564
9.46289
9.46911
9.47505
9.48072
9.4847
9.4891
9.49463
9.49846
9.5013
9.50456
9.50682
9.51021
9.51261
9.51404
9.51589
9.51677
9.51739
9.51845
9.51925
9.51909
9.5194
9.51947
9.5186
9.51751
9.51832
9.5175
9.51649
9.51598
9.51528
9.5137
9.51264
9.51071
9.5086
9.50633
9.50462
9.50063
9.49861
9.49644
9.49484
9.49168
9.48839
9.48567
9.47999
9.4777
9.47387
9.46991
9.46581
9.46088
9.45722
9.45131
9.44597
9.44472
9.4398
9.43333
9.42884
9.42279
9.4173
9.41166
9.40588
9.40207
9.396
9.38977
9.38198
9.37546
9.36808
9.36197
9.35572
9.34722
9.33998
9.33192
9.32372
9.3154
9.30908
9.29983
9.29259
9.28243
9.27429
9.26607
9.25637
9.24873
9.24033
9.23261
9.22415
9.21709
9.20792
9.19946
9.19103
9.18194
9.1729
9.16533
9.15714
9.14975
9.14317
9.1353
9.12687
9.12
9.1133
9.10608
9.09976
9.09152
9.08421
9.07995
9.07312
9.06725
9.06236
9.05704
9.052
9.04727
9.04213
9.03803
9.03425
9.03009
9.02769
9.02422
9.01968
9.01691
9.01661
9.01385
9.01428
9.01365
9.0134
9.0128
9.01327
9.01551
9.01741
9.02107
9.02368
9.02522
9.0271
9.03002
9.03327
9.03895
9.04424
9.04772
9.05079
9.05555
9.05917
9.06376
9.0693
9.07579
9.08179
9.088
9.0937
9.09887
9.10703
9.11464
9.12238
9.13024
9.1389
9.14623
9.15433
9.16108
9.16856
9.17605
9.18495
9.19242
9.19916
9.20654
9.21173
9.21895
9.22607
9.23237
9.23993
9.24663
9.25034
9.25669
9.26355
9.26949
9.2745
9.27927
9.2845
9.29016
9.29484
9.29854
9.30265
9.30717
9.31067
9.31457
9.31673
9.31927
9.32148
9.32195
9.32421
9.32613
9.32559
9.32683
9.32704
9.3255
9.32576
9.32499
9.3232
9.32321
9.32222
9.32022
9.31794
9.3175
9.31468
9.31089
9.30756
9.30401
9.30023
9.29555
9.29138
9.28775
9.28394
9.27999
9.27591
9.27171
9.26671
9.26161
9.25716
9.25124
9.2467
9.24143
9.23545
9.2309
9.22496
9.21907
9.21394
9.2089
9.20536
9.19981
9.19438
9.19051
9.18608
9.18112
9.17775
9.17528
9.17302
9.16957
9.16564
9.16266
9.15994
9.15819
9.15531
9.15271
9.15111
9.14841
9.14743
9.14889
9.14785
9.14785
9.14818
9.14886
9.1513
9.15197
9.153
9.15439
9.15472
9.15824
9.16142
9.16637
9.16885
9.17452
9.17844
9.18273
9.18808
9.19379
9.20198
9.20769
9.21376
9.22087
9.22691
9.2347
9.24282
9.25126
9.26073
9.27051
9.28201
9.29169
9.30306
9.31331
9.32312
9.3346
9.34634
9.35904
9.36843
9.37805
9.39001
9.40006
9.41171
9.42567
9.43909
9.45267
9.4657
9.47888
9.49147
9.5063
9.52122
9.53482
9.5485
9.56154
9.57602
9.58772
9.60154
9.61464
9.63056
9.64502
9.65872
9.67023
9.68166
9.69509
9.70769
9.72086
9.73386
9.74596
9.75857
9.77024
9.78379
9.79494
9.80722
9.81849
9.82943
9.8386
9.84811
9.85864
9.86734
9.87631
9.88554
9.8943
9.90186
9.90821
9.91402
9.92071
9.92401
9.92886
9.93382
9.93678
9.93912
9.94155
9.94405
9.94521
9.94572
9.94629
9.9455
9.94406
9.94126
9.9371
9.93299
9.92895
9.92357
9.91897
9.91305
9.90652
9.89939
9.89169
9.88271
9.87319
9.86526
9.85611
9.84577
9.83567
9.82442
9.81347
9.80282
9.7904
9.77763
9.76457
9.75192
9.73762
9.7245
9.70977
9.69558
9.67984
9.66611
9.6523
9.63703
9.62315
9.60787
9.59332
9.57954
9.56515
9.55157
9.53883
9.52485
9.51175
9.49816
9.48621
9.47026
9.45741
9.44554
9.43327
9.42414
9.41251
9.40265
9.39173
9.3826
9.37314
9.36195
9.35257
9.34148
9.3315
9.32335
9.31703
9.30902
9.30213
9.29568
9.28965
9.28475
9.27957
9.27551
9.27046
9.26511
9.26229
9.26057
9.25783
9.25688
9.25772
9.2561
9.25342
9.25533
9.25475
9.25449
9.25526
9.2535
9.25485
9.25436
9.25484
9.25769
9.25937
9.26128
9.26341
9.26644
9.27038
9.27378
9.27594
9.28038
9.28353
9.28682
9.29023
9.29375
9.29808
9.30179
9.30487
9.31013
9.31404
9.3173
9.3206
9.32604
9.32937
9.33343
9.33819
9.34225
9.34418
9.34822
9.35293
9.3548
9.35734
9.36195
9.36582
9.36893
9.37269
9.37567
9.37859
9.38073
9.3835
9.38548
9.38948
9.39199
9.39511
9.39884
9.40247
9.40458
9.408
9.41061
9.41241
9.4148
9.41709
9.41856
9.42063
9.4233
9.42445
9.42691
9.42927
9.43154
9.43372
9.43369
9.43501
9.43696
9.43885
9.44139
9.44388
9.44421
9.44593
9.44763
9.44932
9.44819
9.44989
9.45091
9.45055
9.45164
9.45349
9.45469
9.45597
9.45732
9.45948
9.46173
9.46267
9.463
9.46557
9.46755
9.46895
9.47119
9.47355
9.47394
9.47658
9.47936
9.48228
9.48675
9.48924
9.49187
9.49533
9.49892
9.50193
9.50646
9.51181
9.51584
9.51997
9.52417
9.52845
9.53279
9.53858
9.543
9.54885
9.55189
9.55633
9.55934
9.56303
9.56667
9.57096
9.57587
9.57857
9.58258
9.58575
9.5895
9.59309
9.59652
9.59906
9.60281
9.60565
9.60826
9.61062
9.61274
9.61529
9.61615
9.616
9.61697
9.61902
9.61793
9.6179
9.61682
9.61821
9.6164
9.61493
9.61449
9.61154
9.6089
9.60516
9.60101
9.59503
9.59147
9.58679
9.58098
9.57546
9.56881
9.56316
9.55638
9.54917
9.54084
9.53351
9.52575
9.51687
9.50758
9.50001
9.4899
9.48011
9.46921
9.45793
9.44556
9.43352
9.42182
9.40906
9.39594
9.38106
9.36796
9.35453
9.34077
9.326
9.30953
9.29347
9.27572
9.26054
9.24369
9.22802
9.21
9.19319
9.17618
9.15899
9.14093
9.12555
9.10793
9.08948
9.07165
9.05304
9.03507
9.01707
8.99835
8.97962
8.96093
8.94369
8.92512
8.90663
8.88896
8.87072
8.85405
8.83686
8.81916
8.8038
8.78728
8.77103
8.75366
8.73871
8.72339
8.7077
8.69309
8.67816
8.66364
8.64884
8.6366
8.6241
8.61067
8.59842
8.58879
8.57756
8.56686
8.55669
8.54777
8.5394
8.5316
8.52366
8.51911
8.51373
8.50822
8.5033
8.49967
8.49592
8.49345
8.48804
8.48531
8.48528
8.48511
8.48551
8.48505
8.48655
8.48789
8.49187
8.49426
8.49716
8.50055
8.50443
8.50879
8.5143
8.52026
8.52595
8.53276
8.53997
8.54686
8.55411
8.56172
8.56967
8.57723
8.58579
8.59535
8.60446
8.61383
8.62273
8.63185
8.64117
8.65281
8.66249
8.67446
8.68586
8.69738
8.70832
8.71796
8.72909
8.74031
8.7523
8.76294
8.77362
8.78435
8.79581
8.8073
8.8181
8.82962
8.84114
8.85266
8.86348
8.87428
8.88648
8.89796
8.90944
8.92018
8.93444
8.94798
8.95938
8.97076
8.98213
8.99137
9.00271
9.01405
9.02539
9.03813
9.04805
9.0608
9.07145
9.08281
9.0949
9.1063
9.11703
9.12779
9.13787
9.15011
9.16098
9.1726
9.18427
9.1967
9.20847
9.22029
9.23218
9.24553
9.25824
9.2696
9.28243
9.29391
9.30545
9.31777
9.32944
9.34258
9.35508
9.36693
9.38236
9.39572
9.41054
9.4247
9.43749
9.45031
9.46245
9.4732
9.48539
9.49759
9.5105
9.5227
9.53701
9.5499
9.56276
9.57629
9.58766
9.59969
9.61025
9.62567
9.63819
9.64991
9.66365
9.67374
9.68441
9.69566
9.70605
9.7184
9.72918
9.74119
9.75231
9.76253
9.77395
9.78375
9.79402
9.80122
9.81101
9.82053
9.82979
9.83877
9.84606
9.85234
9.8569
9.86327
9.87002
9.87645
9.88396
9.89042
9.89583
9.90301
9.90842
9.91206
9.91746
9.92248
9.92714
9.93071
9.93391
9.93744
9.93988
9.94336
9.94504
9.94563
9.94726
9.94922
9.95008
9.94987
9.95069
9.94972
9.94839
9.94739
9.94673
9.94429
9.94149
9.93763
9.93483
9.93168
9.92748
9.92293
9.91804
9.91352
9.90868
9.9035
9.89589
9.88866
9.88182
9.87468
9.86795
9.86022
9.8529
9.846
9.83741
9.82926
9.82155
9.81216
9.80253
9.79265
9.78183
9.77149
9.7595
9.7473
9.73702
9.72583
9.71586
9.7043
9.69258
9.68069
9.66795
9.65578
9.64418
9.63176
9.61994
9.60731
9.5946
9.58182
9.56898
9.55539
9.54319
9.53098
9.51876
9.50655
9.49437
9.48223
9.46945
9.45885
9.44763
9.4344
9.42057
9.40829
9.39686
9.38629
9.37591
9.36218
9.35148
9.34101
9.33005
9.31935
9.3089
9.29802
9.28813
9.27995
9.27066
9.26029
9.25094
9.24335
9.2354
9.22711
9.22058
9.21302
9.20584
9.20116
9.19545
9.18944
9.18452
9.18071
9.17729
9.17287
9.16956
9.16736
9.16344
9.16133
9.15891
9.15547
9.15455
9.1533
9.15384
9.15475
9.15533
9.15697
9.15683
9.15775
9.1604
9.16268
9.16596
9.16885
9.17131
9.17476
9.17846
9.18312
9.18802
9.19244
9.19706
9.20188
9.20686
9.21131
9.21661
9.22203
9.22686
9.2346
9.2396
9.24606
9.25115
9.25627
9.26139
9.2672
9.27157
9.278
9.28437
9.28923
9.29398
9.29932
9.30523
9.31027
9.31513
9.31979
9.32354
9.32848
9.33317
9.33547
9.33821
9.34278
9.34492
9.34745
9.34965
9.35152
9.35303
9.35207
9.35214
9.35113
9.35185
9.35147
9.3514
9.35021
9.34861
9.34731
9.34418
9.34205
9.33739
9.33302
9.32824
9.32377
9.31748
9.3115
9.30443
9.30051
9.2941
9.28592
9.2795
9.27203
9.26212
9.25401
9.24489
9.23619
9.22722
9.21658
9.20711
9.19672
9.18541
9.17534
9.16509
9.15399
9.14346
9.13352
9.12349
9.11339
9.10253
9.09093
9.08143
9.07052
9.05892
9.04736
9.03727
9.02655
9.01592
9.0054
8.995
8.98404
8.97464
8.96472
8.95568
8.94684
8.93821
8.9284
8.92094
8.91161
8.90324
8.89514
8.88874
8.88191
8.87537
8.86914
8.86321
8.85759
8.85158
8.84589
8.84052
8.83689
8.83146
8.82707
8.82301
8.81928
8.81729
8.81491
8.81215
8.80971
8.80617
8.80366
8.80145
8.80238
8.80148
8.80018
8.80059
8.80128
8.80014
8.80068
8.80079
8.80187
8.80393
8.80553
8.80739
8.8095
8.81257
8.81587
8.81871
8.82107
8.82508
8.8286
8.83165
8.83421
8.8391
8.84493
8.84955
8.8558
8.86156
8.86683
8.8716
8.87588
8.88249
8.88932
8.89565
8.9022
8.90827
8.91525
8.92317
8.92989
8.93825
8.94683
8.95494
8.96327
8.97112
8.9806
8.99032
9.00026
9.00831
9.01801
9.02934
9.03949
9.05057
9.06117
9.07129
9.08233
9.09288
9.10505
9.11672
9.13071
9.14278
9.15574
9.16888
9.18219
9.19496
9.20647
9.21883
9.23414
9.24675
9.26088
9.27581
9.2894
9.30306
9.31678
9.33123
9.34359
9.35807
9.37112
9.38556
9.39712
9.41073
9.42356
9.43769
9.45028
9.46485
9.47784
9.49136
9.50327
9.51496
9.52782
9.53902
9.55065
9.56057
9.57089
9.58087
9.59192
9.6012
9.6115
9.62211
9.63019
9.63573
9.64436
9.65184
9.65815
9.664
9.66936
9.67494
9.67862
9.6832
9.68658
9.69086
9.69392
9.69717
9.69921
9.69933
9.69964
9.70157
9.70018
9.69971
9.69663
9.6945
9.69401
9.69237
9.69028
9.68777
9.68342
9.68009
9.67567
9.67087
9.66572
9.65952
9.65442
9.64971
9.64331
9.63522
9.62831
9.62186
9.6145
9.60835
9.59992
9.59133
9.58189
9.57304
9.56408
9.55646
9.54877
9.53961
9.53183
9.52404
9.51553
9.50915
9.50068
9.49225
9.48245
9.47484
9.46872
9.46127
9.45321
9.44455
9.43812
9.4304
9.4207
9.41325
9.40665
9.3995
9.39392
9.38638
9.379
9.37178
9.36544
9.35998
9.35328
9.34746
9.34181
9.33634
9.33174
9.3259
9.32094
9.31544
9.31223
9.30847
9.30347
9.30003
9.29675
9.29291
9.28852
9.28497
9.28086
9.27619
9.27306
9.26723
9.26294
9.25877
9.25614
9.25362
9.25051
9.24751
9.24674
9.24395
9.24268
9.2415
9.23619
9.23591
9.23361
9.23281
9.2314
9.23008
9.23025
9.22981
9.22875
9.22777
9.22619
9.22609
9.22609
9.22477
9.22495
9.22168
9.22133
9.22178
9.22232
9.22367
9.2237
9.22383
9.22547
9.2265
9.22622
9.22603
9.22736
9.22809
9.22822
9.22845
9.23019
9.23061
9.23184
9.23246
9.23319
9.23541
9.23562
9.23591
9.23771
9.23889
9.24157
9.24291
9.24291
9.2451
9.24807
9.24968
9.25206
9.25448
9.25625
9.25876
9.26131
9.2653
9.26791
9.27194
9.27458
9.27721
9.28056
9.28318
9.28509
9.28839
9.29236
9.29488
9.29737
9.29909
9.30288
9.30237
9.30531
9.30606
9.30743
9.31013
9.31274
9.31454
9.31623
9.31851
9.31997
9.32131
9.32112
9.32291
9.32316
9.32468
9.32606
9.32729
9.32978
9.33001
9.33078
9.3321
9.33256
9.33356
9.33299
9.33154
9.33134
9.33167
9.33112
9.33041
9.32881
9.32704
9.32439
9.32227
9.31925
9.31818
9.31481
9.31127
9.30826
9.30507
9.30241
9.29746
9.29376
9.28918
9.28443
9.28163
9.27938
9.27555
9.27157
9.26886
9.26389
9.25807
9.25354
9.24818
9.23917
9.23287
9.22577
9.21857
9.2134
9.20462
9.1986
9.19322
9.18709
9.17951
9.17259
9.16495
9.16013
9.15318
9.14624
9.14003
9.13174
9.12489
9.11951
9.1142
9.10826
9.1017
9.09665
9.09099
9.08615
9.08002
9.07473
9.07029
9.06599
9.06326
9.05929
9.05478
9.05046
9.04774
9.0438
9.04076
9.03652
9.0325
9.03011
9.02653
9.0239
9.02151
9.02008
9.01819
9.01514
9.01378
9.01199
9.01118
9.01067
9.01045
9.01054
9.01235
9.01308
9.01484
9.01695
9.01941
9.02082
9.02544
9.02762
9.03232
9.03742
9.04224
9.04749
9.05247
9.05862
9.06452
9.0702
9.07564
9.08369
9.09224
9.09987
9.10801
9.11596
9.12582
9.1355
9.14639
9.15709
9.16759
9.1807
9.19359
9.20627
9.21871
9.23373
9.24919
9.26367
9.27786
9.29386
9.31022
9.32765
9.34469
9.36202
9.38034
9.39961
9.41909
9.43734
9.45505
9.4736
9.49153
9.51165
9.53109
9.54983
9.56853
9.58646
9.60429
9.6227
9.63953
9.65759
9.67542
9.6923
9.71032
9.72874
9.74542
9.76174
9.7777
9.79396
9.80981
9.82523
9.83808
9.85116
9.86447
9.87659
9.88891
9.90142
9.91271
9.92348
9.93442
9.94412
9.9533
9.96053
9.96793
9.97552
9.98258
9.98982
9.99584
10.0007
10.0064
10.0109
10.0157
10.0186
10.0217
10.0244
10.0266
10.0292
10.0306
10.0309
10.0309
10.0319
10.0319
10.0308
10.0308
10.0284
10.0271
10.0263
10.0245
10.0231
10.0209
10.0191
10.0171
10.0149
10.0126
10.0094
10.0067
10.0039
10.0002
9.99718
9.99189
9.98791
9.98453
9.97966
9.97399
9.96965
9.96595
9.96148
9.95765
9.95306
9.9484
9.94369
9.94033
9.9341
9.93063
9.92569
9.9214
9.91493
9.90982
9.90464
9.89939
9.89619
9.8908
9.88674
9.88188
9.87765
9.87261
9.86677
9.86082
9.85476
9.84859
9.84089
9.83517
9.83074
9.82263
9.81508
9.80739
9.79955
9.79226
9.7841
9.77506
9.76727
9.7586
9.75046
9.74214
9.73294
9.72284
9.71326
9.70419
9.69352
9.68477
9.67723
9.66525
9.65378
9.64281
9.63375
9.62379
9.6115
9.59972
9.58772
9.57623
9.56242
9.54981
9.53771
9.5247
9.51078
9.49738
9.48589
9.47139
9.46093
9.44747
9.43382
9.42071
9.40743
9.39399
9.37968
9.36734
9.35274
9.33871
9.32456
9.30957
9.29378
9.27859
9.26472
9.24937
9.23394
9.21916
9.20292
9.18593
9.17032
9.15116
9.13692
9.12127
9.10564
9.09215
9.07657
9.06174
9.04625
9.03013
9.01478
8.99811
8.98293
8.96644
8.95146
8.93871
8.92395
8.91003
8.89623
8.88115
8.8669
8.85492
8.84025
8.82785
8.81347
8.79925
8.78517
8.77267
8.75891
8.7446
8.73045
8.71716
8.70474
8.69107
8.67968
8.66845
8.65809
8.64648
8.63645
8.62375
8.61192
8.60237
8.59158
8.58025
8.56979
8.55739
8.54587
8.53523
8.52548
8.51449
8.50511
8.49732
8.4876
8.47879
8.46947
8.45964
8.45144
8.44485
8.43707
8.43092
8.42287
8.41576
8.40889
8.40085
8.39517
8.38833
8.38317
8.37826
8.37222
8.36716
8.36097
8.35648
8.35158
8.34769
8.34339
8.34082
8.33716
8.33382
8.33223
8.33097
8.32935
8.32736
8.32714
8.32587
8.32707
8.32652
8.32705
8.32725
8.32712
8.32878
8.33083
8.33325
8.33536
8.33645
8.34075
8.34615
8.35053
8.35672
8.36261
8.36818
8.37486
8.38193
8.38869
8.39656
8.40269
8.41204
8.41966
8.42908
8.43746
8.44694
8.45678
8.467
8.47758
8.48853
8.49843
8.51009
8.52351
8.53587
8.54855
8.56157
8.57491
8.58928
8.60325
8.61752
8.63208
8.64692
8.66274
8.67742
8.69166
8.70684
8.72296
8.74002
8.75659
8.77336
8.79174
8.8096
8.82763
8.84583
8.86206
8.87913
8.89844
8.91646
8.93459
8.9521
8.9697
8.98807
9.00651
9.02428
9.0449
9.06413
9.08125
9.09978
9.1183
9.1375
9.15737
9.17437
9.19342
9.21241
9.22991
9.24872
9.26603
9.28393
9.30313
9.31938
9.33761
9.35499
9.37434
9.39071
9.40763
9.42437
9.44023
9.45662
9.47564
9.49165
9.50816
9.52378
9.5406
9.5551
9.57222
9.58842
9.6037
9.61877
9.63363
9.64757
9.66201
9.67553
9.68955
9.70335
9.71624
9.72822
9.73928
9.75085
9.76008
9.76981
9.77934
9.7922
9.80132
9.81377
9.8246
9.83524
9.84497
9.8552
9.86594
9.87576
9.88468
9.8948
9.9047
9.91228
9.92105
9.9303
9.93791
9.94599
9.95455
9.96215
9.9688
9.9766
9.98131
9.98504
9.99131
9.9987
10.0058
10.0119
10.0169
10.0216
10.0253
10.0287
10.0345
10.0378
10.0408
10.0427
10.0435
10.0453
10.0481
10.0463
10.0449
10.0451
10.0463
10.0436
10.0441
10.0434
10.0409
10.0387
10.0362
10.0332
10.0313
10.0276
10.0249
10.0219
10.0178
10.0127
10.0072
10.0007
9.99539
9.98905
9.98243
9.97697
9.96915
9.96322
9.95566
9.9472
9.93996
9.93327
9.92289
9.91309
9.90599
9.89737
9.88867
9.8792
9.87037
9.86292
9.85616
9.84726
9.83838
9.82951
9.82068
9.81261
9.80389
9.79455
9.7867
9.77754
9.7692
9.76028
9.75078
9.74354
9.73505
9.72955
9.7221
9.71342
9.70705
9.70017
9.6928
9.68776
9.68223
9.67553
9.67047
9.66424
9.65825
9.65322
9.64844
9.64322
9.63896
9.63497
9.63054
9.62778
9.6253
9.62237
9.61972
9.61733
9.61591
9.61546
9.61315
9.61111
9.60861
9.60848
9.6086
9.60896
9.60885
9.60897
9.60861
9.60918
9.60925
9.60882
9.61069
9.61276
9.61501
9.61672
9.61859
9.6192
9.62136
9.62365
9.62535
9.62786
9.63119
9.63389
9.63666
9.64021
9.64241
9.64535
9.64833
9.65133
9.65505
9.65878
9.66178
9.66548
9.66985
9.67276
9.67562
9.67841
9.68113
9.68306
9.6856
9.68734
9.68966
9.69187
9.69325
9.69518
9.69697
9.6986
9.70007
9.70136
9.70247
9.7041
9.70553
9.70534
9.70637
9.70647
9.70776
9.70741
9.70542
9.70318
9.7007
9.69939
9.69993
9.69951
9.69742
9.69647
9.69383
9.69164
9.68916
9.68711
9.68266
9.67793
9.67363
9.66903
9.66416
9.65829
9.65425
9.64851
9.64318
9.63686
9.63026
9.62266
9.61549
9.60804
9.5996
9.5923
9.58331
9.57405
9.56523
9.55615
9.5461
9.53368
9.52312
9.51302
9.50197
9.49069
9.47989
9.47027
9.45762
9.44616
9.4352
9.42123
9.41059
9.39835
9.38595
9.37407
9.36063
9.34633
9.33258
9.32153
9.30751
9.29267
9.27701
9.26194
9.2496
9.23363
9.22041
9.20711
9.19445
9.17891
9.16543
9.1512
9.13694
9.12193
9.10832
9.09609
9.07892
9.06527
9.05022
9.03518
9.02086
9.00587
8.99232
8.97882
8.96535
8.95123
8.93716
8.92245
8.90851
8.89394
8.88015
8.86644
8.85423
8.83999
8.82656
8.81251
8.79857
8.78615
8.77244
8.75813
8.74607
8.73201
8.7195
8.70711
8.69628
8.68488
8.67292
8.6597
8.64662
8.63583
8.6252
8.61473
8.60373
8.5915
8.58016
8.56899
8.55873
8.54936
8.54089
8.5305
8.52032
8.50752
8.49705
8.49032
8.48451
8.47609
8.46862
8.45996
8.45507
8.44619
8.43967
8.432
8.42529
8.41814
8.41053
8.40319
8.39895
8.39216
8.38706
8.38366
8.37702
8.37208
8.36956
8.36592
8.36259
8.35957
8.35615
8.35374
8.35165
8.35129
8.34983
8.3487
8.34788
8.3474
8.34654
8.34671
8.34722
8.34735
8.34782
8.34862
8.35117
8.35405
8.35797
8.36151
8.36539
8.36748
8.36991
8.37337
8.37715
8.38197
8.38782
8.39399
8.40048
8.40729
8.41583
8.42186
8.4296
8.43483
8.44107
8.4483
8.45795
8.46648
8.476
8.48299
8.49308
8.50344
8.51338
8.52357
8.53333
8.54405
8.55503
8.56768
8.57986
8.59157
8.60282
8.615
8.62671
8.63652
8.64937
8.66101
8.67427
8.68774
8.70211
8.71737
8.7314
8.74632
8.76071
8.77597
8.78998
8.80696
8.82198
8.83854
8.85453
8.86853
8.88405
8.89969
8.91543
8.93197
8.94576
8.96246
8.9778
8.99461
9.01146
9.02694
9.04385
9.06147
9.07628
9.09248
9.11079
9.12694
9.14446
9.16193
9.17791
9.19382
9.20893
9.22675
9.24233
9.25778
9.27449
9.28893
9.3053
9.32149
9.33535
9.3504
9.36382
9.37628
9.38919
9.40395
9.41701
9.42907
9.44152
9.45436
9.46615
9.47689
9.48798
9.4994
9.50973
9.51896
9.53131
9.54113
9.55053
9.55667
9.56519
9.57185
9.57876
9.58521
9.5912
9.59671
9.60104
9.6056
9.61038
9.61257
9.61568
9.62043
9.62187
9.62354
9.62473
9.62616
9.62783
9.62762
9.62696
9.62444
9.62359
9.6195
9.61641
9.61361
9.61042
9.60685
9.60292
9.59934
9.59401
9.58978
9.58454
9.5783
9.57251
9.56576
9.56019
9.5537
9.54915
9.5423
9.53602
9.53031
9.52167
9.51436
9.5091
9.49955
9.48998
9.48182
9.47439
9.46629
9.45965
9.45239
9.44523
9.43818
9.43197
9.4252
9.41718
9.41075
9.40451
9.3999
9.39269
9.38712
9.38251
9.37674
9.37195
9.36743
9.36178
9.35784
9.35348
9.35014
9.3471
9.34436
9.34194
9.33842
9.33662
9.33513
9.33395
9.33378
9.3311
9.33082
9.33014
9.33045
9.32964
9.33121
9.33306
9.33517
9.33752
9.34011
9.34223
9.34457
9.34782
9.35056
9.35349
9.35729
9.36054
9.36394
9.36463
9.36756
9.36988
9.37229
9.37688
9.38012
9.3827
9.3853
9.39004
9.39406
9.39737
9.40135
9.40459
9.40918
9.4144
9.41602
9.41965
9.42318
9.42659
9.43199
9.43513
9.43742
9.44026
9.44293
9.44614
9.44847
9.44849
9.44973
9.45149
9.45375
9.4544
9.45697
9.45652
9.45868
9.45994
9.46029
9.45903
9.45899
9.45946
9.45692
9.45702
9.45553
9.45457
9.45487
9.4536
9.4543
9.45275
9.45176
9.44925
9.44733
9.44532
9.44392
9.44244
9.43878
9.43576
9.4334
9.431
9.42929
9.42615
9.42372
9.42199
9.41746
9.41507
9.41343
9.41042
9.40817
9.40599
9.40388
9.40186
9.40063
9.39808
9.39635
9.39402
9.39251
9.39112
9.38986
9.38944
9.38773
9.38687
9.38614
9.38555
9.38509
9.38549
9.38602
9.38528
9.38538
9.38562
9.38599
9.38718
9.38709
9.38853
9.38867
9.39032
9.39349
9.39463
9.39514
9.39644
9.39781
9.40064
9.40212
9.40293
9.40376
9.40462
9.40689
9.40916
9.41071
9.41154
9.41233
9.41378
9.41517
9.41792
9.42058
9.42316
9.42564
9.42518
9.42532
9.42746
9.42805
9.4292
9.42881
9.42897
9.42968
9.42952
9.4285
9.42802
9.42808
9.42585
9.42556
9.4244
9.42236
9.42015
9.4206
9.41806
9.41538
9.41395
9.41169
9.40788
9.40465
9.40273
9.4007
9.39716
9.39213
9.38986
9.38753
9.38515
9.38344
9.3803
9.37715
9.37472
9.37018
9.36779
9.36334
9.35894
9.35672
9.3553
9.35257
9.34994
9.34884
9.34646
9.34352
9.34143
9.33951
9.33776
9.33689
9.33621
9.33431
9.33332
9.33253
9.33196
9.33089
9.33076
9.33014
9.33115
9.33169
9.33316
9.33416
9.33539
9.33614
9.33923
9.33973
9.34186
9.34422
9.34679
9.35028
9.35469
9.35719
9.3613
9.36561
9.36941
9.37409
9.37825
9.38187
9.38564
9.38957
9.39435
9.39927
9.40572
