0.799703
0.79915
0.798574
0.797976
0.797357
0.796718
0.796061
0.795385
0.794693
0.793987
0.793265
0.79253
0.79178
0.791018
0.790242
0.789455
0.788657
0.787848
0.787029
0.786198
0.785359
0.784509
0.783649
0.782777
0.781896
0.781003
0.780101
0.779189
0.778266
0.777334
0.776391
0.775438
0.774475
0.773502
0.77252
0.77153
0.770531
0.769523
0.768508
0.767484
0.766454
0.765417
0.764375
0.763327
0.762274
0.761217
0.760158
0.759097
0.758034
0.756972
0.755911
0.754853
0.753799
0.75275
0.751708
0.750674
0.74965
0.748638
0.74764
0.746657
0.745691
0.744745
0.743819
0.742915
0.742037
0.741185
0.740362
0.739569
0.738809
0.738084
0.737395
0.736745
0.736135
0.735568
0.735046
0.734569
0.734138
0.733756
0.733424
0.733144
0.732916
0.732741
0.73262
0.732555
0.732545
0.732591
0.732693
0.732852
0.733068
0.733341
0.733673
0.734061
0.734508
0.735013
0.735576
0.736195
0.73687
0.737601
0.738387
0.739227
0.740121
0.741067
0.742065
0.743113
0.744211
0.745357
0.74655
0.747788
0.749069
0.750392
0.751756
0.753157
0.754596
0.756069
0.757576
0.759113
0.760679
0.762271
0.763888
0.765527
0.767185
0.768862
0.770553
0.772256
0.773969
0.775691
0.777418
0.779147
0.780876
0.782603
0.784323
0.786036
0.78774
0.789432
0.791108
0.792767
0.794407
0.796026
0.797621
0.799192
0.800736
0.802252
0.803738
0.805192
0.806613
0.808
0.809351
0.810667
0.811947
0.81319
0.814396
0.815564
0.816695
0.817789
0.818844
0.819862
0.820842
0.821785
0.822692
0.823563
0.824399
0.825202
0.825972
0.826711
0.827419
0.828098
0.828751
0.829377
0.829978
0.830556
0.83111
0.831643
0.832155
0.832649
0.833126
0.833587
0.834034
0.834466
0.834885
0.835291
0.835686
0.836071
0.836446
0.836811
0.837166
0.837511
0.837845
0.838168
0.838482
0.838785
0.839076
0.839355
0.839621
0.839875
0.840115
0.840339
0.840548
0.84074
0.840913
0.841068
0.841203
0.841319
0.841414
0.841487
0.841537
0.841563
0.841564
0.841539
0.841489
0.841413
0.84131
0.84118
0.841023
0.840838
0.840627
0.840389
0.840125
0.839833
0.839515
0.839172
0.838803
0.838411
0.837996
0.83756
0.837104
0.836628
0.836133
0.835623
0.835098
0.834558
0.834005
0.83344
0.832865
0.832282
0.831694
0.8311
0.830501
0.829901
0.8293
0.828701
0.828103
0.82751
0.826923
0.826344
0.825773
0.825213
0.824665
0.82413
0.823609
0.823104
0.822615
0.822144
0.821693
0.821261
0.820849
0.820457
0.820087
0.819738
0.819412
0.819108
0.818826
0.818568
0.818333
0.818121
0.817932
0.817767
0.817626
0.817508
0.817413
0.817341
0.817293
0.817266
0.817261
0.817277
0.817313
0.817369
0.817444
0.817539
0.817651
0.81778
0.817927
0.818089
0.818267
0.81846
0.818666
0.818885
0.819116
0.819359
0.819614
0.81988
0.820156
0.820441
0.820734
0.821035
0.821342
0.821655
0.821973
0.822295
0.822622
0.822954
0.823289
0.823627
0.82397
0.824315
0.824662
0.825011
0.825361
0.825711
0.826059
0.826409
0.826758
0.827105
0.82745
0.827792
0.828131
0.828466
0.828796
0.829122
0.829443
0.829757
0.830065
0.830365
0.830657
0.83094
0.831213
0.831476
0.831728
0.831968
0.832195
0.832409
0.832609
0.832795
0.832966
0.833119
0.833255
0.833371
0.833468
0.833545
0.833599
0.833633
0.833644
0.833632
0.833595
0.833533
0.833445
0.83333
0.833189
0.83302
0.832823
0.832599
0.832348
0.832069
0.831762
0.831425
0.83106
0.830666
0.830246
0.829799
0.829324
0.828823
0.828295
0.827741
0.827162
0.826558
0.825931
0.825279
0.824606
0.823911
0.823195
0.82246
0.821705
0.820932
0.820141
0.819333
0.818509
0.817671
0.81682
0.815956
0.815081
0.814195
0.813301
0.812399
0.811489
0.810573
0.809651
0.808724
0.807793
0.806859
0.805924
0.804989
0.804053
0.803118
0.802184
0.801252
0.800323
0.799399
0.798479
0.797565
0.796657
0.795755
0.794861
0.793976
0.793102
0.792237
0.791382
0.790538
0.789705
0.788885
0.788078
0.787284
0.786504
0.785737
0.784985
0.784248
0.783527
0.782822
0.782133
0.781462
0.780807
0.78017
0.779551
0.778949
0.778364
0.777796
0.777247
0.776714
0.776199
0.775701
0.775221
0.774759
0.774313
0.773885
0.773472
0.773077
0.772697
0.772333
0.771983
0.771647
0.771325
0.771016
0.770719
0.770433
0.77016
0.769896
0.76964
0.769392
0.769152
0.768917
0.768687
0.768461
0.768239
0.768018
0.767799
0.767581
0.767363
0.767142
0.766919
0.766693
0.766462
0.766226
0.765983
0.765732
0.765474
0.765207
0.764932
0.764646
0.76435
0.764043
0.763726
0.763396
0.763054
0.7627
0.762333
0.761953
0.761561
0.761156
0.760739
0.760311
0.759871
0.75942
0.758959
0.758488
0.758006
0.757514
0.757014
0.756506
0.755992
0.755472
0.754946
0.754416
0.753883
0.753348
0.752811
0.752273
0.751737
0.751203
0.750672
0.750146
0.749624
0.749108
0.748598
0.748096
0.747602
0.74712
0.746648
0.746188
0.74574
0.745306
0.744886
0.744481
0.744091
0.743717
0.743361
0.743021
0.742699
0.742394
0.742107
0.741838
0.741586
0.741352
0.741137
0.740938
0.740756
0.740591
0.740441
0.740307
0.740186
0.74008
0.739986
0.739903
0.739831
0.739768
0.739712
0.739664
0.73962
0.73958
0.739541
0.739501
0.739459
0.739413
0.73936
0.7393
0.739232
0.739153
0.73906
0.738953
0.738828
0.738684
0.73852
0.738334
0.738124
0.737889
0.737628
0.737339
0.737021
0.736674
0.736296
0.735887
0.735444
0.73497
0.734463
0.733922
0.733348
0.73274
0.732097
0.731421
0.730711
0.729967
0.729192
0.728385
0.727548
0.726683
0.72579
0.72487
0.723926
0.72296
0.721972
0.720966
0.719943
0.718906
0.717858
0.7168
0.715736
0.714667
0.713596
0.712526
0.711459
0.710399
0.709349
0.708312
0.707291
0.706289
0.705309
0.704353
0.703423
0.702523
0.701657
0.700826
0.700032
0.699279
0.698568
0.697903
0.697284
0.696716
0.696201
0.69574
0.695334
0.694987
0.6947
0.694474
0.69431
0.69421
0.694175
0.694206
0.694306
0.694474
0.69471
0.695015
0.69539
0.695836
0.696354
0.696942
0.697601
0.69833
0.699131
0.700003
0.700946
0.701959
0.703043
0.704195
0.705415
0.706702
0.708057
0.709475
0.710956
0.712499
0.714101
0.715762
0.71748
0.719253
0.721079
0.722958
0.724887
0.726863
0.728885
0.73095
0.733056
0.735201
0.737383
0.739598
0.741845
0.74412
0.74642
0.748744
0.751089
0.753451
0.755827
0.758215
0.760611
0.763013
0.765419
0.767824
0.770226
0.772623
0.775011
0.777387
0.779751
0.782099
0.784427
0.786732
0.789013
0.791266
0.79349
0.795681
0.797838
0.799956
0.802035
0.804072
0.806067
0.808016
0.809917
0.81177
0.81357
0.815318
0.81701
0.818646
0.820224
0.821742
0.823201
0.824597
0.825932
0.827205
0.828415
0.829561
0.830642
0.831657
0.832608
0.833492
0.834311
0.835064
0.835752
0.836376
0.836935
0.837429
0.837861
0.838229
0.838535
0.838779
0.838963
0.839085
0.839147
0.839151
0.839096
0.838985
0.838817
0.838595
0.838318
0.837988
0.837608
0.837179
0.836702
0.836177
0.835606
0.83499
0.83433
0.833627
0.832884
0.832101
0.831279
0.830421
0.829528
0.8286
0.82764
0.826648
0.825627
0.824578
0.823503
0.822402
0.821277
0.820128
0.818958
0.817768
0.81656
0.815336
0.814096
0.812843
0.811579
0.810305
0.809022
0.807732
0.806437
0.805137
0.803837
0.802536
0.801239
0.799946
0.798659
0.79738
0.796112
0.794857
0.793617
0.792394
0.79119
0.790008
0.788849
0.787716
0.78661
0.785532
0.784487
0.783476
0.782501
0.781563
0.780664
0.779807
0.778993
0.778224
0.777502
0.776829
0.776206
0.775635
0.775117
0.774652
0.774241
0.773886
0.773586
0.773343
0.773157
0.773027
0.772952
0.772934
0.77297
0.77306
0.773203
0.773398
0.773642
0.773935
0.774274
0.774658
0.775085
0.775552
0.776057
0.776598
0.777171
0.777774
0.778406
0.779063
0.77974
0.780437
0.78115
0.781875
0.782612
0.783355
0.784104
0.784855
0.785605
0.786353
0.787096
0.787832
0.788559
0.789273
0.789974
0.79066
0.791329
0.791979
0.792607
0.793214
0.793798
0.794357
0.794893
0.795403
0.795888
0.796347
0.796779
0.797186
0.797567
0.797921
0.79825
0.798553
0.798832
0.799086
0.799316
0.799522
0.799705
0.799865
0.800003
0.80012
0.800217
0.800293
0.800351
0.80039
0.800412
0.800419
0.80041
0.800387
0.800349
0.800297
0.800232
0.800154
0.800065
0.799966
0.799857
0.799737
0.799609
0.799471
0.799325
0.799171
0.799008
0.798839
0.798663
0.79848
0.798292
0.798097
0.797896
0.797689
0.797477
0.79726
0.797038
0.796812
0.796582
0.796348
0.79611
0.795869
0.795624
0.795375
0.795124
0.794869
0.794613
0.794356
0.794097
0.793838
0.793579
0.793322
0.793067
0.792813
0.792563
0.792316
0.792074
0.791838
0.791608
0.791386
0.791173
0.79097
0.790778
0.790597
0.79043
0.790276
0.790138
0.790016
0.789911
0.789825
0.789759
0.789715
0.789693
0.789694
0.78972
0.789772
0.789851
0.789958
0.790095
0.790262
0.790462
0.790693
0.790956
0.791253
0.791584
0.79195
0.792352
0.792791
0.793266
0.793778
0.794329
0.794916
0.795542
0.796205
0.796905
0.797643
0.798418
0.79923
0.80008
0.800966
0.801889
0.802848
0.803842
0.80487
0.805933
0.807029
0.808158
0.809319
0.810513
0.811738
0.812993
0.814275
0.815585
0.816921
0.818283
0.819668
0.821076
0.822504
0.823951
0.825417
0.826899
0.828397
0.829908
0.83143
0.832961
0.8345
0.836046
0.837595
0.839146
0.840696
0.842243
0.843784
0.845318
0.846843
0.848358
0.849859
0.851343
0.852807
0.85425
0.85567
0.857063
0.858425
0.859756
0.861052
0.862311
0.86353
0.864706
0.865836
0.866917
0.867948
0.868924
0.869845
0.870706
0.871506
0.872241
0.872909
0.873508
0.874037
0.874491
0.874869
0.875168
0.875386
0.875522
0.875572
0.875535
0.875408
0.87519
0.874879
0.874474
0.873974
0.873377
0.872681
0.871886
0.87099
0.869992
0.868892
0.86769
0.866383
0.864971
0.863455
0.861834
0.860108
0.858277
0.856342
0.854302
0.852159
0.849915
0.847569
0.845124
0.842579
0.839937
0.837199
0.834367
0.831443
0.828429
0.825329
0.822142
0.818872
0.815522
0.812094
0.808592
0.80502
0.80138
0.797677
0.793913
0.790093
0.786221
0.782301
0.778339
0.774337
0.770302
0.766239
0.762151
0.758044
0.753922
0.749791
0.745657
0.741526
0.737402
0.733291
0.729199
0.725132
0.721094
0.717093
0.713132
0.709219
0.705358
0.701556
0.697818
0.69415
0.690558
0.687045
0.683619
0.680285
0.677048
0.673914
0.670885
0.667967
0.665162
0.662476
0.65991
0.65747
0.65516
0.652983
0.65094
0.649034
0.647268
0.645644
0.644165
0.64283
0.641641
0.640599
0.639705
0.638958
0.638359
0.637909
0.637607
0.637451
0.637442
0.637578
0.637858
0.63828
0.638841
0.63954
0.640373
0.64134
0.642436
0.643659
0.645006
0.646475
0.648062
0.649764
0.651577
0.653497
0.65552
0.657644
0.659863
0.662174
0.664575
0.667061
0.669629
0.672273
0.674989
0.677773
0.680621
0.68353
0.686495
0.689511
0.692576
0.695685
0.698835
0.702022
0.705241
0.70849
0.711763
0.715059
0.718374
0.721703
0.725042
0.728388
0.731738
0.735089
0.738436
0.741776
0.745105
0.748421
0.75172
0.754999
0.758255
0.761486
0.76469
0.767864
0.771003
0.774107
0.777171
0.780194
0.783172
0.786104
0.788987
0.791819
0.7946
0.797325
0.799994
0.802606
0.805157
0.807647
0.810074
0.812436
0.814733
0.816963
0.819123
0.821214
0.823233
0.825182
0.827058
0.828861
0.83059
0.832244
0.833822
0.835324
0.83675
0.838098
0.83937
0.840565
0.841684
0.842726
0.843692
0.844582
0.845397
0.846137
0.846801
0.847391
0.847906
0.848349
0.848719
0.849018
0.849248
0.849407
0.849499
0.849525
0.849487
0.849386
0.849222
0.848998
0.848716
0.848378
0.847985
0.847539
0.847042
0.846494
0.8459
0.84526
0.844577
0.843853
0.84309
0.842291
0.841458
0.840593
0.839699
0.838779
0.837834
0.836868
0.835884
0.834884
0.833871
0.832846
0.831813
0.830775
0.829733
0.82869
0.827647
0.826606
0.825572
0.824546
0.823529
0.822523
0.82153
0.820553
0.819594
0.818655
0.817735
0.816838
0.815964
0.815115
0.814293
0.813498
0.812731
0.811993
0.811285
0.810608
0.809961
0.809346
0.808763
0.808211
0.807691
0.807203
0.806746
0.806322
0.805928
0.805565
0.805233
0.80493
0.804657
0.804411
0.804193
0.804002
0.803838
0.803701
0.803589
0.803502
0.803438
0.803397
0.803375
0.803373
0.803391
0.803428
0.803481
0.803549
0.803633
0.803732
0.803845
0.803972
0.804112
0.804265
0.804432
0.804611
0.804801
0.805001
0.805211
0.805431
0.80566
0.805897
0.806142
0.806394
0.806653
0.806919
0.807191
0.807469
0.807752
0.808041
0.808334
0.808633
0.808935
0.80924
0.809547
0.809857
0.810169
0.810481
0.810793
0.811105
0.811416
0.811727
0.812034
0.812339
0.81264
0.812937
0.813228
0.813512
0.81379
0.814059
0.81432
0.81457
0.814809
0.815037
0.815253
0.815456
0.815646
0.815821
0.815981
0.816127
0.816256
0.816368
0.816463
0.816541
0.816601
0.816643
0.816667
0.816674
0.816662
0.816632
0.816582
0.816512
0.816424
0.816316
0.816189
0.816042
0.815876
0.81569
0.815487
0.815264
0.815023
0.814764
0.814486
0.81419
0.813876
0.813543
0.813193
0.812826
0.812442
0.812042
0.811626
0.811192
0.810742
0.810275
0.809791
0.809292
0.808777
0.808247
0.807702
0.807143
0.806568
0.80598
0.805379
0.804764
0.804135
0.803494
0.802842
0.802177
0.801502
0.800815
0.800118
0.799412
0.798699
0.797979
0.797251
0.796517
0.795775
0.795029
0.794278
0.793524
0.792766
0.792006
0.791246
0.790485
0.789725
0.788967
0.788212
0.78746
0.786713
0.785972
0.785238
0.784511
0.783792
0.783085
0.782386
0.781697
0.78102
0.780354
0.779701
0.779062
0.778436
0.777826
0.77723
0.776649
0.776083
0.775534
0.775002
0.774487
0.77399
0.773508
0.773043
0.772595
0.772163
0.771747
0.771347
0.770963
0.770595
0.770242
0.769904
0.76958
0.769269
0.768972
0.768688
0.768416
0.768156
0.767908
0.767672
0.767447
0.767233
0.767027
0.766831
0.766644
0.766466
0.766295
0.76613
0.765973
0.765822
0.765677
0.765538
0.765405
0.765277
0.765155
0.765037
0.764924
0.764816
0.764712
0.764612
0.764516
0.764423
0.764334
0.764249
0.764168
0.76409
0.764015
0.763943
0.763873
0.763806
0.763741
0.763678
0.763616
0.763556
0.763498
0.763441
0.763385
0.763329
0.763274
0.763219
0.763165
0.76311
0.763054
0.762998
0.76294
0.762879
0.762816
0.76275
0.762681
0.762608
0.762532
0.762451
0.762366
0.762279
0.762188
0.762093
0.761993
0.761888
0.761776
0.761659
0.761535
0.761404
0.761267
0.761124
0.760976
0.76082
0.760658
0.76049
0.760316
0.760136
0.759952
0.759763
0.759572
0.759379
0.759183
0.758984
0.758786
0.758588
0.758392
0.758198
0.758008
0.757822
0.757643
0.757472
0.757312
0.757163
0.757027
0.756905
0.756798
0.756708
0.756638
0.756587
0.756559
0.756556
0.756579
0.756631
0.756711
0.756822
0.756965
0.757142
0.757354
0.757603
0.75789
0.758214
0.758577
0.758981
0.759425
0.75991
0.760437
0.761006
0.761616
0.762267
0.76296
0.763694
0.764469
0.765285
0.766141
0.767036
0.767968
0.768937
0.769939
0.770974
0.772041
0.773136
0.774258
0.775405
0.776576
0.77777
0.778983
0.780212
0.781454
0.782707
0.783969
0.785237
0.786509
0.787783
0.789053
0.790318
0.791576
0.792825
0.79406
0.795279
0.79648
0.797659
0.798816
0.799947
0.801049
0.802121
0.80316
0.804164
0.805131
0.80606
0.806947
0.80779
0.808588
0.809339
0.810043
0.810698
0.811304
0.811858
0.812359
0.812807
0.813202
0.813542
0.813826
0.814056
0.814232
0.814352
0.814417
0.814427
0.814382
0.814284
0.814132
0.813928
0.813673
0.813367
0.813011
0.812606
0.812155
0.811659
0.811119
0.810539
0.809919
0.809263
0.80857
0.807844
0.807087
0.8063
0.805486
0.804647
0.803786
0.802903
0.802004
0.801089
0.80016
0.799221
0.798275
0.797324
0.796371
0.795417
0.794466
0.793519
0.792579
0.791649
0.79073
0.789825
0.788935
0.788063
0.787211
0.786383
0.785578
0.784799
0.784048
0.783326
0.782634
0.781973
0.781344
0.780748
0.780187
0.779661
0.779172
0.778721
0.778307
0.777931
0.777593
0.777294
0.777035
0.776815
0.776633
0.776489
0.776382
0.776312
0.77628
0.776283
0.776323
0.776398
0.776507
0.776648
0.776822
0.777027
0.777263
0.777528
0.777821
0.778142
0.77849
0.778862
0.779259
0.779678
0.780119
0.78058
0.78106
0.781557
0.78207
0.782599
0.783141
0.783698
0.784266
0.784845
0.785434
0.786032
0.786637
0.787249
0.787867
0.788491
0.789119
0.78975
0.790383
0.791016
0.79165
0.792282
0.792913
0.793542
0.79417
0.794794
0.795415
0.796032
0.796644
0.79725
0.797851
0.798446
0.799034
0.799617
0.800192
0.800759
0.801317
0.801868
0.802411
0.802946
0.803473
0.803993
0.804505
0.805007
0.8055
0.805984
0.806458
0.806922
0.807376
0.80782
0.808254
0.808678
0.809091
0.809494
0.809885
0.810266
0.810637
0.810998
0.811347
0.811687
0.812017
0.812336
0.812644
0.812943
0.813231
0.81351
0.813779
0.814037
0.814285
0.814525
0.814756
0.814977
0.815189
0.815393
0.815588
0.815775
0.815955
0.816127
0.816292
0.816451
0.816603
0.816748
0.816888
0.817023
0.817152
0.817274
0.817392
0.817505
0.817614
0.817718
0.817819
0.817916
0.818011
0.818104
0.818195
0.818282
0.818367
0.81845
0.818531
0.818609
0.818686
0.818761
0.818834
0.818904
0.818971
0.819037
0.819098
0.819155
0.819207
0.819254
0.819297
0.819334
0.819365
0.819391
0.819409
0.819417
0.819417
0.819406
0.819384
0.81935
0.819303
0.819243
0.819168
0.819078
0.818972
0.81885
0.818708
0.818547
0.818367
0.818166
0.817945
0.817704
0.817442
0.817159
0.816853
0.816524
0.816174
0.815801
0.815406
0.814991
0.814554
0.814097
0.81362
0.813124
0.812611
0.812079
0.811531
0.810967
0.81039
0.809801
0.8092
0.80859
0.80797
0.807343
0.806711
0.806074
0.805433
0.804792
0.80415
0.803511
0.802875
0.802243
0.801616
0.800995
0.800381
0.799774
0.799176
0.798589
0.798012
0.797446
0.796892
0.79635
0.79582
0.795303
0.794801
0.794312
0.793838
0.793377
0.792928
0.792492
0.792067
0.791655
0.791254
0.790866
0.790489
0.790125
0.789772
0.789429
0.789097
0.788773
0.788459
0.788154
0.787859
0.787571
0.787293
0.787022
0.78676
0.786506
0.78626
0.786023
0.785793
0.78557
0.785355
0.785148
0.784948
0.784755
0.78457
0.784394
0.784226
0.784064
0.783912
0.783769
0.783634
0.783506
0.783386
0.783272
0.783165
0.783066
0.782972
0.782884
0.782802
0.782725
0.782654
0.782587
0.782525
0.782467
0.782412
0.78236
0.782311
0.782265
0.782221
0.782177
0.782134
0.78209
0.782046
0.782
0.781953
0.781903
0.781848
0.78179
0.781726
0.781657
0.781581
0.781499
0.78141
0.781313
0.781209
0.781095
0.780972
0.780839
0.780694
0.780537
0.780366
0.780183
0.779985
0.779773
0.779547
0.779306
0.779049
0.778775
0.778485
0.778179
0.777856
0.777515
0.777158
0.776782
0.77639
0.775979
0.77555
0.775104
0.774639
0.774156
0.773656
0.773138
0.772602
0.77205
0.771481
0.770897
0.770296
0.769679
0.769046
0.7684
0.767739
0.767066
0.76638
0.765682
0.764972
0.764252
0.763523
0.762786
0.762041
0.761288
0.76053
0.759767
0.759001
0.758232
0.75746
0.756687
0.755913
0.755141
0.754371
0.753605
0.752844
0.752088
0.751338
0.750595
0.749859
0.749131
0.748413
0.747706
0.747009
0.746324
0.745652
0.744994
0.744351
0.743722
0.743108
0.74251
0.741928
0.741361
0.74081
0.740276
0.739759
0.739258
0.738775
0.738307
0.737855
0.73742
0.737002
0.7366
0.736213
0.735843
0.735488
0.735147
0.734822
0.73451
0.734212
0.733927
0.733655
0.733396
0.733148
0.732913
0.73269
0.732478
0.732277
0.732086
0.731906
0.731734
0.731573
0.731421
0.731279
0.731147
0.731025
0.730912
0.730808
0.730715
0.730632
0.730559
0.730497
0.730446
0.730406
0.730379
0.730365
0.730364
0.730375
0.730401
0.730442
0.730499
0.730571
0.730661
0.730768
0.730893
0.731037
0.731203
0.731389
0.731597
0.731827
0.732081
0.732358
0.732662
0.732991
0.733348
0.733733
0.734147
0.73459
0.735064
0.735569
0.736106
0.736677
0.737281
0.737919
0.73859
0.739296
0.740036
0.740812
0.741622
0.742468
0.743351
0.74427
0.745224
0.746213
0.747238
0.748298
0.749393
0.750522
0.751684
0.752879
0.754105
0.755364
0.756654
0.757972
0.759321
0.760699
0.762106
0.763539
0.764997
0.766479
0.767983
0.769508
0.771054
0.772619
0.7742
0.775797
0.777407
0.779028
0.780659
0.7823
0.783947
0.7856
0.787255
0.788911
0.790566
0.792219
0.793868
0.795511
0.797146
0.79877
0.800382
0.801979
0.80356
0.805121
0.806662
0.808179
0.809672
0.811139
0.812577
0.813984
0.81536
0.816703
0.818009
0.819278
0.820509
0.821699
0.822846
0.823948
0.825005
0.826015
0.826977
0.82789
0.828753
0.829566
0.830328
0.831037
0.831692
0.832294
0.832841
0.833333
0.83377
0.834152
0.834477
0.834747
0.834961
0.83512
0.835224
0.835275
0.835271
0.835214
0.835104
0.834943
0.834731
0.83447
0.834161
0.833805
0.833403
0.832957
0.832469
0.831942
0.831375
0.830771
0.830132
0.82946
0.828757
0.828024
0.827264
0.826479
0.82567
0.82484
0.823992
0.823128
0.82225
0.821359
0.82046
0.819552
0.818639
0.817723
0.816804
0.815886
0.814969
0.814058
0.813154
0.812258
0.811372
0.810496
0.809633
0.808784
0.80795
0.807133
0.806333
0.805552
0.804791
0.804051
0.803333
0.802638
0.801967
0.801319
0.800696
0.800098
0.799525
0.798976
0.798451
0.797952
0.797478
0.797027
0.7966
0.796197
0.795817
0.795458
0.795122
0.794806
0.794509
0.794231
0.79397
0.793727
0.793499
0.793287
0.793087
0.7929
0.792724
0.79256
0.792405
0.792259
0.792119
0.791986
0.791857
0.791731
0.791608
0.791486
0.791365
0.791243
0.791121
0.790997
0.79087
0.790741
0.790608
0.790472
0.790332
0.79019
0.790043
0.789892
0.789739
0.789582
0.789423
0.789263
0.789101
0.788938
0.788778
0.78862
0.788466
0.788319
0.788178
0.788046
0.787923
0.787811
0.787711
0.787626
0.787558
0.787509
0.787482
0.78748
0.787504
0.787555
0.787637
0.787751
0.787899
0.788084
0.788307
0.788572
0.788879
0.78923
0.789628
0.790075
0.790573
0.791121
0.791721
0.792375
0.793082
0.793844
0.794661
0.795533
0.796461
0.797443
0.79848
0.799572
0.800717
0.801915
0.803165
0.804465
0.805814
0.807208
0.808646
0.810127
0.811647
0.813206
0.8148
0.816426
0.818081
0.819762
0.821465
0.823187
0.824924
0.826673
0.828432
0.830195
0.83196
0.833723
0.83548
0.837227
0.838961
0.840678
0.842374
0.844047
0.845693
0.84731
0.848894
0.850442
0.851952
0.853419
0.854842
0.856218
0.857545
0.85882
0.860042
0.861209
0.862319
0.86337
0.864358
0.865284
0.866147
0.866943
0.867672
0.868332
0.868923
0.869445
0.869897
0.870276
0.870584
0.870819
0.870981
0.871071
0.871087
0.87103
0.870898
0.870692
0.870414
0.870063
0.869639
0.869144
0.868577
0.867939
0.86723
0.866452
0.865604
0.864688
0.863704
0.862653
0.861538
0.860359
0.859116
0.857812
0.856448
0.855025
0.853545
0.85201
0.850422
0.848782
0.84709
0.84535
0.843563
0.841733
0.839861
0.83795
0.836001
0.834017
0.831999
0.82995
0.827871
0.825766
0.823637
0.821486
0.819317
0.81713
0.81493
0.812718
0.810498
0.808272
0.806042
0.803812
0.801584
0.79936
0.797142
0.794933
0.792736
0.790553
0.788387
0.786241
0.784117
0.782018
0.779944
0.7779
0.775887
0.773906
0.771961
0.770054
0.768185
0.766356
0.764568
0.762823
0.761122
0.759467
0.757859
0.756299
0.754787
0.753324
0.751911
0.750548
0.749235
0.747972
0.746759
0.745598
0.744488
0.743428
0.742419
0.741459
0.740547
0.739683
0.738867
0.738097
0.737373
0.736695
0.73606
0.735469
0.734919
0.73441
0.73394
0.733507
0.73311
0.732749
0.732422
0.732129
0.731868
0.731638
0.731439
0.731269
0.731128
0.731014
0.730925
0.730861
0.730821
0.730805
0.730812
0.730842
0.730895
0.73097
0.731066
0.731184
0.731322
0.731482
0.731663
0.731864
0.732086
0.732331
0.732596
0.732884
0.733192
0.733524
0.733877
0.734254
0.734654
0.735076
0.735522
0.735991
0.736484
0.737002
0.737544
0.738111
0.738703
0.73932
0.739962
0.740629
0.74132
0.742036
0.742776
0.74354
0.744328
0.745138
0.745971
0.746825
0.747699
0.748593
0.749507
0.750439
0.75139
0.752356
0.753336
0.75433
0.755338
0.756358
0.757388
0.758428
0.759477
0.760533
0.761596
0.762662
0.763732
0.764804
0.765877
0.76695
0.768021
0.769089
0.770153
0.771213
0.772266
0.773312
0.77435
0.775378
0.776396
0.777404
0.778401
0.779384
0.780356
0.781313
0.782257
0.783185
0.784098
0.784995
0.785875
0.786739
0.787585
0.788413
0.789224
0.790017
0.790792
0.791549
0.792288
0.793008
0.793708
0.79439
0.795052
0.795695
0.796318
0.796922
0.797506
0.798071
0.798618
0.799145
0.799651
0.800137
0.800601
0.801043
0.801464
0.801864
0.802242
0.802598
0.802932
0.803243
0.803532
0.803799
0.804042
0.804261
0.804456
0.804628
0.804775
0.804897
0.804995
0.805067
0.805114
0.805135
0.805131
0.805101
0.805046
0.804965
0.804858
0.804726
0.804569
0.804386
0.804178
0.803944
0.803685
0.803399
0.803089
0.802755
0.802396
0.802012
0.801605
0.801174
0.800719
0.800241
0.79974
0.799216
0.79867
0.798102
0.797514
0.796905
0.796276
0.795628
0.794961
0.794277
0.793575
0.792856
0.792122
0.791374
0.790611
0.789836
0.789048
0.788251
0.787444
0.786628
0.785804
0.784973
0.784137
0.783299
0.782458
0.781616
0.780774
0.779933
0.779095
0.77826
0.77743
0.776607
0.775791
0.774984
0.774188
0.773405
0.772636
0.77188
0.771141
0.770419
0.769716
0.769033
0.768372
0.767734
0.767119
0.76653
0.765968
0.765434
0.764928
0.764451
0.764004
0.763588
0.763203
0.76285
0.762531
0.762246
0.761995
0.76178
0.761601
0.761457
0.761349
0.761277
0.761241
0.761241
0.761276
0.761348
0.761456
0.761599
0.761778
0.761992
0.76224
0.762523
0.762838
0.763184
0.763563
0.763973
0.764413
0.764883
0.765381
0.765905
0.766456
0.767032
0.767632
0.768255
0.7689
0.769566
0.770251
0.770955
0.771678
0.772416
0.77317
0.77394
0.774722
0.775518
0.776326
0.777144
0.777971
0.778806
0.779646
0.780493
0.781344
0.782198
0.783054
0.783912
0.784769
0.785624
0.786477
0.787325
0.788168
0.789004
0.789832
0.790651
0.791459
0.792256
0.79304
0.79381
0.794565
0.795304
0.796028
0.796734
0.797421
0.798088
0.798733
0.799355
0.799954
0.800529
0.80108
0.801603
0.802098
0.802564
0.803001
0.803406
0.803779
0.804121
0.804429
0.804703
0.804943
0.805147
0.805315
0.805445
0.805538
0.805593
0.80561
0.805586
0.805523
0.805419
0.805274
0.805089
0.804863
0.804596
0.804288
0.803939
0.803548
0.803115
0.802642
0.802127
0.801571
0.800975
0.800338
0.799662
0.798946
0.798191
0.797397
0.796566
0.795699
0.794796
0.793857
0.792884
0.791878
0.790839
0.789769
0.788668
0.787538
0.78638
0.785196
0.783986
0.782753
0.781499
0.780224
0.778929
0.777615
0.776284
0.774937
0.773576
0.772204
0.770822
0.76943
0.768032
0.766627
0.765216
0.763802
0.762386
0.76097
0.759556
0.758144
0.756736
0.755333
0.753935
0.752544
0.751161
0.749788
0.748427
0.747076
0.745738
0.744413
0.743104
0.74181
0.740533
0.739272
0.73803
0.736808
0.735605
0.734423
0.733261
0.732122
0.731005
0.729911
0.728841
0.727795
0.726776
0.725782
0.724815
0.723876
0.722966
0.722084
0.721231
0.720409
0.719618
0.718859
0.718131
0.717436
0.716775
0.716148
0.715556
0.714999
0.71448
0.713998
0.713556
0.713154
0.712795
0.712478
0.712206
0.711978
0.711797
0.711663
0.711576
0.711539
0.711551
0.711615
0.711731
0.711901
0.712125
0.712404
0.712741
0.713135
0.713589
0.714104
0.714679
0.715316
0.716015
0.716778
0.717605
0.718496
0.719453
0.720475
0.721563
0.722717
0.723939
0.725226
0.726579
0.727999
0.729483
0.731033
0.732647
0.734325
0.736066
0.737868
0.73973
0.741651
0.74363
0.745665
0.747756
0.749899
0.752094
0.754338
0.75663
0.758966
0.761346
0.763765
0.766222
0.768715
0.771239
0.773792
0.776374
0.77898
0.781607
0.784253
0.786916
0.789591
0.792275
0.794966
0.79766
0.800356
0.803048
0.805734
0.808411
0.811076
0.813725
0.816357
0.818968
0.821553
0.824112
0.826641
0.829137
0.831598
0.834021
0.836403
0.838743
0.841036
0.843281
0.845477
0.847619
0.849709
0.851742
0.853717
0.855633
0.857487
0.859277
0.861004
0.862665
0.864258
0.865783
0.867237
0.868619
0.869929
0.871165
0.872328
0.873417
0.874429
0.875366
0.876227
0.877012
0.877719
0.87835
0.878904
0.879381
0.879781
0.880104
0.880353
0.880526
0.880623
0.880646
0.880594
0.88047
0.880273
0.880004
0.879664
0.879253
0.878774
0.878226
0.877612
0.876933
0.87619
0.875385
0.87452
0.873597
0.872617
0.871584
0.870497
0.869359
0.868173
0.866941
0.865666
0.86435
0.862995
0.861605
0.860182
0.858729
0.857248
0.855741
0.854213
0.852667
0.851105
0.849531
0.847947
0.846356
0.844761
0.843165
0.841572
0.839985
0.838406
0.836839
0.835285
0.833749
0.832232
0.830737
0.829265
0.827818
0.826399
0.825008
0.823647
0.822318
0.821023
0.819762
0.818536
0.817344
0.816188
0.815067
0.813982
0.812931
0.811915
0.810933
0.809985
0.809068
0.808182
0.807325
0.806496
0.805693
0.804915
0.804161
0.803428
0.802714
0.802018
0.801338
0.800673
0.800021
0.799381
0.798751
0.79813
0.797515
0.796907
0.796303
0.795701
0.7951
0.7945
0.793901
0.793301
0.792699
0.792095
0.791488
0.790878
0.790266
0.789651
0.789034
0.788415
0.787792
0.787165
0.786537
0.785908
0.785279
0.78465
0.784021
0.783394
0.78277
0.782149
0.781534
0.780925
0.780323
0.77973
0.779146
0.778573
0.778012
0.777464
0.77693
0.776412
0.775911
0.775428
0.774966
0.774524
0.774104
0.773706
0.773333
0.772985
0.772661
0.772364
0.772093
0.771849
0.771632
0.771444
0.771284
0.771154
0.771052
0.770981
0.770939
0.770927
0.770945
0.770991
0.771068
0.771174
0.77131
0.771473
0.771665
0.771885
0.772133
0.772407
0.772708
0.773036
0.773389
0.773767
0.774169
0.774594
0.775041
0.775509
0.775997
0.776505
0.777031
0.777576
0.778138
0.778717
0.77931
0.779919
0.780542
0.781178
0.781827
0.782486
0.783154
0.783831
0.784516
0.785207
0.785904
0.786605
0.78731
0.788018
0.788728
0.789437
0.790145
0.79085
0.791552
0.792248
0.792938
0.79362
0.794292
0.794953
0.795601
0.796235
0.796853
0.797455
0.79804
0.798605
0.799149
0.79967
0.800165
0.800636
0.80108
0.801498
0.801886
0.802243
0.802567
0.802858
0.803115
0.803338
0.803526
0.803675
0.803787
0.80386
0.803895
0.80389
0.803845
0.80376
0.803635
0.803471
0.803267
0.803023
0.80274
0.80242
0.802063
0.80167
0.801242
0.800781
0.800288
0.799765
0.799214
0.798636
0.798034
0.797409
0.796762
0.796095
0.79541
0.794711
0.793999
0.793277
0.792547
0.791811
0.791072
0.790331
0.789591
0.788855
0.788125
0.787404
0.786695
0.786
0.78532
0.784659
0.78402
0.783403
0.78281
0.782244
0.781705
0.781198
0.780722
0.78028
0.779875
0.779506
0.779176
0.778884
0.778634
0.778425
0.77826
0.778138
0.778061
0.778029
0.778042
0.7781
0.778205
0.778356
0.778554
0.778799
0.779089
0.779426
0.779807
0.780232
0.7807
0.781212
0.781766
0.782362
0.782997
0.783671
0.784382
0.785131
0.785916
0.786735
0.787583
0.78846
0.789364
0.790292
0.791242
0.792212
0.793201
0.794205
0.795223
0.796251
0.797288
0.798331
0.799377
0.800424
0.80147
0.802513
0.803549
0.804576
0.805592
0.806596
0.807584
0.808554
0.809504
0.810432
0.811336
0.812215
0.813065
0.813886
0.814677
0.815435
0.816158
0.816844
0.817493
0.818104
0.818675
0.819207
0.819696
0.820142
0.820545
0.820904
0.821218
0.821486
0.82171
0.821889
0.822022
0.822109
0.822149
0.822144
0.822093
0.821997
0.821855
0.821669
0.821438
0.821163
0.820844
0.820483
0.820081
0.819637
0.819153
0.818629
0.818067
0.817466
0.816828
0.816153
0.81544
0.814693
0.81391
0.813094
0.812244
0.811361
0.810445
0.809499
0.808523
0.80752
0.806488
0.80543
0.804346
0.803237
0.802102
0.800945
0.799765
0.798563
0.797342
0.796103
0.794847
0.793577
0.792291
0.790991
0.789678
0.788354
0.78702
0.785677
0.784327
0.78297
0.781607
0.780242
0.778876
0.777509
0.776143
0.774779
0.773419
0.772066
0.77072
0.769384
0.768058
0.766746
0.765448
0.764166
0.762901
0.761657
0.760433
0.759233
0.758056
0.756907
0.755788
0.7547
0.753645
0.752624
0.751639
0.75069
0.749781
0.748913
0.748087
0.747306
0.74657
0.745881
0.74524
0.744649
0.744108
0.743618
0.74318
0.742795
0.742462
0.742183
0.741958
0.741787
0.74167
0.741607
0.741597
0.74164
0.741734
0.741879
0.742073
0.742314
0.742601
0.742932
0.743303
0.743714
0.74416
0.744641
0.745152
0.745692
0.746257
0.746845
0.747454
0.748078
0.748717
0.749367
0.750024
0.750684
0.751345
0.752005
0.75266
0.753307
0.753945
0.754571
0.755182
0.755776
0.756352
0.756905
0.757437
0.757944
0.758426
0.758879
0.759304
0.7597
0.760065
0.760399
0.760703
0.760975
0.761215
0.761423
0.761601
0.761748
0.761867
0.761957
0.762018
0.762052
0.762058
0.762039
0.761995
0.761928
0.761841
0.761733
0.761607
0.761463
0.761304
0.76113
0.760944
0.760748
0.760543
0.760332
0.760115
0.759893
0.75967
0.759446
0.759225
0.759007
0.758795
0.758591
0.758397
0.758213
0.758041
0.757885
0.757745
0.757623
0.75752
0.757438
0.757376
0.757337
0.757323
0.757335
0.757375
0.757443
0.757541
0.757668
0.757826
0.758015
0.758236
0.758487
0.758771
0.759088
0.759437
0.75982
0.760235
0.760684
0.761165
0.76168
0.762227
0.762805
0.763415
0.764056
0.764729
0.765431
0.766163
0.766924
0.767713
0.768528
0.76937
0.770235
0.771124
0.772035
0.772966
0.773918
0.77489
0.775878
0.776883
0.777904
0.778937
0.779982
0.781038
0.782102
0.783175
0.784254
0.78534
0.786431
0.787525
0.788621
0.789719
0.790817
0.791914
0.793008
0.794097
0.795182
0.796261
0.797334
0.798401
0.799461
0.800512
0.801556
0.802591
0.803616
0.80463
0.805634
0.806626
0.807605
0.808572
0.809527
0.810471
0.811403
0.812322
0.813229
0.814121
0.814999
0.815864
0.816715
0.817554
0.818378
0.819189
0.819986
0.82077
0.821542
0.8223
0.823045
0.823777
0.824495
0.8252
0.825892
0.82657
0.827233
0.827882
0.828518
0.82914
0.829747
0.830338
0.830915
0.831477
0.832023
0.832552
0.833062
0.833554
0.834025
0.834478
0.834909
0.83532
0.835708
0.836074
0.836415
0.836731
0.837021
0.837285
0.83752
0.837726
0.8379
0.838043
0.838153
0.838229
0.838271
0.838276
0.838246
0.838177
0.83807
0.837923
0.837736
0.837509
0.837239
0.836927
0.836571
0.836171
0.835727
0.835239
0.834707
0.83413
0.83351
0.832846
0.832138
0.831387
0.830592
0.829754
0.828873
0.827952
0.82699
0.825989
0.824949
0.823871
0.822758
0.821611
0.82043
0.819218
0.817976
0.816706
0.81541
0.814091
0.812752
0.811392
0.810016
0.808625
0.807222
0.805809
0.804388
0.802961
0.801531
0.800102
0.798676
0.797257
0.795846
0.794446
0.793059
0.791689
0.790338
0.789009
0.787705
0.786428
0.785181
0.783966
0.782786
0.781643
0.78054
0.779478
0.77846
0.777489
0.776567
0.775695
0.774877
0.774111
0.773402
0.77275
0.772157
0.771626
0.771156
0.77075
0.770407
0.770131
0.769921
0.769777
0.7697
0.769689
0.769745
0.769868
0.770058
0.770313
0.770635
0.771021
0.771471
0.771982
0.772553
0.773183
0.773871
0.774614
0.77541
0.776259
0.777158
0.778103
0.779092
0.780123
0.781194
0.782301
0.783442
0.784612
0.785809
0.787029
0.788269
0.789525
0.790794
0.792073
0.793357
0.794643
0.795929
0.797209
0.798482
0.799743
0.800988
0.802215
0.803418
0.804595
0.805741
0.806855
0.807931
0.808967
0.80996
0.810908
0.811808
0.812656
0.813452
0.814192
0.814872
0.815491
0.816047
0.816539
0.816966
0.817326
0.817618
0.81784
0.817991
0.818072
0.818083
0.818023
0.817892
0.817693
0.817425
0.81709
0.816687
0.81622
0.815689
0.815098
0.814448
0.813742
0.812983
0.812174
0.811318
0.81042
0.809482
0.808509
0.807507
0.806477
0.805424
0.804354
0.80327
0.802177
0.801081
0.799984
0.798894
0.797814
0.796748
0.7957
0.794674
0.793674
0.792704
0.791767
0.790867
0.790007
0.78919
0.788417
0.787693
0.787018
0.786394
0.785823
0.785308
0.784846
0.78444
0.784088
0.783792
0.78355
0.783363
0.78323
0.783147
0.783115
0.783131
0.783194
0.783302
0.783453
0.783644
0.783872
0.784137
0.784436
0.784767
0.785128
0.785515
0.785926
0.786358
0.78681
0.787278
0.787762
0.788258
0.788764
0.789281
0.789805
0.790334
0.790867
0.791404
0.791942
0.79248
0.793015
0.793548
0.794077
0.794603
0.795123
0.795637
0.796145
0.796645
0.797138
0.797622
0.798097
0.798562
0.799016
0.799459
0.799891
0.80031
0.800717
0.801112
0.801492
0.801859
0.802213
0.802552
0.802875
0.803183
0.803474
0.803749
0.804008
0.80425
0.804476
0.804685
0.804876
0.805049
0.805204
0.80534
0.805456
0.805554
0.805633
0.805693
0.805734
0.805755
0.805758
0.805742
0.805708
0.805655
0.805584
0.805495
0.805389
0.805267
0.805128
0.804974
0.804806
0.804624
0.804429
0.804223
0.804005
0.803778
0.803541
0.803297
0.803045
0.802788
0.802527
0.802263
0.801997
0.801731
0.801465
0.801201
0.800939
0.800681
0.800427
0.800179
0.799936
0.799699
0.799468
0.799243
0.799026
0.798816
0.798615
0.798421
0.798236
0.798058
0.797887
0.797721
0.797561
0.797406
0.797255
0.797106
0.79696
0.796816
0.796672
0.796527
0.796381
0.796234
0.796083
0.795929
0.795771
0.795608
0.795439
0.795263
0.79508
0.794888
0.794686
0.794474
0.794251
0.794018
0.793772
0.793515
0.793244
0.792962
0.792667
0.79236
0.792041
0.79171
0.791368
0.791016
0.790654
0.790282
0.789901
0.789511
0.789113
0.788708
0.788296
0.787878
0.787455
0.787027
0.786595
0.786163
0.78573
0.785298
0.784866
0.784435
0.784006
0.78358
0.783158
0.782741
0.78233
0.781925
0.781527
0.781139
0.780758
0.780387
0.780025
0.779673
0.77933
0.778999
0.77868
0.778373
0.778078
0.777794
0.777522
0.777261
0.777012
0.776774
0.776548
0.776335
0.776134
0.775943
0.775764
0.775595
0.775436
0.775286
0.775145
0.775011
0.774884
0.774765
0.774652
0.774545
0.774444
0.774348
0.774255
0.774167
0.774081
0.773996
0.773913
0.77383
0.773746
0.773662
0.773576
0.773489
0.7734
0.773308
0.773214
0.773115
0.773013
0.772906
0.772793
0.772674
0.772549
0.772417
0.772279
0.772134
0.771982
0.771823
0.771658
0.771486
0.771307
0.771121
0.77093
0.770732
0.77053
0.770322
0.77011
0.769893
0.769673
0.76945
0.769224
0.768995
0.768764
0.768532
0.768298
0.768065
0.767831
0.767599
0.767369
0.767141
0.766915
0.766693
0.766475
0.766262
0.766054
0.765853
0.765659
0.765471
0.765292
0.765121
0.764959
0.764806
0.764662
0.764528
0.764404
0.764292
0.764191
0.764102
0.764024
0.763957
0.763901
0.763856
0.763821
0.763796
0.763781
0.763776
0.763781
0.763794
0.763816
0.763845
0.763882
0.763926
0.763977
0.764034
0.764096
0.764162
0.764231
0.764302
0.764376
0.764452
0.764529
0.764606
0.764682
0.764757
0.764831
0.764903
0.764972
0.765039
0.765102
0.76516
0.765211
0.765256
0.765295
0.765328
0.765354
0.765374
0.765386
0.765391
0.765387
0.765376
0.765356
0.765328
0.765293
0.765252
0.765202
0.765145
0.76508
0.765006
0.764926
0.764837
0.764743
0.764641
0.764533
0.764419
0.7643
0.764175
0.764046
0.763911
0.763772
0.763628
0.763479
0.763326
0.763168
0.763006
0.76284
0.76267
0.762496
0.762319
0.762138
0.761952
0.761763
0.761569
0.761371
0.76117
0.760966
0.760757
0.760545
0.760329
0.76011
0.759889
0.759665
0.759438
0.759209
0.758976
0.758741
0.758504
0.758265
0.758025
0.757785
0.757544
0.757303
0.757063
0.756825
0.75659
0.756358
0.756131
0.755909
0.755692
0.755484
0.755286
0.755098
0.754921
0.754756
0.754605
0.754468
0.754349
0.754246
0.754162
0.754098
0.754055
0.754034
0.754036
0.754064
0.754116
0.754194
0.754297
0.754429
0.754588
0.754775
0.754991
0.755237
0.755512
0.755817
0.756153
0.756518
0.756912
0.757334
0.757786
0.758266
0.758773
0.759307
0.759866
0.760451
0.761059
0.761691
0.762346
0.763021
0.763713
0.764422
0.765146
0.765882
0.76663
0.767387
0.768151
0.768921
0.769694
0.770469
0.771245
0.772018
0.772788
0.773553
0.77431
0.775059
0.775796
0.776521
0.77723
0.777923
0.778598
0.779253
0.779888
0.780501
0.781091
0.781656
0.782197
0.782712
0.7832
0.783661
0.784094
0.784498
0.784874
0.785221
0.785539
0.785826
0.786084
0.786312
0.786511
0.786682
0.786826
0.786945
0.787037
0.787103
0.787144
0.787162
0.787156
0.78713
0.787084
0.78702
0.78694
0.786844
0.786733
0.786608
0.786473
0.786328
0.786176
0.786016
0.785852
0.785684
0.785516
0.785349
0.785184
0.785024
0.78487
0.784724
0.784586
0.784459
0.784345
0.784244
0.78416
0.784094
0.784046
0.784017
0.784009
0.784022
0.784059
0.78412
0.784206
0.784318
0.784456
0.784623
0.784819
0.785044
0.785301
0.785588
0.785905
0.786253
0.786632
0.787041
0.78748
0.787951
0.788453
0.788987
0.789551
0.790145
0.790769
0.791423
0.792105
0.792814
0.793551
0.794313
0.795101
0.795911
0.796744
0.797598
0.798472
0.799366
0.800277
0.801204
0.802147
0.803102
0.80407
0.805049
0.806037
0.807032
0.808034
0.809042
0.810052
0.811065
0.812078
0.81309
0.8141
0.815108
0.816109
0.817103
0.818089
0.819066
0.820032
0.820986
0.821928
0.822854
0.823764
0.824657
0.825533
0.826389
0.827224
0.828038
0.828829
0.829597
0.830339
0.831055
0.831745
0.832408
0.833042
0.833648
0.834225
0.834772
0.835288
0.835773
0.836226
0.836647
0.837034
0.837386
0.837704
0.837987
0.838235
0.838446
0.838621
0.838759
0.838861
0.838926
0.838954
0.838944
0.838898
0.838814
0.838693
0.838535
0.838339
0.838105
0.837835
0.837527
0.837181
0.836797
0.836375
0.835916
0.835419
0.834886
0.834315
0.833708
0.833064
0.832385
0.831671
0.830922
0.830139
0.829322
0.828471
0.827586
0.826667
0.825715
0.824731
0.823715
0.822668
0.821589
0.820481
0.819342
0.818175
0.816981
0.815759
0.81451
0.813234
0.811932
0.810603
0.809249
0.807871
0.806469
0.805044
0.803595
0.802125
0.800632
0.799118
0.797583
0.796028
0.794453
0.79286
0.791249
0.78962
0.787974
0.786313
0.784636
0.782944
0.781239
0.779521
0.777791
0.77605
0.774299
0.772539
0.770771
0.768996
0.767214
0.765426
0.763634
0.761838
0.76004
0.758242
0.756443
0.754647
0.752855
0.751068
0.749288
0.747514
0.74575
0.743996
0.742254
0.740526
0.738814
0.737122
0.735449
0.733798
0.732172
0.730572
0.728999
0.727456
0.725944
0.724465
0.723023
0.721619
0.720255
0.718934
0.717658
0.71643
0.715251
0.714125
0.713053
0.712038
0.711082
0.710187
0.709354
0.708586
0.707885
0.707252
0.706691
0.706201
0.705787
0.705447
0.705185
0.705001
0.704897
0.704875
0.704934
0.705077
0.705303
0.705614
0.70601
0.706493
0.707064
0.707721
0.708465
0.709295
0.710211
0.711212
0.712296
0.713464
0.714715
0.716048
0.71746
0.71895
0.720517
0.722159
0.723874
0.725659
0.727513
0.729435
0.73142
0.733468
0.735577
0.737742
0.73996
0.742229
0.744546
0.746908
0.749312
0.751754
0.754232
0.756742
0.759281
0.761845
0.764431
0.767035
0.769654
0.772284
0.774924
0.777568
0.780213
0.782857
0.785496
0.788127
0.790747
0.793351
0.795938
0.798504
0.801046
0.803561
0.806046
0.808498
0.810914
0.813293
0.815631
0.817926
0.820175
0.822376
0.824527
0.826627
0.828671
0.830659
0.83259
0.834461
0.836271
0.838017
0.8397
0.841317
0.842867
0.844349
0.845762
0.847104
0.848376
0.849576
0.850704
0.851759
0.85274
0.853648
0.854482
0.855243
0.855931
0.856546
0.857087
0.857554
0.857949
0.858272
0.858522
0.858702
0.858812
0.858855
0.858829
0.858734
0.858572
0.858345
0.858053
0.857698
0.857282
0.856804
0.856268
0.855673
0.855021
0.854315
0.853554
0.852741
0.851877
0.850962
0.849999
0.848989
0.847935
0.846838
0.845699
0.844521
0.843304
0.842052
0.840765
0.839446
0.838095
0.836715
0.835307
0.833874
0.832417
0.830936
0.829434
0.827912
0.826372
0.824814
0.82324
0.821653
0.820054
0.818443
0.816822
0.815193
0.813557
0.811914
0.810267
0.808617
0.806964
0.805311
0.803657
0.802005
0.800357
0.798712
0.797072
0.795439
0.793815
0.7922
0.790596
0.789002
0.787422
0.785856
0.784304
0.782771
0.781255
0.779757
0.77828
0.776823
0.775389
0.773977
0.772588
0.771224
0.769885
0.768573
0.767288
0.766032
0.764804
0.763606
0.762438
0.7613
0.760195
0.759122
0.758083
0.757079
0.756109
0.755173
0.754272
0.753407
0.752578
0.751785
0.751027
0.750307
0.749623
0.748976
0.748367
0.747796
0.747262
0.746766
0.746308
0.745887
0.745504
0.745158
0.74485
0.744579
0.744346
0.74415
0.743992
0.743871
0.743787
0.743739
0.743727
0.743751
0.743811
0.743908
0.74404
0.744207
0.744408
0.744644
0.744914
0.745218
0.745556
0.745927
0.746332
0.746769
0.747239
0.747741
0.748275
0.748839
0.749434
0.750058
0.750711
0.751393
0.752104
0.752842
0.753608
0.754399
0.755215
0.756056
0.756921
0.757807
0.758715
0.759644
0.760592
0.761559
0.762544
0.763546
0.764563
0.765594
0.766638
0.767693
0.768759
0.769833
0.770916
0.772004
0.773096
0.774191
0.775289
0.776388
0.777486
0.778583
0.779677
0.780764
0.781844
0.782915
0.783976
0.785025
0.786062
0.787085
0.788093
0.789085
0.790058
0.791014
0.79195
0.792866
0.793761
0.794633
0.795481
0.796304
0.797101
0.797873
0.798618
0.799337
0.800027
0.80069
0.801324
0.801931
0.802508
0.803057
0.803577
0.804068
0.804531
0.804965
0.80537
0.805748
0.806098
0.80642
0.806715
0.806982
0.807224
0.80744
0.807632
0.807799
0.807941
0.808059
0.808155
0.808229
0.808281
0.808312
0.808323
0.808314
0.808286
0.808239
0.808174
0.808093
0.807995
0.807881
0.80775
0.807604
0.807444
0.807271
0.807084
0.806885
0.806673
0.806448
0.806213
0.805968
0.805714
0.80545
0.805178
0.804897
0.804608
0.804312
0.80401
0.803701
0.803388
0.803071
0.802751
0.802429
0.802106
0.801781
0.801457
0.801135
0.800815
0.800499
0.800187
0.79988
0.79958
0.799287
0.799001
0.798723
0.798455
0.798198
0.797951
0.797717
0.797495
0.797287
0.797094
0.796917
0.796756
0.796613
0.796488
0.796381
0.796295
0.796228
0.796183
0.796159
0.796157
0.796178
0.796223
0.796291
0.796382
0.796495
0.79663
0.796789
0.796971
0.797175
0.797401
0.797649
0.797919
0.79821
0.798522
0.798855
0.799209
0.799581
0.799972
0.80038
0.800804
0.801243
0.801696
0.802162
0.80264
0.80313
0.80363
0.804139
0.804656
0.805178
0.805704
0.806232
0.80676
0.807287
0.807811
0.808331
0.808845
0.809352
0.809849
0.810336
0.810811
0.811272
0.811718
0.812146
0.812555
0.812943
0.813309
0.813653
0.813972
0.814264
0.814529
0.814765
0.814972
0.815148
0.815292
0.815402
0.815479
0.815521
0.815527
0.815497
0.815429
0.815325
0.815182
0.815
0.814777
0.814514
0.814211
0.813866
0.813481
0.813055
0.812587
0.812078
0.811528
0.810938
0.810307
0.809635
0.808923
0.808171
0.807379
0.80655
0.805683
0.80478
0.803841
0.802867
0.80186
0.800819
0.799745
0.79864
0.797505
0.796342
0.79515
0.793933
0.79269
0.791424
0.790136
0.788829
0.787505
0.786164
0.784808
0.783439
0.782058
0.780668
0.77927
0.777868
0.776462
0.775054
0.773646
0.772241
0.77084
0.769446
0.76806
0.766685
0.765323
0.763974
0.762642
0.761329
0.760036
0.758768
0.757527
0.756313
0.755128
0.753974
0.752851
0.751763
0.750709
0.749694
0.748717
0.747781
0.746885
0.746032
0.745222
0.744456
0.743736
0.743062
0.742436
0.741858
0.741329
0.74085
0.740421
0.740042
0.739713
0.739435
0.739208
0.739031
0.738904
0.738827
0.738799
0.73882
0.738887
0.739001
0.739161
0.739368
0.739618
0.739912
0.740246
0.740621
0.741033
0.74148
0.741962
0.742477
0.743023
0.743599
0.744202
0.744831
0.745482
0.746154
0.746844
0.747551
0.748271
0.749002
0.749742
0.750489
0.75124
0.751994
0.752749
0.7535
0.754246
0.754984
0.755711
0.756424
0.757123
0.757804
0.758465
0.759104
0.759719
0.760308
0.76087
0.761401
0.7619
0.762365
0.762794
0.763186
0.763539
0.763851
0.764123
0.76435
0.764533
0.764669
0.764757
0.764797
0.764788
0.764731
0.764622
0.764462
0.764251
0.763988
0.763673
