9.77842
9.78163
9.78447
9.78903
9.79321
9.79839
9.80318
9.80826
9.81363
9.82069
9.82661
9.8328
9.83926
9.84597
9.85221
9.8594
9.86682
9.87375
9.88159
9.88892
9.89856
9.90766
9.91622
9.92493
9.93237
9.94205
9.95185
9.96244
9.96888
9.9782
9.98757
9.99768
10.0064
10.0158
10.0259
10.0339
10.0438
10.0531
10.0615
10.0697
10.08
10.09
10.0978
10.1068
10.1149
10.1227
10.1295
10.1368
10.1437
10.1503
10.1552
10.1618
10.1667
10.1718
10.1758
10.1808
10.1847
10.1873
10.1903
10.1927
10.1947
10.1961
10.1971
10.1989
10.1988
10.1981
10.197
10.1967
10.1944
10.1923
10.1889
10.1871
10.1819
10.1775
10.1726
10.1658
10.1591
10.1525
10.1433
10.1364
10.1275
10.1181
10.1089
10.0984
10.0874
10.0773
10.0646
10.0514
10.0391
10.025
10.0097
9.99528
9.97976
9.96239
9.94743
9.93135
9.91558
9.89873
9.88221
9.86535
9.84815
9.82923
9.81
9.7912
9.77071
9.7514
9.73256
9.71423
9.69499
9.67277
9.65253
9.63216
9.60959
9.58905
9.56918
9.54716
9.52513
9.50453
9.48257
9.4621
9.4403
9.42144
9.40131
9.38276
9.36299
9.34344
9.32272
9.30508
9.2863
9.26784
9.24899
9.23119
9.21375
9.19669
9.18002
9.16518
9.14936
9.1347
9.11978
9.10535
9.09211
9.07936
9.06642
9.0547
9.0435
9.03143
9.02131
9.01174
9.00272
8.99286
8.98497
8.97694
8.96808
8.9619
8.95489
8.94845
8.9433
8.93732
8.93334
8.92923
8.92711
8.92345
8.92109
8.9193
8.92022
8.92029
8.92094
8.92287
8.92467
8.92632
8.92783
8.93202
8.93605
8.94134
8.94648
8.95215
8.95694
8.96225
8.96878
8.97652
8.98476
8.99136
9.00125
9.0109
9.02381
9.03503
9.04807
9.05798
9.07038
9.08315
9.09767
9.11039
9.12271
9.13813
9.1524
9.16548
9.17808
9.19369
9.20875
9.22326
9.23859
9.2526
9.26739
9.28223
9.29568
9.30984
9.32538
9.34087
9.35346
9.36878
9.38539
9.39903
9.41391
9.4279
9.44098
9.45454
9.46855
9.48158
9.49504
9.50819
9.52173
9.5321
9.54354
9.55532
9.56389
9.57561
9.58551
9.59571
9.60548
9.61483
9.62234
9.63081
9.63744
9.64361
9.65075
9.65674
9.66298
9.66877
9.67483
9.67902
9.68349
9.68682
9.69044
9.69293
9.69432
9.69601
9.6966
9.69682
9.69668
9.69619
9.69606
9.69632
9.69556
9.69239
9.69106
9.68946
9.68833
9.68626
9.68539
9.68432
9.68166
9.68026
9.6773
9.67421
9.67243
9.66773
9.66508
9.66026
9.65892
9.65545
9.65197
9.64638
9.64364
9.64024
9.6383
9.63573
9.63324
9.63014
9.62786
9.62215
9.61797
9.61393
9.60861
9.60626
9.60336
9.60061
9.59802
9.5963
9.59474
9.59264
9.59212
9.59106
9.59015
9.5894
9.5874
9.58554
9.58453
9.58365
9.5829
9.58157
9.58176
9.58347
9.58457
9.58575
9.5849
9.5834
9.58408
9.5848
9.58626
9.58634
9.58643
9.58864
9.58943
9.59021
9.59096
9.59239
9.59377
9.59439
9.59566
9.59615
9.59587
9.59479
9.59575
9.59592
9.59741
9.59738
9.59655
9.59704
9.596
9.59416
9.59504
9.59511
9.59154
9.59
9.58836
9.58663
9.58623
9.58575
9.58448
9.58244
9.58104
9.58029
9.57879
9.57654
9.57426
9.57267
9.57034
9.57012
9.5692
9.56828
9.56525
9.56436
9.56351
9.5634
9.56264
9.56263
9.55986
9.55857
9.55736
9.55623
9.55449
9.55425
9.55341
9.55337
9.55415
9.55292
9.55321
9.55292
9.55274
9.55269
9.55135
9.55083
9.55044
9.55087
9.55425
9.55351
9.55289
9.5538
9.55622
9.55734
9.55714
9.55846
9.56199
9.5642
9.56508
9.56673
9.56775
9.56954
9.57068
9.57329
9.57523
9.57722
9.57852
9.58126
9.58259
9.58464
9.58668
9.58942
9.59143
9.59341
9.59536
9.59726
9.60052
9.6023
9.60402
9.60565
9.60791
9.61077
9.61072
9.61267
9.6131
9.61693
9.61781
9.61857
9.61777
9.61895
9.61929
9.61877
9.6188
9.62009
9.61981
9.61938
9.61809
9.61804
9.61573
9.61397
9.61417
9.6121
9.61059
9.60823
9.60644
9.60523
9.60388
9.60171
9.59942
9.59702
9.59452
9.59334
9.59065
9.58788
9.58505
9.58146
9.57851
9.57623
9.5732
9.57016
9.56851
9.56474
9.56028
9.55654
9.55353
9.55056
9.54622
9.54263
9.53912
9.53849
9.53442
9.53115
9.52797
9.52561
9.52337
9.52195
9.52137
9.52021
9.51779
9.51692
9.51692
9.51424
9.51314
9.51292
9.51074
9.50945
9.51046
9.51024
9.51022
9.51038
9.51214
9.5134
9.51343
9.51367
9.51341
9.51546
9.51701
9.51877
9.52073
9.5243
9.52455
9.52853
9.5313
9.53499
9.53818
9.54157
9.54517
9.54897
9.55369
9.5579
9.56302
9.56693
9.57103
9.57533
9.58054
9.58664
9.59294
9.59942
9.60468
9.61013
9.61646
9.62297
9.62967
9.63654
9.64288
9.64939
9.65676
9.66359
9.67199
9.68053
9.68711
9.69453
9.7042
9.7147
9.72109
9.73042
9.73775
9.74518
9.75554
9.76528
9.77582
9.78644
9.79713
9.80647
9.81375
9.82321
9.8327
9.84293
9.85319
9.86346
9.87374
9.88261
9.89147
9.90102
9.91194
9.92142
9.93086
9.93953
9.94743
9.95667
9.96653
9.97558
9.98666
9.9962
10.0056
10.0149
10.0227
10.0302
10.0384
10.0463
10.0541
10.0624
10.0705
10.0763
10.0825
10.0886
10.0951
10.102
10.1073
10.1124
10.1178
10.123
10.128
10.1312
10.1369
10.1395
10.1432
10.148
10.151
10.1537
10.1554
10.1589
10.1606
10.1612
10.1622
10.1642
10.1645
10.1638
10.1619
10.1612
10.1621
10.1614
10.1595
10.1573
10.1547
10.1532
10.1507
10.1478
10.1432
10.1396
10.1372
10.1309
10.127
10.1201
10.115
10.1096
10.1039
10.0966
10.0883
10.0804
10.073
10.0654
10.0575
10.0481
10.0391
10.0293
10.0207
10.0113
10.0024
9.99134
9.98223
9.97232
9.96303
9.95437
9.94425
9.93549
9.9274
9.91789
9.90838
9.89958
9.8894
9.88066
9.86986
9.85911
9.84915
9.84068
9.8316
9.82193
9.81308
9.80437
9.79509
9.78455
9.77558
9.76748
9.75956
9.75253
9.74427
9.7362
9.72904
9.72209
9.71534
9.7074
9.69967
9.69356
9.68908
9.68411
9.67653
9.67128
9.66694
9.66282
9.66031
9.65517
9.65022
9.64758
9.6437
9.64
9.63576
9.63167
9.62843
9.62604
9.62447
9.6195
9.61532
9.61194
9.60935
9.60471
9.60224
9.60051
9.59599
9.59429
9.59261
9.59021
9.58779
9.58676
9.58356
9.58101
9.577
9.5729
9.57085
9.56729
9.56434
9.56058
9.55813
9.55486
9.55218
9.54867
9.54435
9.54061
9.53676
9.53279
9.52872
9.52384
9.51957
9.51592
9.51147
9.50625
9.50096
9.49634
9.48955
9.48485
9.48014
9.47613
9.47144
9.46819
9.46428
9.46044
9.45738
9.45371
9.44944
9.44602
9.44274
9.43963
9.436
9.43398
9.43077
9.4285
9.42578
9.42333
9.41975
9.41646
9.41561
9.41437
9.41419
9.41365
9.41417
9.41438
9.41355
9.41383
9.41451
9.41631
9.41853
9.42118
9.42426
9.42779
9.43175
9.43687
9.44173
9.44633
9.45207
9.45756
9.46348
9.47126
9.47735
9.48457
9.49363
9.50168
9.50944
9.519
9.52895
9.53998
9.54996
9.5603
9.57026
9.58406
9.59604
9.60973
9.62227
9.63505
9.64595
9.65988
9.67329
9.68757
9.70129
9.71372
9.72835
9.74095
9.75429
9.76836
9.78243
9.79717
9.81186
9.82575
9.84025
9.85319
9.86597
9.87855
9.89232
9.90867
9.9205
9.93273
9.94463
9.95617
9.96803
9.97737
9.98697
9.99682
10.0062
10.0165
10.0234
10.0304
10.0376
10.0449
10.0516
10.0562
10.0609
10.0656
10.0682
10.0723
10.0742
10.0769
10.0781
10.0785
10.0769
10.0752
10.0742
10.0717
10.0678
10.0632
10.0579
10.0511
10.0444
10.0377
10.0296
10.0223
10.0122
10.0023
9.991
9.97917
9.96681
9.95535
9.9427
9.92959
9.91746
9.90564
9.88993
9.87458
9.85965
9.84374
9.82831
9.81268
9.79971
9.78449
9.76988
9.75379
9.73767
9.72156
9.70547
9.68944
9.67491
9.6605
9.64553
9.63002
9.61401
9.59894
9.58411
9.56955
9.55458
9.54062
9.52771
9.51513
9.50151
9.48968
9.47754
9.46439
9.45096
9.44007
9.43032
9.42032
9.41076
9.40237
9.39303
9.38486
9.37716
9.36923
9.36247
9.35547
9.34965
9.34358
9.33869
9.33565
9.33095
9.3267
9.32358
9.3209
9.32076
9.32102
9.32028
9.31851
9.31713
9.31612
9.31547
9.31587
9.3159
9.31766
9.31691
9.31858
9.31981
9.32061
9.32167
9.32438
9.32803
9.33259
9.33382
9.33666
9.34037
9.34355
9.34828
9.35103
9.3539
9.3583
9.36208
9.36736
9.37201
9.37673
9.3808
9.38349
9.38763
9.39321
9.3974
9.40231
9.40651
9.4093
9.41348
9.41835
9.4232
9.42945
9.43495
9.43972
9.44374
9.44843
9.45307
9.45555
9.46222
9.46601
9.47045
9.47556
9.4792
9.48349
9.48702
9.4905
9.49534
9.4987
9.50272
9.5074
9.51131
9.51588
9.52039
9.52343
9.52784
9.53149
9.53509
9.54004
9.54354
9.54557
9.54895
9.55512
9.55981
9.56304
9.56481
9.56936
9.57174
9.57548
9.57846
9.58139
9.58639
9.58923
9.59131
9.59405
9.59746
9.5994
9.60131
9.60317
9.60569
9.60888
9.61132
9.61373
9.61469
9.61701
9.62071
9.62226
9.62448
9.62737
9.62882
9.63095
9.63376
9.63513
9.63859
9.64062
9.64333
9.64602
9.64799
9.65064
9.65257
9.6573
9.65989
9.66104
9.66289
9.66401
9.66581
9.66759
9.67005
9.6746
9.67771
9.67796
9.68171
9.6833
9.68485
9.68636
9.68783
9.68924
9.69061
9.69121
9.69316
9.69364
9.69476
9.69651
9.69749
9.69838
9.6999
9.70133
9.70338
9.70533
9.70577
9.70753
9.70706
9.70861
9.70934
9.70926
9.70836
9.70805
9.70691
9.70637
9.705
9.70421
9.704
9.70226
9.70039
9.69982
9.69913
9.6969
9.69597
9.69563
9.69234
9.68966
9.68686
9.68396
9.68308
9.68139
9.6782
9.67492
9.67297
9.67094
9.66601
9.66242
9.66018
9.65506
9.65271
9.6489
9.64435
9.64118
9.6387
9.6355
9.63159
9.62838
9.62449
9.62131
9.61887
9.61646
9.61268
9.60965
9.6081
9.60591
9.60237
9.59963
9.59698
9.59372
9.59056
9.5868
9.58528
9.58246
9.57906
9.57721
9.5755
9.57534
9.57392
9.57123
9.5694
9.56772
9.56831
9.56765
9.56926
9.56749
9.56729
9.56654
9.56594
9.56691
9.56661
9.56574
9.56572
9.56654
9.56677
9.56712
9.5697
9.57168
9.57022
9.57097
9.57249
9.57338
9.57573
9.57672
9.57914
9.58088
9.58405
9.58579
9.58681
9.58849
9.59014
9.59243
9.59393
9.59464
9.59736
9.59996
9.60242
9.60192
9.60337
9.60534
9.60643
9.60731
9.60798
9.60842
9.60721
9.60575
9.60474
9.60346
9.60049
9.59794
9.59509
9.59336
9.59061
9.58614
9.58417
9.57977
9.57716
9.57352
9.56885
9.56598
9.56137
9.55644
9.54838
9.54071
9.53485
9.52799
9.52013
9.51271
9.50432
9.49637
9.48818
9.48046
9.47252
9.46297
9.45394
9.44545
9.43679
9.42871
9.4198
9.40937
9.39887
9.38759
9.37767
9.36844
9.3585
9.34788
9.3387
9.33029
9.31984
9.3095
9.30069
9.29061
9.28069
9.27095
9.26072
9.25212
9.24305
9.23565
9.22854
9.22102
9.21382
9.20483
9.19759
9.19072
9.18422
9.17883
9.17312
9.16996
9.16581
9.16139
9.15883
9.15602
9.15368
9.15111
9.15183
9.14808
9.14834
9.14697
9.14749
9.1485
9.14928
9.15126
9.15372
9.15595
9.15936
9.16395
9.16829
9.17378
9.18042
9.1882
9.19428
9.20077
9.20766
9.21563
9.22327
9.23126
9.23959
9.24965
9.25861
9.26644
9.27665
9.2864
9.29568
9.30515
9.31411
9.32534
9.33672
9.34963
9.36264
9.37431
9.38462
9.39566
9.40672
9.41848
9.4295
9.44048
9.45068
9.46081
9.47153
9.48143
9.49191
9.50153
9.5131
9.52238
9.53429
9.54388
9.55327
9.56174
9.56928
9.57801
9.58651
9.59407
9.6007
9.60851
9.61679
9.62413
9.63124
9.64096
9.64692
9.65267
9.66032
9.66636
9.6722
9.67715
9.68404
9.68863
9.69448
9.69947
9.70572
9.71255
9.71853
9.723
9.72735
9.7316
9.73576
9.73772
9.74031
9.74352
9.74738
9.75048
9.75422
9.75933
9.76298
9.76589
9.76946
9.77301
9.77793
9.78071
9.78417
9.7876
9.79031
9.79299
9.79636
9.7997
9.80302
9.80703
9.81171
9.81424
9.81533
9.8185
9.82165
9.82334
9.82641
9.83014
9.83311
9.83956
9.84242
9.84452
9.84728
9.84926
9.85118
9.85586
9.85834
9.86145
9.86307
9.86532
9.8689
9.8724
9.87581
9.87701
9.87883
9.87986
9.8815
9.88306
9.88382
9.88449
9.88507
9.88627
9.88738
9.8877
9.88722
9.88737
9.88954
9.88881
9.88871
9.8864
9.88685
9.88723
9.88896
9.88922
9.89013
9.88816
9.88968
9.88902
9.89045
9.89042
9.89107
9.89027
9.88945
9.89073
9.88987
9.88899
9.88881
9.88862
9.88843
9.88825
9.88806
9.88716
9.88769
9.88892
9.88875
9.88859
9.88843
9.88687
9.88602
9.88518
9.88716
9.88632
9.88406
9.88392
9.88306
9.8829
9.88413
9.88393
9.88441
9.88416
9.88458
9.88355
9.88459
9.88418
9.8837
9.88246
9.88185
9.88259
9.88113
9.87958
9.87936
9.87834
9.8751
9.87245
9.87112
9.86826
9.86669
9.86501
9.8639
9.86267
9.8606
9.85841
9.85608
9.85363
9.85104
9.84902
9.84617
9.8453
9.84077
9.83682
9.83345
9.82997
9.82637
9.82407
9.82095
9.81702
9.81371
9.80889
9.80468
9.80039
9.79532
9.79089
9.78711
9.78185
9.77797
9.77263
9.76796
9.76185
9.75715
9.75244
9.74843
9.74444
9.73977
9.73299
9.72838
9.72381
9.71858
9.71413
9.71186
9.70755
9.70403
9.69991
9.69589
9.69199
9.68821
9.68243
9.67962
9.67625
9.67302
9.66995
9.66776
9.66785
9.66388
9.66222
9.65793
9.65737
9.65418
9.6505
9.64844
9.64591
9.64572
9.64435
9.64321
9.64445
9.64451
9.64764
9.6482
9.64761
9.64869
9.65072
9.65232
9.65558
9.6577
9.6622
9.66484
9.66774
9.6709
9.67361
9.67727
9.6826
9.68748
9.69118
9.69653
9.70069
9.70579
9.7111
9.71662
9.72375
9.73038
9.73718
9.74346
9.75131
9.7579
9.76464
9.7715
9.77707
9.78486
9.79204
9.79859
9.8052
9.81257
9.82349
9.83161
9.84045
9.84644
9.85382
9.85975
9.86774
9.87425
9.8821
9.88843
9.89465
9.90217
9.90672
9.91253
9.91889
9.92507
9.93107
9.93617
9.93965
9.94362
9.94736
9.95158
9.95627
9.96213
9.96632
9.96955
9.97323
9.97524
9.97769
9.98058
9.98391
9.98556
9.98696
9.98809
9.99108
9.99169
9.99489
9.99572
9.99562
9.99528
9.99401
9.99324
9.99367
9.99391
9.99326
9.99315
9.99428
9.99314
9.99186
9.98974
9.98963
9.98729
9.98626
9.98446
9.98188
9.98066
9.97869
9.9774
9.97469
9.97268
9.97068
9.9687
9.96816
9.96696
9.96582
9.96333
9.96233
9.96282
9.96271
9.962
9.95928
9.9581
9.95634
9.95472
9.95466
9.95333
9.95216
9.95115
9.95172
9.95174
9.95335
9.95371
9.95425
9.95425
9.95513
9.95829
9.95879
9.95876
9.95888
9.95986
9.96241
9.9644
9.96794
9.97232
9.9747
9.9765
9.9784
9.98182
9.98392
9.9868
9.98905
9.99136
9.99443
9.99753
10.0014
10.0045
10.0083
10.0129
10.0145
10.0183
10.0192
10.0221
10.0257
10.0285
10.0304
10.0322
10.0347
10.0369
10.0391
10.0403
10.0421
10.0451
10.0472
10.047
10.0494
10.0488
10.0486
10.0475
10.0496
10.0494
10.0497
10.0497
10.0487
10.0467
10.0445
10.0441
10.0405
10.0382
10.0362
10.0333
10.0286
10.0259
10.0214
10.0173
10.0137
10.0091
10.005
9.99986
9.99449
9.99028
9.98513
9.97833
9.97201
9.96475
9.95658
9.94892
9.94034
9.93229
9.92407
9.91497
9.90783
9.89983
9.89241
9.88486
9.87648
9.86871
9.86013
9.85005
9.8399
9.83179
9.82292
9.81329
9.80504
9.79605
9.78916
9.78084
9.77181
9.76208
9.75306
9.74336
9.73439
9.72686
9.71867
9.70981
9.70172
9.69297
9.68428
9.67496
9.665
9.65652
9.64811
9.63908
9.62943
9.62127
9.6132
9.60592
9.59733
9.58953
9.58465
9.57633
9.56811
9.56069
9.55336
9.54543
9.5376
9.53197
9.52574
9.51749
9.51145
9.50481
9.49826
9.49182
9.48548
9.47994
9.47379
9.46774
9.4618
9.45525
9.44951
9.44458
9.43834
9.43291
9.4297
9.42448
9.41936
9.41577
9.41087
9.40467
9.40069
9.39542
9.39098
9.38735
9.38314
9.37834
9.37437
9.37122
9.36819
9.36387
9.35967
9.35771
9.35516
9.35203
9.35043
9.34542
9.34194
9.33929
9.33745
9.33573
9.33411
9.33119
9.32696
9.32353
9.32021
9.31839
9.31596
9.31363
9.31349
9.31273
9.31135
9.30933
9.30808
9.30761
9.30649
9.30613
9.30512
9.30416
9.30254
9.30166
9.30152
9.29929
9.2978
9.29774
9.29699
9.29697
9.29625
9.29554
9.29484
9.29415
9.29417
9.29279
9.29282
9.29215
9.29078
9.29012
9.28947
9.28811
9.28676
9.28684
9.28622
9.28701
9.28571
9.28442
9.28527
9.28403
9.28352
9.28305
9.28402
9.28362
9.28256
9.28084
9.28128
9.28108
9.28093
9.28084
9.28082
9.28158
9.281
9.28191
9.28361
9.28328
9.28444
9.28429
9.28424
9.28499
9.28513
9.28466
9.28501
9.28475
9.28601
9.28596
9.28813
9.28828
9.28994
9.291
9.29286
9.29482
9.29616
9.29901
9.30123
9.30213
9.30594
9.3084
9.31093
9.31282
9.31477
9.31818
9.32164
9.32513
9.32935
9.33361
9.33787
9.33933
9.3415
9.34296
9.34653
9.34939
9.35222
9.35574
9.35852
9.36056
9.36114
9.36449
9.36779
9.37032
9.3742
9.37731
9.38105
9.38401
9.38477
9.38686
9.38886
9.39148
9.39259
9.39431
9.39593
9.39885
9.39955
9.40014
9.40132
9.40451
9.40405
9.40488
9.40488
9.40618
9.40664
9.40768
9.40789
9.40725
9.40719
9.40488
9.40384
9.40337
9.40417
9.40272
9.40467
9.40365
9.40391
9.40263
9.40193
9.4004
9.39876
9.39841
9.39795
9.39528
9.39322
9.39037
9.38957
9.38519
9.38216
9.38123
9.38027
9.3772
9.37555
9.37393
9.37095
9.36734
9.36452
9.36323
9.36067
9.36037
9.35673
9.3554
9.35429
9.35343
9.35283
9.35251
9.35251
9.35354
9.35562
9.35665
9.35806
9.35918
9.36141
9.36479
9.3679
9.37077
9.37552
9.38003
9.38715
9.39475
9.40002
9.40508
9.41206
9.42094
9.4282
9.43736
9.4456
9.45503
9.46422
9.47458
9.48609
9.49874
9.50969
9.52175
9.53419
9.54558
9.55803
9.57151
9.58387
9.59932
9.6122
9.626
9.64069
9.65625
9.67054
9.68562
9.70078
9.71738
9.73257
9.74631
9.7614
9.77427
9.78913
9.8031
9.81759
9.83254
9.8458
9.85947
9.87281
9.88648
9.90046
9.91189
9.92358
9.93407
9.94475
9.95419
9.96377
9.97348
9.98259
9.99037
9.99752
10.0033
10.0092
10.015
10.0203
10.0234
10.0258
10.0283
10.0308
10.0334
10.0338
10.0337
10.0336
10.0322
10.0301
10.0268
10.0237
10.0193
10.0158
10.0104
10.006
10.0011
9.99586
9.98811
9.98003
9.97447
9.96652
9.95832
9.94992
9.94276
9.93475
9.92592
9.91771
9.91156
9.90398
9.8964
9.88814
9.88063
9.87179
9.86446
9.85653
9.84945
9.8404
9.83364
9.82565
9.81784
9.81165
9.80567
9.79991
9.79367
9.78766
9.7826
9.77565
9.77035
9.76459
9.76047
9.75588
9.75364
9.74881
9.74561
9.74264
9.73704
9.73307
9.73071
9.72784
9.72515
9.72264
9.72171
9.71953
9.71609
9.71773
9.71597
9.71364
9.71213
9.71003
9.70874
9.70754
9.70573
9.704
9.70235
9.69864
9.6971
9.69632
9.6963
9.69773
9.69637
9.69505
9.69516
9.69458
9.69261
9.69134
9.69079
9.69165
9.69108
9.6891
9.6878
9.68719
9.68655
9.6866
9.6859
9.68587
9.68509
9.68426
9.68408
9.68314
9.68284
9.68389
9.68344
9.68222
9.68092
9.67811
9.67663
9.67364
9.67337
9.67158
9.66898
9.66768
9.66344
9.66119
9.66025
9.65705
9.65444
9.65171
9.65025
9.64726
9.64484
9.64088
9.63679
9.63468
9.63103
9.62725
9.62264
9.61861
9.61445
9.61087
9.60506
9.60055
9.59592
9.59331
9.58847
9.58282
9.5778
9.57268
9.56677
9.5615
9.55616
9.55146
9.5467
9.54189
9.53492
9.52861
9.52087
9.51451
9.50885
9.50107
9.49541
9.48905
9.48342
9.47783
9.47157
9.46818
9.46131
9.45522
9.45062
9.44398
9.43602
9.43169
9.42747
9.42125
9.41799
9.41345
9.40764
9.4041
9.39932
9.39541
9.39167
9.38741
9.38404
9.38298
9.38141
9.37721
9.37676
9.37298
9.37083
9.3682
9.36649
9.36571
9.36586
9.36553
9.36543
9.36414
9.36448
9.36505
9.36443
9.36403
9.36385
9.36458
9.36551
9.36665
9.36728
9.37022
9.37406
9.37596
9.37874
9.38027
9.38268
9.38524
9.38724
9.3908
9.39237
9.39547
9.4001
9.40274
9.40618
9.40901
9.41264
9.41565
9.41803
9.42049
9.42371
9.42771
9.43034
9.43443
9.43857
9.44204
9.44485
9.44839
9.45337
9.45838
9.46482
9.46987
9.47495
9.48075
9.48586
9.49028
9.49471
9.49776
9.50224
9.50814
9.51266
9.5179
9.52317
9.52916
9.53307
9.53629
9.54096
9.54567
9.55111
9.55659
9.56211
9.56768
9.57258
9.57752
9.58181
9.58686
9.59196
9.5964
9.6016
9.60756
9.61216
9.61753
9.62295
9.62844
9.63327
9.63817
9.64454
9.65025
9.65673
9.66256
9.66915
9.67509
9.68108
9.68642
9.69251
9.69865
9.70554
9.71035
9.71661
9.7215
9.72853
9.73559
9.74127
9.74838
9.75551
9.76265
9.77051
9.77626
9.78412
9.79057
9.79773
9.80276
9.80848
9.81489
9.82199
9.82836
9.8347
9.84171
9.84798
9.85422
9.8583
9.86585
9.87124
9.87869
9.88467
9.88989
9.89575
9.90013
9.90656
9.9108
9.91638
9.92118
9.92661
9.93267
9.93794
9.941
9.94679
9.95249
9.95881
9.96362
9.96834
9.97295
9.97748
9.98189
9.98762
9.99253
9.99662
9.99991
10.0024
10.0082
10.0126
10.0147
10.0188
10.0242
10.0273
10.0297
10.0311
10.0339
10.0366
10.0398
10.0429
10.0444
10.0465
10.0478
10.0489
10.0499
10.05
10.0514
10.0534
10.0545
10.0533
10.0542
10.0548
10.0554
10.0565
10.0567
10.0575
10.0567
10.0565
10.0554
10.0549
10.0535
10.0541
10.0517
10.0498
10.0485
10.0456
10.044
10.0415
10.0416
10.0402
10.0351
10.032
10.0294
10.0267
10.0224
10.0187
10.0148
10.0128
10.0101
10.0078
10.004
10.0001
9.99599
9.99246
9.98808
9.98356
9.97891
9.97412
9.9706
9.96696
9.96107
9.95505
9.94962
9.94407
9.93842
9.93265
9.92749
9.92081
9.91475
9.91001
9.90166
9.89534
9.88897
9.88394
9.87815
9.87091
9.86292
9.85772
9.85039
9.84375
9.83641
9.82978
9.82317
9.8166
9.80936
9.80289
9.7979
9.79016
9.78463
9.7771
9.76968
9.76309
9.75523
9.75035
9.74635
9.74253
9.73537
9.72912
9.7238
9.71942
9.71457
9.70927
9.70635
9.70159
9.69923
9.69504
9.69044
9.68827
9.68571
9.68417
9.68226
9.68139
9.68226
9.68206
9.68362
9.68411
9.68564
9.68611
9.68622
9.68807
9.69027
9.69562
9.69777
9.70095
9.70444
9.70825
9.71237
9.71678
9.72218
9.72927
9.73452
9.74144
9.7486
9.7553
9.76364
9.77007
9.77741
9.78353
9.79124
9.79771
9.80504
9.8125
9.81939
9.82781
9.83564
9.84214
9.85013
9.8582
9.86561
9.87377
9.88337
9.89159
9.8984
9.90662
9.91482
9.92371
9.93397
9.94206
9.95011
9.95808
9.96669
9.97522
9.98294
9.99197
9.99805
10.0068
10.0169
10.0226
10.0295
10.037
10.0429
10.0486
10.0562
10.063
10.0681
10.0744
10.0798
10.0863
10.0926
10.0972
10.1023
10.1078
10.1123
10.1151
10.1176
10.1219
10.1245
10.126
10.1258
10.1273
10.1299
10.1308
10.1312
10.1306
10.1317
10.1332
10.1328
10.1313
10.1287
10.127
10.125
10.1218
10.1168
10.1128
10.1084
10.1042
10.0996
10.0953
10.0884
10.0811
10.0741
10.0673
10.0588
10.0505
10.0425
10.0334
10.0246
10.0155
10.0038
9.99388
9.98289
9.97225
9.96057
9.94998
9.93695
9.92503
9.91281
9.89892
9.88475
9.87175
9.85782
9.84226
9.82791
9.81409
9.79868
9.78454
9.76744
9.75234
9.73645
9.72047
9.70301
9.68692
9.67152
9.65611
9.63999
9.62461
9.60857
9.59329
9.57738
9.56155
9.54583
9.53093
9.51475
9.50014
9.48638
9.47069
9.45659
9.44269
9.4283
9.41484
9.40091
9.38934
9.37661
9.36414
9.35125
9.34005
9.32844
9.31573
9.30685
9.29617
9.28582
9.2751
9.26542
9.25681
9.24856
9.23997
9.23034
9.2218
9.21435
9.20729
9.20064
9.19369
9.18716
9.18033
9.17605
9.1715
9.16738
9.1637
9.16117
9.15768
9.15465
9.15419
9.15279
9.15255
9.15068
9.15068
9.15046
9.15143
9.15357
9.15479
9.15577
9.15935
9.162
9.16583
9.16942
9.17488
9.18081
9.18719
9.1926
9.19774
9.20401
9.21139
9.21989
9.22737
9.23522
9.24415
9.25271
9.26231
9.27222
9.28171
9.29218
9.3036
9.31313
9.32498
9.33842
9.3506
9.36361
9.37389
9.38424
9.39676
9.40788
9.4218
9.43358
9.44669
9.45758
9.46905
9.48106
9.49218
9.50379
9.51515
9.52554
9.53421
9.54467
9.55479
9.56383
9.57389
9.58212
9.58992
9.59727
9.60415
9.61055
9.61645
9.62255
9.62883
9.63316
9.63695
9.64021
9.64151
9.64226
9.64387
9.64493
9.64616
9.64614
9.64559
9.64382
9.64082
9.63803
9.63546
9.63382
9.6303
9.62705
9.62267
9.61787
9.61127
9.60429
9.59697
9.59001
9.58345
9.5766
9.5709
9.56425
9.55668
9.55032
9.54098
9.53148
9.52186
9.51425
9.50657
9.49813
9.48965
9.48046
9.47269
9.46566
9.45586
9.44754
9.43933
9.43264
9.42325
9.41472
9.40706
9.40029
9.39231
9.38596
9.37842
9.37183
9.36621
9.36085
9.35366
9.34463
9.34014
9.33384
9.32926
9.32501
9.32109
9.3168
9.31284
9.30922
9.30737
9.30444
9.30328
9.30105
9.29988
9.29905
9.29857
9.29632
9.29794
9.29848
9.30006
9.30125
9.30347
9.30741
9.30813
9.31057
9.31401
9.31703
9.32103
9.3246
9.32913
9.33251
9.33754
9.3421
9.34548
9.35118
9.35568
9.3625
9.36879
9.37385
9.37979
9.38731
9.39427
9.40209
9.40933
9.41389
9.42139
9.4283
9.43603
9.44387
9.44968
9.45629
9.46299
9.46977
9.47734
9.48709
9.49479
9.50256
9.51181
9.51759
9.52556
9.53499
9.54449
9.55334
9.56084
9.5691
9.57813
9.58721
9.59565
9.60486
9.61341
9.62133
9.63071
9.64158
9.64968
9.65926
9.66961
9.67932
9.6884
9.69755
9.70747
9.71817
9.72965
9.73837
9.74787
9.75955
9.76848
9.77818
9.78865
9.79919
9.80907
9.8183
9.82759
9.83833
9.8484
9.86063
9.87076
9.88021
9.88967
9.89984
9.91001
9.92016
9.93029
9.94109
9.95042
9.9597
9.96889
9.97729
9.98699
9.99658
10.0053
10.0146
10.023
10.032
10.0393
10.0485
10.0568
10.0648
10.0733
10.0821
10.0885
10.0954
10.1011
10.1072
10.1143
10.1196
10.1238
10.1269
10.1316
10.1351
10.1375
10.1401
10.1422
10.1431
10.1427
10.144
10.1447
10.1435
10.1425
10.1423
10.1409
10.1383
10.1351
10.1308
10.1273
10.1219
10.1167
10.111
10.1049
10.0975
10.0898
10.083
10.0752
10.0662
10.059
10.05
10.04
10.0312
10.0227
10.0133
10.0044
9.99104
9.97962
9.96875
9.95775
9.94735
9.93546
9.92422
9.91365
9.90307
9.89109
9.87915
9.86655
9.85543
9.8437
9.83279
9.822
9.81206
9.80087
9.78985
9.77972
9.77049
9.76147
9.75197
9.7427
9.73226
9.72347
9.71494
9.70808
9.70008
9.69306
9.68489
9.67701
9.66941
9.66351
9.6586
9.65326
9.6468
9.64204
9.63615
9.63124
9.62591
9.62157
9.6175
9.61442
9.6116
9.60763
9.60393
9.60189
9.60152
9.59998
9.59798
9.59551
9.59468
9.59266
9.59298
9.59139
9.59072
9.59024
9.58926
9.59128
9.59207
9.59092
9.58993
9.58981
9.59055
9.59073
9.59245
9.5929
9.59488
9.59485
9.59634
9.59794
9.59963
9.60141
9.60256
9.60591
9.60791
9.60927
9.61209
9.61496
9.61645
9.6201
9.62165
9.62322
9.62551
9.62852
9.63082
9.63313
9.63472
9.6363
9.63858
9.64013
9.64236
9.64527
9.64815
9.64959
9.65028
9.65377
9.65579
9.65848
9.66042
9.6609
9.66274
9.66524
9.66698
9.66868
9.67032
9.6712
9.67273
9.67562
9.67704
9.67701
9.67763
9.6789
9.68012
9.68271
9.68384
9.68421
9.68666
9.68835
9.6893
9.69021
9.69179
9.69262
9.69414
9.69632
9.69636
9.69779
9.69849
9.69917
9.70054
9.7019
9.70183
9.70105
9.70096
9.70299
9.7029
9.70353
9.70345
9.70338
9.70474
9.7054
9.70609
9.70609
9.70753
9.70759
9.70626
9.70567
9.70794
9.70954
9.71048
9.71146
9.71178
9.71357
9.71399
9.71518
9.71431
9.71491
9.71628
9.71841
9.7199
9.72358
9.72661
9.7283
9.73076
9.73046
9.73165
9.7322
9.73423
9.73634
9.73639
9.74074
9.74304
9.74542
9.74856
9.75106
9.75292
9.75484
9.75611
9.75955
9.76234
9.76447
9.76594
9.76815
9.77253
9.77552
9.77926
9.7816
9.78609
9.78918
9.79229
9.7954
9.79852
9.80164
9.80545
9.80855
9.81163
9.81468
9.81771
9.8207
9.82294
9.82584
9.82798
9.83148
9.83562
9.83969
9.84156
9.84266
9.84508
9.84882
9.85106
9.85249
9.85522
9.85432
9.85614
9.85784
9.85801
9.85948
9.86012
9.86135
9.86315
9.86412
9.86637
9.86566
9.86482
9.86668
9.86557
9.86645
9.86719
9.86569
9.86547
9.86582
9.86463
9.86403
9.864
9.86386
9.86289
9.86181
9.86062
9.86074
9.86075
9.85855
9.85696
9.85527
9.85421
9.85307
9.85256
9.85057
9.84922
9.84639
9.84493
9.84201
9.84187
9.83957
9.83724
9.8356
9.83252
9.83083
9.82843
9.82744
9.82504
9.82194
9.82026
9.8186
9.81483
9.8111
9.80809
9.80582
9.80429
9.8021
9.79782
9.7957
9.79222
9.7916
9.79033
9.7891
9.78793
9.78681
9.78503
9.78259
9.7809
9.77785
9.77696
9.7754
9.77387
9.77239
9.77164
9.77091
9.77022
9.76812
9.76675
9.76539
9.76473
9.76548
9.76551
9.76412
9.76342
9.76128
9.7584
9.75547
9.75392
9.75372
9.75136
9.74963
9.74783
9.74597
9.74261
9.73987
9.73916
9.73695
9.73322
9.7301
9.72546
9.72282
9.7215
9.71794
9.71569
9.71333
9.70945
9.70687
9.70348
9.7
9.69571
9.69132
9.68685
9.6837
9.67976
9.67575
9.67167
9.66612
9.66052
9.65559
9.65062
9.64562
9.64203
9.63843
9.63413
9.63126
9.62842
9.6242
9.61933
9.61381
9.61047
9.60722
9.60336
9.5996
9.59524
9.59382
9.58971
9.58574
9.58192
9.57897
9.57548
9.57216
9.56973
9.56678
9.56404
9.5615
9.55916
9.55563
9.55373
9.55276
9.55202
9.55151
9.55406
9.55544
9.55564
9.5575
9.55679
9.55844
9.56034
9.56249
9.56419
9.56543
9.56762
9.57007
9.57206
9.57429
9.57817
9.58017
9.58523
9.58982
9.59322
9.59826
9.60281
9.60828
9.61326
9.61844
9.62454
9.62941
9.63659
9.64254
9.64866
9.65496
9.6607
9.66731
9.67406
9.68023
9.68511
9.69364
9.70086
9.70818
9.71558
9.72306
9.73201
9.74032
9.74725
9.75422
9.76191
9.76891
9.7752
9.78288
9.79055
9.79818
9.80648
9.81401
9.82288
9.82884
9.83613
9.84473
9.8518
9.85734
9.86344
9.87153
9.87805
9.8844
9.89129
9.8973
9.90382
9.90873
9.91273
9.91792
9.92149
9.92765
9.93145
9.93573
9.94187
9.94565
9.94988
9.95386
9.95475
9.95608
9.95785
9.96077
9.96131
9.9637
9.96583
9.96698
9.96858
9.96922
9.96889
9.9669
9.96678
9.96712
9.96651
9.96638
9.96602
9.96543
9.96251
9.96079
9.95957
9.95745
9.95584
9.95334
9.95067
9.94641
9.9441
9.94234
9.93902
9.93625
9.93265
9.92749
9.92362
9.92104
9.91623
9.9106
9.90628
9.90185
9.89662
9.89202
9.88873
9.88467
9.87981
9.87488
9.86989
9.86341
9.85757
9.85379
9.84642
9.84181
9.83714
9.83172
9.82625
9.82144
9.81587
9.81025
9.80389
9.7996
9.79316
9.78808
9.78085
9.77429
9.76841
9.7625
9.75726
9.752
9.74602
9.74001
9.73469
9.73148
9.72472
9.71796
9.71261
9.70585
9.6991
9.69094
9.68421
9.67891
9.67082
9.66487
9.65968
9.65312
9.6459
9.64085
9.63588
9.62956
9.62332
9.61788
9.61253
9.60799
9.60356
9.59925
9.59507
9.5896
9.58428
9.5791
9.5748
9.57136
9.56598
9.56289
9.55788
9.55376
9.55126
9.54826
9.54477
9.54362
9.54127
9.53916
9.53588
9.53283
9.53073
9.5303
9.5294
9.53017
9.52978
9.53036
9.52978
9.53016
9.52939
9.53239
9.53353
9.53493
9.53939
9.53987
9.54271
9.54437
9.54769
9.54912
9.55219
9.55408
9.55759
9.5599
9.56311
9.56795
9.57226
9.57605
9.57932
9.58488
9.58989
9.59436
9.59898
9.60585
9.61145
9.61716
9.62229
9.62753
9.63428
9.639
9.64592
9.6515
9.65856
9.66356
9.67213
9.67932
9.68725
9.69379
9.70103
9.70756
9.71478
9.72198
9.72912
9.73621
9.74465
9.75089
9.75773
9.76447
9.76967
9.77614
9.78245
9.78858
9.79523
9.80024
9.80362
9.80817
9.81315
9.81716
9.82086
9.82283
9.82588
9.82786
9.83158
9.8328
9.83503
9.83472
9.83538
9.83489
9.83323
9.8318
9.8299
9.82963
9.82674
9.82406
9.82088
9.81791
9.81443
9.80904
9.80387
9.79679
9.79064
9.78402
9.77694
9.7687
9.76073
9.75022
9.74143
9.73296
9.72271
9.7121
9.70329
9.69346
9.68334
9.67365
9.66372
9.65355
9.64248
9.6298
9.61556
9.60541
9.59302
9.57982
9.56866
9.55531
9.54333
9.53062
9.51789
9.50658
9.49387
9.48048
9.46925
9.45737
9.44413
9.43239
9.41861
9.40633
9.39274
9.37925
9.36658
9.35403
9.34232
9.33144
9.31998
9.30726
9.2975
9.28719
9.27702
9.2656
9.25504
9.24464
9.23369
9.22433
9.21302
9.20259
9.19234
9.18298
9.17451
9.16411
9.15462
9.14673
9.13835
9.13089
9.12294
9.11663
9.10844
9.09978
9.09349
9.08816
9.0824
9.07691
9.07101
9.06611
9.06081
9.05584
9.05189
9.0483
9.04435
9.04007
9.03758
9.03547
9.03236
9.02967
9.02812
9.02841
9.02422
9.02402
9.02429
9.02647
9.02916
9.03165
9.03325
9.0361
9.03879
9.04274
9.04726
9.05306
9.05802
9.06427
9.07112
9.07857
9.08803
9.09738
9.10734
9.12003
9.12978
9.14156
9.15183
9.16411
9.17698
9.18833
9.20097
9.2163
9.2322
9.24794
9.26352
9.27963
9.29555
9.31338
9.33098
9.34905
9.36756
9.38931
9.41076
9.43117
9.45122
9.4723
9.49439
9.51534
9.53653
9.55863
9.57951
9.60194
9.62378
9.6457
9.66979
9.69388
9.71725
9.73914
9.76095
9.78332
9.80624
9.82895
9.85283
9.87432
9.8955
9.91634
9.93609
9.95543
9.97573
9.99556
10.0142
10.0322
10.0497
10.0673
10.085
10.1013
10.1155
10.1291
10.1398
10.154
10.1653
10.1758
10.1855
10.1952
10.204
10.212
10.2199
10.2248
10.2296
10.2336
10.2374
10.2404
10.2425
10.2432
10.2451
10.2441
10.243
10.2398
10.2371
10.2331
10.2283
10.2235
10.2187
10.2112
10.2051
10.1977
10.1891
10.1798
10.1715
10.1627
10.1534
10.1423
10.1321
10.1209
10.1101
10.0983
10.0869
10.076
10.0634
10.0507
10.0379
10.0235
10.0105
9.99745
9.98439
9.97207
9.95908
9.9476
9.93339
9.92003
9.90755
9.89454
9.88316
9.87132
9.85973
9.84772
9.83459
9.82319
9.81424
9.80352
9.79388
9.78532
9.77715
9.76939
9.76204
9.75511
9.74861
9.74325
9.73762
9.73172
9.72698
9.72197
9.716
9.71259
9.70891
9.70709
9.70499
9.70119
9.69923
9.69768
9.69582
9.69506
9.69469
9.69468
9.69432
9.69571
9.69532
9.69665
9.69828
9.7002
9.70168
9.70412
9.70681
9.70971
9.71282
9.71684
9.7189
9.72184
9.72491
9.72953
9.73497
9.7398
9.744
9.7497
9.75404
9.75913
9.76425
9.76798
9.77102
9.77547
9.78062
9.78504
9.79015
9.79523
9.79956
9.80314
9.80949
9.81367
9.81637
9.82113
9.82583
9.82905
9.83432
9.83811
9.84182
9.84618
9.84904
9.85255
9.85527
9.85722
9.86121
9.86442
9.86756
9.87134
9.87434
9.87585
9.8787
9.88148
9.88349
9.88683
9.88799
9.88978
9.8922
9.89595
9.89751
9.89969
9.90038
9.90311
9.90716
9.909
9.91145
9.9124
9.91324
9.91539
9.91601
9.91722
9.91761
9.91857
9.91941
9.9201
9.91995
9.92036
9.92131
9.9214
9.92061
9.91894
9.9178
9.91716
9.91563
9.91318
9.91193
9.91117
9.9116
9.90968
9.90681
9.90511
9.90174
9.89811
9.89492
9.89147
9.88633
9.8816
9.87871
9.8741
9.86991
9.8647
9.85848
9.85195
9.84651
9.84074
9.83465
9.82824
9.82008
9.813
9.80417
9.79643
9.78622
9.77709
9.76973
9.76062
9.75046
9.74137
9.73123
9.72005
9.70783
9.69668
9.68591
9.67268
9.66124
9.64876
9.63667
9.62213
9.60658
9.59142
9.57947
9.56581
9.54974
9.5355
9.51886
9.50476
9.48545
9.46801
9.45101
9.43449
9.41702
9.39934
9.38145
9.36407
9.34721
9.32875
9.30943
9.29068
9.27179
9.25278
9.23297
9.21306
9.19309
9.17376
9.15228
9.13078
9.11068
9.0906
9.07054
9.05125
9.03062
9.01149
8.99246
8.97427
8.9541
8.93622
8.91641
8.8982
8.87881
8.86108
8.84361
8.82643
8.80815
8.79018
8.77468
8.75883
8.74336
8.729
8.71505
8.70153
8.68776
8.67587
8.66305
8.64861
8.63681
8.62695
8.61552
8.60394
8.59576
8.58605
8.57835
8.57055
8.56268
8.55546
8.54888
8.54578
8.54265
8.5395
8.53562
8.53244
8.53068
8.53174
8.53212
8.53252
8.53224
8.5334
8.5353
8.53866
8.54206
8.54691
8.55393
8.56312
8.57024
8.5774
8.58673
8.59681
8.60692
8.61564
8.62651
8.63739
8.65111
8.66483
8.68067
8.69577
8.71085
8.728
8.74438
8.76209
8.77972
8.80005
8.82026
8.84031
8.86161
8.88271
8.90289
8.92707
8.94956
8.97247
8.99647
9.02084
9.04342
9.06702
9.0909
9.11645
9.14153
9.1668
9.19155
9.21715
9.24218
9.26872
9.29464
9.32132
9.35015
9.37687
9.40288
9.42817
9.45483
9.48143
9.50584
9.53229
9.55724
9.5835
9.60824
9.63216
9.65807
9.68315
9.7074
9.73223
9.75692
9.78007
9.8052
9.82878
9.85294
9.87768
9.90087
9.92534
9.95039
9.97248
9.99585
10.0191
10.0415
10.0659
10.0873
10.11
10.1325
10.1556
10.1772
10.1992
10.2211
10.2421
10.2628
10.2841
10.3051
10.3258
10.347
10.3664
10.3863
10.4072
10.4249
10.445
10.4641
10.4826
10.5
10.5184
10.534
10.5477
10.5636
10.5796
10.5928
10.6082
10.6215
10.6333
10.6437
10.6539
10.6641
10.6741
10.6819
10.6888
10.6948
10.6991
10.7033
10.7065
10.7087
10.7107
10.711
10.7118
10.7095
10.7069
10.7034
10.701
10.6949
10.6893
10.6821
10.6725
10.6636
10.6531
10.6424
10.6317
10.6196
10.6067
10.5939
10.5797
10.5641
10.5494
10.5321
10.5157
10.4988
10.48
10.4616
10.4435
10.4259
10.4065
10.3863
10.3665
10.3473
10.3265
10.307
10.2861
10.2652
10.2463
10.2261
10.2059
10.188
10.168
10.1496
10.1306
10.1111
10.0918
10.072
10.0539
10.0338
10.0155
9.99956
9.98249
9.96714
9.94998
9.93385
9.91875
9.90328
9.88746
9.87198
9.85756
9.84491
9.8305
9.81716
9.80418
9.79157
9.77932
9.76674
9.75452
9.74407
9.7347
9.72499
9.71563
9.70664
9.69729
9.6883
9.68037
9.67278
9.66483
9.65722
9.64995
9.64373
9.63712
9.63014
9.6249
9.61926
9.61254
9.60612
9.60142
9.59844
9.59434
9.59054
9.58703
9.58452
9.58228
9.58033
9.57864
9.57652
9.57255
9.56884
9.56679
9.56641
9.56558
9.56569
9.56606
9.56666
9.56609
9.56717
9.56778
9.5672
9.56827
9.56885
9.57036
9.57139
9.57404
9.5776
9.58068
9.58325
9.58673
9.589
9.59218
9.59626
9.59911
9.60357
9.6075
9.61232
9.61731
9.62034
9.62353
9.6297
9.63459
9.63962
9.64548
9.65075
9.65613
9.66231
9.66716
9.67137
9.67565
9.68137
9.68713
9.69079
9.69727
9.70302
9.70874
9.71442
9.72073
9.72554
9.73306
9.73834
9.74347
9.74915
9.75464
9.75923
9.76431
9.76845
9.77445
9.77735
9.78139
9.78441
9.78784
9.79304
9.79368
9.79467
9.7953
9.79627
9.79546
9.79498
9.79624
9.79641
9.79549
9.7942
9.79253
9.79119
9.78737
9.78601
9.78359
9.78083
9.77843
9.7736
9.76917
9.76444
9.75872
9.75343
9.74789
9.74211
9.73398
9.72847
9.72064
9.71475
9.70799
9.70038
9.69404
9.68758
9.68102
9.67365
9.6655
9.658
9.65044
9.64213
9.63449
9.62612
9.61845
9.61078
9.6017
9.59263
9.58639
9.57877
9.5733
9.56503
9.5575
9.55072
9.54257
9.53517
9.52852
9.52121
9.51466
9.50957
9.50311
9.49529
9.4868
9.47978
9.4721
9.46445
9.45686
9.45002
9.44322
9.43647
9.42977
9.42523
9.41932
9.41275
9.40624
9.39765
9.39195
9.3863
9.38142
9.37449
9.36833
9.36295
9.35482
9.34819
9.34235
9.33591
9.33098
9.32546
9.32005
9.31689
9.31175
9.30745
9.30118
9.29649
9.29126
9.28623
9.28138
9.27674
9.27373
9.27095
9.2677
9.2647
9.26195
9.2623
9.26081
9.25961
9.258
9.25741
9.25784
9.25577
9.25475
9.25407
9.25374
9.25448
9.25488
9.25706
9.25821
9.26045
9.26308
9.2654
9.26882
9.27264
9.27474
9.27937
9.28651
9.29053
9.29636
9.3033
9.30852
9.31767
9.32439
9.33221
9.33971
9.349
9.35867
9.36588
9.37557
9.38561
9.39741
9.40671
9.41775
9.42911
9.43935
9.45201
9.46494
9.47672
9.48947
9.50245
9.51494
9.52905
9.54193
9.5557
9.56962
9.58368
9.59856
9.61355
9.62791
9.64234
9.65682
9.67132
9.68583
9.70315
9.71761
9.73202
9.74706
9.76201
9.77613
9.78871
9.80253
9.81618
9.82963
9.84074
9.85373
9.86716
9.88171
9.89385
9.90637
9.91715
9.92898
9.93974
9.94869
9.95795
9.96749
9.9752
9.98457
9.99348
9.99981
10.0071
10.0146
10.0201
10.0259
10.0319
10.0359
10.0409
10.0446
10.0484
10.0504
10.0518
10.0527
10.0538
10.0543
10.0544
10.0518
10.0508
10.0494
10.0467
10.0436
10.0407
10.038
10.035
10.0307
10.0261
10.0217
10.017
10.0105
10.005
9.99772
9.99085
9.98295
9.97545
9.96626
9.95679
9.94919
9.94064
9.93188
9.9229
9.91375
9.90371
9.89493
9.88529
9.87553
9.86707
9.85425
9.84418
9.83261
9.82451
9.81424
9.80534
9.7957
9.78675
9.77708
9.76529
9.75563
9.74527
9.73352
9.72462
9.71221
9.70055
9.69033
9.68016
9.66792
9.65713
9.64638
9.63498
9.62574
9.61654
9.60739
9.59827
9.5906
9.58013
9.57181
9.56138
9.55238
9.54338
9.53367
9.52395
9.5135
9.50444
9.49534
9.4869
9.4791
9.4684
9.45833
9.44817
9.4379
9.424
9.41209
9.40147
9.39142
9.38052
9.37018
9.35898
9.34762
9.3361
9.32301
9.31116
9.29916
9.28629
9.27397
9.2615
9.24959
9.23755
9.22538
9.2131
9.1993
9.18612
9.17287
9.15886
9.14623
9.13146
9.11741
9.1055
9.09224
9.07835
9.06314
9.05089
9.0388
9.02618
9.01377
9.003
8.99179
8.98016
8.96955
8.95999
8.94938
8.93916
8.92936
8.91999
8.91109
8.90478
8.89685
8.88732
8.88115
8.87482
8.86694
8.86177
8.85648
8.85109
8.84913
8.84497
8.84285
8.84207
8.8398
8.83959
8.83861
8.83968
8.84138
8.84301
8.84527
8.84887
8.85308
8.8565
8.8591
8.86511
8.87382
8.88097
8.88937
8.89831
8.90778
8.91775
8.92608
8.93701
8.9491
8.96022
8.97316
8.98438
8.99738
9.00933
9.02231
9.03702
9.04989
9.06444
9.07782
9.09212
9.10662
9.12199
9.13681
9.15104
9.16539
9.18193
9.20134
9.21585
9.23107
9.24558
9.26147
9.27731
9.29096
9.30521
9.32076
9.33618
9.35002
9.36298
9.37645
9.38971
9.40345
9.41624
9.4309
9.44528
9.45726
9.46894
9.48102
9.49349
9.50493
9.51603
9.5275
9.53721
9.54869
9.5591
9.56775
9.57675
9.58469
9.5944
9.60305
9.60995
9.61862
9.62556
9.63358
9.64058
9.64516
9.65226
9.65697
9.66282
9.6684
9.67305
9.67675
9.68166
9.68566
9.6909
9.69386
9.69597
9.69935
9.70263
9.70511
9.70821
9.71125
9.71213
9.7158
9.71875
9.7217
9.72325
9.72624
9.72928
9.73167
9.73553
9.73807
9.74352
9.74695
9.74979
9.75346
9.75726
9.75978
9.76314
9.76878
9.77385
9.77768
9.78167
9.78582
9.79085
9.79675
9.80281
9.80905
9.81474
9.8206
9.82804
9.83422
9.84055
9.84633
9.85508
9.86255
9.86944
9.87575
9.8843
9.89153
9.89816
9.90558
9.91237
9.91851
9.92471
9.93165
9.94072
9.9477
9.95466
9.96091
9.96854
9.97682
9.98363
9.98965
9.99629
10.0021
10.0092
10.0155
10.0216
10.0282
10.0339
10.0395
10.0448
10.0513
10.0576
10.0622
10.0672
10.0719
10.0771
10.0812
10.0844
10.0886
10.0931
10.096
10.0984
10.1013
10.1037
10.1051
10.104
10.1054
10.1057
10.1077
10.1051
10.1028
10.1008
10.0999
10.0979
10.0955
10.092
10.0889
10.0861
10.0809
10.0767
10.0728
10.0672
10.0641
10.0579
10.0527
10.0465
10.0401
10.0333
10.0255
10.0175
10.0106
9.99991
9.99251
9.98417
9.97631
9.96683
9.95925
9.95007
9.9407
9.93115
9.92145
9.913
9.9037
9.89355
9.88328
9.8736
9.8624
9.85181
9.83972
9.82755
9.81744
9.80726
9.79633
9.78607
9.77577
9.76545
9.7537
9.74337
9.73304
9.72272
9.71101
9.69933
9.6877
9.67681
9.66598
9.65663
9.64524
9.63323
9.62272
9.6116
9.6013
9.59112
9.57965
9.56903
9.55926
9.54893
9.53807
9.52736
9.51896
9.51073
9.5013
9.49278
9.48376
9.47638
9.46853
9.46232
9.45425
9.44854
9.44239
9.43651
9.43092
9.4249
9.41917
9.41375
9.40933
9.40522
9.39931
9.39514
9.39199
9.38777
9.38387
9.38173
9.37922
9.37636
9.37454
9.37238
9.37197
9.37121
9.3708
9.37146
9.37105
9.3717
9.37199
9.37545
9.37644
9.37849
9.38158
9.38431
9.38668
9.39008
9.39311
9.39716
9.40366
9.40905
9.41264
9.41652
9.42282
9.42799
9.43344
9.43988
9.44728
9.45494
9.46213
9.46956
9.47862
9.48579
9.49315
9.50071
9.50986
9.51777
9.52584
9.53617
9.54451
9.55651
9.5672
9.57728
9.58744
9.59554
9.60439
9.61399
9.62291
9.63254
9.64147
9.65108
9.66135
9.67158
9.68174
9.6904
9.69968
9.70813
9.71717
9.72537
9.73412
9.74199
9.75181
9.76002
9.76803
9.77652
9.78337
9.78998
9.79704
9.80666
9.81318
9.81871
9.82395
9.8296
9.83353
9.83996
9.84397
9.84906
9.85382
9.85755
9.86165
9.86472
9.86816
9.86986
9.87194
9.8744
9.87513
9.87624
9.87846
9.87896
9.87987
9.87978
9.87943
9.8781
9.87651
9.8775
9.87825
9.87808
9.8763
9.87503
9.87289
9.87058
9.86884
9.86697
9.86429
9.86152
9.85867
9.85365
9.8493
9.84704
9.84408
9.83972
9.8375
9.83321
9.82969
9.82626
9.82362
9.82111
9.81943
9.81719
9.81581
9.81319
9.81216
9.81132
9.80928
9.80746
9.80727
9.80801
9.80688
9.80669
9.80745
9.80776
9.80833
9.80916
9.81096
9.8109
9.81252
9.81438
9.81579
9.82027
9.82287
9.82641
9.82947
9.83346
9.83907
9.84205
9.84592
9.85067
9.85417
9.85922
9.86369
9.86969
9.87366
9.87773
9.88256
9.88604
9.88954
9.89378
9.89942
9.90222
9.90852
9.91264
9.91741
9.92069
