8.77795
8.78291
8.78812
8.7936
8.80146
8.80888
8.81376
8.82104
8.8272
8.83507
8.84254
8.85032
8.85841
8.86683
8.87486
8.88252
8.89122
8.90096
8.90963
8.92005
8.93011
8.94333
8.95335
8.96513
8.97794
8.98966
9.00242
9.01619
9.02886
9.04324
9.0565
9.07072
9.08379
9.09851
9.11274
9.12716
9.14247
9.15722
9.17421
9.18988
9.20562
9.22139
9.23646
9.25363
9.26932
9.2842
9.30037
9.31638
9.33148
9.34704
9.36163
9.3752
9.38842
9.40267
9.41509
9.42775
9.43921
9.45156
9.46263
9.47241
9.48157
9.49007
9.4993
9.50783
9.51563
9.52267
9.52964
9.53229
9.53695
9.54008
9.54096
9.5424
9.54299
9.54272
9.54018
9.53818
9.53602
9.53229
9.52842
9.52158
9.51602
9.50752
9.50032
9.4902
9.4786
9.46836
9.45808
9.44568
9.43328
9.42021
9.40722
9.3922
9.3759
9.35975
9.3445
9.32807
9.31119
9.29391
9.27625
9.25755
9.23927
9.22144
9.20198
9.18164
9.16188
9.14132
9.12354
9.10363
9.08517
9.06609
9.04712
9.02831
9.0097
8.9885
8.96828
8.95259
8.93514
8.91737
8.90071
8.88661
8.87159
8.85707
8.84167
8.82754
8.81258
8.79681
8.78449
8.77422
8.7625
8.75215
8.7425
8.73142
8.72317
8.71563
8.70951
8.70411
8.69873
8.69548
8.69296
8.69046
8.68937
8.68828
8.68719
8.6882
8.68919
8.68943
8.69103
8.69186
8.69614
8.70033
8.70511
8.71117
8.71637
8.7207
8.72695
8.7344
8.74373
8.7507
8.75881
8.76733
8.77553
8.78409
8.79371
8.80436
8.81531
8.82653
8.83871
8.85042
8.86021
8.87019
8.88103
8.89414
8.90596
8.91858
8.93128
8.94262
8.95612
8.96682
8.97893
8.99244
9.00591
9.01793
9.03201
9.04317
9.05425
9.06452
9.07749
9.08609
9.09667
9.10851
9.12019
9.13242
9.14306
9.15282
9.16309
9.17177
9.18448
9.19488
9.20367
9.21297
9.22277
9.23097
9.24109
9.2489
9.25722
9.26535
9.274
9.28247
9.29005
9.29675
9.30328
9.31036
9.31586
9.32191
9.32922
9.33497
9.34058
9.34746
9.3542
9.36011
9.36589
9.37154
9.37636
9.38247
9.38845
9.39289
9.39722
9.40072
9.40622
9.413
9.41754
9.42195
9.42552
9.42967
9.43439
9.43757
9.44131
9.44419
9.44833
9.45161
9.45615
9.4591
9.46047
9.46379
9.46552
9.46847
9.47193
9.47379
9.47616
9.47903
9.48169
9.48202
9.48284
9.48414
9.48382
9.48398
9.48603
9.48504
9.48381
9.48377
9.48138
9.48229
9.47945
9.47778
9.4766
9.4752
9.47358
9.47175
9.469
9.46604
9.46288
9.45952
9.45738
9.45364
9.45043
9.44563
9.44137
9.43766
9.43309
9.42909
9.42353
9.41856
9.41629
9.41178
9.40646
9.39962
9.39482
9.38922
9.38354
9.37709
9.37199
9.36542
9.35809
9.35142
9.34471
9.33798
9.33192
9.32654
9.32045
9.31505
9.30752
9.30352
9.29741
9.2913
9.28379
9.27629
9.26881
9.26275
9.25531
9.24859
9.24189
9.23734
9.2307
9.22266
9.21749
9.21093
9.20581
9.20002
9.19426
9.18854
9.18144
9.17367
9.16735
9.16036
9.1534
9.14859
9.1417
9.13554
9.13014
9.12547
9.12014
9.11485
9.11031
9.1051
9.10134
9.09621
9.09184
9.08679
9.08179
9.07613
9.07122
9.06565
9.06223
9.05816
9.05555
9.05227
9.04762
9.04162
9.03707
9.03117
9.02602
9.02021
9.01658
9.0109
9.00668
9.00252
8.99773
8.99158
8.98692
8.9795
8.97568
8.96982
8.96544
8.96186
8.95835
8.95706
8.95374
8.95051
8.94739
8.94508
8.94217
8.93868
8.936
8.93275
8.93034
8.92876
8.92592
8.92534
8.92349
8.92251
8.92098
8.92103
8.92125
8.91881
8.92009
8.92013
8.92037
8.91796
8.91717
8.91729
8.91903
8.92027
8.92314
8.9241
8.92528
8.92669
8.92551
8.92737
8.93087
8.93319
8.93645
8.93783
8.94086
8.94483
8.94904
8.95348
8.95675
8.96026
8.96471
8.97221
8.9757
8.98012
8.98689
8.99177
8.99687
9.0043
9.01125
9.01771
9.02509
9.03126
9.03835
9.04563
9.0524
9.05937
9.06866
9.07671
9.08495
9.09267
9.10198
9.11075
9.1204
9.13021
9.14017
9.14959
9.15845
9.16817
9.17802
9.19013
9.19884
9.20908
9.21945
9.22993
9.24122
9.25262
9.262
9.27357
9.28382
9.29485
9.30595
9.31712
9.32975
9.34103
9.35305
9.3644
9.37577
9.38787
9.39998
9.41138
9.42347
9.43412
9.44546
9.45676
9.4673
9.47849
9.4889
9.49924
9.50949
9.52035
9.53039
9.54173
9.55153
9.5633
9.57493
9.58428
9.59417
9.60389
9.61271
9.62346
9.63118
9.6408
9.6488
9.65727
9.66622
9.67351
9.68126
9.68734
9.69528
9.70084
9.70755
9.7154
9.72156
9.72815
9.73446
9.74049
9.74553
9.75029
9.75618
9.75967
9.76218
9.76581
9.77129
9.77579
9.7779
9.78045
9.78203
9.78336
9.78584
9.78666
9.78864
9.79039
9.7912
9.79178
9.79143
9.79087
9.79151
9.79124
9.79078
9.79012
9.78927
9.78896
9.78775
9.78709
9.78626
9.78527
9.78271
9.78213
9.77857
9.77487
9.77175
9.7692
9.76651
9.763
9.76148
9.75843
9.75386
9.75128
9.74789
9.74368
9.74078
9.73707
9.73325
9.72862
9.72318
9.71906
9.71482
9.7112
9.70606
9.70222
9.69758
9.69424
9.69009
9.68583
9.68076
9.67558
9.67028
9.66488
9.66007
9.65444
9.64798
9.64141
9.63613
9.63002
9.62308
9.61672
9.60741
9.60149
9.59544
9.58714
9.58081
9.57435
9.56704
9.5596
9.55272
9.54499
9.53783
9.5284
9.51953
9.51122
9.50348
9.49417
9.48614
9.47795
9.46751
9.45904
9.44972
9.43956
9.43067
9.42164
9.41319
9.40249
9.39449
9.38495
9.37528
9.36409
9.3549
9.34489
9.33407
9.32173
9.3093
9.29749
9.28488
9.2722
9.26016
9.24805
9.23871
9.2272
9.21565
9.20548
9.19388
9.18225
9.17062
9.15828
9.14523
9.1322
9.11989
9.10831
9.09677
9.08527
9.07311
9.06171
9.04967
9.03771
9.02723
9.01684
9.00443
8.99281
8.98271
8.97272
8.96073
8.95097
8.9385
8.92616
8.91536
8.90611
8.89558
8.88801
8.87846
8.86905
8.85978
8.85208
8.8431
8.83286
8.82418
8.81706
8.80797
8.80044
8.79376
8.78581
8.7787
8.77103
8.7635
8.7568
8.74811
8.74307
8.73461
8.72769
8.71876
8.71206
8.70688
8.70038
8.69397
8.68766
8.68214
8.67599
8.66921
8.6625
8.65655
8.64926
8.64343
8.63906
8.63333
8.62834
8.62056
8.61493
8.61003
8.60374
8.59747
8.59051
8.58427
8.57946
8.57395
8.56844
8.56507
8.55887
8.55055
8.54506
8.54029
8.53552
8.53076
8.52602
8.52058
8.51587
8.50977
8.50441
8.49696
8.49237
8.48712
8.48123
8.4761
8.47033
8.46394
8.45833
8.45424
8.44955
8.44428
8.44055
8.43697
8.43353
8.42886
8.42648
8.42358
8.42019
8.41701
8.41548
8.41208
8.40824
8.40748
8.4056
8.40262
8.40135
8.39971
8.39912
8.39958
8.39901
8.40023
8.40043
8.40104
8.40207
8.40493
8.40682
8.41268
8.41546
8.41588
8.421
8.4266
8.42985
8.43571
8.44488
8.45243
8.45978
8.46763
8.47599
8.48485
8.49563
8.50621
8.51658
8.52815
8.53809
8.54922
8.56154
8.57575
8.58689
8.60203
8.61549
8.63081
8.64586
8.66203
8.68002
8.69629
8.71364
8.73067
8.74663
8.76505
8.78308
8.80143
8.82218
8.84109
8.86096
8.88107
8.9014
8.92123
8.94124
8.96284
8.98317
9.00434
9.02421
9.04559
9.06705
9.08786
9.10871
9.12818
9.15118
9.17134
9.19289
9.21369
9.23654
9.25721
9.27778
9.29897
9.31861
9.33954
9.35891
9.37953
9.39858
9.41814
9.4368
9.45666
9.4756
9.49432
9.5128
9.53104
9.54761
9.56673
9.58417
9.59992
9.61678
9.63405
9.65102
9.66626
9.68189
9.69649
9.71005
9.72539
9.73968
9.75362
9.76721
9.78045
9.79472
9.80651
9.81934
9.83108
9.84314
9.8541
9.86468
9.87486
9.88394
9.89261
9.90088
9.91087
9.91973
9.92749
9.93483
9.94176
9.94827
9.95438
9.95865
9.96463
9.97019
9.97534
9.97725
9.98158
9.98408
9.98759
9.98929
9.99269
9.99217
9.99407
9.99416
9.99386
9.99317
9.99281
9.99277
9.99236
9.99016
9.98759
9.98537
9.98349
9.97985
9.97656
9.97292
9.96754
9.96324
9.95861
9.95295
9.94838
9.94491
9.93831
9.93211
9.92633
9.91956
9.91251
9.90447
9.89688
9.89044
9.88163
9.87329
9.86542
9.85874
9.84902
9.8398
9.8311
9.82221
9.81315
9.80252
9.79244
9.78365
9.7726
9.76215
9.7509
9.73956
9.72816
9.7181
9.70799
9.69785
9.68769
9.67541
9.66456
9.65444
9.64294
9.63291
9.62153
9.61094
9.59973
9.58934
9.57977
9.56892
9.55961
9.54834
9.53793
9.52839
9.51833
9.50844
9.49946
9.49138
9.48279
9.47442
9.46627
9.45763
9.4485
9.44101
9.43445
9.42812
9.42201
9.41471
9.40905
9.40291
9.39698
9.39198
9.38649
9.3798
9.37401
9.36842
9.36303
9.35712
9.35209
9.34795
9.34327
9.33874
9.33367
9.33086
9.32747
9.32351
9.31967
9.31593
9.31301
9.31018
9.30743
9.30476
9.30286
9.30031
9.2978
9.29745
9.29429
9.28974
9.28802
9.28631
9.28458
9.28143
9.27896
9.27717
9.27392
9.27062
9.26869
9.26739
9.26461
9.26317
9.26094
9.26002
9.25549
9.25296
9.24892
9.24547
9.2419
9.23821
9.23369
9.22974
9.22495
9.22072
9.21635
9.21184
9.20718
9.20236
9.1981
9.19085
9.18697
9.18222
9.17732
9.17154
9.1656
9.16091
9.15393
9.14749
9.14089
9.13483
9.12861
9.12152
9.11569
9.10758
9.10002
9.09303
9.08588
9.07719
9.06765
9.06009
9.05099
9.04319
9.03527
9.02654
9.01771
9.00878
9.00118
8.99209
8.98292
8.97439
8.96653
8.95579
8.94644
8.93847
8.92838
8.9197
8.91032
8.90026
8.89094
8.88026
8.87246
8.86331
8.85425
8.84599
8.83784
8.82911
8.82052
8.81278
8.8038
8.79499
8.78708
8.77937
8.77046
8.7632
8.75547
8.74728
8.74219
8.73384
8.72648
8.72083
8.71408
8.70907
8.70438
8.70004
8.69605
8.69242
8.68914
8.68483
8.68372
8.68229
8.68055
8.67922
8.6797
8.68129
8.68048
8.68079
8.68153
8.68339
8.68497
8.68557
8.6887
8.69156
8.69343
8.69713
8.70055
8.70439
8.70793
8.71471
8.72049
8.72526
8.73042
8.7388
8.74615
8.75387
8.76126
8.77042
8.77853
8.78839
8.79788
8.80769
8.81782
8.82614
8.83827
8.84927
8.86053
8.87135
8.88311
8.89369
8.9066
8.91971
8.93231
8.94579
8.95873
8.97042
8.98577
8.99771
9.01118
9.02475
9.03769
9.05001
9.06238
9.0762
9.09077
9.10394
9.11853
9.13382
9.14839
9.16222
9.17602
9.19117
9.20556
9.22058
9.2341
9.24754
9.26087
9.2755
9.28861
9.30299
9.31371
9.3264
9.33753
9.34921
9.36143
9.3756
9.38818
9.39918
9.40999
9.42132
9.43034
9.44199
9.45273
9.46328
9.47291
9.48305
9.49368
9.50481
9.5136
9.52289
9.53125
9.5387
9.54663
9.55716
9.56676
9.57543
9.58246
9.59069
9.59727
9.60362
9.61044
9.61632
9.62268
9.62949
9.63677
9.63956
9.64421
9.64861
9.65488
9.66017
9.6652
9.67137
9.67586
9.67936
9.68258
9.68551
9.68886
9.6919
9.69464
9.69636
9.69917
9.70025
9.70171
9.70212
9.70078
9.70121
9.70129
9.70171
9.70037
9.69865
9.69656
9.6934
9.69056
9.68875
9.68444
9.68115
9.67748
9.67131
9.66545
9.65991
9.65328
9.64697
9.63959
9.63324
9.62653
9.61945
9.61203
9.60426
9.59474
9.5849
9.57616
9.56713
9.55569
9.54539
9.53484
9.52334
9.51162
9.50111
9.4897
9.47814
9.46642
9.45388
9.44123
9.42709
9.41641
9.40287
9.39072
9.37928
9.36715
9.35436
9.34163
9.329
9.31718
9.30478
9.29253
9.28044
9.26854
9.25824
9.24746
9.23621
9.2252
9.21516
9.20397
9.19519
9.18599
9.17639
9.1678
9.15882
9.15086
9.14252
9.1338
9.12752
9.12086
9.11522
9.10989
9.10276
9.09806
9.09224
9.08882
9.08356
9.07857
9.07313
9.07006
9.0658
9.06247
9.06075
9.05851
9.05574
9.05242
9.04995
9.04761
9.04538
9.04184
9.03838
9.03639
9.03516
9.03327
9.0321
9.03094
9.02907
9.02718
9.02598
9.02404
9.02346
9.02071
9.0193
9.015
9.01274
9.00969
9.00867
9.00614
9.00423
9.00221
8.99868
8.99575
8.99273
8.98889
8.98637
8.98233
8.97961
8.97608
8.97174
8.96802
8.9635
8.95889
8.95419
8.95224
8.94809
8.94386
8.93957
8.9359
8.93147
8.92627
8.92173
8.91854
8.9139
8.9085
8.90519
8.90183
8.89986
8.89432
8.89157
8.88598
8.88107
8.87685
8.87263
8.86909
8.86344
8.85848
8.85212
8.84789
8.84225
8.83875
8.83314
8.82756
8.82271
8.8186
8.81312
8.80839
8.803
8.79907
8.79309
8.78787
8.78413
8.77976
8.77687
8.77195
8.7664
8.76165
8.75841
8.75386
8.74941
8.74579
8.74227
8.73888
8.73562
8.73106
8.72876
8.72448
8.72175
8.71917
8.71672
8.71514
8.713
8.71102
8.7092
8.70895
8.70745
8.70682
8.70494
8.70393
8.7045
8.70453
8.7026
8.70226
8.70208
8.70065
8.70079
8.70039
8.69944
8.70077
8.70084
8.70318
8.70426
8.70478
8.70685
8.70836
8.71001
8.71249
8.71512
8.71504
8.71508
8.71525
8.71835
8.72086
8.72418
8.72549
8.73114
8.73407
8.7371
8.73881
8.74132
8.74463
8.74731
8.75079
8.75505
8.75939
8.7631
8.76687
8.77001
8.77463
8.7772
8.78194
8.78534
8.7902
8.79441
8.80079
8.80581
8.80734
8.81174
8.81546
8.81994
8.82444
8.82969
8.83496
8.84025
8.84768
8.853
8.85692
8.86014
8.86548
8.87083
8.87617
8.88222
8.88614
8.89005
8.89464
8.89993
8.90237
8.90479
8.9093
8.91238
8.91755
8.92197
8.92637
8.93074
8.93508
8.93796
8.94293
8.94787
8.95417
8.95903
8.96314
8.96651
8.97125
8.97525
8.9792
8.98311
8.98699
8.99154
8.99535
8.99984
9.00358
9.00659
9.00956
9.0125
9.01612
9.01972
9.02328
9.02752
9.03103
9.03451
9.03797
9.04069
9.0448
9.04888
9.05152
9.05696
9.05883
9.06349
9.06671
9.0706
9.07447
9.07758
9.08137
9.0844
9.0874
9.09034
9.09466
9.09751
9.10031
9.10165
9.10504
9.10767
9.11095
9.11416
9.11589
9.11826
9.11985
9.1235
9.12636
9.12703
9.12904
9.13097
9.13142
9.13249
9.13491
9.13655
9.1367
9.13819
9.14033
9.1424
9.143
9.14496
9.14757
9.14801
9.14981
9.15087
9.1526
9.1543
9.15528
9.15554
9.15721
9.15957
9.16054
9.16152
9.16182
9.16286
9.16252
9.16294
9.16412
9.16607
9.16739
9.16809
9.16887
9.16976
9.17004
9.17326
9.17378
9.17585
9.17805
9.18252
9.18502
9.18698
9.19051
9.19351
9.19669
9.19864
9.2022
9.20524
9.20849
9.21194
9.21489
9.22017
9.22355
9.22856
9.23379
9.23994
9.24772
9.25219
9.2583
9.26391
9.27046
9.27863
9.2849
9.2928
9.2995
9.30569
9.31209
9.32009
9.32899
9.33878
9.35015
9.35887
9.36775
9.37465
9.38241
9.38959
9.40041
9.41134
9.42095
9.42994
9.44041
9.44953
9.45939
9.47069
9.47917
9.48907
9.49894
9.50878
9.51857
9.5283
9.53723
9.54677
9.55691
9.56621
9.57606
9.58504
9.59315
9.60248
9.60879
9.61771
9.6257
9.63346
9.64168
9.64965
9.65665
9.66338
9.67055
9.67816
9.68548
9.69111
9.69646
9.70152
9.707
9.7115
9.71643
9.72109
9.72549
9.72962
9.7321
9.73574
9.73844
9.74021
9.74317
9.74663
9.74848
9.74944
9.75094
9.75158
9.75276
9.75241
9.75333
9.75344
9.75344
9.75336
9.7532
9.75367
9.75409
9.75446
9.7555
9.7551
9.75396
9.75422
9.75306
9.7526
9.75355
9.75309
9.75405
9.75361
9.75387
9.75485
9.75514
9.75543
9.75501
9.7553
9.75559
9.75586
9.75612
9.75707
9.75586
9.75533
9.75616
9.75694
9.75624
9.75688
9.75602
9.7572
9.75615
9.75781
9.75654
9.75725
9.7564
9.75541
9.75426
9.75366
9.75288
9.75121
9.74937
9.7445
9.74155
9.73911
9.73646
9.73431
9.73054
9.72796
9.72518
9.72218
9.71967
9.71343
9.70839
9.70456
9.70053
9.6956
9.68978
9.68519
9.67971
9.67337
9.66757
9.66233
9.65766
9.65145
9.64371
9.63798
9.63144
9.62481
9.61669
9.60992
9.6031
9.59766
9.58936
9.58317
9.57627
9.56867
9.56038
9.55495
9.54674
9.53787
9.53259
9.52598
9.51875
9.51232
9.5067
9.49978
9.4958
9.48984
9.48331
9.47621
9.47067
9.46388
9.45866
9.4529
9.44801
9.4447
9.44226
9.43647
9.43226
9.42822
9.42365
9.41925
9.41572
9.41236
9.40986
9.4061
9.40392
9.40117
9.39786
9.39398
9.39165
9.38944
9.38592
9.38252
9.38062
9.37881
9.37637
9.37611
9.3738
9.37224
9.37073
9.36995
9.36777
9.36702
9.36555
9.36477
9.36327
9.36102
9.35872
9.35707
9.35606
9.35426
9.35237
9.35038
9.34969
9.34746
9.34509
9.34117
9.3392
9.33495
9.33264
9.32803
9.32465
9.32107
9.31728
9.31328
9.30764
9.30388
9.29918
9.29564
9.29044
9.28357
9.27785
9.27046
9.2635
9.25768
9.25016
9.24449
9.23711
9.22874
9.22079
9.21183
9.20401
9.19518
9.18465
9.17666
9.16698
9.15701
9.14605
9.13553
9.12545
9.11509
9.10166
9.0901
9.07829
9.06413
9.05116
9.03798
9.0253
9.01386
9.00082
8.98832
8.97427
8.95938
8.94649
8.9321
8.91832
8.9052
8.89132
8.87742
8.86351
8.85102
8.83786
8.82405
8.81031
8.79667
8.78385
8.77046
8.75794
8.74489
8.73345
8.72222
8.70912
8.69628
8.68442
8.67286
8.66304
8.65284
8.643
8.63282
8.62021
8.61082
8.60115
8.59262
8.58524
8.57691
8.57046
8.56309
8.55691
8.55194
8.54677
8.54354
8.54082
8.5351
8.53132
8.5302
8.52962
8.52817
8.52797
8.52761
8.52778
8.52849
8.52901
8.53006
8.53304
8.53654
8.54125
8.54434
8.54863
8.55269
8.55935
8.56646
8.57261
8.57919
8.5869
8.59501
8.60211
8.61029
8.61813
8.62843
8.63694
8.64647
8.65701
8.66712
8.67679
8.68741
8.69756
8.71074
8.722
8.73344
8.74434
8.75681
8.7694
8.78141
8.79424
8.80855
8.81941
8.83103
8.84269
8.8565
8.8682
8.8799
8.89229
8.90467
8.917
8.92928
8.94221
8.95436
8.96642
8.97839
8.99026
9.00201
9.01294
9.02515
9.03651
9.04843
9.05878
9.07037
9.07968
9.0895
9.09915
9.10929
9.11854
9.12687
9.1364
9.14572
9.15482
9.16298
9.17162
9.18214
9.19029
9.20102
9.20938
9.21606
9.22319
9.23217
9.23806
9.24439
9.24903
9.25481
9.26172
9.26764
9.27187
9.27581
9.27947
9.28354
9.28732
9.29223
9.29473
9.29695
9.29958
9.30193
9.30328
9.30506
9.30655
9.30847
9.30799
9.30864
9.30972
9.30912
9.31036
9.31064
9.30924
9.30759
9.30569
9.30425
9.30398
9.30136
9.2978
9.29543
9.29356
9.29148
9.28991
9.28814
9.28407
9.27912
9.27401
9.27015
9.26756
9.26483
9.25985
9.25476
9.24884
9.24424
9.24097
9.23621
9.23208
9.22649
9.22085
9.21587
9.20946
9.20303
9.19941
9.19367
9.18936
9.18295
9.17869
9.17588
9.17101
9.16831
9.16285
9.15747
9.15217
9.14695
9.14254
9.13752
9.13402
9.12923
9.12456
9.12072
9.11702
9.11345
9.10932
9.10603
9.10289
9.09989
9.09916
9.09647
9.09534
9.09435
9.09211
9.09002
9.08809
9.08701
9.08609
9.08461
9.08257
9.08138
9.08034
9.07803
9.07656
9.07592
9.07471
9.07504
9.07407
9.07463
9.07388
9.07325
9.07271
9.07367
9.07472
9.07515
9.07494
9.0748
9.07544
9.07613
9.07617
9.07767
9.07992
9.0815
9.08311
9.08264
9.08147
9.08315
9.08485
9.08655
9.08756
9.08929
9.09031
9.09134
9.09237
9.0927
9.09584
9.09758
9.09719
9.09823
9.09856
9.10031
9.10137
9.10244
9.10352
9.10392
9.10364
9.10551
9.106
9.10935
9.11064
9.11198
9.11268
9.11486
9.11711
9.11874
9.12117
9.12159
9.12422
9.12555
9.12912
9.1307
9.13453
9.13638
9.13838
9.14123
9.14496
9.14673
9.15008
9.15361
9.15803
9.16263
9.1667
9.17097
9.17472
9.17938
9.18424
9.19001
9.19598
9.20287
9.20924
9.21441
9.22049
9.22747
9.23323
9.23848
9.24321
9.25166
9.25888
9.26839
9.27384
9.28227
9.28945
9.29749
9.3078
9.31612
9.32528
9.33455
9.34182
9.3506
9.36088
9.36912
9.37742
9.38719
9.39558
9.40189
9.41103
9.41877
9.42789
9.43558
9.44392
9.45221
9.46182
9.46923
9.47723
9.48793
9.49777
9.50744
9.51553
9.52413
9.53323
9.54139
9.5486
9.55485
9.56223
9.5679
9.57467
9.58112
9.58583
9.59088
9.59628
9.59989
9.60452
9.60875
9.61044
9.61313
9.61467
9.6179
9.61856
9.62159
9.62275
9.62133
9.62157
9.62063
9.61994
9.61808
9.61504
9.61225
9.609
9.60459
9.60044
9.59726
9.59223
9.58536
9.57736
9.57037
9.56511
9.55804
9.5499
9.54068
9.53183
9.52336
9.51457
9.50407
9.49469
9.48575
9.47514
9.46501
9.45395
9.44268
9.43123
9.42032
9.40926
9.39666
9.38535
9.37324
9.36105
9.3495
9.33791
9.32699
9.31605
9.3037
9.29208
9.28048
9.26681
9.25531
9.24459
9.23395
9.2227
9.21226
9.20123
9.19033
9.17957
9.16754
9.15708
9.1482
9.13878
9.12954
9.11908
9.1081
9.09873
9.09097
9.08201
9.07254
9.06471
9.05639
9.04898
9.0418
9.03484
9.02811
9.02089
9.01248
9.00641
8.99915
8.99212
8.98602
8.98225
8.97729
8.97114
8.96661
8.9623
8.95819
8.9543
8.94991
8.94572
8.94245
8.93867
8.93439
8.93031
8.92854
8.92484
8.92346
8.92085
8.91844
8.91622
8.91136
8.90953
8.90859
8.90785
8.9066
8.90555
8.9047
8.90265
8.9015
8.90126
8.90052
8.90071
8.90111
8.90315
8.904
8.90509
8.905
8.90586
8.90555
8.90761
8.90993
8.91322
8.91678
8.92202
8.92541
8.92908
8.93233
8.93587
8.9404
8.94524
8.95178
8.95579
8.96223
8.96827
8.97391
8.97985
8.9861
8.99194
8.9995
9.00736
9.01693
9.02538
9.03412
9.04245
9.04965
9.05925
9.06841
9.07856
9.08825
9.09891
9.10982
9.12167
9.13304
9.14535
9.15645
9.16776
9.17855
9.19164
9.20419
9.21832
9.23117
9.24486
9.25585
9.26765
9.28165
9.29432
9.30917
9.32265
9.33617
9.35041
9.36536
9.37818
9.39238
9.40655
9.42066
9.43328
9.44722
9.46247
9.47477
9.48765
9.49966
9.51222
9.52388
9.53534
9.548
9.55972
9.57049
9.58312
9.59335
9.6033
9.61294
9.62298
9.63268
9.64276
9.65177
9.66184
9.6687
9.67729
9.68478
9.69046
9.69644
9.7027
9.70782
9.71393
9.7196
9.72342
9.72749
9.73041
9.73429
9.73701
9.74069
9.74462
9.74597
9.74475
9.74732
9.74873
9.74616
9.74527
9.74324
9.74078
9.7379
9.73459
9.7323
9.72959
9.72579
9.72231
9.71845
9.71422
9.70894
9.70261
9.69665
9.68966
9.68378
9.6769
9.66973
9.66228
9.65388
9.64593
9.63774
9.62934
9.62143
9.61262
9.60433
9.59657
9.58653
9.57634
9.56673
9.55699
9.54715
9.53792
9.5286
9.5171
9.50623
9.49532
9.48509
9.47341
9.46243
9.45285
9.44328
9.43231
9.42208
9.41117
9.40102
9.39162
9.38087
9.37159
9.36098
9.35044
9.3407
9.33105
9.3215
9.31206
9.30272
9.2935
9.28439
9.2754
9.26724
9.25991
9.2513
9.24211
9.23518
9.22696
9.21817
9.20881
9.201
9.19543
9.18788
9.18187
9.17458
9.16813
9.1625
9.15699
9.1502
9.14423
9.13697
9.12912
9.1235
9.11657
9.11045
9.10443
9.09852
9.09341
9.08769
9.08205
9.0758
9.07104
9.06566
9.05965
9.05513
9.04997
9.04488
9.03844
9.03418
9.02928
9.02443
9.02033
9.01558
9.01158
9.00693
9.00302
8.99916
8.99463
8.99084
8.98709
8.98336
8.97968
8.97603
8.97241
8.96813
8.96388
8.95826
8.95338
8.95066
8.94656
8.94252
8.9371
8.93033
8.92712
8.92257
8.91947
8.91504
8.91137
8.90778
8.90427
8.90013
8.8975
8.89426
8.89182
8.88949
8.88728
8.88378
8.88042
8.87649
8.87341
8.8719
8.87056
8.86797
8.86628
8.86549
8.86348
8.86169
8.86083
8.8609
8.8605
8.86247
8.86329
8.86508
8.86644
8.86668
8.86863
8.87088
8.87203
8.87492
8.87602
8.87887
8.88278
8.88775
8.89097
8.89596
8.90063
8.90639
8.91254
8.91979
8.92603
8.93337
8.9397
8.94786
8.95572
8.96328
8.97409
8.98319
8.99199
9.00192
9.01297
9.02442
9.03346
9.04432
9.05558
9.06794
9.08068
9.09452
9.10662
9.1219
9.13614
9.15143
9.16635
9.18231
9.19647
9.21164
9.2285
9.24353
9.25952
9.27576
9.29434
9.31173
9.32931
9.34848
9.36569
9.38305
9.40123
9.41952
9.43789
9.45633
9.47411
9.49119
9.50828
9.52676
9.54308
9.56145
9.57903
9.59722
9.61527
9.63247
9.65161
9.66773
9.68646
9.70426
9.7225
9.73906
9.75391
9.77268
9.7897
9.80637
9.82127
9.83579
9.85131
9.86712
9.88038
9.8932
9.90626
9.91814
9.93023
9.94113
9.95221
9.96207
9.97069
9.97947
9.987
9.99468
10.0032
10.009
10.0164
10.0225
10.0273
10.0308
10.0344
10.0375
10.0399
10.041
10.0408
10.0429
10.0422
10.0417
10.0398
10.0367
10.0344
10.0308
10.0252
10.0219
10.0173
10.0114
10.0057
9.99877
9.992
9.98542
9.97832
9.97003
9.96265
9.95338
9.94365
9.93276
9.92143
9.91037
9.89961
9.88775
9.87478
9.86215
9.84917
9.83654
9.82218
9.80821
9.79465
9.7801
9.7653
9.75024
9.73496
9.72158
9.70589
9.69001
9.67327
9.65638
9.64007
9.62223
9.60642
9.58912
9.57176
9.55435
9.53763
9.52089
9.50345
9.48745
9.47007
9.45416
9.43761
9.42114
9.40336
9.38498
9.36742
9.35212
9.33555
9.31772
9.30218
9.2854
9.27093
9.25735
9.24185
9.22727
9.21078
9.19592
9.18269
9.16898
9.15549
9.14153
9.1285
9.1164
9.10382
9.09288
9.08145
9.07094
9.05852
9.04773
9.03713
9.02603
9.01511
9.00438
8.99312
8.98273
8.97321
8.96313
8.95249
8.9427
8.93303
8.92348
8.91405
8.90402
8.8948
8.88427
8.87524
8.867
8.85814
8.84795
8.83854
8.8285
8.81923
8.80934
8.80022
8.79188
8.78361
8.77472
8.76591
8.75788
8.74923
8.74067
8.73221
8.72312
8.71556
8.7081
8.70217
8.69423
8.68784
8.67945
8.6705
8.66381
8.65796
8.65086
8.64534
8.63927
8.63479
8.62908
8.62425
8.6189
8.61375
8.60738
8.60192
8.59879
8.59375
8.59034
8.58574
8.58278
8.57935
8.57756
8.57459
8.57257
8.57079
8.56785
8.56515
8.56481
8.5626
8.56064
8.55893
8.55888
8.5598
8.55885
8.55886
8.55912
8.56035
8.55972
8.56005
8.56205
8.56501
8.56682
8.56888
8.5719
8.57448
8.57872
8.58039
8.58585
8.58874
8.59331
8.59672
8.60109
8.60714
8.61273
8.61858
8.62328
8.63035
8.63697
8.64315
8.65029
8.65629
8.66466
8.67047
8.67654
8.68499
8.6944
8.70125
8.70978
8.71786
8.72691
8.73551
8.74719
8.75701
8.76708
8.77669
8.78867
8.79877
8.80911
8.82108
8.8354
8.8457
8.85833
8.86976
8.88279
8.89601
8.90941
8.92156
8.93317
8.94632
8.95891
8.9716
8.9844
8.99799
9.01165
9.02396
9.03772
9.05079
9.06598
9.08115
9.09558
9.10996
9.12286
9.13495
9.14834
9.16159
9.1761
9.18762
9.20105
9.21498
9.22797
9.23859
9.25035
9.26253
9.2744
9.28171
9.29221
9.30306
9.31214
9.32154
9.33266
9.34056
9.34945
9.35792
9.36525
9.37073
9.37647
9.38247
9.38801
9.39238
9.39699
9.40114
9.40554
9.40947
9.41294
9.41594
9.41848
9.41844
9.42007
9.42124
9.42198
9.42085
9.41788
9.41519
9.41207
9.40924
9.4053
9.40308
9.40116
9.39675
9.39266
9.38821
9.3834
9.37894
9.37416
9.36692
9.36077
9.35502
9.34756
9.33981
9.33248
9.32629
9.31843
9.30962
9.30268
9.2927
9.28391
9.27562
9.26644
9.25708
9.24825
9.23856
9.22732
9.21665
9.20657
9.19639
9.18682
9.17504
9.16532
9.15482
9.145
9.13443
9.12456
9.11326
9.10269
9.09284
9.08302
9.07254
9.06354
9.05319
9.04503
9.03556
9.02549
9.01553
9.00499
8.996
8.98857
8.97918
8.96996
8.96021
8.95065
8.94128
8.93212
8.92387
8.91726
8.91016
8.90189
8.89457
8.88891
8.88349
8.8748
8.86849
8.86174
8.85596
8.85046
8.84523
8.8424
8.83702
8.83122
8.8264
8.82117
8.81764
8.81369
8.80933
8.80737
8.805
8.80222
8.79972
8.79822
8.79702
8.79541
8.79479
8.79517
8.79514
8.79539
8.79735
8.7989
8.79862
8.80075
8.80247
8.8052
8.8075
8.81011
8.81512
8.81972
8.8225
8.82558
8.83036
8.83333
8.83729
8.84367
8.84823
8.85379
8.85965
8.8658
8.87295
8.88111
8.88815
8.89549
8.90313
8.91105
8.91998
8.92919
8.93868
8.94845
8.95851
8.96742
8.97732
8.98748
8.9979
9.01
9.02164
9.03212
9.04354
9.05661
9.0685
9.0799
9.09294
9.10547
9.11891
9.13114
9.14354
9.15613
9.16888
9.1825
9.19626
9.21017
9.22421
9.24048
9.25546
9.27054
9.28431
9.29816
9.31349
9.32607
9.34152
9.3556
9.37042
9.38526
9.39941
9.41357
9.42771
9.44255
9.45736
9.47213
9.48755
9.50081
9.51611
9.53064
9.54507
9.56012
9.57507
9.58778
9.60178
9.61565
9.62938
9.64225
9.65638
9.66964
9.68271
9.69561
9.7069
9.72082
9.73383
9.74521
9.75708
9.76591
9.77733
9.78782
9.79947
9.80947
9.81993
9.83084
9.84079
9.85119
9.85992
9.86838
9.87799
9.88662
9.89498
9.90306
9.91087
9.91628
9.92422
9.93189
9.93856
9.94495
9.95034
9.95686
9.96237
9.9676
9.97182
9.97646
9.98079
9.98483
9.98857
9.9927
9.99512
9.99651
9.99901
10.0033
10.0045
10.0053
10.0065
10.0081
10.0073
10.0061
10.0052
10.0041
10.0025
9.99998
9.99846
9.998
9.99576
9.99175
9.98736
9.98402
9.98031
9.97623
9.97177
9.96694
9.96244
9.95686
9.9502
9.94458
9.93575
9.92797
9.91912
9.91131
9.90245
9.89464
9.8865
9.8759
9.86567
9.85513
9.84499
9.83385
9.82171
9.81141
9.79944
9.78791
9.77615
9.76487
9.75196
9.73955
9.72767
9.71491
9.7034
9.68962
9.67713
9.66452
9.65181
9.6383
9.62542
9.61176
9.59877
9.58432
9.56983
9.55533
9.54294
9.52772
9.51323
9.49945
9.48711
9.4734
9.45762
9.44258
9.42831
9.41409
9.40136
9.3894
9.37611
9.3629
9.34907
9.33745
9.32451
9.31237
9.29962
9.28626
9.27372
9.26128
9.24823
9.23459
9.22247
9.20975
9.19856
9.18748
9.17511
9.16356
9.15708
9.14436
9.13388
9.12141
9.10978
9.1004
9.09044
9.08134
9.07237
9.06213
9.05063
9.04069
9.03231
9.0241
9.01534
9.00534
8.99692
8.98797
8.98132
8.97274
8.96576
8.95826
8.94954
8.94174
8.93413
8.92956
8.92239
8.91754
8.9101
8.90359
8.8966
8.89197
8.88616
8.87989
8.87457
8.8695
8.86468
8.86012
8.85511
8.84965
8.84586
8.84163
8.83767
8.83326
8.83123
8.82806
8.82585
8.82461
8.82223
8.82152
8.81965
8.81875
8.81739
8.81559
8.81473
8.81483
8.81447
8.81575
8.81586
8.81832
8.8217
8.82387
8.82626
8.82743
8.82809
8.82964
8.83067
8.83329
8.83607
8.839
8.84279
8.84601
8.84935
8.85211
8.85639
8.86006
8.86382
8.86624
8.87014
8.87339
8.87951
8.88426
8.89044
8.89381
8.8993
8.90409
8.90816
8.9115
8.9148
8.91878
8.92341
8.92588
8.9304
8.93344
8.93641
8.94073
8.94425
8.94699
8.94965
8.95292
8.95611
8.95781
8.96012
8.96305
8.96661
8.96867
8.97065
8.97397
8.97791
8.98249
8.9856
8.99006
8.99306
8.99601
8.99822
9.0004
9.00255
9.00257
9.00186
9.00326
9.00466
9.00606
9.00959
9.01172
9.01316
9.01674
9.02106
9.02399
9.02695
9.02925
9.03228
9.03535
9.03846
9.0409
9.04266
9.04446
9.04628
9.04813
9.05212
9.0533
9.05448
9.0578
9.06111
9.06371
9.0656
9.06887
9.07069
9.07319
9.07565
9.07946
9.08252
9.0848
9.08701
9.08914
9.09119
9.09384
9.09499
9.09673
9.09837
9.0999
9.10413
9.10611
9.10728
9.10902
9.10922
9.11001
9.11066
9.1133
9.113
9.11398
9.11414
9.11559
9.11482
9.11464
9.11366
9.11399
9.11281
9.11296
9.11444
9.11232
9.11154
9.10999
9.11191
9.11025
9.10925
9.1082
9.10572
9.10461
9.10278
9.10304
9.10117
9.1007
9.09951
9.09832
9.09853
9.09733
9.09613
9.09493
9.09584
9.09322
9.092
9.08795
9.08671
9.08405
9.0835
9.08151
9.07879
9.07816
9.07749
9.07609
9.07464
9.07314
9.073
9.07209
9.06971
9.06796
9.06543
9.06353
9.06013
9.05875
9.05446
9.05148
9.0484
9.04593
9.04265
9.04139
9.03719
9.03289
9.0299
9.02751
9.0222
9.0182
9.0141
9.01203
9.00987
9.00622
9.00108
8.99799
8.99554
8.99021
8.98625
8.98226
8.97894
8.97349
8.96874
8.9647
8.96067
8.95668
8.95272
8.94953
8.94639
8.94193
8.93825
8.93468
8.93052
8.92719
8.92401
8.92098
8.91883
8.91756
8.91436
8.91207
8.90999
8.90884
8.90722
8.90513
8.90399
8.90312
8.9018
8.90076
8.9
8.90094
8.90076
8.90087
8.90199
8.90412
8.90444
8.90859
8.91024
8.9129
8.91658
8.91916
8.92205
8.92666
8.92947
8.93399
8.93881
8.94394
8.94865
8.95436
8.95964
8.96591
8.97246
8.97926
8.98704
8.99435
9.0019
9.00969
9.0177
9.02592
9.03435
9.04298
9.05038
9.06007
9.06993
9.07994
9.0908
9.09897
9.10868
9.11991
9.12984
9.14057
9.15067
9.16014
9.1725
9.18421
9.19524
9.20631
9.21669
9.22638
9.23678
9.24788
9.25968
9.27074
9.28247
9.29204
9.30155
9.31172
9.32323
9.33183
9.34388
9.35302
9.36277
9.37171
9.38195
9.39207
9.40066
9.41195
9.42098
9.43129
9.44074
9.44933
9.45917
9.46886
9.47696
9.4856
9.49265
9.50022
9.5083
9.51479
9.52177
9.53067
9.53583
9.54289
9.54831
9.55633
9.5627
9.56813
9.57402
9.57896
9.58363
9.58805
9.59291
9.59678
9.60039
9.6037
9.60743
9.61016
9.61118
9.61542
9.61723
9.61873
9.61779
9.61795
9.61637
9.61657
9.61574
9.61598
9.61589
9.61404
9.61257
9.61075
9.60789
9.60539
9.60327
9.6008
9.59588
9.59205
9.58717
9.58269
9.57858
9.57346
9.56661
9.56086
9.55411
9.54707
9.54115
9.53354
9.52637
9.51682
9.50912
9.50048
9.49089
9.48249
9.47246
9.46364
9.45533
9.44614
9.43748
9.42867
9.41901
9.40922
9.3979
9.38718
9.37636
9.36546
9.3545
9.34207
9.331
9.32203
9.31164
9.30124
9.29087
9.28264
9.27233
9.26067
9.2505
9.24041
9.23042
9.22195
9.21219
9.2054
9.19593
9.18663
9.1768
9.16715
9.157
9.14847
9.13946
9.13138
9.12354
9.11596
9.10723
9.10088
9.09482
9.08622
9.08004
9.07274
9.06647
9.06121
9.05558
9.0531
9.04883
9.04631
9.04343
9.04159
9.0387
9.03544
9.03254
9.0307
9.0278
9.02666
9.02659
9.02475
9.02467
9.02564
9.02625
9.0265
9.02708
9.02871
9.03067
9.03365
9.03695
9.03703
9.04024
9.04304
9.04683
9.05092
9.05456
9.05706
9.06264
9.06847
9.07383
9.08013
9.08593
9.09124
9.09745
9.10243
9.1083
9.11504
9.12264
9.12826
9.13685
9.14343
9.15155
9.15905
9.16665
9.17503
9.18207
9.19058
9.19772
9.20631
9.21209
9.22002
9.22936
9.238
9.24592
9.25382
9.26099
9.26812
9.27662
9.28436
9.29204
9.29965
9.30789
9.31535
9.32271
9.33068
9.33785
9.34349
9.35042
9.35793
9.36531
9.37185
9.37895
9.38449
9.38987
9.39579
9.40296
9.40853
9.41322
9.41983
9.42342
9.42823
9.43353
9.43792
9.44279
9.44673
9.45185
9.45461
9.45924
9.4615
9.46351
9.46666
9.46814
9.47005
9.47097
9.47231
9.47406
9.4741
9.47454
9.47608
9.4759
9.47541
9.47248
9.47064
9.46848
9.46669
9.46529
9.46356
9.4615
9.45911
9.4571
9.45334
9.44926
9.44485
9.43942
9.43579
9.42973
9.42337
9.41952
9.41467
9.40671
9.39918
9.39279
9.38614
9.37782
9.36997
9.36117
9.35428
9.34506
9.33565
9.32676
9.31913
9.30993
9.3013
9.29395
9.28509
9.27685
9.26571
9.25591
9.24537
9.2348
9.22493
9.21365
9.20311
9.19189
9.18426
9.17387
9.16429
9.15621
9.14825
9.1376
9.12992
9.12241
9.11296
9.10369
9.09464
9.08721
9.07859
9.07093
9.06352
9.05496
9.04809
9.04009
9.03238
9.02568
9.01929
9.01251
9.00675
9.00203
8.99623
8.99289
8.98919
8.98654
8.98353
8.98088
8.97857
8.97591
8.97359
8.97092
8.97
8.96872
8.96919
8.96998
8.9711
8.97253
8.9764
8.97702
8.97936
8.98126
8.98344
8.98587
8.98855
8.99146
8.99388
8.9972
9.00142
9.00581
9.01177
9.01575
9.02055
9.02475
9.02904
9.03269
9.03639
9.04012
9.04598
9.05183
9.05554
9.05921
9.06424
9.0692
9.07265
9.07742
9.08276
9.08657
9.09093
9.09444
9.0992
9.10307
9.10464
9.10744
9.11146
9.11386
9.11607
9.11807
9.11917
9.11937
9.12148
9.12129
9.12092
9.12178
9.12248
9.12372
9.12412
9.1258
9.12524
9.12527
9.12522
9.1258
9.12703
9.1268
9.12655
9.12771
9.12675
9.12723
9.12634
9.12621
9.12616
9.1269
9.12491
9.12445
9.12482
9.12392
9.12458
9.1254
9.12426
9.12541
9.12674
9.12825
9.12995
9.13183
9.13177
9.13471
9.1357
9.13898
9.141
9.14247
9.14549
9.14864
9.15191
9.15457
9.15733
9.16156
9.16444
9.16948
9.17525
9.17749
9.18112
9.18473
9.18899
9.19177
9.19588
9.19988
9.20235
9.20538
9.20756
9.21027
9.21068
9.21302
9.21444
9.21565
9.21805
9.21668
9.2179
9.21958
9.2196
9.22008
9.22242
9.22311
9.22356
9.22447
9.22303
9.22348
9.2223
9.22021
9.21862
9.21755
9.21632
9.21422
9.21269
9.21103
9.20785
9.20528
9.20264
9.20063
9.19718
9.1944
9.1916
9.1881
9.18533
9.18119
9.17852
9.17662
9.17551
9.17239
9.1701
9.16935
9.16733
9.16547
9.1659
9.16581
9.16379
9.16338
9.16178
9.16039
9.16065
9.15973
9.15765
9.15864
9.1606
9.1607
9.16036
9.16169
9.1626
9.16237
9.16525
9.16841
9.17255
9.17486
9.18028
9.18598
9.18983
9.19538
9.19909
9.20378
9.20874
9.21256
9.21735
9.2224
9.2284
9.23466
9.24116
9.24789
9.25415
9.26062
9.26731
9.27419
9.28197
9.28993
9.29877
9.30635
9.31548
9.32263
9.3313
9.33796
9.34682
9.35575
9.36544
9.37447
9.3814
9.39116
9.40091
9.41063
9.42101
9.42991
9.44014
9.44815
9.45604
9.46449
9.47278
9.48231
9.48881
9.49651
9.50469
9.5119
9.51815
9.52692
9.53258
9.53933
9.54505
9.54972
9.55546
9.55941
9.56229
9.56548
9.5704
9.5728
9.57551
9.5771
9.57899
9.58188
9.58294
9.58359
9.58384
9.58367
9.58311
9.58568
9.58362
9.58048
9.57838
9.57663
9.57383
9.56999
9.56654
9.56348
9.55942
9.5551
9.55192
9.54709
9.54134
9.53608
9.53064
9.52574
9.5221
9.5155
9.50949
9.50268
9.4972
9.49165
9.48395
9.47833
9.4727
9.46848
9.46216
9.45517
9.44822
9.44133
9.43521
9.42847
9.42182
9.41457
9.41025
9.40534
9.39986
9.3938
9.38789
9.38282
9.37931
9.37455
9.37134
9.36618
9.36188
9.35774
9.35375
9.34993
9.34696
9.34486
9.3429
9.33897
9.3366
9.33507
9.33086
9.32819
9.32495
9.32183
9.31812
9.31452
9.31173
9.30834
9.30716
9.30395
9.30223
9.30129
9.30042
9.2982
9.29815
9.29673
9.29606
9.2933
9.29198
9.29068
9.28797
9.28738
9.28679
9.28618
9.28415
9.28279
9.28069
9.27713
9.27774
9.27547
9.27171
9.27141
9.26889
9.2677
9.26569
9.26498
9.26274
9.25966
9.25574
9.25379
9.25026
9.24657
9.24482
9.24147
9.23864
9.2349
9.23095
9.22607
9.22168
9.21423
9.20935
9.20494
9.19957
9.19252
9.18592
9.18116
9.17399
9.16655
9.15882
9.15151
9.14461
9.13671
9.12923
9.12003
9.11054
9.10146
9.09068
9.0796
9.06965
9.05799
9.04676
9.03737
9.02559
9.01426
9.00268
8.99014
8.97807
8.96508
8.95257
8.94056
8.92766
8.9153
8.90206
8.88869
8.87448
8.86086
8.84785
8.83335
8.8195
8.8056
8.79027
8.77564
8.76103
8.74858
8.73548
8.72175
8.70813
8.69604
8.68409
8.6702
8.6579
8.64652
8.63324
8.62023
8.60819
8.59715
8.58644
8.57323
8.56251
8.55145
8.5415
8.53196
8.52357
8.51563
8.50817
8.50119
8.494
8.48804
8.4819
8.47701
8.47126
8.46679
8.46571
8.46241
8.459
8.4569
8.45542
8.45456
8.45503
8.45543
8.45716
8.45953
8.46112
8.46264
8.46479
8.46828
8.47241
8.47856
8.48534
8.49132
8.49862
8.50581
8.5143
8.52337
8.53301
8.5432
8.55253
8.5638
8.57489
8.5879
8.6014
8.61395
8.62767
8.64254
8.65783
8.6721
8.68605
8.7032
8.71928
8.73568
8.75169
8.76869
8.78595
8.80275
8.82119
8.83912
8.85583
8.87552
8.89393
8.91246
8.93108
8.95048
8.96923
8.99013
9.00751
9.02487
9.04431
9.06299
9.07948
9.09587
9.11497
9.13323
9.15063
9.16855
9.18628
9.20237
9.22105
9.23807
9.25481
9.27056
9.28671
9.30323
9.31941
9.33452
9.34926
9.365
9.37751
9.39241
9.40474
9.41731
9.42727
9.44168
9.45275
9.464
9.4747
9.48485
9.49513
9.50413
9.51395
9.52175
9.52893
9.53407
9.5407
9.54598
9.55131
9.55528
9.55858
9.55982
9.56038
9.56097
9.5609
9.56156
9.56154
9.56015
9.55598
9.55255
9.54847
9.54515
9.5419
9.53731
9.53069
9.52417
9.51706
9.50867
9.50113
9.49234
9.48302
9.47038
9.45937
9.4479
9.43458
9.42367
9.41096
9.39788
9.38448
9.37147
9.35819
9.34323
9.33017
9.31621
9.30209
9.28713
9.27137
9.25694
9.24176
9.22587
9.2093
9.19418
9.17843
9.16209
9.14659
9.13267
9.11753
9.10333
9.08867
9.075
9.06092
9.04717
9.03306
9.02003
9.00811
8.99519
8.98412
8.97492
8.96479
8.95444
8.9446
8.93599
8.92791
8.92038
8.91412
8.90771
8.90118
8.89522
8.88985
8.88579
8.88161
8.87944
8.87645
8.87547
8.87509
8.87388
8.87396
8.87532
8.87514
8.87693
8.87857
8.88005
8.88418
8.88812
8.89257
8.8968
8.90221
8.90738
8.9144
8.91974
8.9269
8.93447
8.94241
8.95142
8.96076
8.96902
8.97829
8.98714
8.99837
9.00985
9.01944
9.02995
9.04065
9.05154
9.064
9.07519
9.08651
9.09653
9.10806
9.11967
9.13206
9.1438
9.15487
9.16527
9.17639
9.18964
9.20077
9.21118
9.2244
9.23688
9.24862
9.26031
9.27267
9.28568
9.29651
9.30587
9.31798
9.32861
9.34057
9.35106
9.36358
9.3739
9.38272
9.39359
9.40366
9.41506
9.42566
9.43618
9.44732
9.45767
9.46934
9.47951
9.48959
9.49887
9.50876
9.51714
9.52613
9.53573
9.54592
9.55601
9.56599
9.57514
9.58347
9.59309
9.60045
9.6098
9.61829
9.62733
9.63621
9.64421
9.65203
9.65966
9.66709
9.67643
9.68414
9.69091
9.69885
9.70582
9.71253
9.71612
9.72084
9.72525
9.73074
9.7345
9.73861
9.74237
9.74575
9.74945
9.74994
9.75354
9.75531
9.75665
9.75968
9.75942
9.75942
9.75755
9.75662
9.75521
9.75332
9.74884
9.74457
9.74124
9.73743
9.73313
9.72766
9.72242
9.716
9.70983
9.70251
9.69617
9.68868
9.68079
9.67249
9.6638
9.65546
9.64605
9.63772
9.62908
9.61873
9.60812
9.59937
9.58687
9.57558
9.56483
9.55039
9.53865
9.52681
9.51561
9.50294
9.49097
9.48041
9.46988
9.45658
9.44549
9.43309
9.42154
9.41014
9.39892
9.3872
9.37571
9.36517
9.3542
9.3435
9.33312
9.32306
9.31405
9.3061
9.2964
9.2892
9.28169
9.27529
9.26931
9.26374
9.25791
9.25109
9.24541
9.23946
9.23466
9.23031
9.22781
9.22504
9.222
9.2208
9.22003
9.21898
9.21833
9.21879
9.21893
9.22086
9.22175
9.2237
9.22599
9.22719
9.2294
9.23049
9.23397
9.23771
9.24239
9.24658
9.25027
9.25415
9.25747
9.26165
9.26595
9.27105
9.27553
9.28007
9.28536
9.29137
9.29385
9.29842
9.30225
9.30673
9.31043
9.31474
9.31894
9.32371
9.32763
9.3314
9.33569
9.33908
9.34227
9.34524
9.34799
9.35191
9.35416
9.35686
9.3593
9.36005
9.36052
9.36211
9.36342
9.36302
9.36373
9.36344
9.36214
9.35913
9.35793
9.35785
9.35747
9.35538
9.35371
9.35175
9.3481
9.34558
9.34138
9.33621
9.33219
9.32722
9.3227
9.31795
9.31227
9.30707
9.30096
9.29394
9.28813
9.28144
9.27598
9.26753
9.26245
9.25653
9.24836
9.24076
9.23376
9.22806
9.22016
9.21146
9.2041
9.19597
9.1885
9.1824
9.17415
9.16659
9.15761
9.15074
9.1446
9.13848
9.13098
9.12281
9.11612
9.10878
9.10152
9.09434
9.08585
9.07887
9.07131
9.06457
9.05798
9.05153
9.04382
9.03698
9.03102
9.02524
9.01894
9.01355
9.00767
9.00341
9.00008
8.99557
8.99059
8.98726
8.98489
8.98135
8.97878
8.97648
8.97374
8.97056
8.96836
8.96574
8.9648
8.96343
8.96094
8.95942
8.95818
8.95792
8.95864
8.95963
8.9616
8.96312
8.96491
8.96624
8.96782
8.96964
8.9717
8.97398
8.9779
8.9785
8.98142
8.98525
8.98786
8.99205
8.99712
9.00093
9.00418
9.00898
9.01391
9.01824
9.02268
9.02791
9.03252
9.0365
9.04123
9.04602
9.05155
9.0571
9.06196
9.06682
9.07097
9.07651
9.08202
9.08536
9.09146
9.09397
9.09923
9.10371
9.10738
9.11025
9.11302
9.11848
9.12242
9.12481
9.12706
9.13198
9.13464
9.13785
9.1409
9.14379
9.1451
9.14764
9.15143
9.15433
9.15707
9.15963
9.16131
9.16352
9.16486
9.16744
9.16915
9.1707
9.17351
9.17546
9.17374
9.17401
9.17485
9.17628
9.17619
9.17529
9.17642
9.17606
9.17492
9.17441
9.17456
9.17397
9.17193
9.172
9.16994
9.17
9.16936
9.16805
9.16677
9.16694
9.16647
9.16606
9.16502
9.16618
9.1653
9.16523
9.16455
9.16398
9.16563
9.1667
9.16718
9.1692
9.16993
9.17219
9.17317
9.17498
9.1755
9.17967
9.18254
9.18553
9.18722
9.18831
9.19092
9.19291
9.19641
9.19928
9.20364
9.20665
9.20971
9.21283
9.21598
9.21846
9.22095
9.22203
9.22522
9.22558
9.2259
9.22689
9.22783
9.23082
9.23304
9.23516
9.23718
9.2391
9.24018
9.24184
9.24335
9.24399
9.24588
9.24476
9.24627
9.24616
9.24655
9.24742
9.24453
9.24353
9.24227
9.24077
9.23972
9.23771
9.23613
9.23428
9.23217
9.23049
9.22783
9.2256
9.22099
9.2168
9.21377
9.20905
9.20337
9.19954
9.19476
9.19044
9.18448
9.17829
9.17259
9.16739
9.16198
9.15498
9.1485
9.14115
9.13577
9.12742
9.12105
9.11387
9.10728
9.1006
9.09244
9.08421
9.07734
9.07043
9.06349
9.05655
9.0496
9.04266
9.03434
9.02605
9.01992
9.01244
9.00573
8.99839
8.99043
8.98398
8.97551
8.96927
8.96526
8.95856
8.95057
8.94484
8.93925
8.9331
8.9257
8.91916
8.91207
8.90726
8.90121
8.89673
8.89101
8.88616
8.88077
8.87626
8.87121
8.86703
8.86301
8.85916
8.85334
8.84909
8.84569
8.84104
8.83935
8.83568
8.83357
8.83299
8.83044
8.82801
8.825
8.82212
8.82006
8.81811
8.81769
8.81454
8.81362
8.81281
8.81139
8.81077
8.80953
8.80839
8.80734
8.80709
8.80693
8.80614
8.80686
8.80696
8.80502
8.80388
8.80282
8.80326
8.80167
8.8037
8.80442
8.80381
8.8033
8.8036
8.8047
8.80379
8.8051
8.80511
8.80594
8.80618
8.80723
8.80912
8.81042
8.81114
8.81199
8.81367
8.81549
8.81816
8.82025
8.82178
8.82486
8.82667
8.83003
8.83282
8.83717
8.84025
8.84348
8.84684
8.85034
8.85328
8.85776
8.86308
