1.19931
1.19797
1.19658
1.19514
1.19364
1.1921
1.19051
1.18888
1.18721
1.1855
1.18375
1.18197
1.18015
1.1783
1.17642
1.17451
1.17258
1.17062
1.16864
1.16663
1.16461
1.16256
1.16051
1.15844
1.15635
1.15426
1.15216
1.15006
1.14795
1.14583
1.14372
1.1416
1.13949
1.13738
1.13527
1.13317
1.13108
1.12901
1.12694
1.12489
1.12286
1.12084
1.11885
1.11687
1.11492
1.11299
1.11108
1.1092
1.10736
1.10554
1.10376
1.10201
1.1003
1.09863
1.097
1.09541
1.09387
1.09237
1.09091
1.08951
1.08815
1.08684
1.08558
1.08438
1.08323
1.08213
1.08109
1.0801
1.07917
1.07829
1.07748
1.07672
1.07602
1.07538
1.07479
1.07427
1.0738
1.07339
1.07304
1.07275
1.07251
1.07233
1.07221
1.07215
1.07213
1.07218
1.07227
1.07242
1.07262
1.07287
1.07317
1.07351
1.0739
1.07434
1.07483
1.07535
1.07592
1.07654
1.07719
1.07789
1.07862
1.07939
1.0802
1.08106
1.08194
1.08287
1.08383
1.08483
1.08587
1.08694
1.08805
1.0892
1.09038
1.0916
1.09285
1.09414
1.09547
1.09683
1.09823
1.09966
1.10113
1.10264
1.10418
1.10575
1.10736
1.109
1.11067
1.11238
1.11411
1.11587
1.11765
1.11946
1.12129
1.12315
1.12502
1.1269
1.1288
1.13071
1.13263
1.13455
1.13647
1.13838
1.14028
1.14218
1.14406
1.14591
1.14775
1.14955
1.15133
1.15306
1.15475
1.1564
1.15799
1.15952
1.16099
1.1624
1.16374
1.16501
1.16619
1.16729
1.16831
1.16923
1.17006
1.1708
1.17143
1.17197
1.17239
1.17272
1.17293
1.17303
1.17302
1.17289
1.17265
1.1723
1.17183
1.17124
1.17055
1.16974
1.16881
1.16778
1.16664
1.16539
1.16403
1.16258
1.16102
1.15937
1.15763
1.1558
1.15388
1.15188
1.1498
1.14765
1.14542
1.14313
1.14078
1.13837
1.13591
1.13341
1.13086
1.12827
1.12566
1.12301
1.12034
1.11766
1.11496
1.11226
1.10955
1.10685
1.10416
1.10148
1.09882
1.09618
1.09358
1.091
1.08847
1.08597
1.08353
1.08114
1.0788
1.07653
1.07432
1.07218
1.07012
1.06813
1.06622
1.0644
1.06267
1.06102
1.05947
1.05802
1.05667
1.05543
1.05429
1.05326
1.05234
1.05154
1.05084
1.05027
1.04981
1.04946
1.04923
1.04913
1.04914
1.04927
1.04951
1.04988
1.05035
1.05094
1.05165
1.05246
1.05338
1.05441
1.05555
1.05678
1.05811
1.05954
1.06106
1.06267
1.06436
1.06614
1.06798
1.0699
1.07189
1.07394
1.07605
1.07821
1.08041
1.08267
1.08495
1.08727
1.08962
1.09199
1.09437
1.09677
1.09917
1.10158
1.10398
1.10637
1.10875
1.11111
1.11344
1.11575
1.11803
1.12027
1.12247
1.12462
1.12672
1.12876
1.13076
1.13268
1.13455
1.13634
1.13807
1.13972
1.14129
1.14278
1.14419
1.14551
1.14675
1.1479
1.14896
1.14993
1.15081
1.1516
1.1523
1.1529
1.15341
1.15382
1.15414
1.15437
1.1545
1.15455
1.1545
1.15436
1.15414
1.15383
1.15343
1.15296
1.1524
1.15177
1.15106
1.15028
1.14943
1.14851
1.14753
1.14649
1.14538
1.14423
1.14302
1.14177
1.14047
1.13914
1.13777
1.13637
1.13495
1.13351
1.13204
1.13057
1.12908
1.12759
1.1261
1.12462
1.12314
1.12168
1.12023
1.1188
1.1174
1.11603
1.11468
1.11337
1.1121
1.11086
1.10968
1.10854
1.10744
1.1064
1.10541
1.10448
1.1036
1.10279
1.10203
1.10133
1.10069
1.10012
1.0996
1.09915
1.09876
1.09844
1.09817
1.09797
1.09782
1.09773
1.0977
1.09773
1.0978
1.09793
1.09811
1.09834
1.09861
1.09892
1.09928
1.09967
1.1001
1.10056
1.10105
1.10157
1.10212
1.10268
1.10328
1.10389
1.10452
1.10516
1.10581
1.10647
1.10714
1.10781
1.10848
1.10916
1.10984
1.11051
1.11118
1.11184
1.1125
1.11314
1.11378
1.1144
1.11502
1.11562
1.11621
1.11678
1.11734
1.11788
1.11842
1.11893
1.11943
1.11992
1.12039
1.12085
1.1213
1.12173
1.12215
1.12255
1.12295
1.12333
1.12371
1.12407
1.12442
1.12476
1.1251
1.12543
1.12575
1.12607
1.12638
1.12668
1.12698
1.12728
1.12757
1.12786
1.12815
1.12844
1.12872
1.129
1.12927
1.12955
1.12982
1.13008
1.13035
1.1306
1.13086
1.13111
1.13135
1.13159
1.13182
1.13204
1.13225
1.13246
1.13265
1.13283
1.13299
1.13315
1.13328
1.13341
1.13351
1.1336
1.13367
1.13372
1.13374
1.13375
1.13374
1.1337
1.13364
1.13355
1.13344
1.13331
1.13315
1.13297
1.13277
1.13255
1.1323
1.13203
1.13173
1.13142
1.13109
1.13074
1.13037
1.12999
1.1296
1.12919
1.12877
1.12834
1.12791
1.12747
1.12702
1.12658
1.12614
1.12571
1.12529
1.12487
1.12447
1.12408
1.12371
1.12336
1.12304
1.12274
1.12247
1.12223
1.12203
1.12186
1.12173
1.12164
1.12159
1.12158
1.12162
1.12171
1.12185
1.12203
1.12227
1.12256
1.12291
1.12331
1.12377
1.12429
1.12486
1.12549
1.12618
1.12693
1.12774
1.1286
1.12953
1.13051
1.13155
1.13264
1.1338
1.13501
1.13627
1.1376
1.13897
1.1404
1.14189
1.14343
1.14501
1.14665
1.14833
1.15007
1.15184
1.15367
1.15553
1.15744
1.15939
1.16137
1.16339
1.16544
1.16753
1.16965
1.17179
1.17396
1.17615
1.17837
1.1806
1.18285
1.18511
1.18738
1.18966
1.19194
1.19423
1.19651
1.19878
1.20105
1.20331
1.20555
1.20777
1.20998
1.21215
1.21431
1.21642
1.21851
1.22055
1.22256
1.22452
1.22643
1.22829
1.2301
1.23185
1.23355
1.23518
1.23675
1.23825
1.23969
1.24106
1.24235
1.24358
1.24473
1.2458
1.24681
1.24774
1.24859
1.24937
1.25007
1.2507
1.25125
1.25173
1.25213
1.25247
1.25273
1.25292
1.25305
1.2531
1.25309
1.25302
1.25288
1.25268
1.25242
1.2521
1.25173
1.2513
1.25083
1.2503
1.24973
1.24911
1.24845
1.24775
1.247
1.24622
1.2454
1.24454
1.24365
1.24272
1.24176
1.24077
1.23975
1.2387
1.23762
1.23651
1.23537
1.23421
1.23301
1.23179
1.23054
1.22926
1.22795
1.22662
1.22525
1.22387
1.22245
1.221
1.21953
1.21802
1.21648
1.21492
1.21332
1.21169
1.21002
1.20833
1.20659
1.20483
1.20303
1.2012
1.19933
1.19742
1.19548
1.1935
1.19148
1.18942
1.18733
1.18519
1.18303
1.18082
1.17857
1.17629
1.17397
1.17162
1.16923
1.1668
1.16434
1.16185
1.15932
1.15677
1.15418
1.15156
1.14891
1.14624
1.14355
1.14083
1.1381
1.13535
1.13258
1.1298
1.12701
1.12422
1.12141
1.11861
1.1158
1.113
1.1102
1.10741
1.10464
1.10187
1.09913
1.09641
1.09371
1.09104
1.08841
1.08581
1.08325
1.08073
1.07826
1.07584
1.07348
1.07117
1.06892
1.06673
1.06461
1.06257
1.0606
1.0587
1.05689
1.05516
1.05352
1.05197
1.05051
1.04916
1.0479
1.04674
1.04568
1.04472
1.04388
1.04314
1.04251
1.04199
1.04158
1.04128
1.0411
1.04103
1.04107
1.04123
1.04149
1.04187
1.04236
1.04296
1.04367
1.04448
1.0454
1.04642
1.04755
1.04877
1.05008
1.05149
1.05298
1.05457
1.05623
1.05797
1.05979
1.06168
1.06364
1.06567
1.06775
1.06989
1.07208
1.07432
1.07661
1.07893
1.08129
1.08369
1.08611
1.08855
1.09101
1.09349
1.09598
1.09848
1.10098
1.10349
1.10599
1.10848
1.11097
1.11344
1.1159
1.11834
1.12076
1.12316
1.12553
1.12788
1.13019
1.13247
1.13471
1.13692
1.13909
1.14122
1.14331
1.14535
1.14735
1.14931
1.15122
1.15309
1.1549
1.15667
1.15839
1.16005
1.16167
1.16323
1.16474
1.16619
1.16759
1.16894
1.17024
1.17148
1.17267
1.1738
1.17489
1.17592
1.17689
1.17782
1.1787
1.17952
1.1803
1.18102
1.18169
1.18232
1.18289
1.18342
1.1839
1.18433
1.18472
1.18505
1.18535
1.1856
1.18581
1.18597
1.1861
1.18618
1.18623
1.18624
1.1862
1.18614
1.18603
1.18589
1.18572
1.18551
1.18526
1.18498
1.18466
1.18431
1.18393
1.18352
1.18307
1.1826
1.18209
1.18155
1.18099
1.18039
1.17976
1.1791
1.17842
1.1777
1.17696
1.17618
1.17538
1.17455
1.17368
1.17279
1.17187
1.17092
1.16995
1.16894
1.16791
1.16684
1.16575
1.16463
1.16348
1.1623
1.16109
1.15985
1.15858
1.15728
1.15596
1.1546
1.15322
1.1518
1.15035
1.14888
1.14737
1.14584
1.14428
1.14269
1.14107
1.13943
1.13776
1.13606
1.13433
1.13258
1.1308
1.129
1.12717
1.12532
1.12345
1.12155
1.11964
1.1177
1.11575
1.11377
1.11178
1.10977
1.10775
1.10571
1.10366
1.10159
1.09952
1.09744
1.09535
1.09326
1.09117
1.08908
1.08699
1.08491
1.08283
1.08076
1.0787
1.07665
1.07462
1.07261
1.07061
1.06865
1.0667
1.06479
1.06291
1.06106
1.05925
1.05748
1.05576
1.05407
1.05244
1.05086
1.04934
1.04787
1.04646
1.04512
1.04384
1.04264
1.04151
1.04045
1.03947
1.03857
1.03776
1.03703
1.03638
1.03583
1.03536
1.03499
1.03471
1.03453
1.03444
1.03445
1.03455
1.03474
1.03504
1.03542
1.03591
1.03648
1.03715
1.0379
1.03874
1.03967
1.04069
1.04178
1.04295
1.04419
1.04551
1.04689
1.04834
1.04985
1.05142
1.05304
1.0547
1.05641
1.05816
1.05995
1.06177
1.06362
1.06549
1.06737
1.06927
1.07118
1.0731
1.07502
1.07694
1.07885
1.08075
1.08265
1.08452
1.08638
1.08822
1.09004
1.09183
1.09359
1.09532
1.09702
1.09868
1.10031
1.1019
1.10346
1.10497
1.10645
1.10788
1.10928
1.11063
1.11194
1.11321
1.11443
1.11562
1.11676
1.11786
1.11892
1.11995
1.12093
1.12187
1.12278
1.12364
1.12448
1.12528
1.12604
1.12678
1.12748
1.12816
1.1288
1.12942
1.13002
1.13059
1.13114
1.13166
1.13217
1.13266
1.13313
1.13359
1.13403
1.13446
1.13488
1.1353
1.1357
1.13609
1.13648
1.13686
1.13724
1.13762
1.13799
1.13837
1.13874
1.13911
1.13947
1.13984
1.14021
1.14058
1.14095
1.14132
1.1417
1.14207
1.14244
1.14282
1.14319
1.14357
1.14394
1.14432
1.14469
1.14506
1.14542
1.14578
1.14613
1.14648
1.14681
1.14714
1.14746
1.14777
1.14806
1.14834
1.14862
1.14887
1.1491
1.14932
1.14952
1.14969
1.14984
1.14997
1.15008
1.15016
1.15021
1.15024
1.15023
1.1502
1.15014
1.15005
1.14992
1.14976
1.14957
1.14935
1.1491
1.14881
1.14849
1.14813
1.14773
1.14731
1.14685
1.14635
1.14583
1.14527
1.14469
1.14407
1.14342
1.14275
1.14205
1.14133
1.14058
1.13982
1.13904
1.13824
1.13742
1.1366
1.13577
1.13493
1.1341
1.13326
1.13243
1.13161
1.13081
1.13002
1.12925
1.12851
1.1278
1.12712
1.12648
1.12588
1.12533
1.12483
1.12438
1.12399
1.12367
1.12341
1.12321
1.12309
1.12303
1.12305
1.12315
1.12333
1.12358
1.12391
1.12432
1.12481
1.12538
1.12602
1.12675
1.12754
1.12842
1.12936
1.13038
1.13146
1.1326
1.13381
1.13508
1.1364
1.13778
1.13921
1.14068
1.14219
1.14375
1.14534
1.14696
1.14861
1.15029
1.152
1.15372
1.15547
1.15723
1.159
1.16079
1.16259
1.16439
1.1662
1.16802
1.16984
1.17167
1.1735
1.17533
1.17717
1.179
1.18084
1.18268
1.18451
1.18635
1.18819
1.19003
1.19187
1.19371
1.19554
1.19737
1.19919
1.20102
1.20284
1.20465
1.20645
1.20825
1.21004
1.21182
1.21358
1.21534
1.21708
1.21881
1.22052
1.22221
1.22388
1.22553
1.22715
1.22875
1.23032
1.23186
1.23338
1.23486
1.2363
1.2377
1.23907
1.24039
1.24167
1.2429
1.24409
1.24522
1.24631
1.24734
1.24832
1.24924
1.2501
1.25091
1.25165
1.25232
1.25294
1.25348
1.25396
1.25437
1.25471
1.25498
1.25518
1.25531
1.25536
1.25533
1.25523
1.25505
1.2548
1.25447
1.25406
1.25358
1.25302
1.25238
1.25166
1.25087
1.25
1.24905
1.24803
1.24693
1.24576
1.24452
1.2432
1.24182
1.24036
1.23883
1.23723
1.23557
1.23384
1.23205
1.2302
1.22829
1.22632
1.2243
1.22222
1.22008
1.2179
1.21566
1.21338
1.21106
1.20869
1.20629
1.20385
1.20138
1.19888
1.19635
1.19379
1.19121
1.18861
1.18599
1.18336
1.18071
1.17805
1.17539
1.17272
1.17005
1.16738
1.16472
1.16207
1.15943
1.1568
1.15419
1.1516
1.14903
1.14649
1.14397
1.14148
1.13902
1.1366
1.13422
1.13187
1.12957
1.12732
1.12511
1.12296
1.12086
1.11881
1.11682
1.11489
1.11301
1.1112
1.10946
1.10778
1.10616
1.10462
1.10314
1.10173
1.1004
1.09914
1.09795
1.09683
1.09579
1.09482
1.09393
1.09312
1.09237
1.09171
1.09111
1.09059
1.09014
1.08977
1.08946
1.08922
1.08906
1.08896
1.08892
1.08896
1.08905
1.08921
1.08943
1.08971
1.09003
1.09041
1.09084
1.09132
1.09184
1.0924
1.093
1.09363
1.0943
1.095
1.09573
1.09648
1.09725
1.09803
1.09883
1.09964
1.10046
1.10128
1.10209
1.10291
1.10371
1.10451
1.10529
1.10605
1.10679
1.10751
1.1082
1.10886
1.10949
1.11008
1.11064
1.11115
1.11161
1.11203
1.1124
1.11272
1.11299
1.1132
1.11336
1.11346
1.1135
1.11349
1.11341
1.11328
1.11308
1.11282
1.1125
1.11211
1.11166
1.11115
1.11058
1.10995
1.10926
1.10851
1.10769
1.10683
1.1059
1.10492
1.10389
1.10282
1.10169
1.10052
1.09931
1.09806
1.09677
1.09545
1.0941
1.09273
1.09133
1.08991
1.08847
1.08701
1.08555
1.08407
1.0826
1.08112
1.07964
1.07817
1.07671
1.07526
1.07384
1.07243
1.07106
1.0697
1.06839
1.0671
1.06586
1.06466
1.06351
1.06241
1.06136
1.06036
1.05943
1.05855
1.05774
1.057
1.05632
1.05571
1.05518
1.05471
1.05433
1.05401
1.05378
1.05362
1.05355
1.05355
1.05363
1.05379
1.05404
1.05436
1.05477
1.05525
1.05581
1.05646
1.05718
1.05797
1.05884
1.05979
1.0608
1.06189
1.06305
1.06427
1.06555
1.0669
1.06831
1.06977
1.07129
1.07286
1.07447
1.07613
1.07783
1.07957
1.08134
1.08315
1.08498
1.08683
1.08871
1.0906
1.0925
1.09442
1.09634
1.09826
1.10018
1.1021
1.10401
1.1059
1.10778
1.10964
1.11148
1.1133
1.11509
1.11684
1.11857
1.12026
1.1219
1.12351
1.12507
1.12659
1.12806
1.12947
1.13084
1.13215
1.1334
1.1346
1.13574
1.13683
1.13785
1.13881
1.1397
1.14054
1.14131
1.14202
1.14266
1.14324
1.14375
1.1442
1.14458
1.14489
1.14515
1.14534
1.14546
1.14553
1.14553
1.14547
1.14534
1.14516
1.14493
1.14463
1.14427
1.14386
1.14339
1.14287
1.14229
1.14165
1.14097
1.14023
1.13944
1.13861
1.13773
1.1368
1.13583
1.13481
1.13375
1.13266
1.13152
1.13034
1.12913
1.12788
1.1266
1.12529
1.12395
1.12258
1.12119
1.11978
1.11834
1.11688
1.11541
1.11392
1.11242
1.11091
1.10939
1.10786
1.10634
1.10481
1.10328
1.10177
1.10026
1.09876
1.09728
1.09581
1.09436
1.09294
1.09153
1.09016
1.08882
1.0875
1.08623
1.08499
1.08379
1.08263
1.08152
1.08046
1.07945
1.0785
1.0776
1.07675
1.07597
1.07526
1.0746
1.07401
1.07349
1.07304
1.07266
1.07236
1.07213
1.07197
1.0719
1.0719
1.07199
1.07215
1.0724
1.07273
1.07314
1.07363
1.07421
1.07487
1.07562
1.07645
1.07737
1.07837
1.07946
1.08063
1.08188
1.08321
1.08463
1.08613
1.08771
1.08938
1.09112
1.09294
1.09483
1.0968
1.09885
1.10097
1.10317
1.10543
1.10777
1.11018
1.11265
1.1152
1.1178
1.12046
1.12319
1.12598
1.12882
1.13172
1.13467
1.13767
1.14071
1.1438
1.14694
1.15011
1.15331
1.15655
1.15982
1.16311
1.16643
1.16977
1.17313
1.1765
1.17989
1.18328
1.18668
1.19008
1.19348
1.19687
1.20025
1.20362
1.20698
1.21031
1.21362
1.21691
1.22016
1.22339
1.22658
1.22973
1.23284
1.2359
1.23892
1.24189
1.2448
1.24766
1.25046
1.2532
1.25588
1.25849
1.26103
1.2635
1.2659
1.26822
1.27047
1.27265
1.27474
1.27675
1.27868
1.28052
1.28227
1.28394
1.28552
1.28701
1.28841
1.28972
1.29094
1.29207
1.2931
1.29404
1.29488
1.29563
1.29628
1.29684
1.2973
1.29767
1.29794
1.29811
1.29819
1.29818
1.29807
1.29786
1.29756
1.29717
1.29668
1.2961
1.29543
1.29466
1.2938
1.29285
1.29181
1.29068
1.28946
1.28815
1.28676
1.28528
1.28372
1.28207
1.28034
1.27852
1.27663
1.27466
1.2726
1.27047
1.26827
1.26599
1.26365
1.26123
1.25874
1.25619
1.25358
1.25091
1.24817
1.24538
1.24254
1.23964
1.2367
1.2337
1.23067
1.22759
1.22447
1.22132
1.21814
1.21493
1.2117
1.20844
1.20516
1.20187
1.19857
1.19525
1.19193
1.18861
1.18529
1.18197
1.17866
1.17536
1.17207
1.1688
1.16555
1.16233
1.15914
1.15597
1.15284
1.14974
1.14669
1.14367
1.14069
1.13776
1.13488
1.13205
1.12927
1.12654
1.12387
1.12125
1.11868
1.11617
1.11372
1.11132
1.10899
1.10671
1.10448
1.10232
1.10021
1.09815
1.09615
1.09421
1.09232
1.09048
1.08869
1.08695
1.08526
1.08361
1.08201
1.08045
1.07893
1.07745
1.076
1.07459
1.07322
1.07187
1.07055
1.06926
1.068
1.06676
1.06555
1.06435
1.06318
1.06202
1.06088
1.05976
1.05866
1.05756
1.05648
1.05542
1.05436
1.05331
1.05227
1.05124
1.05023
1.04922
1.04821
1.04722
1.04624
1.04526
1.04429
1.04333
1.04237
1.04143
1.04049
1.03957
1.03865
1.03775
1.03686
1.03599
1.03513
1.03428
1.03346
1.03265
1.03186
1.03109
1.03034
1.02962
1.02892
1.02825
1.02761
1.02699
1.02641
1.02586
1.02534
1.02485
1.02441
1.02399
1.02362
1.02329
1.02301
1.02276
1.02257
1.02242
1.02232
1.02227
1.02227
1.02233
1.02244
1.0226
1.02282
1.0231
1.02344
1.02384
1.02429
1.02481
1.02538
1.02602
1.02672
1.02748
1.0283
1.02918
1.03013
1.03113
1.03219
1.0333
1.03447
1.0357
1.03697
1.0383
1.03967
1.0411
1.04256
1.04407
1.04561
1.04719
1.04879
1.05043
1.0521
1.05378
1.05548
1.05719
1.05891
1.06064
1.06236
1.06409
1.0658
1.0675
1.06918
1.07084
1.07247
1.07408
1.07564
1.07717
1.07866
1.0801
1.08149
1.08283
1.08411
1.08533
1.08649
1.08758
1.0886
1.08956
1.09044
1.09125
1.09199
1.09265
1.09323
1.09374
1.09417
1.09452
1.0948
1.09501
1.09514
1.0952
1.0952
1.09512
1.09498
1.09478
1.09452
1.0942
1.09383
1.09342
1.09295
1.09245
1.09191
1.09134
1.09074
1.09011
1.08946
1.08881
1.08814
1.08747
1.0868
1.08613
1.08547
1.08483
1.0842
1.08358
1.08299
1.08243
1.0819
1.0814
1.08094
1.08052
1.08014
1.07981
1.07952
1.07929
1.0791
1.07897
1.0789
1.07888
1.07891
1.07901
1.07916
1.07938
1.07965
1.07998
1.08038
1.08083
1.08135
1.08193
1.08256
1.08326
1.08401
1.08482
1.08569
1.08661
1.08759
1.08863
1.08972
1.09087
1.09206
1.09331
1.09461
1.09597
1.09736
1.09881
1.10031
1.10185
1.10343
1.10505
1.10672
1.10843
1.11018
1.11197
1.1138
1.11566
1.11755
1.11948
1.12144
1.12343
1.12546
1.12751
1.12959
1.1317
1.13383
1.13598
1.13815
1.14034
1.14255
1.14478
1.14701
1.14926
1.15152
1.15379
1.15607
1.15836
1.16064
1.16293
1.16521
1.1675
1.16978
1.17205
1.17432
1.17657
1.17881
1.18103
1.18324
1.18543
1.1876
1.18974
1.19186
1.19396
1.19602
1.19805
1.20005
1.20201
1.20393
1.20581
1.20765
1.20945
1.2112
1.2129
1.21456
1.21616
1.2177
1.2192
1.22063
1.222
1.22331
1.22456
1.22574
1.22685
1.2279
1.22887
1.22977
1.2306
1.23134
1.23201
1.2326
1.23311
1.23353
1.23387
1.23412
1.23429
1.23436
1.23435
1.23425
1.23406
1.23377
1.23339
1.23292
1.23236
1.23169
1.23094
1.23009
1.22915
1.22811
1.22698
1.22575
1.22444
1.22303
1.22153
1.21995
1.21827
1.21652
1.21468
1.21275
1.21075
1.20867
1.20652
1.20429
1.202
1.19964
1.19722
1.19474
1.1922
1.18961
1.18697
1.18429
1.18156
1.17881
1.17602
1.1732
1.17036
1.16751
1.16464
1.16176
1.15889
1.15601
1.15315
1.15029
1.14746
1.14464
1.14186
1.13911
1.1364
1.13374
1.13112
1.12856
1.12606
1.12362
1.12125
1.11895
1.11673
1.11459
1.11253
1.11057
1.10869
1.10691
1.10523
1.10365
1.10217
1.1008
1.09955
1.09841
1.09738
1.09647
1.09567
1.09499
1.09443
1.09399
1.09367
1.09347
1.09339
1.09342
1.09358
1.09385
1.09423
1.09473
1.09535
1.09607
1.0969
1.09784
1.09888
1.10001
1.10124
1.10257
1.10398
1.10548
1.10706
1.10872
1.11046
1.11227
1.11414
1.11608
1.11807
1.12011
1.12221
1.12435
1.12653
1.12874
1.13099
1.13327
1.13557
1.13789
1.14022
1.14257
1.14492
1.14727
1.14962
1.15197
1.15431
1.15664
1.15895
1.16124
1.16351
1.16575
1.16797
1.17015
1.1723
1.17441
1.17648
1.17851
1.1805
1.18244
1.18433
1.18617
1.18796
1.1897
1.19138
1.19301
1.19458
1.19609
1.19754
1.19894
1.20027
1.20154
1.20276
1.20391
1.20499
1.20602
1.20698
1.20788
1.20872
1.2095
1.21021
1.21085
1.21144
1.21196
1.21241
1.2128
1.21312
1.21338
1.21358
1.21371
1.21379
1.21379
1.21374
1.21362
1.21344
1.2132
1.21289
1.21253
1.21211
1.21162
1.21108
1.21048
1.20982
1.20911
1.20834
1.20751
1.20664
1.20572
1.20474
1.20372
1.20266
1.20155
1.2004
1.19921
1.19799
1.19673
1.19543
1.19411
1.19276
1.19138
1.18998
1.18857
1.18714
1.1857
1.18425
1.1828
1.18134
1.17989
1.17844
1.17699
1.17555
1.17413
1.17272
1.17133
1.16995
1.16861
1.16728
1.16599
1.16472
1.16349
1.16229
1.16112
1.15999
1.1589
1.15785
1.15684
1.15588
1.15495
1.15406
1.15322
1.15241
1.15165
1.15092
1.15024
1.14959
1.14898
1.14841
1.14788
1.14738
1.14692
1.14649
1.14609
1.14572
1.14538
1.14507
1.14478
1.14451
1.14427
1.14404
1.14383
1.14364
1.14347
1.14331
1.14316
1.14302
1.14289
1.14276
1.14264
1.14253
1.14242
1.14231
1.1422
1.14209
1.14198
1.14186
1.14175
1.14162
1.1415
1.14137
1.14123
1.14108
1.14093
1.14077
1.1406
1.14042
1.14022
1.14002
1.13981
1.13959
1.13935
1.1391
1.13884
1.13857
1.13829
1.13799
1.13767
1.13735
1.13701
1.13665
1.13628
1.1359
1.1355
1.13509
1.13466
1.13421
1.13375
1.13327
1.13277
1.13226
1.13173
1.13119
1.13063
1.13006
1.12947
1.12886
1.12824
1.12761
1.12696
1.12629
1.12562
1.12492
1.12422
1.1235
1.12278
1.12204
1.12129
1.12054
1.11977
1.119
1.11822
1.11744
1.11665
1.11586
1.11507
1.11428
1.11348
1.11268
1.11189
1.11109
1.1103
1.10951
1.10873
1.10795
1.10717
1.10641
1.10565
1.10491
1.10418
1.10345
1.10274
1.10204
1.10135
1.10068
1.10002
1.09938
1.09875
1.09814
1.09755
1.09698
1.09643
1.09589
1.09538
1.09488
1.0944
1.09395
1.09351
1.09309
1.09269
1.09231
1.09196
1.09162
1.09131
1.09102
1.09074
1.09049
1.09026
1.09005
1.08986
1.08969
1.08953
1.0894
1.08929
1.0892
1.08912
1.08907
1.08903
1.08902
1.08902
1.08904
1.08908
1.08914
1.08922
1.08931
1.08942
1.08955
1.08969
1.08985
1.09003
1.09022
1.09043
1.09065
1.09089
1.09115
1.09143
1.09172
1.09203
1.09235
1.09268
1.09303
1.0934
1.09378
1.09418
1.09459
1.09501
1.09545
1.0959
1.09636
1.09684
1.09733
1.09783
1.09835
1.09887
1.09941
1.09996
1.10053
1.1011
1.10168
1.10228
1.10289
1.10351
1.10414
1.10478
1.10543
1.10608
1.10675
1.10743
1.10812
1.10882
1.10952
1.11024
1.11097
1.11171
1.11245
1.11321
1.11398
1.11475
1.11553
1.11632
1.11712
1.11793
1.11875
1.11958
1.12041
1.12126
1.12211
1.12297
1.12385
1.12473
1.12562
1.12653
1.12744
1.12837
1.1293
1.13025
1.13121
1.13217
1.13315
1.13413
1.13513
1.13613
1.13714
1.13816
1.13918
1.14022
1.14126
1.14231
1.14336
1.14442
1.14549
1.14655
1.14762
1.14869
1.14976
1.15082
1.15189
1.15295
1.154
1.15505
1.15608
1.15711
1.15812
1.15912
1.1601
1.16106
1.16201
1.16293
1.16383
1.16471
1.16556
1.16638
1.16717
1.16793
1.16865
1.16934
1.16999
1.1706
1.17117
1.1717
1.17218
1.17261
1.173
1.17333
1.17362
1.17385
1.17404
1.17417
1.17425
1.17427
1.17423
1.17414
1.17399
1.17378
1.17351
1.17319
1.17281
1.17237
1.17187
1.17131
1.17069
1.17002
1.16929
1.1685
1.16765
1.16675
1.16579
1.16478
1.16372
1.16261
1.16144
1.16023
1.15896
1.15765
1.15629
1.15489
1.15344
1.15195
1.15041
1.14884
1.14723
1.14559
1.14391
1.1422
1.14045
1.13867
1.13687
1.13504
1.13318
1.13129
1.12939
1.12746
1.12551
1.12355
1.12157
1.11957
1.11756
1.11553
1.11348
1.11143
1.10937
1.1073
1.10522
1.10313
1.10103
1.09894
1.09684
1.09473
1.09263
1.09052
1.08842
1.08632
1.08422
1.08212
1.08003
1.07795
1.07587
1.07379
1.07173
1.06967
1.06763
1.0656
1.06358
1.06158
1.05959
1.05763
1.05568
1.05374
1.05183
1.04995
1.04808
1.04624
1.04443
1.04264
1.04089
1.03916
1.03747
1.03581
1.03418
1.0326
1.03105
1.02954
1.02808
1.02666
1.02528
1.02396
1.02268
1.02146
1.02029
1.01918
1.01813
1.01713
1.01619
1.01532
1.0145
1.01375
1.01308
1.01246
1.01192
1.01145
1.01105
1.01072
1.01047
1.0103
1.0102
1.01018
1.01024
1.01037
1.01059
1.01089
1.01127
1.01173
1.01227
1.0129
1.0136
1.01439
1.01526
1.01621
1.01724
1.01835
1.01954
1.02081
1.02215
1.02357
1.02506
1.02663
1.02827
1.02998
1.03176
1.03361
1.03553
1.0375
1.03955
1.04165
1.04381
1.04602
1.04829
1.05061
1.05298
1.0554
1.05786
1.06037
1.06291
1.0655
1.06812
1.07077
1.07345
1.07617
1.07891
1.08167
1.08446
1.08726
1.09008
1.09292
1.09577
1.09863
1.1015
1.10437
1.10725
1.11014
1.11303
1.11592
1.1188
1.12169
1.12458
1.12746
1.13033
1.1332
1.13606
1.13892
1.14177
1.14461
1.14744
1.15027
1.15309
1.1559
1.1587
1.16149
1.16427
1.16705
1.16983
1.17259
1.17535
1.17811
1.18086
1.18361
1.18636
1.18911
1.19186
1.1946
1.19734
1.20008
1.20283
1.20557
1.20831
1.21105
1.21379
1.21653
1.21927
1.222
1.22473
1.22746
1.23018
1.2329
1.2356
1.23829
1.24097
1.24363
1.24628
1.2489
1.2515
1.25408
1.25662
1.25913
1.2616
1.26403
1.26641
1.26875
1.27103
1.27326
1.27542
1.27753
1.27956
1.28153
1.28342
1.28523
1.28695
1.28859
1.29015
1.2916
1.29297
1.29423
1.29539
1.29644
1.29738
1.29821
1.29892
1.29952
1.29999
1.30035
1.30057
1.30068
1.30065
1.3005
1.30023
1.29982
1.29928
1.29861
1.29781
1.29689
1.29583
1.29465
1.29334
1.2919
1.29034
1.28866
1.28686
1.28493
1.28289
1.28073
1.27847
1.27609
1.2736
1.27102
1.26833
1.26554
1.26267
1.2597
1.25665
1.25353
1.25033
1.24705
1.24372
1.24032
1.23687
1.23336
1.22982
1.22623
1.2226
1.21895
1.21527
1.21158
1.20788
1.20417
1.20046
1.19676
1.19307
1.18939
1.18574
1.18212
1.17852
1.17497
1.17146
1.168
1.16459
1.16123
1.15794
1.15472
1.15157
1.14849
1.14549
1.14257
1.13974
1.137
1.13435
1.13179
1.12933
1.12698
1.12472
1.12257
1.12052
1.11857
1.11673
1.115
1.11338
1.11187
1.11046
1.10916
1.10797
1.10689
1.10591
1.10503
1.10426
1.10359
1.10302
1.10254
1.10217
1.10188
1.10169
1.10158
1.10156
1.10162
1.10176
1.10198
1.10227
1.10263
1.10306
1.10355
1.10411
1.10472
1.10539
1.10611
1.10688
1.10769
1.10854
1.10943
1.11035
1.11131
1.1123
1.11331
1.11435
1.1154
1.11648
1.11756
1.11866
1.11976
1.12087
1.12199
1.1231
1.12421
1.12532
1.12642
1.12751
1.12858
1.12964
1.13069
1.13171
1.13272
1.13369
1.13465
1.13557
1.13646
1.13733
1.13816
1.13895
1.13971
1.14043
1.14112
1.14176
1.14236
1.14292
1.14344
1.14392
1.14435
1.14473
1.14507
1.14536
1.14561
1.1458
1.14595
1.14606
1.14611
1.14612
1.14609
1.146
1.14587
1.1457
1.14548
1.14522
1.14491
1.14456
1.14416
1.14373
1.14326
1.14274
1.14219
1.1416
1.14098
1.14032
1.13962
1.1389
1.13814
1.13735
1.13654
1.1357
1.13483
1.13393
1.13301
1.13206
1.1311
1.13011
1.1291
1.12808
1.12703
1.12598
1.1249
1.12381
1.12271
1.12159
1.12047
1.11933
1.11818
1.11703
1.11587
1.11471
1.11354
1.11237
1.11119
1.11002
1.10884
1.10767
1.10651
1.10535
1.1042
1.10305
1.10192
1.1008
1.09969
1.0986
1.09752
1.09647
1.09544
1.09443
1.09345
1.0925
1.09157
1.09068
1.08982
1.089
1.08822
1.08748
1.08679
1.08613
1.08553
1.08498
1.08448
1.08404
1.08365
1.08332
1.08305
1.08285
1.08271
1.08263
1.08262
1.08268
1.08282
1.08302
1.0833
1.08365
1.08407
1.08457
1.08514
1.08579
1.08651
1.08731
1.08818
1.08913
1.09015
1.09124
1.0924
1.09363
1.09493
1.09629
1.09772
1.09921
1.10077
1.10238
1.10405
1.10577
1.10754
1.10936
1.11123
1.11313
1.11507
1.11705
1.11906
1.12109
1.12315
1.12522
1.12732
1.12942
1.13154
1.13366
1.13578
1.1379
1.14002
1.14213
1.14422
1.1463
1.14835
1.15038
1.15238
1.15435
1.15628
1.15818
1.16004
1.16185
1.16361
1.16533
1.167
1.16861
1.17016
1.17166
1.1731
1.17447
1.17577
1.17701
1.17819
1.17929
1.18032
1.18128
1.18216
1.18298
1.18372
1.18438
1.18497
1.18548
1.18592
1.18628
1.18657
1.18678
1.18692
1.18698
1.18697
1.18688
1.18672
1.18649
1.18618
1.18581
1.18536
1.18484
1.18426
1.18362
1.1829
1.18213
1.18129
1.18039
1.17943
1.17841
1.17734
1.17621
1.17503
1.1738
1.17252
1.1712
1.16983
1.16842
1.16698
1.16549
1.16397
1.16242
1.16084
1.15923
1.1576
1.15594
1.15427
1.15257
1.15086
1.14914
1.14741
1.14567
1.14392
1.14218
1.14043
1.13869
1.13695
1.13522
1.13351
1.13181
1.13012
1.12845
1.12681
1.12519
1.1236
1.12203
1.12049
1.11899
1.11752
1.11609
1.1147
1.11336
1.11205
1.11079
1.10957
1.10841
1.1073
1.10623
1.10522
1.10426
1.10336
1.10251
1.10172
1.10099
1.10031
1.09969
1.09913
1.09862
1.09818
1.09779
1.09746
1.09719
1.09697
1.09681
1.09671
1.09666
1.09666
1.09672
1.09682
1.09698
1.09719
1.09744
1.09774
1.09809
1.09848
1.09892
1.09939
1.09991
1.10046
1.10105
1.10168
1.10234
1.10303
1.10375
1.1045
1.10527
1.10607
1.10689
1.10774
1.1086
1.10948
1.11038
1.11129
1.11222
1.11315
1.11409
1.11504
1.116
1.11695
1.11791
1.11888
1.11984
1.1208
1.12176
1.12271
1.12366
1.1246
1.12553
1.12645
1.12735
1.12825
1.12913
1.12999
1.13084
1.13167
1.13248
1.13327
1.13405
1.1348
1.13553
1.13623
1.13692
1.13757
1.13821
1.13881
1.13939
1.13995
1.14047
1.14097
1.14143
1.14187
1.14227
1.14265
1.143
1.14332
1.1436
1.14385
1.14407
1.14426
1.14442
1.14454
1.14463
1.14468
1.1447
1.14469
1.14465
1.14457
1.14445
1.1443
1.14411
1.14389
1.14363
1.14333
1.143
1.14262
1.14221
1.14176
1.14127
1.14074
1.14017
1.13955
1.1389
1.13819
1.13745
1.13666
1.13583
1.13495
1.13402
1.13305
1.13203
1.13096
1.12984
1.12868
1.12747
1.1262
1.12489
1.12353
1.12211
1.12065
1.11914
1.11757
1.11596
1.11429
1.11258
1.11081
1.109
1.10714
1.10523
1.10328
1.10127
1.09923
1.09713
1.09499
1.09281
1.09059
1.08834
1.08604
1.08371
1.08135
1.07895
1.07653
1.07409
1.07162
1.06913
1.06663
1.0641
1.06157
1.05902
1.05647
1.05392
1.05137
1.04882
1.04629
1.04376
1.04126
1.03878
1.03632
1.03389
1.0315
1.02915
1.02685
1.02459
1.02238
1.02023
1.01814
1.01612
1.01417
1.0123
1.01051
1.0088
1.00718
1.00566
1.00424
1.00291
1.00169
1.00058
0.99958
0.998693
0.997924
0.997274
0.996745
0.99634
0.996059
0.995902
0.995869
0.995962
0.996181
0.996526
0.996997
0.997591
0.998307
0.999146
1.0001
1.00118
1.00237
1.00367
1.00509
1.00661
1.00823
1.00995
1.01177
1.01368
1.01568
1.01776
1.01992
1.02215
1.02445
1.02682
1.02924
1.03172
1.03425
1.03683
1.03944
1.0421
1.04478
1.04749
1.05022
1.05296
1.05572
1.05849
1.06127
1.06405
1.06683
1.0696
1.07236
1.07511
1.07783
1.08054
1.08322
1.08588
1.0885
1.0911
1.09366
1.09618
1.09866
1.1011
1.1035
1.10585
1.10815
1.11041
1.11262
1.11477
1.11688
1.11893
1.12093
1.12287
1.12476
1.12659
1.12837
1.13008
1.13175
1.13335
1.1349
1.1364
1.13784
1.13922
1.14056
1.14183
1.14306
1.14423
1.14535
1.14641
1.14743
1.1484
1.14933
1.1502
1.15103
1.15181
1.15255
1.15325
1.1539
1.15452
1.15509
1.15563
1.15614
1.15661
1.15704
1.15744
1.15781
1.15815
1.15847
1.15875
1.15901
1.15924
1.15945
1.15964
1.1598
1.15995
1.16008
1.1602
1.16029
1.16037
1.16044
1.16049
1.16053
1.16056
1.16057
1.16058
1.16059
1.16058
1.16057
1.16056
1.16054
1.16052
1.1605
1.16048
1.16046
1.16044
1.16042
1.16041
1.16041
1.16041
1.16042
1.16043
1.16046
1.16049
1.16053
1.16058
1.16065
1.16072
1.16081
1.16091
1.16103
1.16117
1.16132
1.16149
1.16167
1.16187
1.16208
1.16232
1.16257
1.16283
1.16311
1.16341
1.16372
1.16405
1.16439
1.16474
1.16511
1.16549
1.16587
1.16627
1.16667
1.16708
1.16749
1.1679
1.16831
1.16872
1.16913
1.16953
1.16993
1.17032
1.1707
1.17107
1.17143
1.17178
1.1721
1.17241
1.17269
1.17294
1.17317
1.17338
1.17355
1.1737
1.17381
1.17388
1.17392
1.17392
1.17389
1.17381
1.1737
1.17355
1.17337
1.17314
1.17287
1.17257
1.17222
1.17184
1.17142
1.17097
1.17049
1.16997
1.16942
1.16884
1.16824
1.16761
1.16695
1.16628
1.16559
1.16488
1.16417
1.16344
1.16272
1.16198
1.16125
1.16053
1.15981
1.1591
1.15841
1.15774
1.15708
1.15645
1.15585
1.15528
1.15474
1.15425
1.15379
1.15338
1.15301
1.15268
1.15241
1.15219
1.15203
1.15192
1.15186
1.15187
1.15194
1.15207
1.15226
1.15252
1.15283
1.15322
1.15366
1.15417
1.15475
1.15538
1.15608
1.15684
1.15765
1.15853
1.15946
1.16044
1.16147
1.16255
1.16367
1.16484
1.16604
1.16728
1.16854
1.16984
1.17116
1.1725
1.17385
1.17522
1.1766
1.17798
1.17937
1.18075
1.18213
1.18349
1.18484
1.18618
1.18749
1.18878
1.19004
1.19127
1.19246
1.19362
1.19473
1.1958
1.19682
1.19779
1.19871
1.19957
1.20037
1.20112
1.2018
1.20241
1.20296
1.20344
1.20385
1.20419
1.20445
1.20464
1.20476
1.20479
1.20475
1.20463
1.20444
1.20416
1.20381
1.20338
1.20287
1.20229
1.20162
1.20088
1.20006
1.19916
1.19818
1.19713
1.19601
1.19481
1.19354
1.19219
1.19078
1.18929
1.18774
1.18612
1.18444
1.1827
1.1809
1.17904
1.17713
1.17516
1.17314
1.17108
1.16897
1.16681
1.16462
1.1624
1.16014
1.15786
1.15555
1.15321
1.15086
1.1485
1.14613
1.14375
1.14136
1.13898
1.1366
1.13422
1.13186
1.12951
1.12718
1.12487
1.12258
1.12032
1.1181
1.1159
1.11375
1.11164
1.10957
1.10755
1.10557
1.10365
1.10179
1.09998
1.09823
1.09655
1.09492
1.09336
1.09187
1.09044
1.08908
1.0878
1.08658
1.08544
1.08437
1.08337
1.08245
1.0816
1.08083
1.08013
1.07951
1.07897
1.0785
1.0781
1.07779
1.07754
1.07737
1.07728
1.07726
1.07731
1.07744
1.07763
1.0779
1.07823
1.07864
1.07911
1.07965
1.08026
1.08093
1.08167
1.08247
1.08333
1.08425
1.08523
1.08627
1.08736
1.08851
1.08971
1.09096
1.09227
1.09362
1.09502
1.09646
1.09795
1.09948
1.10104
1.10265
1.10429
1.10596
1.10767
1.1094
1.11116
1.11295
1.11475
1.11658
1.11842
1.12028
1.12215
1.12402
1.12591
1.12779
1.12968
1.13156
1.13344
1.13531
1.13716
1.139
1.14081
1.14261
1.14438
1.14613
1.14784
1.14951
1.15115
1.15275
1.15431
1.15582
1.15728
1.15868
1.16003
1.16132
1.16256
1.16373
1.16484
1.16588
1.16684
1.16774
1.16857
1.16931
1.16998
1.17057
1.17108
1.17151
1.17185
1.1721
1.17227
1.17236
1.17235
1.17226
1.17207
1.1718
1.17144
1.17099
1.17046
1.16983
1.16912
1.16831
1.16743
1.16645
1.16539
1.16425
1.16302
1.16172
1.16033
1.15887
1.15734
1.15573
1.15405
1.15231
1.1505
1.14863
1.1467
1.14471
1.14267
1.14058
1.13844
1.13625
1.13403
1.13177
1.12947
1.12715
1.1248
1.12243
1.12004
1.11764
1.11522
1.1128
1.11038
1.10796
1.10555
1.10315
1.10076
1.09839
1.09605
1.09373
1.09145
1.0892
1.08699
1.08482
1.08271
1.08064
1.07862
1.07667
1.07477
1.07294
1.07117
1.06947
1.06785
1.0663
1.06482
1.06343
1.06212
1.06089
1.05975
1.05869
1.05772
1.05684
1.05604
1.05533
1.05472
1.0542
1.05377
1.05343
1.05317
1.05301
1.05293
1.05293
1.05303
1.0532
1.05347
1.05381
1.05422
1.05471
1.05528
1.05592
1.05662
1.05739
1.05822
1.05912
1.06007
1.06108
1.06214
1.06325
1.0644
1.06559
1.06683
1.0681
1.0694
1.07074
1.0721
1.07349
1.0749
1.07632
1.07777
1.07922
1.08069
1.08216
1.08364
1.08512
1.08661
1.08809
1.08957
1.09105
1.09253
1.094
1.09546
1.09691
1.09835
1.09978
1.1012
1.1026
1.10399
1.10536
1.10672
1.10806
1.10939
1.1107
1.11199
1.11327
1.11452
1.11576
1.11698
1.11819
1.11937
1.12054
1.12169
1.12282
1.12393
1.12503
1.1261
1.12715
1.12819
1.1292
1.13019
1.13117
1.13211
1.13304
1.13394
1.13481
1.13566
1.13648
1.13726
1.13802
1.13875
1.13944
1.1401
1.14072
1.1413
1.14185
1.14235
1.14282
1.14325
1.14363
1.14397
1.14427
1.14452
1.14472
1.14488
1.14499
1.14506
1.14507
1.14503
1.14495
1.14482
1.14464
1.14442
1.14415
1.14383
1.14347
1.14306
1.14261
1.14212
1.14159
1.14102
1.14041
1.13977
1.1391
1.1384
1.13767
1.13692
1.13614
1.13535
1.13453
1.1337
1.13286
1.13201
1.13116
1.1303
1.12944
1.12858
1.12773
1.12688
1.12605
1.12522
1.12442
1.12363
1.12287
1.12213
1.12141
1.12072
1.12007
1.11944
1.11886
1.11831
1.11779
1.11732
1.1169
1.11651
1.11617
1.11588
1.11564
1.11545
1.1153
1.11521
1.11517
1.11518
1.11525
1.11537
1.11554
1.11577
1.11604
1.11637
1.11676
1.1172
1.11769
1.11823
1.11883
1.11948
1.12018
1.12093
1.12173
1.12257
1.12347
1.1244
1.12538
1.12641
1.12747
1.12858
1.12972
1.13089
1.1321
1.13334
1.13461
1.1359
1.13723
1.13857
1.13993
1.14132
1.14271
1.14412
1.14554
1.14697
1.14841
1.14985
1.1513
1.15274
1.15418
1.15562
1.15705
1.15846
1.15986
1.16124
1.16261
1.16395
1.16527
1.16656
1.16782
1.16905
1.17025
1.17141
1.17254
1.17363
1.17468
1.17568
1.17664
1.17755
1.17842
1.17924
1.18001
1.18073
1.18139
1.182
1.18256
1.18306
1.1835
1.18389
1.18423
1.18451
1.18473
1.1849
1.18501
1.18507
1.18507
1.18502
1.18492
1.18476
1.18455
1.18429
1.18398
1.18361
1.1832
1.18274
1.18224
1.18169
1.1811
1.18047
1.1798
1.17909
1.17835
1.17757
1.17676
1.17592
1.17505
1.17416
1.17324
1.17231
1.17135
1.17038
1.16939
1.16839
1.16737
1.16635
1.16532
1.16428
1.16324
1.1622
1.16117
1.16014
1.15911
1.1581
1.15709
1.1561
1.15512
1.15416
1.15321
1.15229
1.15139
1.15051
1.14965
1.14882
1.14802
1.14725
1.14651
1.1458
1.14512
1.14448
1.14388
1.14331
1.14278
1.14229
1.14184
1.14143
1.14106
1.14073
1.14045
1.1402
1.14001
1.13985
1.13975
1.13969
1.13967
1.13969
1.13977
1.13988
1.14004
1.14025
1.14049
1.14078
1.14111
1.14149
1.1419
1.14235
1.14283
1.14335
1.14391
1.14449
1.14511
1.14575
1.14642
1.14711
1.14782
1.14854
1.14929
1.15004
1.15081
1.15159
1.15237
1.15315
1.15393
1.15471
1.15548
1.15624
1.15699
1.15772
1.15842
1.15911
1.15976
1.16039
1.16098
1.16154
1.16206
1.16253
1.16296
1.16334
1.16368
1.16396
1.16419
1.16436
1.16447
1.16452
1.1645
1.16443
1.16428
1.16407
1.16379
1.16344
1.16303
1.16254
1.16198
1.16134
1.16064
1.15987
1.15902
1.1581
1.15711
1.15605
1.15491
1.15371
1.15244
1.15111
1.1497
1.14824
1.14671
1.14512
1.14346
1.14175
1.13999
1.13817
1.1363
1.13438
1.13241
1.1304
1.12834
1.12624
1.1241
1.12193
1.11972
1.11748
1.11522
1.11293
1.11061
1.10828
1.10593
1.10356
1.10119
1.0988
1.09641
1.09401
1.09161
1.08921
1.08682
1.08442
1.08204
1.07967
1.07731
1.07497
1.07264
1.07034
1.06806
1.06581
1.06358
1.0614
1.05924
1.05712
1.05504
1.053
1.051
1.04905
1.04715
1.04529
1.04349
1.04175
1.04006
1.03842
1.03685
1.03534
1.03389
1.03251
1.0312
1.02996
1.02879
1.02768
1.02666
1.0257
1.02482
1.02402
1.02329
1.02263
1.02205
1.02155
1.02112
1.02076
1.02048
1.02028
1.02014
1.02008
1.02009
1.02017
1.02032
1.02053
1.02081
1.02116
1.02157
1.02204
1.02257
1.02316
1.0238
1.0245
1.02525
1.02605
1.0269
1.0278
1.02874
1.02971
1.03073
1.03179
1.03289
1.03402
1.03518
1.03637
1.0376
1.03885
1.04013
1.04143
1.04275
1.04409
1.04546
1.04684
1.04823
1.04965
1.05107
1.05251
1.05395
1.0554
1.05686
1.05833
1.0598
1.06128
1.06276
1.06423
1.0657
1.06717
1.06864
1.0701
1.07155
1.07299
1.07442
1.07584
1.07725
1.07865
1.08003
1.08139
1.08274
1.08406
1.08537
1.08666
1.08792
1.08916
1.09038
1.09157
1.09274
1.09388
1.09499
1.09607
1.09713
1.09815
1.09915
1.10011
1.10105
1.10195
1.10282
1.10366
1.10446
1.10524
1.10599
1.1067
1.10738
1.10803
1.10865
1.10924
1.1098
1.11033
1.11084
1.11132
1.11177
1.11219
1.11259
1.11297
1.11333
1.11366
1.11397
1.11426
1.11454
1.1148
1.11504
1.11527
1.11549
1.11569
1.11588
1.11607
1.11625
1.11642
1.11658
1.11674
1.1169
1.11706
1.11721
1.11737
1.11753
1.11769
1.11785
1.11802
1.1182
1.11838
1.11857
1.11877
1.11899
1.11921
1.11945
1.11969
1.11996
1.12023
1.12052
1.12083
1.12115
1.12148
1.12184
1.12221
1.12259
1.123
1.12342
1.12385
1.12431
1.12478
1.12527
1.12578
1.12631
1.12686
1.12743
1.12801
1.12861
1.12924
1.12988
1.13054
1.13122
1.13191
1.13263
1.13336
1.13412
1.13489
1.13568
1.13649
1.13732
1.13816
1.13903
1.13992
1.14082
1.14174
1.14267
1.14363
1.1446
1.14558
1.14658
1.1476
1.14863
1.14968
1.15074
1.15182
1.15291
1.154
1.15511
1.15622
1.15734
1.15847
1.1596
1.16073
1.16187
1.163
1.16413
1.16526
1.16638
1.1675
1.1686
1.1697
1.17078
1.17185
1.1729
1.17394
1.17495
1.17595
1.17693
1.17788
1.17881
1.17971
1.18059
1.18143
1.18225
1.18303
1.18379
1.18451
1.18519
1.18584
1.18645
1.18703
1.18757
1.18807
1.18853
1.18895
1.18934
1.18968
1.18998
1.19025
1.19047
1.19066
1.1908
1.19091
1.19098
1.19102
1.19102
1.19099
1.19092
1.19082
1.19068
1.19051
1.19031
1.19009
1.18983
1.18955
1.18924
1.1889
1.18854
1.18816
1.18775
1.18732
1.18687
1.18641
1.18592
1.18543
1.18491
1.18439
1.18385
1.1833
1.18273
1.18216
1.18158
1.18099
1.18039
1.17978
1.17917
1.17855
1.17792
1.17729
1.17665
1.17601
1.17536
1.1747
1.17404
1.17337
1.1727
1.17202
1.17134
1.17065
1.16995
1.16925
1.16853
1.1678
1.16707
1.16632
1.16556
1.16479
1.164
1.16321
1.1624
1.16157
1.16073
1.15987
1.15899
1.15809
1.15718
1.15625
1.15529
1.15432
1.15332
1.15231
1.15127
1.1502
1.14912
1.14801
1.14688
1.14572
1.14454
1.14334
1.14211
1.14086
1.13959
1.13829
1.13698
1.13564
1.13429
1.13291
1.13152
1.13011
1.12868
1.12724
1.12578
1.12432
1.12284
1.12136
1.11988
1.11839
1.1169
1.11542
1.11394
1.11247
1.111
1.10955
1.10811
1.10669
1.10528
1.10389
1.10253
1.1012
1.09989
1.09862
1.09738
1.09617
1.09501
1.0939
1.09283
1.0918
1.09083
1.08991
1.08905
1.08824
1.0875
1.08682
1.0862
1.08565
1.08516
1.08475
1.0844
1.08412
1.08392
1.08379
1.08373
1.08374
1.08383
1.08398
1.08421
1.08451
1.08489
1.08533
1.08583
1.08641
1.08705
1.08776
1.08853
1.08936
1.09024
1.09118
1.09217
1.09322
1.0943
1.09543
1.0966
1.09781
1.09905
1.10032
1.10162
1.10294
1.10429
1.10565
1.10703
1.10842
1.10982
1.11123
1.11264
1.11404
1.11544
1.11684
1.11823
1.11961
1.12097
1.12231
1.12363
1.12493
1.1262
1.12745
1.12867
1.12986
1.13102
1.13214
1.13322
1.13427
1.13527
1.13624
1.13716
1.13805
1.13888
1.13968
1.14043
1.14113
1.14179
1.1424
1.14297
1.14349
1.14397
1.1444
1.14478
1.14512
1.14541
1.14565
1.14585
1.146
1.14611
1.14617
1.14619
1.14617
1.14612
1.14602
1.14588
1.14571
1.1455
1.14526
1.14499
1.14469
1.14435
1.14398
1.14359
1.14318
1.14274
1.14228
1.14179
1.14129
1.14077
1.14023
1.13967
1.1391
1.13852
1.13794
1.13734
1.13673
1.13612
1.1355
1.13487
1.13424
1.13361
1.13297
1.13233
1.13169
1.13105
1.13041
1.12978
1.12914
1.12851
1.12789
1.12727
1.12665
1.12604
1.12543
1.12483
1.12424
1.12366
1.12308
1.12251
1.12195
1.1214
1.12086
1.12032
1.1198
1.11929
1.11879
1.11831
1.11784
1.11738
1.11693
1.1165
1.11609
1.11569
1.11531
1.11495
1.11461
1.11428
1.11398
1.11369
1.11343
1.11319
1.11298
1.11278
1.11262
1.11247
1.11236
1.11227
1.11221
1.11218
1.11218
1.1122
1.11225
1.11233
1.11244
1.11258
1.11275
1.11295
1.11317
1.11343
1.11371
1.11402
1.11435
1.11472
1.11511
1.11552
1.11596
1.11642
1.1169
1.11741
1.11793
1.11846
1.11901
1.11958
1.12015
1.12074
1.12133
1.12193
1.12253
1.12314
1.12374
1.12434
1.12494
1.12554
1.12613
1.12671
1.12728
1.12784
1.12839
1.12892
1.12944
1.12993
1.13041
1.13087
1.1313
1.13172
1.13211
1.13248
1.13282
1.13314
1.13344
1.13371
1.13395
1.13417
1.13437
1.13454
1.1347
1.13483
1.13494
1.13503
1.1351
1.13516
1.1352
1.13523
1.13525
1.13527
1.13527
1.13527
1.13527
1.13527
1.13526
1.13527
1.13528
1.1353
1.13534
1.13538
1.13545
1.13554
1.13566
1.1358
1.13598
1.13618
1.13643
1.1367
1.13702
1.13738
1.13779
1.13823
1.13872
1.13926
1.13985
1.14049
1.14118
1.14192
1.14272
1.14356
1.14446
1.14541
1.14641
1.14746
1.14856
1.14971
1.1509
1.15214
1.15342
1.15474
1.1561
1.1575
1.15893
1.16038
1.16187
1.16338
1.16491
1.16646
1.16801
1.16958
1.17114
1.17271
1.17427
1.17582
1.17736
