-5.60981
-5.60977
-5.60972
-5.60967
-5.60865
-5.60796
-5.60855
-5.60817
-5.60844
-5.60806
-5.608
-5.60794
-5.60788
-5.60782
-5.60808
-5.60866
-5.60892
-5.60885
-5.60944
-5.60937
-5.60962
-5.60858
-5.60917
-5.6091
-5.60871
-5.60896
-5.6089
-5.6085
-5.60876
-5.60838
-5.60864
-5.60858
-5.60917
-5.60912
-5.6094
-5.60967
-5.60963
-5.60992
-5.60924
-5.60922
-5.6092
-5.60919
-5.6095
-5.60885
-5.60886
-5.6092
-5.60889
-5.60859
-5.60863
-5.60834
-5.60839
-5.60877
-5.60915
-5.6089
-5.6093
-5.60938
-5.6098
-5.60957
-5.60968
-5.61011
-5.61055
-5.611
-5.6108
-5.61061
-5.61043
-5.61025
-5.60975
-5.61087
-5.61071
-5.61087
-5.61167
-5.61184
-5.612
-5.61217
-5.61298
-5.61315
-5.613
-5.61316
-5.613
-5.61382
-5.61366
-5.61446
-5.6143
-5.6151
-5.61623
-5.61638
-5.6162
-5.61666
-5.6168
-5.61693
-5.61674
-5.61718
-5.61794
-5.61837
-5.61815
-5.61825
-5.61834
-5.61842
-5.6185
-5.61889
-5.61895
-5.61868
-5.61905
-5.61973
-5.62009
-5.62076
-5.62012
-5.62045
-5.62012
-5.62011
-5.62009
-5.62007
-5.62003
-5.62129
-5.62221
-5.62119
-5.62112
-5.62138
-5.6213
-5.62025
-5.61984
-5.61942
-5.61965
-5.61954
-5.62008
-5.62127
-5.62115
-5.62039
-5.62059
-5.62046
-5.62033
-5.62117
-5.62104
-5.62091
-5.62046
-5.62
-5.61986
-5.61908
-5.6183
-5.61784
-5.61707
-5.61661
-5.61648
-5.61571
-5.61526
-5.61546
-5.61534
-5.61587
-5.61511
-5.61467
-5.61424
-5.61349
-5.61339
-5.61394
-5.61385
-5.61344
-5.61238
-5.61263
-5.61255
-5.61248
-5.61273
-5.61299
-5.61293
-5.61255
-5.61217
-5.6118
-5.61111
-5.61075
-5.61136
-5.61198
-5.61228
-5.61161
-5.61159
-5.61125
-5.61092
-5.61124
-5.61059
-5.61124
-5.61124
-5.6106
-5.60996
-5.60998
-5.60902
-5.60936
-5.60971
-5.61038
-5.60975
-5.61108
-5.61143
-5.61114
-5.61085
-5.61023
-5.61027
-5.61062
-5.61066
-5.61134
-5.61009
-5.6098
-5.61016
-5.6102
-5.60991
-5.61027
-5.60966
-5.61002
-5.61005
-5.61009
-5.6098
-5.6095
-5.60953
-5.60989
-5.61024
-5.61027
-5.61094
-5.61129
-5.61099
-5.61133
-5.61168
-5.61137
-5.61107
-5.61109
-5.61111
-5.61112
-5.61146
-5.61116
-5.61085
-5.61119
-5.61153
-5.61219
-5.61189
-5.61093
-5.61095
-5.61097
-5.61131
-5.61132
-5.61102
-5.61136
-5.61138
-5.61173
-5.61143
-5.61145
-5.61083
-5.61085
-5.61152
-5.61123
-5.61158
-5.61129
-5.61067
-5.6107
-5.61041
-5.60979
-5.60918
-5.60954
-5.60958
-5.60929
-5.60965
-5.60969
-5.60876
-5.60912
-5.60948
-5.6092
-5.60989
-5.60896
-5.60964
-5.60968
-5.6094
-5.60912
-5.60883
-5.60854
-5.60858
-5.60862
-5.60865
-5.60869
-5.60808
-5.60811
-5.60782
-5.60817
-5.6082
-5.60791
-5.60793
-5.60763
-5.60798
-5.608
-5.60673
-5.60643
-5.60644
-5.60711
-5.6068
-5.60681
-5.60683
-5.60716
-5.60685
-5.60718
-5.60784
-5.60817
-5.6085
-5.60883
-5.60883
-5.60851
-5.60851
-5.60819
-5.60884
-5.60787
-5.60786
-5.60786
-5.60851
-5.60915
-5.60979
-5.60979
-5.61043
-5.61075
-5.61107
-5.61042
-5.61074
-5.6117
-5.61137
-5.61169
-5.61136
-5.61135
-5.61135
-5.61134
-5.61198
-5.61295
-5.61326
-5.6139
-5.61455
-5.61422
-5.61486
-5.61518
-5.61517
-5.61484
-5.61483
-5.61482
-5.61449
-5.61448
-5.61383
-5.61382
-5.61349
-5.61348
-5.61347
-5.61379
-5.61378
-5.61409
-5.61344
-5.6131
-5.61212
-5.61147
-5.61146
-5.6121
-5.61209
-5.61273
-5.61304
-5.61368
-5.61335
-5.61399
-5.61397
-5.61396
-5.61427
-5.61523
-5.61554
-5.61715
-5.61714
-5.6181
-5.61841
-5.61839
-5.61838
-5.61739
-5.61737
-5.61736
-5.61734
-5.61699
-5.61697
-5.61728
-5.61725
-5.61755
-5.61753
-5.61718
-5.61748
-5.6168
-5.61678
-5.61642
-5.61639
-5.61571
-5.61504
-5.61565
-5.61465
-5.61429
-5.61393
-5.61487
-5.61516
-5.61512
-5.61443
-5.61407
-5.61306
-5.61302
-5.61298
-5.61293
-5.61419
-5.61415
-5.61346
-5.61341
-5.61305
-5.61365
-5.6136
-5.61324
-5.61287
-5.6125
-5.61278
-5.61306
-5.61302
-5.61168
-5.61229
-5.61257
-5.61188
-5.61216
-5.61245
-5.61176
-5.6114
-5.61136
-5.611
-5.61128
-5.61124
-5.61121
-5.6115
-5.61179
-5.6111
-5.61107
-5.61104
-5.61133
-5.61097
-5.61094
-5.61059
-5.61023
-5.60988
-5.60985
-5.61015
-5.61012
-5.6101
-5.6091
-5.60973
-5.60971
-5.60968
-5.60966
-5.60932
-5.60898
-5.60961
-5.60927
-5.60958
-5.60957
-5.60955
-5.60954
-5.60888
-5.60888
-5.60854
-5.60854
-5.60853
-5.60821
-5.60788
-5.60788
-5.60756
-5.60789
-5.6079
-5.60791
-5.60824
-5.60825
-5.60859
-5.60893
-5.60927
-5.60929
-5.60963
-5.60933
-5.60968
-5.60906
-5.60844
-5.60879
-5.60882
-5.60886
-5.60922
-5.60861
-5.60929
-5.60901
-5.60937
-5.60942
-5.60914
-5.60951
-5.60955
-5.61025
-5.60998
-5.61068
-5.61073
-5.61013
-5.61018
-5.60991
-5.60964
-5.60937
-5.60943
-5.60948
-5.60888
-5.60926
-5.60996
-5.61001
-5.6091
-5.6085
-5.60888
-5.60893
-5.6093
-5.60967
-5.60939
-5.60976
-5.60949
-5.60921
-5.60925
-5.60929
-5.60966
-5.61002
-5.60973
-5.60977
-5.60981
-5.60984
-5.60987
-5.60958
-5.60962
-5.60932
-5.60903
-5.60873
-5.60908
-5.60846
-5.60913
-5.60981
-5.61015
-5.61018
-5.6102
-5.61055
-5.60992
-5.60994
-5.61061
-5.61031
-5.61033
-5.61067
-5.61036
-5.61038
-5.6104
-5.61074
-5.61141
-5.61142
-5.61144
-5.61113
-5.61148
-5.61117
-5.61119
-5.61056
-5.61025
-5.60995
-5.60997
-5.60999
-5.61001
-5.61003
-5.60972
-5.60974
-5.61008
-5.61043
-5.61013
-5.61015
-5.6105
-5.61052
-5.61184
-5.61154
-5.61124
-5.61191
-5.61162
-5.61132
-5.61134
-5.61137
-5.61107
-5.61109
-5.61079
-5.61147
-5.61182
-5.61185
-5.61155
-5.6119
-5.6116
-5.6113
-5.61198
-5.61168
-5.61171
-5.61206
-5.61176
-5.61146
-5.61083
-5.61118
-5.61023
-5.60993
-5.60963
-5.60998
-5.60935
-5.60904
-5.60906
-5.60973
-5.6104
-5.61073
-5.6114
-5.61206
-5.61239
-5.61273
-5.61177
-5.61178
-5.61178
-5.61114
-5.61114
-5.61114
-5.61114
-5.61147
-5.61211
-5.61276
-5.61307
-5.61307
-5.61306
-5.61305
-5.61336
-5.61335
-5.61366
-5.61397
-5.61363
-5.61329
-5.61391
-5.61422
-5.61387
-5.61353
-5.61415
-5.6138
-5.61475
-5.61569
-5.61599
-5.61564
-5.61594
-5.61494
-5.61492
-5.61489
-5.61486
-5.61418
-5.61415
-5.61477
-5.61474
-5.61407
-5.61436
-5.61401
-5.61333
-5.6133
-5.61295
-5.61292
-5.6129
-5.61255
-5.61317
-5.61218
-5.61281
-5.61278
-5.61373
-5.61371
-5.61304
-5.61303
-5.61301
-5.61299
-5.61265
-5.61264
-5.61295
-5.61326
-5.61325
-5.61389
-5.61388
-5.61323
-5.61322
-5.61289
-5.61386
-5.61385
-5.61353
-5.61385
-5.61417
-5.61482
-5.61515
-5.61482
-5.61483
-5.61483
-5.61386
-5.61418
-5.61549
-5.61549
-5.61517
-5.61485
-5.61453
-5.6142
-5.61421
-5.61388
-5.61421
-5.61421
-5.61518
-5.61485
-5.61485
-5.61517
-5.61516
-5.61548
-5.61612
-5.61643
-5.61609
-5.61608
-5.61638
-5.61604
-5.6157
-5.61535
-5.61565
-5.61497
-5.61462
-5.61458
-5.61455
-5.61386
-5.61414
-5.61475
-5.61405
-5.61401
-5.6146
-5.61455
-5.61481
-5.61475
-5.61437
-5.61463
-5.61423
-5.61449
-5.61474
-5.61499
-5.61459
-5.61483
-5.61346
-5.6137
-5.61524
-5.61483
-5.61442
-5.6153
-5.61521
-5.61383
-5.61342
-5.61332
-5.61323
-5.61314
-5.61304
-5.6123
-5.61188
-5.61179
-5.61138
-5.61193
-5.61217
-5.61208
-5.61134
-5.61223
-5.6115
-5.61174
-5.61133
-5.61125
-5.61085
-5.6098
-5.60973
-5.60933
-5.60927
-5.60985
-5.60946
-5.6094
-5.60934
-5.60832
-5.60827
-5.6079
-5.60753
-5.60716
-5.60713
-5.60709
-5.60641
-5.60639
-5.60604
-5.60634
-5.606
-5.60566
-5.60565
-5.60564
-5.60628
-5.60531
-5.60564
-5.60532
-5.60533
-5.60437
-5.60438
-5.60439
-5.60409
-5.60443
-5.60414
-5.60449
-5.60419
-5.60454
-5.60458
-5.60494
-5.60465
-5.60469
-5.60473
-5.60477
-5.60482
-5.60551
-5.60491
-5.60496
-5.60566
-5.60571
-5.60544
-5.60517
-5.60555
-5.60561
-5.60599
-5.6067
-5.60643
-5.60649
-5.60655
-5.60662
-5.60668
-5.6061
-5.60649
-5.60623
-5.6063
-5.60604
-5.60611
-5.60618
-5.60625
-5.60664
-5.60704
-5.60743
-5.60686
-5.60661
-5.60668
-5.60675
-5.60682
-5.6069
-5.60697
-5.60769
-5.60744
-5.60719
-5.60694
-5.60799
-5.60774
-5.60814
-5.60788
-5.60828
-5.60771
-5.60875
-5.6085
-5.60889
-5.60929
-5.60968
-5.60975
-5.60949
-5.60924
-5.60963
-5.61002
-5.61009
-5.60983
-5.61021
-5.61028
-5.61034
-5.61105
-5.61111
-5.61117
-5.61155
-5.61128
-5.61037
-5.61075
-5.6108
-5.61053
-5.61059
-5.61064
-5.61101
-5.61106
-5.61046
-5.61083
-5.61088
-5.6106
-5.60967
-5.61003
-5.61007
-5.60978
-5.60949
-5.6092
-5.60956
-5.60958
-5.60896
-5.60931
-5.60933
-5.60968
-5.61002
-5.61035
-5.61004
-5.60973
-5.60941
-5.60909
-5.60974
-5.60974
-5.60941
-5.60973
-5.6094
-5.60971
-5.6097
-5.61
-5.60998
-5.60964
-5.60994
-5.60959
-5.61021
-5.6105
-5.61047
-5.61076
-5.61105
-5.61101
-5.61065
-5.61062
-5.61057
-5.61053
-5.61082
-5.61142
-5.61138
-5.61101
-5.61065
-5.61028
-5.61056
-5.6102
-5.61015
-5.61011
-5.60975
-5.60971
-5.61031
-5.6106
-5.61089
-5.61117
-5.61178
-5.61207
-5.61204
-5.61233
-5.61262
-5.61324
-5.61289
-5.61286
-5.61316
-5.61346
-5.61377
-5.61375
-5.61373
-5.61371
-5.61369
-5.61336
-5.61335
-5.61334
-5.61236
-5.61268
-5.61365
-5.61332
-5.613
-5.61267
-5.613
-5.613
-5.61268
-5.61301
-5.61334
-5.61303
-5.61239
-5.6124
-5.61177
-5.61146
-5.6105
-5.61117
-5.61086
-5.6112
-5.61122
-5.61124
-5.61126
-5.61161
-5.61163
-5.61198
-5.612
-5.61203
-5.61205
-5.61208
-5.6121
-5.61181
-5.61281
-5.61219
-5.61189
-5.6116
-5.61162
-5.61165
-5.61103
-5.61139
-5.61142
-5.61145
-5.61115
-5.61086
-5.61089
-5.61027
-5.61062
-5.61065
-5.61035
-5.61005
-5.6104
-5.61108
-5.61078
-5.61112
-5.61082
-5.61052
-5.61054
-5.61056
-5.61058
-5.60995
-5.60996
-5.60998
-5.60967
-5.60903
-5.60969
-5.6097
-5.60905
-5.60938
-5.60906
-5.60906
-5.60938
-5.60938
-5.61002
-5.60936
-5.60935
-5.60934
-5.609
-5.60866
-5.60864
-5.60861
-5.60826
-5.60856
-5.60885
-5.60882
-5.60879
-5.6094
-5.60936
-5.60964
-5.61024
-5.60955
-5.61047
-5.61107
-5.61102
-5.61161
-5.61155
-5.61149
-5.61143
-5.61137
-5.61131
-5.61124
-5.61183
-5.61111
-5.61072
-5.61065
-5.61058
-5.60986
-5.60882
-5.60907
-5.60899
-5.60892
-5.60852
-5.60844
-5.60901
-5.60862
-5.60854
-5.60911
-5.60904
-5.60928
-5.60953
-5.61011
-5.60939
-5.60932
-5.60989
-5.61047
-5.60975
-5.60969
-5.60962
-5.60988
-5.60949
-5.60975
-5.60937
-5.60931
-5.60925
-5.60919
-5.61011
-5.60942
-5.60937
-5.60932
-5.6096
-5.60956
-5.61017
-5.60981
-5.60946
-5.60943
-5.60907
-5.60904
-5.60967
-5.60867
-5.6093
-5.60928
-5.60927
-5.60958
-5.61021
-5.61085
-5.61085
-5.61052
-5.61084
-5.61052
-5.60988
-5.60956
-5.60957
-5.60957
-5.60894
-5.60863
-5.60799
-5.60801
-5.60803
-5.60804
-5.60742
-5.60744
-5.60682
-5.60782
-5.60784
-5.60852
-5.60887
-5.6089
-5.60796
-5.60766
-5.60802
-5.60838
-5.60841
-5.60941
-5.60913
-5.60916
-5.60919
-5.60955
-5.60959
-5.6093
-5.60869
-5.60905
-5.60908
-5.60944
-5.61012
-5.61048
-5.60955
-5.60894
-5.60865
-5.60901
-5.60872
-5.60908
-5.60944
-5.60948
-5.60984
-5.60988
-5.60959
-5.60898
-5.61032
-5.61069
-5.61105
-5.61044
-5.61016
-5.60988
-5.60895
-5.60867
-5.60872
-5.60877
-5.60881
-5.60854
-5.60826
-5.60799
-5.60804
-5.60745
-5.6075
-5.60724
-5.60729
-5.608
-5.60774
-5.60747
-5.60689
-5.60695
-5.60702
-5.60708
-5.60748
-5.60754
-5.60696
-5.60736
-5.6071
-5.60685
-5.60757
-5.60797
-5.60804
-5.60843
-5.6085
-5.6089
-5.60864
-5.60839
-5.60813
-5.60788
-5.60762
-5.60801
-5.60839
-5.60813
-5.60786
-5.60856
-5.60862
-5.60866
-5.60903
-5.6094
-5.60912
-5.60915
-5.60919
-5.60921
-5.60956
-5.60991
-5.6109
-5.61026
-5.61092
-5.61092
-5.6106
-5.6106
-5.61092
-5.61123
-5.61153
-5.61152
-5.61181
-5.61211
-5.61241
-5.61269
-5.61233
-5.61229
-5.61257
-5.61285
-5.6128
-5.6134
-5.61302
-5.61297
-5.61323
-5.61317
-5.61344
-5.61338
-5.61364
-5.61422
-5.61384
-5.61378
-5.6134
-5.61301
-5.6136
-5.61322
-5.61349
-5.61278
-5.61306
-5.61333
-5.61393
-5.61356
-5.61384
-5.6138
-5.61312
-5.61276
-5.61273
-5.61303
-5.613
-5.61298
-5.61296
-5.61359
-5.61423
-5.61422
-5.61389
-5.61388
-5.61356
-5.61324
-5.61324
-5.61324
-5.61293
-5.61294
-5.6123
-5.61264
-5.61233
-5.61332
-5.61334
-5.61368
-5.61305
-5.61307
-5.61277
-5.61247
-5.61281
-5.61284
-5.61286
-5.6132
-5.6129
-5.61324
-5.61294
-5.61296
-5.6133
-5.61332
-5.61366
-5.614
-5.61434
-5.61339
-5.6134
-5.61342
-5.61343
-5.61312
-5.61313
-5.61347
-5.61348
-5.61284
-5.61284
-5.61317
-5.61253
-5.61189
-5.6106
-5.61093
-5.60996
-5.61029
-5.61029
-5.60997
-5.60965
-5.609
-5.60932
-5.60932
-5.60997
-5.60964
-5.60996
-5.60931
-5.60963
-5.60995
-5.60994
-5.60961
-5.60992
-5.60991
-5.61022
-5.60988
-5.61052
-5.61083
-5.61049
-5.61048
-5.60981
-5.61012
-5.61075
-5.61105
-5.61071
-5.61101
-5.61131
-5.61129
-5.61126
-5.61124
-5.61121
-5.61183
-5.61148
-5.6121
-5.61207
-5.61205
-5.61202
-5.61166
-5.61163
-5.6116
-5.61157
-5.61089
-5.61086
-5.6105
-5.61079
-5.61076
-5.61008
-5.60972
-5.61034
-5.6103
-5.61027
-5.61089
-5.61086
-5.61115
-5.61177
-5.61141
-5.61171
-5.61103
-5.611
-5.6113
-5.61094
-5.61092
-5.61089
-5.61054
-5.6102
-5.61114
-5.61209
-5.61304
-5.6127
-5.61268
-5.61234
-5.61297
-5.61165
-5.61163
-5.61162
-5.61225
-5.61256
-5.61254
-5.61285
-5.61283
-5.6125
-5.61216
-5.61215
-5.61214
-5.61245
-5.61212
-5.61275
-5.61242
-5.61274
-5.6124
-5.6124
-5.61142
-5.61109
-5.61238
-5.61237
-5.61269
-5.61269
-5.61268
-5.61236
-5.61203
-5.6117
-5.61041
-5.61009
-5.61041
-5.61106
-5.61074
-5.61042
-5.6101
-5.60946
-5.60979
-5.61012
-5.61012
-5.60981
-5.61079
-5.61177
-5.61177
-5.61243
-5.61211
-5.61212
-5.61213
-5.61214
-5.61215
-5.61281
-5.6125
-5.61218
-5.61122
-5.61091
-5.61092
-5.61125
-5.61094
-5.61095
-5.61096
-5.61097
-5.61098
-5.61067
-5.61068
-5.61036
-5.61037
-5.61071
-5.61104
-5.61137
-5.61138
-5.61139
-5.61139
-5.61108
-5.61108
-5.61109
-5.6111
-5.61143
-5.61111
-5.6108
-5.61113
-5.61016
-5.61082
-5.61018
-5.61019
-5.60987
-5.60955
-5.60956
-5.60925
-5.60926
-5.60927
-5.60928
-5.60864
-5.60865
-5.60866
-5.60932
-5.60901
-5.60902
-5.60871
-5.6084
-5.60874
-5.60875
-5.60909
-5.60845
-5.60814
-5.60881
-5.60882
-5.60884
-5.6095
-5.60984
-5.60953
-5.60954
-5.6102
-5.61021
-5.6099
-5.60959
-5.60993
-5.60961
-5.60897
-5.60931
-5.60899
-5.609
-5.60868
-5.60836
-5.60837
-5.60869
-5.60837
-5.60772
-5.60772
-5.60771
-5.60803
-5.60802
-5.60866
-5.60897
-5.60896
-5.60862
-5.6086
-5.60891
-5.60921
-5.60952
-5.61014
-5.60947
-5.61009
-5.61007
-5.61004
-5.60903
-5.609
-5.60929
-5.60894
-5.6089
-5.60886
-5.60947
-5.60943
-5.60972
-5.61
-5.61028
-5.61089
-5.61052
-5.61112
-5.61108
-5.61103
-5.61066
-5.60965
-5.61025
-5.6102
-5.61048
-5.61044
-5.60975
-5.61002
-5.60966
-5.60994
-5.61054
-5.61115
-5.61111
-5.61074
-5.61006
-5.60873
-5.6087
-5.60866
-5.6096
-5.61022
-5.61117
-5.61049
-5.60983
-5.60981
-5.61011
-5.60977
-5.61009
-5.61008
-5.60942
-5.61007
-5.61007
-5.61007
-5.61008
-5.61009
-5.6101
-5.61044
-5.61046
-5.61016
-5.61018
-5.60989
-5.60992
-5.61028
-5.61
-5.61101
-5.61073
-5.61077
-5.61082
-5.61054
-5.61027
-5.61033
-5.61038
-5.61011
-5.60952
-5.60893
-5.60898
-5.60904
-5.6091
-5.60883
-5.60889
-5.60862
-5.60835
-5.60808
-5.60781
-5.60818
-5.60791
-5.60796
-5.60833
-5.60805
-5.60744
-5.60748
-5.60784
-5.60787
-5.60823
-5.60825
-5.60893
-5.60895
-5.6093
-5.60964
-5.60998
-5.61032
-5.61033
-5.61034
-5.61035
-5.61003
-5.61036
-5.61101
-5.61101
-5.61166
-5.61198
-5.61165
-5.61197
-5.61165
-5.61197
-5.61196
-5.61164
-5.61163
-5.61163
-5.61195
-5.61194
-5.61194
-5.61194
-5.61194
-5.61162
-5.61227
-5.6126
-5.61228
-5.61197
-5.6123
-5.61199
-5.61233
-5.6117
-5.61204
-5.61109
-5.61144
-5.61081
-5.61084
-5.61087
-5.6109
-5.6106
-5.61032
-5.61035
-5.61038
-5.61172
-5.61208
-5.61212
-5.61216
-5.61188
-5.61224
-5.61196
-5.61168
-5.6114
-5.61079
-5.61181
-5.61217
-5.61189
-5.6116
-5.61164
-5.612
-5.61172
-5.61175
-5.61211
-5.61214
-5.61184
-5.61122
-5.61125
-5.61192
-5.61162
-5.61164
-5.61166
-5.61232
-5.61233
-5.61234
-5.6117
-5.61235
-5.61203
-5.61203
-5.61235
-5.613
-5.61234
-5.61298
-5.61394
-5.61328
-5.61327
-5.61357
-5.61355
-5.61321
-5.61351
-5.61251
-5.61249
-5.61278
-5.6134
-5.61337
-5.61398
-5.61395
-5.61424
-5.61421
-5.61352
-5.61252
-5.61313
-5.61309
-5.61306
-5.61335
-5.61363
-5.6136
-5.61356
-5.61321
-5.6135
-5.61314
-5.61311
-5.6134
-5.61402
-5.61399
-5.61397
-5.61459
-5.61521
-5.61519
-5.61517
-5.61548
-5.61481
-5.61512
-5.61511
-5.6151
-5.61477
-5.61508
-5.61475
-5.61475
-5.61443
-5.61443
-5.61476
-5.61508
-5.61509
-5.61478
-5.61479
-5.6148
-5.61482
-5.61419
-5.61421
-5.61424
-5.61491
-5.61461
-5.61529
-5.615
-5.61568
-5.61571
-5.61574
-5.61578
-5.61582
-5.61651
-5.61623
-5.61627
-5.61567
-5.61571
-5.61641
-5.61645
-5.61715
-5.61752
-5.61725
-5.61762
-5.61703
-5.61708
-5.61746
-5.61751
-5.61789
-5.61762
-5.61768
-5.61838
-5.61778
-5.61784
-5.61789
-5.61827
-5.61832
-5.61805
-5.61777
-5.61879
-5.61884
-5.61889
-5.61991
-5.62027
-5.62064
-5.62068
-5.62007
-5.6201
-5.61981
-5.62016
-5.62084
-5.62054
-5.62088
-5.6209
-5.62059
-5.6206
-5.6206
-5.62061
-5.61996
-5.61963
-5.61962
-5.61961
-5.61959
-5.61925
-5.61923
-5.61887
-5.61884
-5.61816
-5.61747
-5.61775
-5.61803
-5.61798
-5.61792
-5.61722
-5.61683
-5.61644
-5.61637
-5.6176
-5.61752
-5.61777
-5.61769
-5.61728
-5.61752
-5.61711
-5.61734
-5.61725
-5.61683
-5.61674
-5.616
-5.61525
-5.61613
-5.61635
-5.6156
-5.61485
-5.61475
-5.61433
-5.61423
-5.61413
-5.61403
-5.61426
-5.61448
-5.61406
-5.61364
-5.6129
-5.61313
-5.61304
-5.61328
-5.61254
-5.61181
-5.61173
-5.61165
-5.61125
-5.61085
-5.6111
-5.61103
-5.61129
-5.61058
-5.61084
-5.61078
-5.6104
-5.61035
-5.61063
-5.61059
-5.61087
-5.60986
-5.60983
-5.6098
-5.61009
-5.60974
-5.6094
-5.60937
-5.60903
-5.60805
-5.60869
-5.609
-5.60932
-5.60867
-5.60899
-5.60932
-5.60932
-5.60933
-5.60933
-5.60935
-5.60904
-5.60905
-5.60907
-5.60909
-5.60911
-5.60913
-5.60947
-5.60918
-5.6092
-5.60891
-5.60926
-5.60897
-5.60965
-5.61001
-5.61037
-5.61041
-5.61077
-5.61145
-5.61149
-5.61153
-5.61157
-5.61194
-5.61198
-5.61105
-5.6111
-5.60985
-5.60958
-5.60995
-5.61
-5.60908
-5.60945
-5.6095
-5.6102
-5.61025
-5.60965
-5.60938
-5.60976
-5.61014
-5.61051
-5.61057
-5.61062
-5.61003
-5.6104
-5.61078
-5.61083
-5.61089
-5.61126
-5.61132
-5.61137
-5.6111
-5.6118
-5.61185
-5.61158
-5.61195
-5.61136
-5.61108
-5.61145
-5.61183
-5.6122
-5.61224
-5.61164
-5.61201
-5.6127
-5.61274
-5.61246
-5.61218
-5.61157
-5.61096
-5.61132
-5.612
-5.61268
-5.61271
-5.61209
-5.61147
-5.61182
-5.61216
-5.61283
-5.61285
-5.61222
-5.61224
-5.61192
-5.61226
-5.61259
-5.6126
-5.61325
-5.61391
-5.61326
-5.61359
-5.61326
-5.61391
-5.61358
-5.6126
-5.61259
-5.61161
-5.61192
-5.61223
-5.61254
-5.61285
-5.61284
-5.61314
-5.6128
-5.6131
-5.6134
-5.61338
-5.61336
-5.61333
-5.61363
-5.61361
-5.61358
-5.61355
-5.61256
-5.61253
-5.61186
-5.61118
-5.61116
-5.61113
-5.6111
-5.61075
-5.6104
-5.61037
-5.61067
-5.61064
-5.61062
-5.61124
-5.61154
-5.61152
-5.61182
-5.61147
-5.61178
-5.61143
-5.61174
-5.61204
-5.61235
-5.61201
-5.61167
-5.61166
-5.61197
-5.61229
-5.61228
-5.61227
-5.61258
-5.61225
-5.6116
-5.61127
-5.61094
-5.61159
-5.61256
-5.61223
-5.61191
-5.61159
-5.61159
-5.61126
-5.61126
-5.61127
-5.61127
-5.61159
-5.61063
-5.61031
-5.61096
-5.61096
-5.61128
-5.61096
-5.61096
-5.61096
-5.61096
-5.61128
-5.61192
-5.61159
-5.61191
-5.61093
-5.61093
-5.61092
-5.61123
-5.61089
-5.61055
-5.61054
-5.61019
-5.61082
-5.61048
-5.61078
-5.61011
-5.61041
-5.60973
-5.61003
-5.61032
-5.61029
-5.60994
-5.61055
-5.61052
-5.61048
-5.61012
-5.60976
-5.60972
-5.60968
-5.60997
-5.60993
-5.60989
-5.60952
-5.60915
-5.60846
-5.6081
-5.60838
-5.60834
-5.60797
-5.60826
-5.60886
-5.6098
-5.60911
-5.60907
-5.60806
-5.609
-5.60864
-5.60893
-5.60889
-5.60789
-5.60786
-5.60751
-5.60716
-5.60778
-5.60776
-5.60709
-5.60739
-5.6077
-5.60736
-5.60767
-5.60896
-5.60895
-5.60959
-5.60959
-5.61024
-5.61057
-5.6109
-5.61058
-5.61124
-5.61159
-5.61064
-5.61002
-5.60939
-5.60942
-5.60913
-5.60852
-5.60824
-5.60828
-5.60865
-5.60838
-5.60875
-5.60849
-5.60822
-5.60861
-5.60867
-5.60841
-5.60881
-5.60855
-5.6083
-5.60903
-5.60911
-5.60951
-5.60895
-5.60935
-5.60846
-5.60823
-5.60896
-5.60872
-5.60881
-5.60857
-5.60866
-5.60907
-5.60916
-5.60924
-5.60965
-5.60973
-5.60917
-5.60925
-5.60997
-5.61102
-5.61142
-5.61085
-5.61092
-5.61131
-5.61202
-5.61241
-5.61247
-5.61253
-5.61323
-5.61328
-5.61301
-5.61337
-5.61342
-5.61378
-5.61414
-5.61449
-5.61452
-5.61455
-5.61522
-5.61523
-5.61557
-5.61591
-5.61592
-5.61592
-5.6156
-5.61527
-5.61559
-5.61559
-5.61558
-5.61654
-5.61652
-5.61618
-5.61584
-5.61582
-5.61547
-5.61545
-5.61542
-5.61539
-5.61601
-5.61598
-5.6153
-5.61494
-5.61458
-5.61486
-5.61548
-5.61544
-5.61475
-5.61471
-5.61499
-5.61463
-5.61459
-5.61422
-5.61386
-5.61349
-5.61312
-5.61308
-5.61369
-5.61332
-5.61361
-5.61389
-5.61385
-5.61284
-5.61247
-5.61276
-5.6124
-5.61204
-5.61168
-5.61132
-5.61128
-5.61124
-5.61089
-5.61085
-5.61114
-5.61143
-5.61075
-5.61105
-5.61037
-5.61034
-5.61031
-5.61028
-5.61154
-5.61151
-5.61116
-5.6108
-5.61077
-5.61074
-5.61071
-5.61132
-5.61161
-5.61158
-5.61187
-5.61184
-5.61181
-5.61112
-5.61109
-5.61105
-5.61166
-5.61194
-5.61288
-5.61284
-5.61279
-5.61242
-5.61206
-5.61104
-5.611
-5.61095
-5.61123
-5.6115
-5.61145
-5.6114
-5.61071
-5.6113
-5.61093
-5.61087
-5.61114
-5.61142
-5.61169
-5.61228
-5.61223
-5.61218
-5.61148
-5.61143
-5.61138
-5.61165
-5.61258
-5.61253
-5.6128
-5.61276
-5.61304
-5.61299
-5.61295
-5.61259
-5.61255
-5.61218
-5.61247
-5.61276
-5.61338
-5.61302
-5.61299
-5.61232
-5.61229
-5.61195
-5.6129
-5.61353
-5.61319
-5.61351
-5.61285
-5.61284
-5.61284
-5.61252
-5.61187
-5.6122
-5.61188
-5.61157
-5.61126
-5.61159
-5.61129
-5.61034
-5.61069
-5.61071
-5.61107
-5.6111
-5.61146
-5.61182
-5.61154
-5.61158
-5.61195
-5.61136
-5.61173
-5.61211
-5.61249
-5.61255
-5.61261
-5.61235
-5.61242
-5.61184
-5.61256
-5.61231
-5.61238
-5.6131
-5.61351
-5.61358
-5.61399
-5.61374
-5.6135
-5.61391
-5.61399
-5.6144
-5.61416
-5.61424
-5.61368
-5.61279
-5.61288
-5.61393
-5.61304
-5.61248
-5.61353
-5.61361
-5.61402
-5.61442
-5.61482
-5.61522
-5.61497
-5.61472
-5.61479
-5.61454
-5.61428
-5.61402
-5.61408
-5.61447
-5.61453
-5.61491
-5.61464
-5.61469
-5.61474
-5.61478
-5.61515
-5.61519
-5.61523
-5.61527
-5.61498
-5.61501
-5.61472
-5.6141
-5.61445
-5.61479
-5.61481
-5.61483
-5.61485
-5.61454
-5.61422
-5.61488
-5.61521
-5.61554
-5.61554
-5.61619
-5.61651
-5.61618
-5.61585
-5.61617
-5.61616
-5.61647
-5.61646
-5.61612
-5.61643
-5.61609
-5.61639
-5.6167
-5.61668
-5.61665
-5.61663
-5.61661
-5.61658
-5.61656
-5.61653
-5.61651
-5.61616
-5.61548
-5.61546
-5.61575
-5.61508
-5.61505
-5.61534
-5.61596
-5.61594
-5.61494
-5.61491
-5.61424
-5.61421
-5.61386
-5.61319
-5.61252
-5.6125
-5.61215
-5.61245
-5.61308
-5.61273
-5.61304
-5.61302
-5.613
-5.61298
-5.61264
-5.61262
-5.6126
-5.61291
-5.61257
-5.61256
-5.61287
-5.61253
-5.61252
-5.61251
-5.61314
-5.61281
-5.6128
-5.61279
-5.61246
-5.61245
-5.61212
-5.61212
-5.61179
-5.61146
-5.61145
-5.61112
-5.6108
-5.61047
-5.61014
-5.60981
-5.60949
-5.60948
-5.60948
-5.61012
-5.61044
-5.60979
-5.60979
-5.60978
-5.61042
-5.61171
-5.61139
-5.6117
-5.61137
-5.61169
-5.61168
-5.61167
-5.61166
-5.61197
-5.61163
-5.61162
-5.61128
-5.61094
-5.6106
-5.6109
-5.61121
-5.61183
-5.61213
-5.61178
-5.61143
-5.61172
-5.61169
-5.61134
-5.61162
-5.61191
-5.61187
-5.61151
-5.61147
-5.61045
-5.61008
-5.60939
-5.60902
-5.60929
-5.60891
-5.60853
-5.6088
-5.60842
-5.60901
-5.60894
-5.60856
-5.60784
-5.6081
-5.60771
-5.60764
-5.60724
-5.60685
-5.60613
-5.60605
-5.60565
-5.6059
-5.6055
-5.60542
-5.60567
-5.60462
-5.60454
-5.60479
-5.60471
-5.60431
-5.60391
-5.6048
-5.60505
-5.6053
-5.60522
-5.60515
-5.60475
-5.60533
-5.60461
-5.60454
-5.60415
-5.60408
-5.60369
-5.60428
-5.60454
-5.60416
-5.60476
-5.60503
-5.60531
-5.60461
-5.60457
-5.60453
-5.60385
-5.60414
-5.60444
-5.60441
-5.60439
-5.60437
-5.60436
-5.60467
-5.60531
-5.60596
-5.60596
-5.60694
-5.60695
-5.60729
-5.60731
-5.60733
-5.60768
-5.60706
-5.60775
-5.60714
-5.60686
-5.60626
-5.60631
-5.60701
-5.60578
-5.60519
-5.60461
-5.60468
-5.60475
-5.60418
-5.60328
-5.60337
-5.60345
-5.60321
-5.6033
-5.60306
-5.60316
-5.60293
-5.60303
-5.60345
-5.60355
-5.60397
-5.60408
-5.60353
-5.60396
-5.60342
-5.6032
-5.60331
-5.60375
-5.60386
-5.60397
-5.60407
-5.60451
-5.60526
-5.60473
-5.60516
-5.60527
-5.60571
-5.60646
-5.60657
-5.607
-5.60808
-5.60786
-5.60796
-5.60838
-5.60849
-5.60891
-5.60901
-5.60878
-5.60855
-5.60864
-5.60808
-5.60817
-5.60825
-5.60866
-5.60906
-5.60914
-5.60889
-5.60896
-5.60935
-5.60942
-5.60948
-5.60922
-5.6096
-5.60965
-5.60938
-5.60943
-5.60947
-5.60952
-5.60955
-5.60862
-5.60865
-5.60868
-5.60903
-5.60938
-5.6094
-5.61006
-5.60975
-5.61009
-5.61042
-5.61075
-5.61075
-5.61074
-5.61106
-5.61073
-5.61104
-5.6107
-5.61068
-5.61066
-5.61129
-5.61223
-5.61285
-5.6125
-5.61279
-5.61373
-5.61369
-5.6143
-5.61394
-5.61325
-5.61353
-5.61349
-5.61442
-5.6147
-5.61433
-5.61428
-5.61423
-5.61451
-5.61446
-5.61409
-5.61405
-5.61335
-5.61298
-5.61229
-5.61257
-5.61221
-5.61184
-5.6118
-5.61177
-5.61173
-5.61202
-5.61199
-5.61163
-5.6116
-5.6119
-5.61187
-5.61185
-5.61183
-5.61181
-5.61211
-5.6121
-5.61273
-5.61271
-5.61237
-5.61236
-5.61299
-5.61331
-5.61394
-5.61425
-5.61489
-5.61521
-5.6152
-5.61518
-5.6155
-5.61581
-5.6158
-5.61611
-5.61642
-5.61673
-5.61736
-5.61735
-5.61733
-5.61667
-5.61697
-5.61663
-5.61726
-5.61821
-5.61818
-5.61784
-5.61814
-5.61779
-5.61776
-5.61708
-5.61705
-5.6167
-5.61667
-5.61664
-5.61726
-5.61755
-5.61687
-5.61716
-5.6168
-5.61708
-5.61672
-5.61668
-5.616
-5.61596
-5.61559
-5.61523
-5.61551
-5.6158
-5.61511
-5.61539
-5.61568
-5.61596
-5.6156
-5.61491
-5.61519
-5.61515
-5.61511
-5.61474
-5.61535
-5.61563
-5.61526
-5.61458
-5.61454
-5.6145
-5.61413
-5.61409
-5.6134
-5.61401
-5.613
-5.61328
-5.61292
-5.6132
-5.61316
-5.61247
-5.61211
-5.61174
-5.61203
-5.61134
-5.61097
-5.61093
-5.61056
-5.61084
-5.61015
-5.61076
-5.61136
-5.611
-5.6103
-5.61091
-5.61086
-5.61114
-5.6111
-5.61138
-5.61036
-5.61032
-5.61027
-5.61055
-5.60986
-5.61014
-5.61043
-5.61006
-5.60873
-5.60934
-5.60897
-5.60926
-5.6089
-5.60854
-5.60819
-5.60848
-5.6091
-5.60907
-5.60937
-5.60967
-5.60998
-5.60996
-5.60995
-5.61058
-5.61058
-5.6109
-5.61025
-5.6096
-5.60928
-5.60897
-5.6093
-5.60997
-5.60999
-5.61001
-5.60939
-5.61007
-5.60978
-5.60917
-5.60889
-5.60959
-5.60964
-5.60936
-5.60909
-5.61077
-5.61084
-5.61058
-5.61097
-5.61104
-5.61014
-5.61054
-5.61029
-5.61004
-5.61012
-5.61085
-5.61125
-5.61133
-5.61142
-5.61182
-5.61191
-5.61199
-5.61175
-5.61151
-5.61126
-5.61102
-5.61078
-5.61151
-5.61127
-5.61102
-5.61078
-5.61118
-5.61223
-5.61295
-5.61367
-5.61407
-5.61479
-5.61453
-5.61395
-5.61434
-5.61441
-5.61447
-5.61453
-5.61426
-5.614
-5.6147
-5.61475
-5.61448
-5.61485
-5.61522
-5.61527
-5.61467
-5.61471
-5.61507
-5.61447
-5.61515
-5.61518
-5.61489
-5.61492
-5.61495
-5.61465
-5.61467
-5.61534
-5.61568
-5.6157
-5.61571
-5.6154
-5.61606
-5.61574
-5.61575
-5.61543
-5.61543
-5.6151
-5.61542
-5.61542
-5.61508
-5.61475
-5.61474
-5.61407
-5.61406
-5.61307
-5.61272
-5.6127
-5.61268
-5.61297
-5.61262
-5.61162
-5.61159
-5.61155
-5.61184
-5.61213
-5.61241
-5.6127
-5.61266
-5.61197
-5.6116
-5.61188
-5.61183
-5.61114
-5.61044
-5.61137
-5.61132
-5.61159
-5.61155
-5.6115
-5.61145
-5.61043
-5.6107
-5.6113
-5.61157
-5.61217
-5.61212
-5.61239
-5.61298
-5.61261
-5.61256
-5.61283
-5.61311
-5.61306
-5.61301
-5.61328
-5.61323
-5.61286
-5.61281
-5.61276
-5.61206
-5.61169
-5.61229
-5.61192
-5.61187
-5.6115
-5.61145
-5.6114
-5.61038
-5.60968
-5.60996
-5.61023
-5.60986
-5.61046
-5.61074
-5.61004
-5.61031
-5.61027
-5.61022
-5.61017
-5.6098
-5.6091
-5.60905
-5.609
-5.60895
-5.6089
-5.60853
-5.60816
-5.60779
-5.60742
-5.60705
-5.60732
-5.60728
-5.60723
-5.60719
-5.6065
-5.60613
-5.60642
-5.60638
-5.60569
-5.60565
-5.60594
-5.60558
-5.60554
-5.60519
-5.60548
-5.60577
-5.60607
-5.60636
-5.60634
-5.60631
-5.60629
-5.60627
-5.60528
-5.60494
-5.6046
-5.6049
-5.60521
-5.60488
-5.60584
-5.60551
-5.60583
-5.60582
-5.60582
-5.60614
-5.60647
-5.60679
-5.6068
-5.60681
-5.60681
-5.6065
-5.60716
-5.60685
-5.60686
-5.60688
-5.60657
-5.60627
-5.60693
-5.60696
-5.60698
-5.60701
-5.60736
-5.60706
-5.60709
-5.60713
-5.60716
-5.60784
-5.60723
-5.60694
-5.6073
-5.60734
-5.60868
-5.60872
-5.60908
-5.6088
-5.60917
-5.60921
-5.60893
-5.60898
-5.6087
-5.60907
-5.60943
-5.60916
-5.6092
-5.60925
-5.6093
-5.60934
-5.61036
-5.61009
-5.60981
-5.60986
-5.60991
-5.61028
-5.61001
-5.61006
-5.61011
-5.61048
-5.61053
-5.61058
-5.61063
-5.61068
-5.61041
-5.61079
-5.61149
-5.61154
-5.61062
-5.611
-5.61138
-5.61143
-5.61117
-5.61187
-5.61258
-5.61296
-5.61334
-5.61372
-5.61443
-5.6145
-5.61391
-5.61397
-5.61468
-5.6154
-5.61546
-5.61553
-5.61559
-5.61566
-5.61572
-5.61547
-5.61553
-5.61592
-5.61567
-5.61671
-5.6171
-5.61781
-5.61788
-5.61827
-5.61801
-5.61774
-5.61845
-5.61884
-5.61922
-5.61927
-5.61965
-5.62035
-5.62007
-5.62045
-5.62049
-5.62053
-5.62025
-5.62061
-5.62065
-5.62036
-5.62039
-5.61977
-5.62012
-5.61981
-5.61951
-5.6192
-5.61922
-5.61891
-5.61892
-5.6186
-5.61893
-5.61926
-5.61958
-5.61893
-5.61958
-5.6199
-5.61989
-5.61924
-5.61923
-5.62019
-5.62083
-5.62115
-5.62146
-5.62112
-5.62046
-5.62044
-5.62043
-5.62074
-5.62007
-5.62005
-5.61971
-5.6197
-5.62
-5.61998
-5.61997
-5.62027
-5.6209
-5.62088
-5.62119
-5.62085
-5.6205
-5.62081
-5.62079
-5.6185
-5.61913
-5.61879
-5.61942
-5.61972
-5.61905
-5.6187
-5.61803
-5.61736
-5.61734
-5.61797
-5.61794
-5.61727
-5.6166
-5.61625
-5.61654
-5.61619
-5.61616
-5.61516
-5.61513
-5.61445
-5.61409
-5.61438
-5.61435
-5.61432
-5.61299
-5.61295
-5.61194
-5.61223
-5.61219
-5.61247
-5.61178
-5.61174
-5.61203
-5.61198
-5.61194
-5.61189
-5.61185
-5.61213
-5.61273
-5.61268
-5.61296
-5.61323
-5.61384
-5.61346
-5.61374
-5.61369
-5.61332
-5.6136
-5.61323
-5.6135
-5.61346
-5.61373
-5.61434
-5.61461
-5.61457
-5.61485
-5.61448
-5.61476
-5.61407
-5.61306
-5.6127
-5.61234
-5.61263
-5.61324
-5.61353
-5.61414
-5.61411
-5.61408
-5.61405
-5.6137
-5.61367
-5.61365
-5.61395
-5.6136
-5.61359
-5.61357
-5.6142
-5.61419
-5.6145
-5.61353
-5.6132
-5.61222
-5.61254
-5.61189
-5.61157
-5.61157
-5.6119
-5.61223
-5.61224
-5.61193
-5.61259
-5.61227
-5.61261
-5.61295
-5.61264
-5.61265
-5.61299
-5.61333
-5.61335
-5.61336
-5.61403
-5.61437
-5.61438
-5.61407
-5.61441
-5.61475
-5.61444
-5.61381
-5.61285
-5.61254
-5.61158
-5.61126
-5.61095
-5.61095
-5.61095
-5.61096
-5.61193
-5.61323
-5.61355
-5.61387
-5.61419
-5.61354
-5.61353
-5.61385
-5.6132
-5.61222
-5.61189
-5.61155
-5.61154
-5.61121
-5.61087
-5.61054
-5.61053
-5.61084
-5.61116
-5.61147
-5.61179
-5.61113
-5.61178
-5.61242
-5.61209
-5.61176
-5.61176
-5.61209
-5.61176
-5.61209
-5.6121
-5.6121
-5.61146
-5.61115
-5.61116
-5.61117
-5.61119
-5.6112
-5.6109
-5.61124
-5.61126
-5.61128
-5.6113
-5.61003
-5.60973
-5.60975
-5.60945
-5.6098
-5.60982
-5.60985
-5.6089
-5.60925
-5.60895
-5.60897
-5.60834
-5.60869
-5.60871
-5.60905
-5.60874
-5.60908
-5.60878
-5.60782
-5.60848
-5.60849
-5.60883
-5.60754
-5.60788
-5.60789
-5.60789
-5.60854
-5.60855
-5.60888
-5.60823
-5.60856
-5.60823
-5.60823
-5.60823
-5.60758
-5.60758
-5.60758
-5.60757
-5.6066
-5.60725
-5.60725
-5.60854
-5.60854
-5.60919
-5.60887
-5.60919
-5.60984
-5.60952
-5.6092
-5.60921
-5.60921
-5.60922
-5.60858
-5.60827
-5.60861
-5.60862
-5.60896
-5.60897
-5.60964
-5.60933
-5.61032
-5.61066
-5.61101
-5.61103
-5.61137
-5.61074
-5.61141
-5.61208
-5.6121
-5.6118
-5.61279
-5.61314
-5.61348
-5.61285
-5.61222
-5.61224
-5.61291
-5.6126
-5.61197
-5.61263
-5.61264
-5.61264
-5.61233
-5.61298
-5.61331
-5.61331
-5.61331
-5.6133
-5.6133
-5.61297
-5.61263
-5.61294
-5.61293
-5.61291
-5.61321
-5.61319
-5.61316
-5.61314
-5.61278
-5.6121
-5.61239
-5.61235
-5.61231
-5.61195
-5.6119
-5.61218
-5.61214
-5.61209
-5.61236
-5.61264
-5.61291
-5.61253
-5.6128
-5.61307
-5.61301
-5.61263
-5.61322
-5.61219
-5.61246
-5.6124
-5.61202
-5.61228
-5.61255
-5.61217
-5.61276
-5.6127
-5.61264
-5.61259
-5.61286
-5.6128
-5.61307
-5.61302
-5.61297
-5.61292
-5.61255
-5.61251
-5.61246
-5.61242
-5.61238
-5.61234
-5.61231
-5.61227
-5.61289
-5.61253
-5.61218
-5.61183
-5.61116
-5.61179
-5.61177
-5.6111
-5.61108
-5.61074
-5.61073
-5.61104
-5.61006
-5.60941
-5.60908
-5.60875
-5.60875
-5.60908
-5.60908
-5.60876
-5.60812
-5.6078
-5.60716
-5.6075
-5.60783
-5.60785
-5.60722
-5.60788
-5.60693
-5.60727
-5.60729
-5.60764
-5.60734
-5.60704
-5.60739
-5.60644
-5.60647
-5.60585
-5.60556
-5.60559
-5.60497
-5.60436
-5.60439
-5.6041
-5.60446
-5.60449
-5.6042
-5.60456
-5.6046
-5.60367
-5.60436
-5.60408
-5.60444
-5.60351
-5.60323
-5.60328
-5.603
-5.60304
-5.60309
-5.60314
-5.60286
-5.60291
-5.60297
-5.60302
-5.60275
-5.6028
-5.60351
-5.60259
-5.60265
-5.60271
-5.60374
-5.60412
-5.60515
-5.60521
-5.6056
-5.60534
-5.60508
-5.60546
-5.60552
-5.60559
-5.60597
-5.60603
-5.60577
-5.60551
-5.60622
-5.60628
-5.60666
-5.60672
-5.60646
-5.60651
-5.60722
-5.60727
-5.60765
-5.60803
-5.60776
-5.60813
-5.60818
-5.6092
-5.60924
-5.60961
-5.6103
-5.61034
-5.61103
-5.61106
-5.61077
-5.6108
-5.61051
-5.61021
-5.61023
-5.61025
-5.61092
-5.61126
-5.6116
-5.61194
-5.61227
-5.61325
-5.61358
-5.61293
-5.61293
-5.61293
-5.61292
-5.61194
-5.61193
-5.61256
-5.61254
-5.61252
-5.6125
-5.61183
-5.6118
-5.61048
-5.61045
-5.61041
-5.6107
-5.61098
-5.61159
-5.61154
-5.61182
-5.61178
-5.61173
-5.61168
-5.61227
-5.61189
-5.61151
-5.61243
-5.61237
-5.61296
-5.61322
-5.61316
-5.61342
-5.61238
-5.61232
-5.6116
-5.61121
-5.6105
-5.61043
-5.61068
-5.61094
-5.61087
-5.61145
-5.61138
-5.61099
-5.61156
-5.6115
-5.61111
-5.61104
-5.6113
-5.61155
-5.61149
-5.61143
-5.61104
-5.61066
-5.61189
-5.61183
-5.6121
-5.61204
-5.61199
-5.61226
-5.61319
-5.61281
-5.61244
-5.6124
-5.61203
-5.61199
-5.61228
-5.61224
-5.61286
-5.61315
-5.61312
-5.61277
-5.61339
-5.61272
-5.61302
-5.61267
-5.61266
-5.61264
-5.61231
-5.61262
-5.61229
-5.6126
-5.61228
-5.61325
-5.61325
-5.6126
-5.61228
-5.61228
-5.61229
-5.61262
-5.61295
-5.61264
-5.61266
-5.61267
-5.61268
-5.61238
-5.6124
-5.61241
-5.61211
-5.61213
-5.6128
-5.61283
-5.61253
-5.61224
-5.61226
-5.61197
-5.61232
-5.61268
-5.61271
-5.6121
-5.61214
-5.6125
-5.61189
-5.61257
-5.61261
-5.61233
-5.61237
-5.61209
-5.61214
-5.61154
-5.61191
-5.61131
-5.61168
-5.61206
-5.61178
-5.61216
-5.61221
-5.61259
-5.61265
-5.61238
-5.61276
-5.61282
-5.61224
-5.6123
-5.61236
-5.61339
-5.61378
-5.61417
-5.61423
-5.61397
-5.61371
-5.61345
-5.61319
-5.61261
-5.61268
-5.61274
-5.6128
-5.61319
-5.6126
-5.61299
-5.61337
-5.61246
-5.61187
-5.61258
-5.61296
-5.61268
-5.61241
-5.61279
-5.61284
-5.61321
-5.6126
-5.61297
-5.61333
-5.61336
-5.61275
-5.61278
-5.61248
-5.61154
-5.61123
-5.6106
-5.61127
-5.61128
-5.61162
-5.61195
-5.61195
-5.61259
-5.61291
-5.61356
-5.61258
-5.61289
-5.61287
-5.6122
-5.61153
-5.61216
-5.61148
-5.6108
-5.61109
-5.61138
-5.61166
-5.6113
-5.61158
-5.61153
-5.61148
-5.61208
-5.61202
-5.61261
-5.61321
-5.61347
-5.61374
-5.61432
-5.61458
-5.61452
-5.6151
-5.61471
-5.61465
-5.61425
-5.61419
-5.61412
-5.61405
-5.6143
-5.61456
-5.61514
-5.61507
-5.61533
-5.61494
-5.61455
-5.61417
-5.61378
-5.61242
-5.61269
-5.61231
-5.61225
-5.6122
-5.61215
-5.6121
-5.61206
-5.61234
-5.6123
-5.61194
-5.61158
-5.61058
-5.61055
-5.61021
-5.61019
-5.61017
-5.61048
-5.61079
-5.61111
-5.61047
-5.60982
-5.61015
-5.61048
-5.61017
-5.60986
-5.6102
-5.6099
-5.60928
-5.60931
-5.60901
-5.60904
-5.60843
-5.60814
-5.60882
-5.60886
-5.60825
-5.60829
-5.60833
-5.60837
-5.60874
-5.60943
-5.60914
-5.60983
-5.61051
-5.61055
-5.61058
-5.61029
-5.61031
-5.60969
-5.61004
-5.61006
-5.61008
-5.60977
-5.60913
-5.60914
-5.60914
-5.60849
-5.60881
-5.60848
-5.6088
-5.60878
-5.60877
-5.60842
-5.60937
-5.60967
-5.60964
-5.61026
-5.61023
-5.61019
-5.61113
-5.61109
-5.61105
-5.61101
-5.61097
-5.61093
-5.61186
-5.6115
-5.61211
-5.61175
-5.61203
-5.61265
-5.61262
-5.61259
-5.61256
-5.61286
-5.61316
-5.61282
-5.61313
-5.61247
-5.6115
-5.61214
-5.61214
-5.61214
-5.61183
-5.61216
-5.61186
-5.61155
-5.6119
-5.61192
-5.61228
-5.61231
-5.61332
-5.61336
-5.61372
-5.61409
-5.61381
-5.61515
-5.6152
-5.61492
-5.6153
-5.61534
-5.61442
-5.61415
-5.61387
-5.61328
-5.61365
-5.61305
-5.61309
-5.61346
-5.6135
-5.61322
-5.61293
-5.61296
-5.61266
-5.61237
-5.61271
-5.61273
-5.61275
-5.61244
-5.61277
-5.61278
-5.61279
-5.61311
-5.61311
-5.61375
-5.61374
-5.61341
-5.61274
-5.61305
-5.61303
-5.61235
-5.61233
-5.6123
-5.61129
-5.61061
-5.6109
-5.61054
-5.61082
-5.61111
-5.61074
-5.61102
-5.61194
-5.61157
-5.61087
-5.61115
-5.61174
-5.61169
-5.61196
-5.61288
-5.61251
-5.61213
-5.61143
-5.61169
-5.61067
-5.60965
-5.60959
-5.60889
-5.60916
-5.60911
-5.60905
-5.60965
-5.60992
-5.6102
-5.61015
-5.6101
-5.61005
-5.61
-5.61028
-5.61056
-5.61084
-5.61113
-5.61109
-5.61105
-5.61069
-5.61098
-5.61063
-5.61125
-5.61123
-5.61218
-5.61216
-5.61214
-5.61181
-5.6118
-5.61276
-5.61243
-5.61211
-5.61179
-5.61115
-5.61116
-5.61052
-5.61086
-5.61121
-5.61124
-5.61126
-5.61065
-5.61133
-5.61137
-5.61109
-5.61114
-5.61152
-5.6106
-5.61098
-5.61071
-5.61078
-5.61116
-5.61091
-5.6113
-5.61202
-5.61242
-5.61185
-5.61225
-5.61233
-5.61273
-5.61281
-5.61224
-5.61232
-5.6124
-5.61248
-5.61255
-5.61263
-5.61109
-5.61149
-5.61221
-5.61228
-5.61203
-5.61209
-5.61248
-5.61254
-5.61228
-5.61234
-5.61239
-5.61179
-5.61184
-5.6122
-5.61224
-5.61228
-5.61199
-5.61104
-5.61139
-5.61142
-5.61176
-5.61145
-5.61113
-5.61179
-5.61147
-5.61115
-5.61018
-5.61017
-5.61049
-5.61081
-5.61112
-5.6111
-5.61141
-5.61171
-5.61234
-5.61167
-5.61132
-5.6113
-5.6116
-5.61189
-5.61186
-5.61119
-5.61116
-5.61048
-5.61077
-5.61074
-5.61071
-5.61068
-5.61064
-5.61029
-5.60961
-5.60894
-5.60923
-5.60888
-5.60821
-5.60883
-5.60881
-5.6091
-5.6094
-5.61003
-5.61066
-5.61096
-5.61159
-5.61125
-5.61188
-5.61187
-5.61153
-5.6112
-5.61151
-5.61085
-5.61085
-5.61052
-5.61116
-5.61115
-5.61115
-5.6118
-5.61148
-5.61116
-5.61084
-5.61116
-5.61117
-5.6115
-5.61248
-5.61152
-5.61186
-5.61285
-5.61222
-5.61256
-5.61226
-5.61228
-5.61165
-5.61168
-5.61202
-5.6127
-5.6124
-5.61276
-5.61311
-5.6125
-5.61254
-5.61225
-5.61229
-5.61233
-5.6127
-5.61274
-5.61408
-5.61413
-5.61386
-5.61391
-5.6146
-5.61498
-5.61439
-5.61477
-5.61515
-5.61552
-5.61558
-5.61531
-5.61537
-5.61511
-5.61549
-5.61587
-5.61593
-5.61663
-5.61734
-5.6174
-5.6181
-5.61848
-5.61789
-5.61826
-5.61832
-5.61837
-5.61874
-5.61879
-5.61916
-5.6192
-5.61892
-5.61895
-5.61866
-5.6187
-5.61872
-5.61907
-5.6191
-5.6188
-5.61914
-5.61915
-5.61916
-5.61981
-5.62014
-5.62046
-5.61981
-5.61947
-5.61946
-5.61944
-5.61877
-5.6181
-5.61839
-5.61804
-5.61735
-5.61763
-5.61791
-5.61786
-5.61748
-5.6171
-5.618
-5.61794
-5.61819
-5.61812
-5.61804
-5.61763
-5.61722
-5.61681
-5.61639
-5.6163
-5.61588
-5.61578
-5.61536
-5.61558
-5.61547
-5.61406
-5.61395
-5.61416
-5.61405
-5.61393
-5.61381
-5.61337
-5.61325
-5.61281
-5.61237
-5.61257
-5.6131
-5.61363
-5.61383
-5.61404
-5.6136
-5.61315
-5.61336
-5.61325
-5.61346
-5.61335
-5.61324
-5.61313
-5.61303
-5.61357
-5.61347
-5.6137
-5.61328
-5.61286
-5.61309
-5.61301
-5.6126
-5.6122
-5.61245
-5.61302
-5.61231
-5.61224
-5.61218
-5.61245
-5.61239
-5.61234
-5.61262
-5.61225
-5.61221
-5.61283
-5.61215
-5.61212
-5.6121
-5.61208
-5.61174
-5.61173
-5.61075
-5.6114
-5.61205
-5.61173
-5.61174
-5.61272
-5.61371
-5.61341
-5.61343
-5.61378
-5.61381
-5.61385
-5.61454
-5.61393
-5.61398
-5.61402
-5.6144
-5.61445
-5.61419
-5.61393
-5.61399
-5.61406
-5.61348
-5.61421
-5.61364
-5.61404
-5.61413
-5.61519
-5.61398
-5.61408
-5.61385
-5.61363
-5.6134
-5.61286
-5.61264
-5.61178
-5.61157
-5.61136
-5.6118
-5.61126
-5.61106
-5.61053
-5.61033
-5.61013
-5.61057
-5.61102
-5.61114
-5.61127
-5.61075
-5.61022
-5.61002
-5.6108
-5.61092
-5.61104
-5.61051
-5.60966
-5.60913
-5.60925
-5.60904
-5.60882
-5.60893
-5.60839
-5.60816
-5.60794
-5.609
-5.60909
-5.60918
-5.60991
-5.60934
-5.60941
-5.60948
-5.60954
-5.60927
-5.609
-5.60937
-5.60876
-5.60847
-5.60818
-5.6082
-5.60854
-5.60823
-5.60824
-5.60856
-5.60921
-5.6092
-5.6095
-5.61013
-5.61043
-5.61007
-5.61036
-5.61031
-5.61059
-5.61053
-5.6108
-5.61106
-5.61164
-5.61189
-5.61182
-5.61239
-5.61231
-5.61157
-5.61148
-5.61171
-5.61194
-5.61184
-5.61174
-5.61164
-5.61121
-5.6111
-5.61132
-5.61153
-5.61175
-5.61164
-5.61185
-5.61141
-5.61163
-5.61119
-5.61076
-5.61097
-5.61086
-5.61043
-5.61098
-5.61087
-5.61109
-5.61164
-5.61122
-5.61113
-5.61103
-5.61127
-5.61119
-5.61143
-5.61102
-5.61159
-5.61152
-5.61145
-5.61138
-5.611
-5.61061
-5.61088
-5.61083
-5.61111
-5.61041
-5.60973
-5.61001
-5.60998
-5.60995
-5.60992
-5.60925
-5.60923
-5.60921
-5.60984
-5.60983
-5.60982
-5.60949
-5.60949
-5.60981
-5.61046
-5.61078
-5.61014
-5.61047
-5.61112
-5.61049
-5.61017
-5.61018
-5.6102
-5.60989
-5.60925
-5.60959
-5.61058
-5.61027
-5.61061
-5.61031
-5.61064
-5.61001
-5.61036
-5.61134
-5.61136
-5.6117
-5.6114
-5.61141
-5.61143
-5.61112
-5.61113
-5.6105
-5.61052
-5.61053
-5.61087
-5.61089
-5.61155
-5.61189
-5.6119
-5.6116
-5.61129
-5.61098
-5.611
-5.61134
-5.61104
-5.6117
-5.6114
-5.61142
-5.61112
-5.61082
-5.61085
-5.61088
-5.61091
-5.61094
-5.61
-5.60971
-5.60975
-5.60914
-5.60886
-5.60858
-5.6096
-5.60997
-5.61035
-5.61008
-5.61046
-5.61052
-5.61058
-5.61065
-5.61039
-5.61144
-5.61086
-5.61094
-5.61101
-5.61012
-5.61052
-5.61061
-5.61134
-5.61142
-5.61151
-5.6116
-5.61266
-5.61339
-5.61348
-5.61357
-5.61366
-5.61407
-5.61416
-5.61457
-5.61465
-5.61506
-5.61482
-5.6149
-5.61498
-5.61505
-5.61512
-5.61487
-5.61494
-5.61435
-5.61376
-5.61382
-5.61387
-5.61294
-5.61363
-5.61367
-5.61338
-5.6147
-5.61473
-5.61475
-5.61443
-5.61477
-5.61477
-5.61412
-5.61346
-5.6141
-5.61376
-5.61406
-5.61404
-5.614
-5.61397
-5.61425
-5.61453
-5.61448
-5.61475
-5.61502
-5.61529
-5.61555
-5.61548
-5.61509
-5.61567
-5.61527
-5.61519
-5.61479
-5.61439
-5.61398
-5.6139
-5.61446
-5.61471
-5.61527
-5.61551
-5.61575
-5.61534
-5.61526
-5.6155
-5.61509
-5.61469
-5.61461
-5.61453
-5.61413
-5.61406
-5.61334
-5.61327
-5.61288
-5.61249
-5.61276
-5.6127
-5.6133
-5.61292
-5.61255
-5.61186
-5.6115
-5.61146
-5.61143
-5.61173
-5.6117
-5.61168
-5.61134
-5.61133
-5.61132
-5.61099
-5.61034
-5.61132
-5.61133
-5.61166
-5.61168
-5.61202
-5.61204
-5.61206
-5.61177
-5.6118
-5.61183
-5.61155
-5.61159
-5.61163
-5.61167
-5.61172
-5.61112
-5.61117
-5.6109
-5.61063
-5.61101
-5.61139
-5.61112
-5.61086
-5.61124
-5.61098
-5.61103
-5.61142
-5.61245
-5.61251
-5.61192
-5.61133
-5.61139
-5.61112
-5.61085
-5.61123
-5.61096
-5.61134
-5.61203
-5.61208
-5.61246
-5.6125
-5.61255
-5.61292
-5.61296
-5.61332
-5.61401
-5.61404
-5.6144
-5.61411
-5.61512
-5.6145
-5.6142
-5.61487
-5.61522
-5.61524
-5.61461
-5.61495
-5.61562
-5.61563
-5.61596
-5.61597
-5.61533
-5.61566
-5.61566
-5.61631
-5.61598
-5.61533
-5.61468
-5.61467
-5.61499
-5.61465
-5.61464
-5.61462
-5.6146
-5.61523
-5.61521
-5.61551
-5.61549
-5.61546
-5.61543
-5.61605
-5.61634
-5.6163
-5.61627
-5.61656
-5.61652
-5.6168
-5.61643
-5.61574
-5.6157
-5.61597
-5.6156
-5.61491
-5.61486
-5.61449
-5.61411
-5.61406
-5.61433
-5.61427
-5.61454
-5.61417
-5.61411
-5.61471
-5.61498
-5.61525
-5.61519
-5.61482
-5.61444
-5.61374
-5.61337
-5.61299
-5.61294
-5.6129
-5.61285
-5.6128
-5.61276
-5.61207
-5.613
-5.61296
-5.6126
-5.61289
-5.61253
-5.61185
-5.61182
-5.61212
-5.61177
-5.61142
-5.61141
-5.61139
-5.61105
-5.61103
-5.61134
-5.61133
-5.61132
-5.611
-5.61067
-5.61067
-5.61067
-5.611
-5.61068
-5.61037
-5.61102
-5.61039
-5.61138
-5.61107
-5.61109
-5.61143
-5.6121
-5.61277
-5.61215
-5.61218
-5.61285
-5.61353
-5.61292
-5.61327
-5.6133
-5.61334
-5.61337
-5.61405
-5.61409
-5.61348
-5.61319
-5.61291
-5.61262
-5.61266
-5.61237
-5.6124
-5.61179
-5.6115
-5.61121
-5.61027
-5.60966
-5.61066
-5.61069
-5.61039
-5.60977
-5.60979
-5.61014
-5.60951
-5.60953
-5.60987
-5.60988
-5.60957
-5.60958
-5.61023
-5.60992
-5.61057
-5.61024
-5.61024
-5.61056
-5.61088
-5.61055
-5.61054
-5.61052
-5.61083
-5.61017
-5.61048
-5.61046
-5.61076
-5.61106
-5.61039
-5.61004
-5.61002
-5.60935
-5.60932
-5.60865
-5.60862
-5.60827
-5.60857
-5.60725
-5.60658
-5.6059
-5.60588
-5.60618
-5.60584
-5.60581
-5.60515
-5.60481
-5.60382
-5.60348
-5.60314
-5.60281
-5.60247
-5.60246
-5.60246
-5.6031
-5.60278
-5.60375
-5.60473
-5.60538
-5.60603
-5.60572
-5.60573
-5.60575
-5.60576
-5.60578
-5.60613
-5.60615
-5.60618
-5.60653
-5.60623
-5.60724
-5.60695
-5.60731
-5.60735
-5.60707
-5.60841
-5.60878
-5.60914
-5.60951
-5.60956
-5.60993
-5.60998
-5.61003
-5.61009
-5.60981
-5.60986
-5.60959
-5.61029
-5.61066
-5.61039
-5.61076
-5.61146
-5.61118
-5.61123
-5.61095
-5.61132
-5.61168
-5.61172
-5.61144
-5.61115
-5.61151
-5.61154
-5.61189
-5.61127
-5.61195
-5.61165
-5.61167
-5.61136
-5.61105
-5.61139
-5.61172
-5.6114
-5.61109
-5.61076
-5.61044
-5.61011
-5.60978
-5.6101
-5.61041
-5.60976
-5.60974
-5.60941
-5.60939
-5.60969
-5.60935
-5.60997
-5.60963
-5.60831
-5.60828
-5.6089
-5.60855
-5.6082
-5.60817
-5.60878
-5.60907
-5.60969
-5.60933
-5.60962
-5.60926
-5.60955
-5.60952
-5.60981
-5.60977
-5.61007
-5.61003
-5.61
-5.60997
-5.61091
-5.6112
-5.61117
-5.61179
-5.61112
-5.61142
-5.61107
-5.61007
-5.61005
-5.61002
-5.61032
-5.61062
-5.6106
-5.61058
-5.60992
-5.61055
-5.6102
-5.60986
-5.60985
-5.60951
-5.60949
-5.60948
-5.60946
-5.60912
-5.60879
-5.60877
-5.60811
-5.60777
-5.60841
-5.60872
-5.60903
-5.60869
-5.60933
-5.60834
-5.608
-5.60831
-5.60862
-5.6086
-5.60826
-5.6089
-5.60855
-5.60886
-5.60884
-5.60915
-5.60913
-5.60878
-5.60876
-5.60906
-5.60937
-5.60934
-5.60932
-5.60897
-5.60895
-5.60925
-5.6089
-5.6092
-5.60885
-5.60882
-5.60815
-5.60813
-5.6081
-5.60807
-5.60805
-5.60835
-5.608
-5.60733
