-5.44229
-5.44223
-5.44249
-5.4421
-5.44204
-5.44166
-5.4416
-5.44155
-5.44149
-5.44079
-5.44074
-5.44068
-5.44063
-5.44058
-5.44086
-5.44081
-5.44077
-5.44105
-5.44101
-5.4413
-5.44061
-5.44025
-5.44022
-5.44019
-5.44081
-5.44046
-5.44011
-5.43945
-5.44073
-5.44071
-5.4407
-5.44037
-5.44069
-5.44068
-5.44036
-5.44102
-5.4407
-5.44072
-5.44106
-5.4414
-5.44078
-5.44016
-5.44052
-5.44023
-5.44027
-5.44032
-5.44069
-5.44074
-5.4408
-5.44086
-5.44157
-5.44131
-5.44171
-5.44178
-5.44218
-5.44194
-5.44202
-5.44243
-5.44252
-5.44261
-5.4427
-5.44279
-5.44289
-5.44234
-5.44243
-5.44253
-5.44263
-5.44209
-5.44219
-5.44197
-5.44207
-5.4412
-5.44163
-5.44141
-5.44119
-5.44162
-5.44172
-5.4415
-5.44225
-5.4417
-5.4418
-5.4419
-5.44167
-5.44177
-5.44186
-5.44131
-5.44173
-5.44214
-5.44191
-5.44232
-5.44306
-5.44314
-5.44355
-5.4446
-5.44435
-5.44443
-5.44418
-5.44425
-5.44399
-5.44373
-5.44347
-5.44385
-5.44423
-5.44428
-5.44498
-5.44503
-5.44475
-5.44414
-5.44385
-5.44485
-5.44488
-5.4449
-5.44589
-5.4459
-5.44559
-5.44624
-5.44689
-5.44689
-5.44753
-5.44751
-5.44814
-5.44748
-5.44745
-5.44677
-5.44674
-5.4467
-5.4473
-5.4466
-5.44655
-5.44649
-5.44676
-5.44669
-5.44663
-5.44656
-5.44649
-5.44576
-5.44568
-5.44528
-5.44519
-5.4451
-5.44469
-5.44427
-5.44418
-5.44376
-5.44334
-5.44357
-5.44314
-5.44272
-5.4423
-5.44252
-5.44209
-5.44199
-5.44253
-5.4421
-5.44232
-5.44254
-5.44244
-5.44298
-5.44288
-5.4431
-5.44267
-5.44321
-5.44343
-5.44365
-5.4429
-5.4428
-5.4427
-5.44227
-5.44217
-5.44239
-5.44294
-5.44251
-5.44241
-5.44199
-5.44189
-5.4418
-5.44235
-5.4429
-5.44313
-5.44304
-5.44295
-5.44384
-5.44343
-5.44335
-5.44197
-5.44157
-5.44053
-5.4411
-5.44071
-5.44032
-5.43929
-5.43923
-5.4395
-5.43848
-5.43811
-5.4384
-5.43901
-5.43833
-5.43798
-5.43795
-5.43761
-5.43792
-5.43791
-5.4379
-5.43854
-5.43887
-5.43856
-5.43824
-5.43923
-5.43893
-5.43798
-5.43834
-5.43805
-5.43809
-5.43845
-5.4385
-5.43822
-5.43828
-5.43801
-5.43775
-5.43716
-5.43788
-5.43794
-5.43769
-5.43874
-5.43817
-5.43824
-5.438
-5.43776
-5.43752
-5.43792
-5.43768
-5.43809
-5.4385
-5.43827
-5.43835
-5.43811
-5.43788
-5.43731
-5.4374
-5.43716
-5.43724
-5.437
-5.43707
-5.43747
-5.43755
-5.43794
-5.43834
-5.43873
-5.43912
-5.43918
-5.43891
-5.43897
-5.43999
-5.44005
-5.44009
-5.43981
-5.43985
-5.43924
-5.43863
-5.43866
-5.43804
-5.43807
-5.43809
-5.43746
-5.43812
-5.4378
-5.43846
-5.43749
-5.43749
-5.43749
-5.43845
-5.43812
-5.4381
-5.43744
-5.4371
-5.43675
-5.43673
-5.43638
-5.43765
-5.43827
-5.43889
-5.44015
-5.44012
-5.44041
-5.4407
-5.44099
-5.44095
-5.44091
-5.4412
-5.44084
-5.44081
-5.44077
-5.44074
-5.44135
-5.44197
-5.44226
-5.44256
-5.44285
-5.44347
-5.44345
-5.44278
-5.44243
-5.44209
-5.44272
-5.44368
-5.44366
-5.44365
-5.44332
-5.44364
-5.44396
-5.44331
-5.44331
-5.44331
-5.44332
-5.443
-5.44268
-5.44269
-5.44238
-5.44239
-5.44273
-5.4434
-5.44309
-5.4431
-5.44248
-5.44249
-5.44284
-5.44253
-5.44288
-5.44355
-5.44292
-5.44262
-5.44393
-5.44427
-5.44462
-5.44496
-5.44465
-5.44434
-5.44436
-5.4447
-5.44471
-5.44439
-5.4444
-5.44473
-5.44506
-5.44506
-5.44539
-5.44475
-5.44442
-5.4441
-5.44474
-5.44441
-5.44408
-5.44342
-5.44309
-5.44243
-5.44306
-5.44305
-5.44303
-5.44301
-5.44332
-5.44297
-5.44295
-5.4426
-5.44193
-5.44223
-5.44188
-5.44186
-5.44183
-5.4418
-5.44243
-5.44272
-5.44302
-5.44299
-5.44167
-5.44229
-5.44292
-5.44289
-5.44222
-5.4422
-5.44282
-5.4428
-5.44181
-5.44146
-5.44177
-5.44176
-5.44206
-5.44205
-5.44236
-5.44202
-5.44201
-5.442
-5.44232
-5.44199
-5.44231
-5.44231
-5.44231
-5.44199
-5.44199
-5.44199
-5.442
-5.44201
-5.44137
-5.44138
-5.4414
-5.44141
-5.44111
-5.44048
-5.44115
-5.44084
-5.44119
-5.43992
-5.43995
-5.43997
-5.44065
-5.44035
-5.44038
-5.44074
-5.44077
-5.44015
-5.44018
-5.44022
-5.44057
-5.44029
-5.44097
-5.44132
-5.44071
-5.44106
-5.44109
-5.44145
-5.44148
-5.44118
-5.44089
-5.44091
-5.44094
-5.44096
-5.44098
-5.44036
-5.44038
-5.4404
-5.44041
-5.44075
-5.44076
-5.44045
-5.44046
-5.44047
-5.43982
-5.44015
-5.4408
-5.44112
-5.44112
-5.44111
-5.44175
-5.44207
-5.44238
-5.4414
-5.44204
-5.44234
-5.44265
-5.44263
-5.44261
-5.44226
-5.44159
-5.44125
-5.44154
-5.44119
-5.44052
-5.44114
-5.44111
-5.44076
-5.44137
-5.44167
-5.44099
-5.44095
-5.44092
-5.44088
-5.4402
-5.43984
-5.44013
-5.44042
-5.44103
-5.44067
-5.44063
-5.44059
-5.44056
-5.43987
-5.44081
-5.44013
-5.44009
-5.43973
-5.43969
-5.43965
-5.43962
-5.43958
-5.43922
-5.43918
-5.43882
-5.43911
-5.4394
-5.43969
-5.43965
-5.43929
-5.43894
-5.43858
-5.43887
-5.43916
-5.43913
-5.43909
-5.43906
-5.43903
-5.43932
-5.43961
-5.43958
-5.43988
-5.43952
-5.43917
-5.43979
-5.44009
-5.43942
-5.43843
-5.43938
-5.43903
-5.43966
-5.44029
-5.43962
-5.43928
-5.43862
-5.43795
-5.43729
-5.43728
-5.43824
-5.43823
-5.43822
-5.43789
-5.43756
-5.43724
-5.43691
-5.43723
-5.43756
-5.43756
-5.43692
-5.43692
-5.43693
-5.43727
-5.43793
-5.43794
-5.43763
-5.43764
-5.43669
-5.43639
-5.43609
-5.43579
-5.43614
-5.43649
-5.43652
-5.43655
-5.43658
-5.43629
-5.436
-5.43668
-5.43705
-5.43741
-5.43746
-5.43718
-5.43755
-5.43792
-5.43797
-5.43802
-5.43807
-5.43877
-5.43818
-5.43888
-5.43894
-5.43835
-5.43841
-5.43847
-5.43885
-5.43827
-5.43833
-5.43872
-5.43879
-5.4382
-5.43827
-5.43866
-5.43937
-5.43944
-5.43853
-5.43827
-5.43834
-5.4384
-5.43847
-5.43789
-5.43762
-5.43736
-5.43775
-5.43749
-5.43658
-5.43728
-5.43669
-5.4374
-5.43713
-5.43685
-5.43658
-5.43695
-5.43765
-5.43802
-5.43806
-5.43811
-5.43814
-5.43883
-5.43919
-5.43987
-5.4399
-5.44025
-5.44027
-5.44126
-5.44129
-5.44163
-5.44164
-5.44133
-5.44166
-5.44135
-5.4407
-5.4407
-5.4407
-5.44038
-5.44069
-5.44036
-5.441
-5.44164
-5.44194
-5.4416
-5.44158
-5.44189
-5.44186
-5.44184
-5.44213
-5.44307
-5.44337
-5.44333
-5.4433
-5.44294
-5.44323
-5.44352
-5.44348
-5.44344
-5.4434
-5.444
-5.44461
-5.44457
-5.44388
-5.44352
-5.44445
-5.44441
-5.44404
-5.44368
-5.44267
-5.44296
-5.44325
-5.44256
-5.44253
-5.4425
-5.44279
-5.44309
-5.44306
-5.44271
-5.44204
-5.443
-5.44363
-5.44394
-5.44392
-5.44488
-5.44488
-5.44455
-5.44552
-5.4452
-5.44488
-5.44489
-5.44489
-5.44426
-5.44459
-5.44461
-5.44527
-5.44594
-5.44564
-5.44598
-5.44601
-5.44635
-5.44606
-5.44608
-5.44579
-5.44582
-5.44617
-5.4462
-5.44622
-5.44625
-5.44628
-5.44662
-5.44665
-5.44635
-5.44637
-5.44671
-5.44705
-5.44706
-5.44805
-5.44806
-5.44807
-5.44775
-5.44775
-5.4471
-5.44677
-5.44644
-5.44578
-5.44544
-5.44542
-5.44507
-5.44472
-5.44437
-5.44434
-5.44365
-5.44361
-5.44324
-5.4432
-5.44314
-5.44374
-5.44433
-5.44395
-5.44388
-5.44349
-5.44343
-5.44303
-5.44296
-5.44353
-5.44378
-5.44402
-5.44394
-5.44386
-5.44378
-5.44369
-5.4436
-5.44351
-5.4431
-5.44301
-5.44325
-5.44316
-5.4434
-5.44363
-5.44322
-5.44378
-5.44402
-5.44361
-5.44385
-5.44442
-5.44434
-5.44426
-5.44386
-5.44411
-5.44436
-5.44494
-5.4439
-5.44384
-5.44313
-5.44308
-5.44302
-5.44395
-5.44358
-5.44354
-5.44318
-5.44314
-5.44376
-5.44342
-5.44404
-5.44435
-5.44434
-5.44434
-5.44402
-5.4437
-5.44371
-5.4434
-5.44375
-5.4441
-5.44445
-5.44417
-5.44259
-5.44297
-5.44302
-5.44308
-5.44315
-5.44289
-5.44362
-5.44402
-5.4441
-5.44419
-5.44364
-5.44439
-5.44482
-5.44492
-5.44471
-5.44451
-5.44495
-5.44507
-5.44488
-5.44533
-5.44482
-5.44495
-5.44444
-5.44426
-5.44407
-5.44454
-5.44468
-5.44417
-5.44399
-5.44413
-5.44427
-5.44441
-5.44487
-5.445
-5.44481
-5.44494
-5.44442
-5.44487
-5.44499
-5.44542
-5.44586
-5.44629
-5.44606
-5.44616
-5.44625
-5.44568
-5.44479
-5.44551
-5.4459
-5.44596
-5.44634
-5.44638
-5.44642
-5.44516
-5.44486
-5.44423
-5.44424
-5.44425
-5.44425
-5.44424
-5.44423
-5.44357
-5.4429
-5.44255
-5.44251
-5.4428
-5.44275
-5.44271
-5.44265
-5.44292
-5.44286
-5.44248
-5.44209
-5.44234
-5.44195
-5.44187
-5.44244
-5.44333
-5.44325
-5.44284
-5.44276
-5.44267
-5.44226
-5.4425
-5.44241
-5.44232
-5.44256
-5.44247
-5.4427
-5.44261
-5.44285
-5.44276
-5.44203
-5.44227
-5.44251
-5.44243
-5.44235
-5.4413
-5.44025
-5.43985
-5.4401
-5.44035
-5.44061
-5.44087
-5.4408
-5.44106
-5.44068
-5.4416
-5.44154
-5.44181
-5.44241
-5.44301
-5.44297
-5.44261
-5.44192
-5.44285
-5.44314
-5.44311
-5.44341
-5.44306
-5.44368
-5.44431
-5.44429
-5.4446
-5.44426
-5.44425
-5.44423
-5.44455
-5.44552
-5.44584
-5.44551
-5.44583
-5.44583
-5.44616
-5.44713
-5.44746
-5.44746
-5.44747
-5.44683
-5.44651
-5.44652
-5.44685
-5.44686
-5.44687
-5.44785
-5.44689
-5.44722
-5.44723
-5.44692
-5.44725
-5.44726
-5.44759
-5.44793
-5.44762
-5.44795
-5.44796
-5.44765
-5.44765
-5.44734
-5.44703
-5.44736
-5.44705
-5.44706
-5.44707
-5.44643
-5.44644
-5.4471
-5.44711
-5.44582
-5.44519
-5.4452
-5.44586
-5.44522
-5.44555
-5.44524
-5.44525
-5.44526
-5.4443
-5.44431
-5.44464
-5.44465
-5.44433
-5.44467
-5.445
-5.44533
-5.44534
-5.44503
-5.44503
-5.44504
-5.4457
-5.44571
-5.44507
-5.4454
-5.44541
-5.44509
-5.44542
-5.44543
-5.44511
-5.44544
-5.4448
-5.4448
-5.44448
-5.44416
-5.44416
-5.44384
-5.44385
-5.44256
-5.44224
-5.44256
-5.44257
-5.44289
-5.4429
-5.4429
-5.44258
-5.44129
-5.44065
-5.4413
-5.44034
-5.44034
-5.44035
-5.44036
-5.44037
-5.44038
-5.44038
-5.44072
-5.4404
-5.44074
-5.44075
-5.44044
-5.44045
-5.44046
-5.44015
-5.43985
-5.43921
-5.43858
-5.4386
-5.43797
-5.43831
-5.43768
-5.43738
-5.4374
-5.43774
-5.43776
-5.4381
-5.43812
-5.43847
-5.43849
-5.43819
-5.43854
-5.43888
-5.43858
-5.43827
-5.43862
-5.43832
-5.43769
-5.43836
-5.4387
-5.43904
-5.43938
-5.43875
-5.43845
-5.43879
-5.43912
-5.43881
-5.4385
-5.43949
-5.43982
-5.43951
-5.44049
-5.44017
-5.44051
-5.44116
-5.44116
-5.44084
-5.44084
-5.44117
-5.44116
-5.44148
-5.44148
-5.44115
-5.44081
-5.44113
-5.44112
-5.44045
-5.44012
-5.44042
-5.44041
-5.44039
-5.44069
-5.44099
-5.44161
-5.44127
-5.44156
-5.44219
-5.44216
-5.44213
-5.44145
-5.44142
-5.44204
-5.44233
-5.44262
-5.44194
-5.44191
-5.44091
-5.44152
-5.44149
-5.44178
-5.44207
-5.44172
-5.44201
-5.44263
-5.44293
-5.4429
-5.4432
-5.4435
-5.44283
-5.44248
-5.44376
-5.44407
-5.44405
-5.44436
-5.44402
-5.44434
-5.44401
-5.444
-5.44335
-5.44335
-5.44368
-5.44368
-5.44369
-5.44338
-5.44339
-5.44373
-5.4431
-5.44248
-5.44186
-5.44253
-5.44224
-5.44163
-5.44134
-5.44106
-5.44078
-5.4405
-5.44087
-5.44124
-5.44129
-5.44134
-5.44204
-5.44242
-5.4428
-5.44254
-5.4426
-5.44331
-5.44273
-5.44311
-5.44253
-5.44227
-5.44233
-5.44143
-5.44117
-5.44091
-5.44194
-5.44265
-5.44239
-5.44245
-5.44283
-5.44289
-5.44326
-5.44332
-5.44337
-5.44309
-5.44281
-5.44318
-5.44321
-5.44292
-5.44263
-5.44202
-5.44172
-5.44206
-5.4424
-5.44307
-5.44308
-5.44276
-5.44276
-5.44309
-5.44276
-5.4421
-5.44241
-5.44272
-5.44237
-5.44267
-5.44297
-5.44326
-5.44386
-5.44382
-5.4441
-5.44373
-5.44336
-5.4433
-5.44324
-5.44415
-5.44441
-5.44467
-5.44492
-5.44485
-5.44509
-5.44437
-5.44429
-5.44453
-5.44412
-5.44403
-5.44394
-5.44418
-5.44311
-5.44432
-5.44391
-5.44446
-5.44437
-5.44428
-5.44451
-5.44442
-5.44433
-5.44456
-5.44447
-5.44405
-5.44397
-5.44356
-5.44283
-5.44178
-5.4417
-5.44162
-5.44154
-5.44115
-5.44108
-5.44101
-5.44095
-5.44024
-5.44018
-5.44077
-5.4404
-5.44035
-5.44064
-5.44092
-5.44154
-5.44118
-5.44083
-5.43984
-5.43885
-5.43852
-5.43883
-5.43883
-5.43883
-5.43851
-5.43852
-5.43853
-5.43887
-5.43921
-5.43924
-5.43959
-5.43961
-5.43997
-5.43936
-5.43972
-5.43879
-5.43883
-5.43887
-5.43924
-5.43993
-5.43998
-5.44003
-5.4404
-5.44109
-5.44114
-5.44087
-5.44091
-5.44096
-5.43971
-5.44008
-5.44045
-5.43984
-5.43988
-5.43992
-5.44029
-5.43968
-5.44003
-5.43974
-5.43977
-5.43915
-5.43821
-5.43759
-5.43761
-5.43763
-5.43765
-5.43766
-5.43865
-5.43931
-5.43965
-5.43966
-5.44
-5.44001
-5.43937
-5.43938
-5.43971
-5.43971
-5.43972
-5.43907
-5.4394
-5.43941
-5.43941
-5.43973
-5.44006
-5.44006
-5.44007
-5.44007
-5.43975
-5.43911
-5.43943
-5.44041
-5.44041
-5.44042
-5.44107
-5.44108
-5.44076
-5.44077
-5.43916
-5.43917
-5.4395
-5.43951
-5.43985
-5.44018
-5.43922
-5.43924
-5.43893
-5.43927
-5.43928
-5.43865
-5.43802
-5.43739
-5.43773
-5.43774
-5.43808
-5.4381
-5.43811
-5.43845
-5.43879
-5.43913
-5.43915
-5.43916
-5.4395
-5.44017
-5.44051
-5.43988
-5.44054
-5.44088
-5.44219
-5.4422
-5.44221
-5.44158
-5.44159
-5.44127
-5.44225
-5.44161
-5.44194
-5.4413
-5.44131
-5.44099
-5.44132
-5.44164
-5.441
-5.44133
-5.44165
-5.44165
-5.44165
-5.44165
-5.44165
-5.44165
-5.44197
-5.44164
-5.44099
-5.44099
-5.44099
-5.44098
-5.44163
-5.44195
-5.44227
-5.44129
-5.44162
-5.44259
-5.44259
-5.44291
-5.44291
-5.44227
-5.44227
-5.44195
-5.44195
-5.44163
-5.44196
-5.44132
-5.44133
-5.44134
-5.44168
-5.44169
-5.44105
-5.44139
-5.44173
-5.44142
-5.44144
-5.44243
-5.4431
-5.44312
-5.44379
-5.44381
-5.44383
-5.44354
-5.44324
-5.44326
-5.44329
-5.44331
-5.44334
-5.44337
-5.44307
-5.44309
-5.44215
-5.44282
-5.44317
-5.4432
-5.44322
-5.44324
-5.44262
-5.44232
-5.44234
-5.44203
-5.44238
-5.44239
-5.44241
-5.44275
-5.44276
-5.44245
-5.44279
-5.44248
-5.44281
-5.44282
-5.44347
-5.44347
-5.44348
-5.44315
-5.44283
-5.44283
-5.44379
-5.44379
-5.44378
-5.4441
-5.44408
-5.4431
-5.44309
-5.44275
-5.44273
-5.44271
-5.44269
-5.44267
-5.44362
-5.44327
-5.44324
-5.44321
-5.44318
-5.44283
-5.4415
-5.44212
-5.44176
-5.4427
-5.44201
-5.44262
-5.44356
-5.44384
-5.44445
-5.44408
-5.44436
-5.44464
-5.44395
-5.4439
-5.44256
-5.44251
-5.44311
-5.44306
-5.44269
-5.44264
-5.44194
-5.44189
-5.44087
-5.44082
-5.44077
-5.44072
-5.44099
-5.44094
-5.44025
-5.43988
-5.44015
-5.43978
-5.44006
-5.44002
-5.43997
-5.43993
-5.43924
-5.43888
-5.43852
-5.43848
-5.4378
-5.43777
-5.43774
-5.43771
-5.43834
-5.43799
-5.43797
-5.43828
-5.43859
-5.43857
-5.43695
-5.43662
-5.43597
-5.43662
-5.43662
-5.43727
-5.43696
-5.43729
-5.43698
-5.43732
-5.43766
-5.43736
-5.43835
-5.4387
-5.43873
-5.43877
-5.4388
-5.43916
-5.44016
-5.44085
-5.44154
-5.44191
-5.44195
-5.44135
-5.44139
-5.44176
-5.44181
-5.44251
-5.44288
-5.44293
-5.44265
-5.44303
-5.4434
-5.44377
-5.44317
-5.44354
-5.44262
-5.44266
-5.44303
-5.4434
-5.44409
-5.44445
-5.44416
-5.44387
-5.44391
-5.44361
-5.44267
-5.4427
-5.44273
-5.44307
-5.44245
-5.44279
-5.44249
-5.4425
-5.44283
-5.44252
-5.44253
-5.44221
-5.44253
-5.44253
-5.44253
-5.44252
-5.44187
-5.44153
-5.4412
-5.44151
-5.44117
-5.44018
-5.43952
-5.43917
-5.4398
-5.43977
-5.44007
-5.44037
-5.44001
-5.44031
-5.4406
-5.44089
-5.44054
-5.44051
-5.43983
-5.43979
-5.43976
-5.44005
-5.44002
-5.43902
-5.43931
-5.43992
-5.44054
-5.44084
-5.44048
-5.44046
-5.43978
-5.43879
-5.43876
-5.43907
-5.43937
-5.43903
-5.43933
-5.43932
-5.43963
-5.43994
-5.43993
-5.43992
-5.4396
-5.4396
-5.43927
-5.43863
-5.43928
-5.43897
-5.43995
-5.43996
-5.43966
-5.43968
-5.44002
-5.44037
-5.4404
-5.44042
-5.44045
-5.44081
-5.44084
-5.44023
-5.43995
-5.44063
-5.44003
-5.44072
-5.44109
-5.44178
-5.44086
-5.44091
-5.44063
-5.44036
-5.44041
-5.44079
-5.44117
-5.44057
-5.44127
-5.44133
-5.44106
-5.44111
-5.44181
-5.44154
-5.44192
-5.44197
-5.4417
-5.44175
-5.44147
-5.44152
-5.44157
-5.44097
-5.44069
-5.44106
-5.4411
-5.44147
-5.44215
-5.44251
-5.4432
-5.44356
-5.44391
-5.44459
-5.44429
-5.44432
-5.44402
-5.44372
-5.44374
-5.44343
-5.44345
-5.44411
-5.44477
-5.44446
-5.44447
-5.4448
-5.44448
-5.44448
-5.44351
-5.44319
-5.44319
-5.44351
-5.4435
-5.44382
-5.44381
-5.44316
-5.44282
-5.44281
-5.44248
-5.44246
-5.44245
-5.44276
-5.44339
-5.44338
-5.44336
-5.44367
-5.4443
-5.44428
-5.44426
-5.44392
-5.44422
-5.4442
-5.44289
-5.4432
-5.4435
-5.44348
-5.44346
-5.44377
-5.44407
-5.4434
-5.44306
-5.44369
-5.44335
-5.44333
-5.44331
-5.44329
-5.44327
-5.44293
-5.44291
-5.44289
-5.44287
-5.44318
-5.44316
-5.44282
-5.44312
-5.4431
-5.44211
-5.44209
-5.44207
-5.44141
-5.44139
-5.44201
-5.44167
-5.44197
-5.44195
-5.4416
-5.44158
-5.44188
-5.44186
-5.44151
-5.44117
-5.44147
-5.44177
-5.4411
-5.44076
-5.44073
-5.44006
-5.44101
-5.44131
-5.44129
-5.44094
-5.4406
-5.44026
-5.44056
-5.44152
-5.44214
-5.44277
-5.44276
-5.44306
-5.44337
-5.44271
-5.44237
-5.44236
-5.44267
-5.44265
-5.44232
-5.44231
-5.44198
-5.44197
-5.44196
-5.44228
-5.44227
-5.44194
-5.44259
-5.44291
-5.44258
-5.44258
-5.44226
-5.44226
-5.44226
-5.44226
-5.44226
-5.44194
-5.44226
-5.44194
-5.44194
-5.44227
-5.44227
-5.44227
-5.4426
-5.44292
-5.4426
-5.4426
-5.44195
-5.44228
-5.4426
-5.44195
-5.44227
-5.44227
-5.44226
-5.44161
-5.4416
-5.44192
-5.44256
-5.44223
-5.44222
-5.44221
-5.4422
-5.44219
-5.44186
-5.44217
-5.44183
-5.44117
-5.44148
-5.44114
-5.44144
-5.44175
-5.44173
-5.44204
-5.44267
-5.44297
-5.4436
-5.44358
-5.44421
-5.44386
-5.44449
-5.44447
-5.44478
-5.44476
-5.44474
-5.44505
-5.44471
-5.44469
-5.44532
-5.44465
-5.44464
-5.44462
-5.44493
-5.44525
-5.44491
-5.44458
-5.44425
-5.4436
-5.44295
-5.44229
-5.44294
-5.44326
-5.44391
-5.44359
-5.44359
-5.44359
-5.44327
-5.44327
-5.4436
-5.44458
-5.44427
-5.44396
-5.44397
-5.44333
-5.44302
-5.44238
-5.44207
-5.44273
-5.44275
-5.44276
-5.44246
-5.4428
-5.44282
-5.44283
-5.44221
-5.44255
-5.4429
-5.44292
-5.44197
-5.44264
-5.44266
-5.44301
-5.44271
-5.44273
-5.44243
-5.44245
-5.4428
-5.44283
-5.44383
-5.44418
-5.4442
-5.44358
-5.44393
-5.44267
-5.44269
-5.44207
-5.4421
-5.4418
-5.44183
-5.44185
-5.44123
-5.4406
-5.44095
-5.44097
-5.44131
-5.44068
-5.44167
-5.442
-5.44136
-5.44072
-5.44105
-5.44073
-5.4404
-5.44072
-5.44136
-5.44167
-5.44132
-5.44162
-5.44095
-5.44189
-5.44186
-5.44181
-5.44177
-5.44172
-5.44167
-5.44161
-5.44123
-5.44051
-5.44045
-5.44037
-5.44062
-5.44054
-5.44013
-5.44005
-5.44028
-5.43987
-5.43978
-5.43872
-5.43765
-5.43788
-5.43843
-5.43834
-5.43759
-5.43782
-5.4374
-5.43763
-5.43754
-5.43777
-5.43768
-5.43727
-5.43654
-5.43678
-5.43671
-5.43663
-5.43721
-5.43746
-5.4374
-5.43799
-5.43729
-5.43789
-5.43817
-5.43814
-5.43778
-5.43808
-5.43806
-5.43804
-5.43739
-5.43739
-5.43804
-5.43806
-5.43905
-5.43908
-5.43943
-5.43947
-5.4392
-5.43957
-5.43963
-5.4397
-5.43945
-5.43888
-5.43929
-5.43938
-5.43979
-5.4399
-5.44033
-5.44044
-5.44023
-5.44002
-5.44015
-5.44027
-5.44072
-5.44085
-5.44066
-5.44047
-5.44092
-5.44138
-5.44151
-5.44132
-5.44081
-5.44094
-5.44107
-5.44087
-5.44099
-5.44111
-5.44154
-5.44165
-5.44208
-5.44185
-5.44227
-5.44204
-5.4418
-5.44155
-5.44227
-5.44298
-5.44239
-5.44277
-5.44314
-5.4435
-5.4432
-5.44323
-5.44357
-5.44358
-5.44262
-5.4423
-5.44197
-5.44196
-5.44162
-5.44193
-5.44158
-5.44155
-5.44119
-5.44181
-5.44145
-5.44173
-5.44201
-5.44165
-5.44128
-5.44091
-5.44086
-5.44081
-5.44043
-5.44103
-5.44098
-5.44125
-5.44088
-5.44083
-5.43981
-5.44009
-5.43971
-5.43935
-5.44027
-5.44055
-5.44019
-5.44015
-5.44011
-5.44007
-5.43939
-5.43935
-5.43997
-5.43832
-5.43829
-5.43859
-5.43857
-5.43886
-5.43884
-5.43882
-5.43913
-5.43943
-5.43974
-5.44102
-5.44133
-5.44132
-5.44098
-5.44
-5.44032
-5.44063
-5.4403
-5.4403
-5.44094
-5.44126
-5.44126
-5.44061
-5.44061
-5.44126
-5.44158
-5.44158
-5.44159
-5.44127
-5.44127
-5.44095
-5.44096
-5.44097
-5.44065
-5.44066
-5.44035
-5.43939
-5.43908
-5.43909
-5.4391
-5.43977
-5.43978
-5.44045
-5.43982
-5.43984
-5.44019
-5.43988
-5.44088
-5.4409
-5.44027
-5.44062
-5.44065
-5.44067
-5.44005
-5.44007
-5.43977
-5.44012
-5.44047
-5.43985
-5.43988
-5.4399
-5.44025
-5.44028
-5.4403
-5.44
-5.44067
-5.4407
-5.44072
-5.43977
-5.43979
-5.44014
-5.44016
-5.44017
-5.44051
-5.44053
-5.44054
-5.44023
-5.43992
-5.43961
-5.44027
-5.4406
-5.44158
-5.44192
-5.44192
-5.44289
-5.44289
-5.44322
-5.44322
-5.44321
-5.44353
-5.44255
-5.44319
-5.4435
-5.44317
-5.4438
-5.44508
-5.44474
-5.4444
-5.44502
-5.44435
-5.44433
-5.44495
-5.4446
-5.44489
-5.44486
-5.44483
-5.44512
-5.44508
-5.44408
-5.44339
-5.44401
-5.443
-5.44361
-5.44357
-5.44385
-5.44381
-5.44344
-5.44275
-5.44239
-5.44202
-5.4423
-5.44194
-5.44157
-5.44185
-5.44214
-5.44242
-5.44238
-5.44234
-5.44231
-5.44259
-5.44191
-5.44091
-5.44087
-5.44052
-5.44081
-5.44078
-5.44075
-5.44105
-5.4407
-5.44133
-5.44131
-5.44064
-5.44094
-5.44092
-5.44123
-5.44122
-5.44153
-5.44216
-5.4428
-5.44311
-5.4431
-5.44374
-5.44374
-5.44373
-5.44405
-5.4447
-5.44502
-5.44469
-5.44436
-5.44339
-5.44307
-5.44274
-5.44209
-5.44177
-5.44177
-5.44177
-5.44242
-5.44242
-5.44177
-5.44177
-5.44144
-5.44112
-5.44047
-5.44079
-5.44143
-5.44143
-5.44142
-5.44109
-5.44076
-5.44043
-5.4401
-5.4401
-5.44009
-5.44041
-5.4404
-5.44039
-5.4407
-5.4407
-5.44036
-5.44068
-5.44067
-5.44066
-5.44065
-5.44096
-5.44127
-5.44094
-5.44093
-5.44059
-5.44058
-5.44025
-5.44024
-5.44023
-5.44054
-5.44053
-5.44052
-5.44019
-5.44083
-5.44082
-5.44147
-5.44114
-5.44081
-5.44112
-5.4408
-5.44047
-5.44014
-5.43949
-5.43981
-5.43917
-5.43917
-5.43884
-5.43949
-5.43982
-5.43982
-5.4395
-5.4395
-5.4395
-5.43918
-5.43919
-5.4392
-5.44017
-5.43954
-5.43987
-5.43923
-5.43924
-5.43957
-5.43958
-5.44024
-5.43993
-5.44059
-5.4406
-5.44094
-5.44095
-5.44064
-5.44065
-5.44164
-5.44133
-5.44102
-5.44038
-5.4404
-5.44041
-5.44043
-5.44044
-5.44046
-5.43983
-5.43952
-5.43954
-5.43988
-5.44055
-5.4396
-5.43929
-5.43996
-5.43965
-5.4387
-5.43872
-5.43906
-5.43973
-5.43975
-5.43977
-5.43947
-5.43917
-5.43951
-5.43954
-5.43988
-5.44023
-5.44057
-5.44125
-5.44127
-5.44097
-5.44099
-5.44198
-5.44201
-5.44203
-5.44205
-5.44175
-5.44178
-5.44148
-5.44183
-5.44185
-5.4422
-5.44222
-5.44257
-5.44195
-5.44262
-5.44298
-5.443
-5.44368
-5.4437
-5.44405
-5.44311
-5.44281
-5.44413
-5.44448
-5.44451
-5.44453
-5.44521
-5.44555
-5.4459
-5.44528
-5.44499
-5.44436
-5.44439
-5.44442
-5.44444
-5.44414
-5.44417
-5.44419
-5.44422
-5.44424
-5.44362
-5.443
-5.44334
-5.44369
-5.44371
-5.44373
-5.44375
-5.44378
-5.44347
-5.44381
-5.44383
-5.4432
-5.44419
-5.44421
-5.44422
-5.44359
-5.44328
-5.44361
-5.44427
-5.44363
-5.44396
-5.44396
-5.44429
-5.44429
-5.44429
-5.44429
-5.44461
-5.4446
-5.44394
-5.44458
-5.44424
-5.44487
-5.4455
-5.4458
-5.44675
-5.4464
-5.44573
-5.44505
-5.44599
-5.4466
-5.44689
-5.44685
-5.44713
-5.44773
-5.44736
-5.44796
-5.44759
-5.44818
-5.4491
-5.44905
-5.44932
-5.44926
-5.44952
-5.44946
-5.44876
-5.44869
-5.44799
-5.44792
-5.44754
-5.4478
-5.44839
-5.44833
-5.44826
-5.44691
-5.44717
-5.44712
-5.44706
-5.447
-5.44695
-5.44689
-5.44652
-5.4455
-5.44545
-5.44475
-5.44406
-5.4437
-5.44268
-5.44265
-5.44229
-5.44258
-5.44222
-5.44252
-5.44249
-5.44247
-5.44277
-5.44242
-5.4424
-5.44304
-5.44302
-5.44301
-5.44333
-5.44332
-5.44267
-5.44267
-5.44331
-5.44331
-5.44332
-5.443
-5.44204
-5.44205
-5.44206
-5.44207
-5.44176
-5.44145
-5.44147
-5.44084
-5.44151
-5.44088
-5.43961
-5.44029
-5.44032
-5.44002
-5.44038
-5.44074
-5.44012
-5.43984
-5.4402
-5.43991
-5.43995
-5.43935
-5.43874
-5.43879
-5.43852
-5.43792
-5.43765
-5.43802
-5.4384
-5.43781
-5.43787
-5.43825
-5.43929
-5.43935
-5.43877
-5.43883
-5.4389
-5.43929
-5.43872
-5.43782
-5.43757
-5.43764
-5.43804
-5.4378
-5.43755
-5.43763
-5.43835
-5.43843
-5.43851
-5.43827
-5.43802
-5.43746
-5.43786
-5.43826
-5.43834
-5.43809
-5.4385
-5.43857
-5.43832
-5.4384
-5.43815
-5.4379
-5.43861
-5.43836
-5.43843
-5.43817
-5.43823
-5.43764
-5.43802
-5.43776
-5.43749
-5.43786
-5.43823
-5.43796
-5.438
-5.43868
-5.43872
-5.43843
-5.43878
-5.43849
-5.43948
-5.4395
-5.43985
-5.44018
-5.44117
-5.4415
-5.4415
-5.4415
-5.44182
-5.44181
-5.44213
-5.44211
-5.44242
-5.44273
-5.44303
-5.44301
-5.44363
-5.4436
-5.44325
-5.44386
-5.44382
-5.44379
-5.44407
-5.44403
-5.4443
-5.44361
-5.44356
-5.44351
-5.44379
-5.44341
-5.44335
-5.44394
-5.44291
-5.44286
-5.4428
-5.44306
-5.44299
-5.4426
-5.44221
-5.44215
-5.44272
-5.44298
-5.4429
-5.44283
-5.44276
-5.443
-5.44325
-5.44382
-5.44342
-5.44334
-5.44326
-5.44317
-5.44277
-5.44301
-5.44325
-5.44252
-5.44243
-5.44202
-5.44258
-5.44249
-5.44272
-5.44263
-5.44222
-5.44245
-5.44301
-5.4426
-5.44283
-5.44274
-5.44297
-5.44256
-5.44215
-5.44174
-5.44197
-5.44254
-5.44278
-5.4427
-5.4423
-5.44255
-5.4428
-5.44273
-5.44298
-5.44292
-5.44286
-5.44312
-5.44307
-5.4427
-5.4433
-5.44294
-5.44193
-5.44157
-5.4409
-5.44153
-5.44216
-5.44183
-5.44215
-5.44118
-5.44118
-5.44055
-5.44089
-5.44091
-5.44062
-5.44065
-5.44037
-5.44009
-5.44015
-5.44085
-5.44059
-5.44033
-5.4404
-5.43983
-5.43991
-5.43999
-5.44008
-5.44017
-5.44026
-5.44036
-5.44013
-5.43958
-5.43969
-5.43979
-5.43989
-5.44065
-5.4414
-5.44151
-5.44161
-5.4414
-5.4415
-5.4416
-5.44203
-5.44277
-5.44319
-5.44329
-5.44273
-5.44282
-5.44258
-5.44266
-5.44274
-5.44347
-5.44419
-5.4449
-5.44529
-5.44535
-5.44541
-5.44481
-5.44453
-5.44458
-5.44396
-5.44464
-5.44532
-5.44599
-5.44569
-5.44538
-5.44539
-5.4454
-5.44572
-5.4454
-5.44474
-5.44538
-5.44536
-5.44535
-5.44468
-5.4453
-5.4456
-5.44556
-5.44521
-5.44549
-5.44513
-5.44541
-5.44537
-5.44499
-5.44462
-5.44521
-5.44678
-5.4464
-5.44699
-5.44693
-5.44687
-5.44681
-5.44707
-5.44733
-5.44759
-5.44721
-5.44747
-5.44708
-5.44734
-5.44727
-5.44721
-5.44714
-5.44805
-5.44734
-5.44728
-5.4469
-5.44684
-5.44646
-5.44543
-5.44602
-5.44597
-5.44559
-5.44554
-5.44516
-5.44512
-5.44475
-5.44502
-5.44466
-5.44462
-5.44523
-5.44487
-5.44515
-5.44447
-5.44412
-5.44441
-5.44438
-5.44371
-5.44336
-5.44269
-5.44234
-5.44329
-5.44295
-5.44293
-5.44259
-5.44225
-5.44288
-5.44319
-5.4435
-5.44381
-5.4438
-5.44282
-5.44281
-5.4428
-5.44215
-5.44311
-5.4431
-5.44244
-5.44179
-5.44145
-5.44177
-5.44176
-5.44142
-5.44109
-5.44108
-5.44075
-5.44074
-5.44105
-5.44072
-5.43973
-5.44005
-5.43971
-5.43905
-5.43871
-5.4387
-5.43869
-5.43835
-5.43768
-5.4367
-5.43701
-5.43699
-5.43601
-5.43632
-5.4363
-5.43596
-5.43562
-5.43561
-5.43592
-5.43623
-5.43589
-5.43588
-5.4349
-5.4349
-5.43521
-5.43553
-5.43552
-5.43552
-5.43552
-5.43552
-5.4352
-5.43553
-5.43586
-5.43619
-5.43685
-5.43687
-5.43688
-5.43723
-5.43725
-5.43761
-5.43764
-5.43832
-5.43804
-5.43808
-5.43812
-5.43785
-5.43725
-5.43763
-5.43769
-5.43808
-5.43815
-5.43757
-5.43765
-5.43805
-5.43878
-5.43854
-5.43862
-5.43903
-5.43913
-5.43922
-5.43964
-5.44039
-5.44016
-5.43994
-5.44037
-5.44047
-5.43992
-5.4397
-5.4398
-5.4399
-5.44033
-5.4401
-5.44052
-5.44062
-5.44071
-5.4408
-5.44121
-5.44162
-5.44138
-5.44146
-5.44185
-5.44128
-5.44134
-5.44173
-5.44146
-5.44087
-5.44059
-5.43999
-5.44132
-5.44168
-5.44171
-5.44173
-5.44142
-5.44176
-5.44177
-5.44145
-5.44113
-5.44145
-5.44176
-5.4424
-5.44238
-5.44269
-5.44266
-5.44264
-5.44228
-5.44257
-5.44286
-5.44283
-5.44246
-5.4421
-5.44205
-5.44201
-5.44261
-5.44256
-5.44251
-5.44181
-5.44176
-5.44138
-5.44165
-5.44192
-5.44218
-5.4418
-5.4411
-5.44072
-5.44099
-5.44061
-5.44087
-5.44082
-5.44109
-5.44103
-5.44098
-5.4406
-5.44022
-5.4405
-5.44077
-5.44039
-5.43937
-5.439
-5.43896
-5.43923
-5.43887
-5.43915
-5.43846
-5.43874
-5.4387
-5.43866
-5.43895
-5.43794
-5.43758
-5.4382
-5.43881
-5.43911
-5.43908
-5.43937
-5.43902
-5.43932
-5.43898
-5.4396
-5.43958
-5.43956
-5.43955
-5.43953
-5.43984
-5.43917
-5.43916
-5.43948
-5.43914
-5.43881
-5.43913
-5.43848
-5.4388
-5.43912
-5.43912
-5.43879
-5.43879
-5.43879
-5.43912
-5.43945
-5.43945
-5.43978
-5.43979
-5.43947
-5.43915
-5.43949
-5.44014
-5.4395
-5.43951
-5.4392
-5.43921
-5.43987
-5.43988
-5.43957
-5.43958
-5.43959
-5.4396
-5.43994
-5.43995
-5.43932
-5.43933
-5.43999
-5.44032
-5.44034
-5.44035
-5.43971
-5.43972
-5.44006
-5.43942
-5.43911
-5.43912
-5.43913
-5.43882
-5.43883
-5.43851
-5.43787
-5.43821
-5.43789
-5.4379
-5.4379
-5.43758
-5.43726
-5.43759
-5.43825
-5.43857
-5.43793
-5.43826
-5.43826
-5.43858
-5.43891
-5.43858
-5.43858
-5.43858
-5.4389
-5.43858
-5.4389
-5.43987
-5.44051
-5.43986
-5.43953
-5.43953
-5.43952
-5.43984
-5.43951
-5.43982
-5.43981
-5.44077
-5.44109
-5.44108
-5.44074
-5.44073
-5.43975
-5.43909
-5.43908
-5.43875
-5.43971
-5.44002
-5.44065
-5.44064
-5.44063
-5.44159
-5.44061
-5.44059
-5.44058
-5.44024
-5.44023
-5.44054
-5.44085
-5.44149
-5.44115
-5.44114
-5.44146
-5.44209
-5.44241
-5.44175
-5.44174
-5.44141
-5.44173
-5.44107
-5.44107
-5.44106
-5.44106
-5.44106
-5.44105
-5.44073
-5.44073
-5.44073
-5.44073
-5.44074
-5.44074
-5.44107
-5.44107
-5.44141
-5.44109
-5.44045
-5.43981
-5.44015
-5.44081
-5.44082
-5.44019
-5.44021
-5.44055
-5.44024
-5.44155
-5.44157
-5.44159
-5.44226
-5.44227
-5.44262
-5.44264
-5.44233
-5.44236
-5.44173
-5.4424
-5.44307
-5.44245
-5.44312
-5.44281
-5.44251
-5.44318
-5.4432
-5.4429
-5.44325
-5.44327
-5.44296
-5.44266
-5.44268
-5.44269
-5.44271
-5.44208
-5.44145
-5.44179
-5.4418
-5.44181
-5.4415
-5.44119
-5.44055
-5.44056
-5.44025
-5.44058
-5.44026
-5.44059
-5.43962
-5.43963
-5.43963
-5.43931
-5.43963
-5.43931
-5.43931
-5.43866
-5.43865
-5.43897
-5.43864
-5.43831
-5.43895
-5.43959
-5.43991
-5.4399
-5.43956
-5.43955
-5.44052
-5.4405
-5.44114
-5.44048
-5.44014
-5.43981
-5.43947
-5.43914
-5.43912
-5.43943
-5.43942
-5.44006
-5.43972
-5.43971
-5.43971
-5.4397
-5.43936
-5.43903
-5.4387
-5.43902
-5.43902
-5.43901
-5.43869
-5.43772
-5.43707
-5.43708
-5.43676
-5.43708
-5.43774
-5.43839
-5.4384
-5.43777
-5.4381
-5.43811
-5.43813
-5.43814
-5.43881
-5.43915
-5.43852
-5.43854
-5.43921
-5.43956
-5.44055
-5.44058
-5.43996
-5.4403
-5.44001
-5.43971
-5.44006
-5.43976
-5.43978
-5.4398
-5.44015
-5.4405
-5.44084
-5.44054
-5.44056
-5.44058
-5.4406
-5.44126
-5.44193
-5.44227
-5.4426
-5.44294
-5.44262
-5.4423
-5.44231
-5.44166
-5.44101
-5.44101
-5.44133
-5.44197
-5.44164
-5.44131
-5.44129
-5.44128
-5.44159
-5.4406
-5.4409
-5.44121
-5.44151
-5.44148
-5.44178
-5.44207
-5.44204
-5.44234
-5.44263
-5.44292
-5.4432
-5.44414
-5.44443
-5.44439
-5.44435
-5.44431
-5.44298
-5.44229
-5.44225
-5.44156
-5.44217
-5.4418
-5.44143
-5.44106
-5.44102
-5.4413
-5.44126
-5.44121
-5.44149
-5.44177
-5.44141
-5.44202
-5.44133
-5.44097
-5.44125
-5.44089
-5.44085
-5.44049
-5.44045
-5.44042
-5.44006
-5.44035
-5.43967
-5.43963
-5.4396
-5.43957
-5.43987
-5.43984
-5.43982
-5.44012
-5.44107
-5.4404
-5.44038
-5.44037
-5.44035
-5.44034
-5.43968
-5.43935
-5.43966
-5.43998
-5.43998
-5.4403
-5.44095
-5.44096
-5.44096
-5.44097
-5.44065
-5.44066
-5.44003
-5.44069
-5.44071
-5.44008
-5.44011
-5.44078
-5.44113
-5.44051
-5.44053
-5.44056
-5.44027
-5.4403
-5.44002
-5.44038
-5.44106
-5.4411
-5.44179
-5.44118
-5.44155
-5.44159
-5.44067
-5.44071
-5.44044
-5.44016
-5.44118
-5.44187
-5.44225
-5.44197
-5.44266
-5.44239
-5.44211
-5.44216
-5.44188
-5.44193
-5.4423
-5.44332
-5.44336
-5.44308
-5.44312
-5.44283
-5.44255
-5.44226
-5.44295
-5.44298
-5.44269
-5.44272
-5.44243
-5.44246
-5.44249
-5.44316
-5.44287
-5.44224
-5.44227
-5.44196
-5.44199
-5.44265
-5.44267
-5.44204
-5.44238
-5.44304
-5.44306
-5.44307
-5.44341
-5.44342
-5.44278
-5.44247
-5.44248
-5.44248
-5.44249
-5.44315
-5.44348
-5.44284
-5.44381
-5.4435
-5.44318
-5.44318
-5.44319
-5.44287
-5.44287
-5.44288
-5.4432
-5.44256
-5.44289
-5.44257
-5.44322
-5.44355
-5.44355
-5.44355
-5.44323
-5.44291
-5.44291
-5.44291
-5.44259
-5.44129
-5.44162
-5.44194
-5.44162
-5.44194
-5.44226
-5.44323
-5.44355
-5.44322
-5.44419
-5.44418
-5.44385
-5.44416
-5.4448
-5.44447
-5.44413
-5.44444
-5.44475
-5.44473
-5.44472
-5.44437
-5.44403
-5.44368
-5.44334
-5.44363
-5.44393
-5.44423
-5.4442
-5.44384
-5.44446
-5.4441
-5.44471
-5.445
-5.44464
-5.4446
-5.44489
-5.4442
-5.44416
-5.44411
-5.44472
-5.44532
-5.4456
-5.44523
-5.44518
-5.44449
-5.44444
-5.44407
-5.44435
-5.4443
-5.4449
-5.44388
-5.44384
-5.44379
-5.44245
-5.44305
-5.44268
-5.44296
-5.4426
-5.4432
-5.44316
-5.44376
-5.44372
-5.44433
-5.44462
-5.44426
-5.44423
-5.44452
-5.44513
-5.44478
-5.44475
-5.44504
-5.44534
-5.44467
-5.44464
-5.44462
-5.44492
-5.44523
-5.44489
-5.44552
-5.44518
-5.44549
-5.44516
-5.44579
-5.44481
-5.44448
-5.44383
-5.44383
-5.4435
-5.4435
-5.44318
-5.44286
-5.44255
-5.44223
-5.44127
-5.44129
-5.44098
-5.44068
-5.44102
-5.44073
-5.44043
-5.44014
-5.43953
-5.43957
-5.44026
-5.44031
-5.44003
-5.44008
-5.44014
-5.44085
-5.44091
-5.4413
-5.44073
-5.44112
-5.44088
-5.44161
-5.44169
-5.4421
-5.44283
-5.44325
-5.44367
-5.44311
-5.44353
-5.44363
-5.44372
-5.44349
-5.44327
-5.44369
-5.44378
-5.44452
-5.44462
-5.44471
-5.44479
-5.4452
-5.44529
-5.44634
-5.44642
-5.44616
-5.44656
-5.44695
-5.44636
-5.4461
-5.44583
-5.44523
-5.44463
-5.44402
-5.44374
-5.4441
-5.44509
-5.44415
-5.44417
-5.44451
-5.44387
-5.44421
-5.44389
-5.44389
-5.44389
-5.44324
-5.44324
-5.44355
-5.4429
-5.44256
-5.44287
-5.44253
-5.44316
-5.44314
-5.44377
-5.4444
-5.4447
-5.445
-5.44498
-5.44463
-5.44461
-5.44523
-5.44455
-5.4442
-5.44385
-5.44415
-5.44412
-5.4441
-5.44439
-5.44404
-5.44466
-5.44495
-5.44525
-5.44522
-5.44486
-5.44548
-5.44577
-5.44542
-5.44538
-5.44502
-5.44499
-5.44431
-5.44459
-5.4452
-5.44484
-5.44415
-5.44378
-5.44341
-5.44337
-5.44299
-5.44295
-5.44289
-5.44251
-5.44213
-5.44207
-5.44233
-5.44194
-5.44156
-5.44181
-5.44206
-5.44199
-5.44127
-5.44281
-5.44273
-5.44264
-5.44191
-5.44117
-5.44076
-5.44099
-5.44089
-5.44111
-5.44101
-5.44091
-5.44048
-5.4407
-5.44059
-5.44048
-5.44037
-5.43961
-5.43918
-5.43874
-5.43734
-5.43755
-5.43711
-5.43764
-5.43753
-5.43741
-5.43827
-5.43881
-5.43838
-5.43795
-5.43784
-5.43806
-5.43829
-5.43883
-5.43874
-5.43897
-5.4392
-5.43944
-5.43839
-5.43766
-5.43759
-5.43784
-5.43778
-5.43739
-5.43766
-5.43793
-5.43789
-5.4385
-5.43847
-5.43877
-5.43907
-5.43841
-5.43776
-5.43743
-5.43776
-5.4381
-5.43812
-5.43782
-5.43753
-5.4366
-5.43665
-5.43671
-5.43677
-5.43716
-5.43756
-5.43731
-5.43707
-5.43717
-5.43727
-5.43737
-5.43716
-5.43662
-5.43642
-5.43687
-5.43732
-5.43875
-5.43824
-5.4387
-5.43917
-5.43964
-5.43979
-5.43994
-5.44009
-5.43993
-5.44073
-5.44121
-5.44169
-5.44184
-5.442
-5.44215
-5.44263
-5.44213
-5.44261
-5.44275
-5.44354
-5.44368
-5.44414
-5.4446
-5.44473
-5.44453
-5.4453
-5.4451
-5.44521
-5.44564
-5.44606
-5.44583
-5.4456
-5.44536
-5.44576
-5.44551
-5.44557
-5.44531
-5.44536
-5.44509
-5.44448
-5.44451
-5.44454
-5.44456
-5.44522
-5.44523
-5.44523
-5.44523
-5.4449
-5.44488
-5.44421
-5.44484
-5.44513
-5.44509
-5.44538
-5.44501
-5.44496
-5.44491
-5.44517
-5.44609
-5.44635
-5.44563
-5.44589
-5.44582
-5.44542
-5.44502
-5.44462
-5.44421
-5.44381
-5.4434
-5.44267
-5.44226
-5.44218
-5.44177
-5.44169
-5.44225
-5.44184
-5.44176
-5.44103
-5.44062
-5.44119
-5.44111
-5.44104
-5.44129
-5.44122
-5.44115
-5.44108
-5.44134
-5.44095
-5.44154
-5.44149
-5.44143
-5.44138
-5.44166
-5.44162
-5.44158
-5.44154
-5.44151
-5.44115
-5.44177
-5.44208
-5.44238
-5.44204
-5.44137
-5.44104
-5.44103
-5.44038
-5.44037
-5.44005
-5.43973
-5.44005
-5.44071
-5.44071
-5.4404
-5.44041
-5.4401
-5.43979
-5.4398
-5.44014
-5.43919
-5.43921
-5.43987
-5.43956
-5.43926
-5.4396
-5.43897
-5.43899
-5.43901
-5.4387
-5.43904
-5.43906
-5.4394
-5.44006
-5.43976
-5.43977
-5.43979
-5.43948
-5.4395
-5.44016
-5.44017
-5.44019
-5.44052
-5.44021
-5.44088
-5.44121
-5.44123
-5.44059
-5.44093
-5.44094
-5.4416
-5.44129
-5.44034
-5.44035
-5.44004
-5.44038
-5.44072
-5.44041
-5.44076
-5.44078
-5.44112
-5.44114
-5.44116
-5.44118
-5.44152
-5.44155
-5.44125
-5.44127
-5.44162
-5.4423
-5.44265
-5.44268
-5.44304
-5.44372
-5.44376
-5.44347
-5.44253
-5.44257
-5.44293
-5.44265
-5.44302
-5.44338
-5.44343
-5.44347
-5.44416
-5.44454
-5.44394
-5.44399
-5.44371
-5.44377
-5.44414
-5.44452
-5.44425
-5.44398
-5.44371
-5.44345
-5.44383
-5.44356
-5.44394
-5.44367
-5.44438
-5.44444
-5.44353
-5.44326
-5.44332
-5.44274
-5.44247
-5.44253
-5.44291
-5.44265
-5.44206
-5.44244
-5.44185
-5.44159
-5.441
-5.44138
-5.44208
-5.44246
-5.44123
-5.44063
-5.44101
-5.44042
-5.44079
-5.43987
-5.44121
-5.44159
-5.44163
-5.44135
-5.4414
-5.44144
-5.44147
-5.44119
-5.44057
-5.44061
-5.44096
-5.44099
-5.44102
-5.44104
-5.44138
-5.44173
-5.44206
-5.44208
-5.44306
-5.44404
-5.44436
-5.44469
-5.44501
-5.445
-5.44564
-5.44562
-5.4456
-5.44526
-5.44588
-5.44553
-5.44615
-5.44612
-5.44673
-5.44669
-5.44664
-5.44659
-5.44718
-5.44778
-5.44739
-5.44733
-5.44726
-5.44687
-5.44647
-5.44607
-5.44599
-5.44526
-5.44518
-5.44606
-5.44597
-5.44523
-5.44545
-5.446
-5.44525
-5.44548
-5.44505
-5.44494
-5.44515
-5.44536
-5.44556
-5.44448
-5.44371
-5.44326
-5.44347
-5.44367
-5.44354
-5.44244
-5.44199
-5.44186
-5.44237
-5.44257
-5.44276
-5.44263
-5.44281
-5.44268
-5.44189
-5.44046
-5.44033
-5.44052
-5.44006
-5.4396
-5.43946
-5.4403
-5.4405
-5.44101
-5.44056
-5.44043
-5.43966
-5.43953
-5.43973
-5.43929
-5.4395
-5.43938
-5.43959
-5.43884
-5.43841
-5.43831
-5.43789
-5.4378
-5.43835
-5.4373
-5.43723
-5.43715
-5.43676
-5.43637
-5.43696
-5.43723
-5.4375
-5.43714
-5.4371
-5.43706
-5.43736
-5.43734
-5.43764
-5.4373
-5.43729
-5.43696
-5.43566
-5.43534
-5.43534
-5.43567
-5.43536
-5.43505
-5.43572
-5.43541
-5.43575
-5.43545
-5.43579
-5.43646
-5.43616
-5.43619
-5.43653
-5.43656
-5.43658
-5.43725
-5.43695
-5.4373
-5.43732
-5.43701
-5.43736
-5.43705
-5.43642
-5.43709
-5.4371
-5.43712
-5.43746
-5.43683
-5.43749
-5.43751
-5.43753
-5.43722
-5.43756
-5.43758
-5.43761
-5.43796
-5.43831
-5.43834
-5.43837
-5.43841
-5.43812
-5.43849
-5.43854
-5.43794
-5.43865
-5.43806
-5.4378
-5.43755
-5.43763
-5.43707
-5.43748
-5.43855
-5.43833
-5.43779
-5.43822
-5.43737
-5.43717
-5.4373
-5.43776
-5.4379
-5.43772
-5.43723
-5.43739
-5.43755
-5.43771
-5.4382
-5.43837
-5.43855
-5.43872
-5.43858
-5.43876
-5.43829
-5.4388
-5.43898
-5.43916
-5.43836
-5.43886
-5.43871
-5.43888
-5.43969
-5.43986
-5.44034
-5.44049
-5.44032
-5.44046
-5.44059
-5.44039
-5.44051
-5.44095
-5.44074
-5.44148
-5.44158
-5.44166
-5.44239
-5.44278
-5.44284
-5.44257
-5.44295
-5.44364
-5.44399
-5.44402
-5.44469
-5.44471
-5.44536
-5.44601
-5.44569
-5.446
-5.44631
-5.44565
-5.44595
-5.4456
-5.44556
-5.44585
-5.44614
-5.44674
-5.4467
-5.44762
-5.4479
-5.4472
-5.44714
-5.44644
-5.4467
-5.44664
-5.44626
-5.4462
-5.44646
-5.44672
-5.44665
-5.44594
-5.4462
-5.44613
-5.44607
-5.446
-5.44594
-5.4462
-5.44646
-5.44607
-5.44536
-5.44497
-5.44459
-5.4442
-5.44414
-5.44408
-5.4437
-5.44331
-5.44326
-5.4432
-5.44314
-5.44276
-5.44271
-5.44297
-5.4426
-5.44254
-5.44314
-5.44374
-5.44368
-5.44299
-5.44294
-5.44289
-5.44284
-5.44247
-5.4421
-5.44173
-5.44137
-5.44132
-5.44225
-5.44318
-5.44346
-5.4431
-5.44306
-5.4427
-5.44233
-5.44197
-5.44226
-5.44189
-5.44186
-5.44247
-5.44243
-5.44272
-5.44268
-5.44297
-5.44261
-5.44193
-5.44157
-5.44153
-5.44117
-5.44146
-5.44143
-5.44107
-5.44136
-5.441
-5.44097
-5.44061
-5.44026
-5.44088
-5.44149
-5.44082
-5.44079
-5.44077
-5.44042
-5.4404
-5.44038
-5.44004
-5.44034
-5.44098
-5.44161
-5.4416
-5.4416
-5.44256
-5.44224
-5.44224
-5.44224
-5.44225
-5.44194
-5.44228
-5.44133
-5.44135
-5.44138
-5.44108
-5.44079
-5.44083
-5.44054
-5.44059
-5.43966
-5.44004
-5.43977
-5.43982
-5.43956
-5.43832
-5.43904
-5.43943
-5.43982
-5.43988
-5.4406
-5.441
-5.44042
-5.44017
-5.44024
-5.44031
-5.44038
-5.44013
-5.44084
-5.44026
-5.44
-5.43974
-5.43916
-5.43954
-5.4396
-5.43965
-5.44002
-5.44007
-5.44012
-5.44016
-5.44117
-5.44088
-5.44156
-5.44127
-5.44129
-5.44164
-5.44134
-5.44103
-5.44072
-5.44074
-5.44107
-5.44108
-5.44108
-5.44141
-5.44141
-5.44173
-5.44173
-5.44172
-5.44236
-5.443
-5.44235
-5.44234
-5.44135
-5.44167
-5.44165
-5.44132
-5.44163
-5.44162
-5.44128
-5.44127
-5.44093
-5.43995
-5.43961
-5.43992
-5.44056
-5.44055
-5.44086
-5.44117
-5.44149
-5.44148
-5.44147
-5.44146
-5.44145
-5.44047
-5.44014
-5.44013
-5.44012
-5.44108
-5.44074
-5.44041
-5.43975
-5.44006
-5.44005
-5.43971
-5.44067
-5.44098
-5.44097
-5.44127
-5.44093
-5.44091
-5.44089
-5.4399
-5.43988
-5.43953
-5.44015
-5.44013
-5.44042
-5.44071
-5.441
-5.44129
-5.44093
-5.44056
-5.44052
-5.44047
-5.44043
-5.43909
-5.43871
-5.43833
-5.43828
-5.4379
-5.4372
-5.43778
-5.43805
-5.43831
-5.43857
-5.4385
-5.43876
-5.43836
-5.43862
-5.43855
-5.43847
-5.43872
-5.43865
-5.43858
-5.43947
-5.4394
-5.43835
-5.43892
-5.43885
-5.43845
-5.43902
-5.43798
-5.43823
-5.43815
-5.4384
-5.43801
-5.43761
-5.43851
-5.43845
-5.43838
-5.43767
-5.43825
-5.43819
-5.43813
-5.43872
-5.43834
-5.43797
-5.43824
-5.43819
-5.43814
-5.43843
-5.43806
-5.43835
-5.43832
-5.43829
-5.43826
-5.43792
-5.43757
-5.43755
-5.43754
-5.43753
-5.43752
-5.43752
-5.43623
-5.43623
-5.43624
-5.43593
-5.43562
-5.43564
-5.43631
-5.43634
-5.43638
-5.43641
-5.43742
-5.43747
-5.43719
-5.43628
-5.43633
-5.43607
-5.43646
-5.4362
-5.43627
-5.43699
-5.43739
-5.43747
-5.43819
-5.43795
-5.43772
-5.43845
-5.43854
-5.43831
-5.43873
-5.43882
-5.43859
-5.43901
-5.43879
-5.43889
-5.43866
-5.43908
-5.43951
-5.43993
-5.44003
-5.44012
-5.44022
-5.44129
-5.44138
-5.44147
-5.44189
-5.4423
-5.44239
-5.44215
-5.4419
-5.44198
-5.44206
-5.44181
-5.44156
-5.44195
-5.4417
-5.44209
-5.44215
-5.44253
-5.44258
-5.44328
-5.44398
-5.4437
-5.44374
-5.44378
-5.44381
-5.44384
-5.44419
-5.4439
-5.44392
-5.44394
-5.44331
-5.44462
-5.44464
-5.4453
-5.44433
-5.44434
-5.44369
-5.44337
-5.44272
-5.4424
-5.44304
-5.44271
-5.4427
-5.44334
-5.44269
-5.44365
-5.44429
-5.44428
-5.44426
-5.44522
-5.44554
-5.44585
-5.44649
-5.44615
-5.44582
-5.44548
-5.44515
-5.44417
-5.44449
-5.44383
-5.44415
-5.44383
-5.4435
-5.4435
-5.4435
-5.44383
-5.44351
-5.4432
-5.44256
-5.44161
-5.44195
-5.44196
-5.44199
-5.44201
-5.44365
-5.44433
-5.44436
-5.44406
-5.44409
-5.4438
-5.44384
-5.44388
-5.44391
-5.4446
-5.44464
-5.44467
-5.44504
-5.44507
-5.44511
-5.44482
-5.44453
-5.44424
-5.44395
-5.4443
-5.44433
-5.44435
-5.44469
-5.44439
-5.44505
-5.44538
-5.44473
-5.44473
-5.44505
-5.44601
-5.44567
-5.44532
-5.4453
-5.44526
-5.44458
-5.44421
-5.44416
-5.44379
-5.44308
-5.44302
-5.44295
-5.44287
-5.44279
-5.44271
-5.44165
-5.44156
-5.44244
-5.44202
-5.44192
-5.44279
-5.44268
-5.44289
-5.44343
-5.44267
-5.4432
-5.44308
-5.44264
-5.44317
-5.44305
-5.44358
-5.44346
-5.44334
-5.44355
-5.44375
-5.44363
-5.44352
-5.44405
-5.44523
-5.44512
-5.44404
-5.44394
-5.44351
-5.44308
-5.44266
-5.44224
-5.4428
-5.44239
-5.44165
-5.44157
-5.44084
-5.44109
-5.4407
-5.44095
-5.44089
-5.44018
-5.44045
-5.44008
-5.44036
-5.44032
-5.44028
-5.43992
-5.43989
-5.44019
-5.44049
-5.43983
-5.43788
-5.4382
-5.43819
-5.43852
-5.4382
-5.43788
-5.43855
-5.43889
-5.43858
-5.43829
-5.43864
-5.43932
-5.43968
-5.44004
-5.44009
-5.44045
-5.43985
-5.43926
-5.43963
-5.44001
-5.44007
-5.43981
-5.43987
-5.43993
-5.43967
-5.44006
-5.43948
-5.43922
-5.43961
-5.43968
-5.44007
-5.43948
-5.43923
-5.43961
-5.43903
-5.43909
-5.4385
-5.43824
-5.43894
-5.43835
-5.43872
-5.43845
-5.43817
-5.43822
-5.43858
-5.4383
-5.43833
-5.43771
-5.43807
-5.43874
-5.43876
-5.43878
-5.43912
-5.43913
-5.43913
-5.44011
-5.43979
-5.43979
-5.43978
-5.44043
-5.44042
-5.4404
-5.44071
-5.44037
-5.44068
-5.43968
-5.43966
-5.43996
-5.43993
-5.4399
-5.44052
-5.44081
-5.44013
-5.43978
-5.44007
-5.44036
-5.44064
-5.44061
-5.44025
-5.43989
-5.43953
-5.43949
-5.43946
-5.43878
-5.43874
-5.43871
-5.439
-5.438
-5.43765
-5.43762
-5.43791
-5.43724
-5.43722
-5.43752
-5.4375
-5.43781
-5.43844
-5.43908
-5.43939
-5.43874
-5.43906
-5.43938
-5.44003
-5.44003
-5.43972
-5.44005
-5.44071
-5.44105
-5.44172
-5.44175
-5.44209
-5.44245
-5.44248
-5.44284
-5.4432
-5.44357
-5.44329
-5.44301
-5.44339
-5.44344
-5.44349
-5.44322
-5.44328
-5.44367
-5.44341
-5.44282
-5.44289
-5.44296
-5.4427
-5.44245
-5.44252
-5.44356
-5.44331
-5.44338
-5.44249
-5.44353
-5.44425
-5.44465
-5.4444
-5.44447
-5.44454
-5.44494
-5.44501
-5.44475
-5.44547
-5.44554
-5.44528
-5.44567
-5.44476
-5.44515
-5.44489
-5.44495
-5.44501
-5.44506
-5.44544
-5.44581
-5.44554
-5.44688
-5.44661
-5.44665
-5.44637
-5.44674
-5.44613
-5.44617
-5.4462
-5.44623
-5.44626
-5.44564
-5.44535
-5.44537
-5.4454
-5.44509
-5.44544
-5.44546
-5.44612
-5.44678
-5.44647
-5.44616
-5.44617
-5.44585
-5.44553
-5.44521
-5.44554
-5.44522
-5.44489
-5.44456
-5.44488
-5.4452
-5.44552
-5.44551
-5.4455
-5.44484
-5.44515
-5.44578
-5.44577
-5.44607
-5.44605
-5.44603
-5.44666
-5.44696
-5.44693
-5.44723
-5.44784
-5.44846
-5.44811
-5.44775
-5.44804
-5.448
-5.44829
-5.44792
-5.44788
-5.44719
-5.44747
-5.44678
-5.4464
-5.44603
-5.44565
-5.4456
-5.44555
-5.44549
-5.44511
-5.44473
-5.44532
-5.44526
-5.44488
-5.44514
-5.4454
-5.44502
-5.44495
-5.44521
-5.44515
-5.44541
-5.44502
-5.44495
-5.44489
-5.4445
-5.44476
-5.4447
-5.44496
-5.44392
-5.44418
-5.44412
-5.44373
-5.44366
-5.44392
-5.44386
-5.44413
-5.44407
-5.44304
-5.44266
-5.44325
-5.44384
-5.44346
-5.44373
-5.444
-5.44395
-5.44358
-5.44321
-5.44316
-5.44312
-5.44243
-5.44272
-5.443
-5.44329
-5.44293
-5.44322
-5.44352
-5.44284
-5.44314
-5.44183
-5.44116
-5.44082
-5.44048
-5.44112
-5.44143
-5.44143
-5.44174
-5.44174
-5.44207
-5.44207
-5.44175
-5.44144
-5.44113
-5.44147
-5.44149
-5.44183
-5.44186
-5.44221
-5.44223
-5.44259
-5.44198
-5.44201
-5.44205
-5.44177
-5.44214
-5.44251
-5.44255
-5.44131
-5.44136
-5.44174
-5.44212
-5.44217
-5.44288
-5.44229
-5.44267
-5.44241
-5.44215
-5.44221
-5.44195
-5.44201
-5.44175
-5.44214
-5.4422
-5.44194
-5.44232
-5.44238
-5.44179
-5.44184
-5.44158
-5.44163
-5.44168
-5.44205
-5.44242
-5.4415
-5.44057
-5.43996
-5.44
-5.43971
-5.43974
-5.43976
-5.43946
-5.43916
-5.43918
-5.43919
-5.4392
-5.44018
-5.44083
-5.44051
-5.4405
-5.44114
-5.44081
-5.44144
-5.44175
-5.44205
-5.44203
-5.442
-5.44164
-5.44161
-5.44125
-5.44154
-5.44117
-5.44081
-5.44108
-5.44136
-5.44099
-5.44029
-5.44056
-5.44051
-5.44014
-5.44008
-5.44003
-5.43997
-5.43959
-5.44018
-5.44013
-5.44007
-5.44035
-5.43932
-5.43927
-5.4389
-5.43885
-5.43848
-5.43746
-5.43775
-5.43771
-5.43735
-5.43764
-5.43729
-5.43726
-5.43659
-5.43689
-5.4372
-5.43718
-5.43782
-5.43846
-5.43878
-5.43846
-5.43944
-5.4388
-5.43913
-5.43915
-5.43981
