1.1997
1.19914
1.19852
1.19783
1.19709
1.19628
1.19541
1.19449
1.1935
1.19247
1.19138
1.19024
1.18904
1.1878
1.1865
1.18516
1.18377
1.18233
1.18086
1.17934
1.17779
1.17619
1.17457
1.17291
1.17122
1.1695
1.16776
1.16599
1.16421
1.16241
1.16059
1.15876
1.15693
1.15509
1.15325
1.15141
1.14957
1.14775
1.14594
1.14415
1.14238
1.14064
1.13892
1.13724
1.1356
1.134
1.13244
1.13093
1.12947
1.12807
1.12673
1.12545
1.12425
1.12311
1.12205
1.12106
1.12016
1.11933
1.1186
1.11795
1.11739
1.11692
1.11654
1.11626
1.11607
1.11599
1.116
1.11611
1.11633
1.11665
1.11707
1.11759
1.11821
1.11894
1.11978
1.12071
1.12175
1.12289
1.12413
1.12548
1.12692
1.12846
1.13011
1.13185
1.13369
1.13562
1.13765
1.13977
1.14198
1.14429
1.14667
1.14915
1.15171
1.15435
1.15708
1.15988
1.16276
1.16571
1.16872
1.17181
1.17496
1.17818
1.18145
1.18478
1.18816
1.19158
1.19506
1.19858
1.20213
1.20572
1.20935
1.21299
1.21667
1.22035
1.22406
1.22777
1.23148
1.2352
1.23892
1.24262
1.24631
1.24999
1.25364
1.25727
1.26087
1.26443
1.26795
1.27142
1.27485
1.27822
1.28154
1.2848
1.28799
1.29112
1.29417
1.29716
1.30007
1.30289
1.30564
1.3083
1.31087
1.31335
1.31574
1.31804
1.32024
1.32235
1.32436
1.32626
1.32807
1.32978
1.33139
1.33289
1.33429
1.33558
1.33678
1.33787
1.33885
1.33973
1.34051
1.34118
1.34174
1.34221
1.34257
1.34282
1.34297
1.34302
1.34296
1.34281
1.34254
1.34218
1.34171
1.34115
1.34049
1.33972
1.33886
1.3379
1.33685
1.33569
1.33444
1.3331
1.33167
1.33015
1.32855
1.32686
1.32508
1.32323
1.3213
1.3193
1.31723
1.31509
1.31288
1.31062
1.30829
1.30591
1.30349
1.30102
1.29851
1.29596
1.29338
1.29078
1.28815
1.2855
1.28283
1.28016
1.27748
1.2748
1.27212
1.26945
1.26679
1.26415
1.26153
1.25894
1.25638
1.25385
1.25136
1.24891
1.24651
1.24415
1.24186
1.23961
1.23743
1.23531
1.23326
1.23128
1.22936
1.22753
1.22576
1.22408
1.22248
1.22095
1.21951
1.21816
1.21688
1.2157
1.2146
1.21358
1.21266
1.21181
1.21106
1.21039
1.2098
1.2093
1.20888
1.20853
1.20827
1.20808
1.20797
1.20793
1.20795
1.20805
1.20821
1.20843
1.20871
1.20905
1.20944
1.20988
1.21036
1.2109
1.21147
1.21207
1.21272
1.21339
1.21409
1.21481
1.21556
1.21632
1.21709
1.21788
1.21867
1.21946
1.22026
1.22105
1.22183
1.22261
1.22337
1.22411
1.22484
1.22554
1.22622
1.22688
1.22751
1.22811
1.22868
1.22923
1.22973
1.23021
1.23065
1.23105
1.23142
1.23175
1.23205
1.2323
1.23253
1.23271
1.23287
1.23299
1.23308
1.23313
1.23316
1.23316
1.23314
1.23309
1.23301
1.23292
1.23281
1.23268
1.23254
1.23238
1.23222
1.23204
1.23186
1.23168
1.23149
1.23131
1.23112
1.23094
1.23077
1.23061
1.23045
1.23031
1.23018
1.23007
1.22997
1.22989
1.22982
1.22977
1.22975
1.22974
1.22975
1.22978
1.22983
1.22991
1.23
1.23012
1.23025
1.2304
1.23057
1.23076
1.23096
1.23118
1.23141
1.23166
1.23191
1.23217
1.23244
1.23271
1.23298
1.23326
1.23354
1.23382
1.2341
1.23437
1.23464
1.2349
1.23516
1.2354
1.23562
1.23584
1.23603
1.23622
1.23638
1.23652
1.23664
1.23674
1.23682
1.23687
1.2369
1.23691
1.23689
1.23684
1.23677
1.23667
1.23654
1.23639
1.23621
1.236
1.23577
1.23551
1.23523
1.23493
1.2346
1.23425
1.23388
1.23349
1.23308
1.23265
1.23221
1.23175
1.23128
1.23079
1.23029
1.22978
1.22926
1.22874
1.22821
1.22768
1.22714
1.2266
1.22607
1.22554
1.22501
1.22449
1.22398
1.22348
1.22299
1.22251
1.22205
1.22161
1.22118
1.22078
1.2204
1.22004
1.21971
1.2194
1.21912
1.21887
1.21864
1.21845
1.21829
1.21815
1.21805
1.21799
1.21795
1.21795
1.21798
1.21805
1.21814
1.21827
1.21843
1.21862
1.21885
1.2191
1.21938
1.21968
1.22002
1.22038
1.22076
1.22116
1.22159
1.22203
1.2225
1.22298
1.22347
1.22398
1.2245
1.22502
1.22556
1.2261
1.22664
1.22718
1.22772
1.22826
1.22879
1.22932
1.22984
1.23034
1.23084
1.23132
1.23179
1.23224
1.23267
1.23309
1.23347
1.23384
1.23418
1.2345
1.23479
1.23505
1.23529
1.23549
1.23567
1.23582
1.23593
1.23601
1.23606
1.23607
1.23605
1.23599
1.2359
1.23577
1.23561
1.23541
1.23517
1.23489
1.23458
1.23424
1.23385
1.23343
1.23298
1.23249
1.23196
1.23139
1.23079
1.23015
1.22947
1.22876
1.228
1.22722
1.22639
1.22554
1.22464
1.22371
1.22275
1.22175
1.22072
1.21966
1.21856
1.21743
1.21627
1.21507
1.21384
1.21258
1.21129
1.20997
1.20861
1.20723
1.20583
1.2044
1.20294
1.20146
1.19995
1.19842
1.19687
1.19531
1.19372
1.19211
1.19049
1.18885
1.18719
1.18552
1.18384
1.18214
1.18044
1.17873
1.17701
1.17529
1.17357
1.17184
1.17011
1.16838
1.16666
1.16494
1.16323
1.16152
1.15983
1.15815
1.15648
1.15482
1.15319
1.15157
1.14997
1.14839
1.14684
1.14531
1.14381
1.14234
1.1409
1.1395
1.13812
1.13678
1.13548
1.13422
1.133
1.13182
1.13069
1.1296
1.12856
1.12757
1.12663
1.12574
1.1249
1.12412
1.12339
1.12273
1.12212
1.12158
1.12109
1.12066
1.1203
1.12
1.11977
1.1196
1.11949
1.11945
1.11948
1.11956
1.11972
1.11994
1.12023
1.12058
1.121
1.12148
1.12203
1.12264
1.12332
1.12405
1.12485
1.12571
1.12662
1.1276
1.12863
1.12971
1.13085
1.13204
1.13327
1.13456
1.13589
1.13726
1.13867
1.14013
1.14162
1.14314
1.1447
1.14629
1.1479
1.14954
1.1512
1.15288
1.15457
1.15629
1.15801
1.15974
1.16148
1.16323
1.16497
1.16672
1.16846
1.17019
1.17192
1.17364
1.17534
1.17703
1.1787
1.18035
1.18198
1.18359
1.18517
1.18672
1.18824
1.18973
1.19119
1.19261
1.194
1.19535
1.19667
1.19794
1.19918
1.20037
1.20153
1.20264
1.20372
1.20475
1.20574
1.20669
1.2076
1.20847
1.2093
1.2101
1.21085
1.21157
1.21226
1.21292
1.21354
1.21413
1.21469
1.21523
1.21575
1.21624
1.21671
1.21717
1.21761
1.21804
1.21846
1.21887
1.21928
1.21969
1.2201
1.22052
1.22094
1.22136
1.2218
1.22225
1.22272
1.2232
1.2237
1.22422
1.22476
1.22533
1.22593
1.22654
1.22719
1.22786
1.22857
1.2293
1.23006
1.23084
1.23166
1.23249
1.23336
1.23424
1.23515
1.23608
1.23703
1.23799
1.23897
1.23996
1.24097
1.24197
1.24299
1.244
1.24501
1.24601
1.24701
1.24799
1.24896
1.24992
1.25084
1.25175
1.25262
1.25346
1.25426
1.25502
1.25574
1.25641
1.25702
1.25759
1.2581
1.25854
1.25893
1.25925
1.2595
1.25968
1.25979
1.25982
1.25978
1.25965
1.25945
1.25916
1.25879
1.25833
1.25779
1.25715
1.25643
1.25562
1.25472
1.25374
1.25266
1.2515
1.25025
1.24891
1.24749
1.24598
1.24439
1.24272
1.24097
1.23914
1.23724
1.23525
1.2332
1.23108
1.22889
1.22665
1.22434
1.22198
1.21956
1.2171
1.21459
1.21204
1.20945
1.20684
1.20419
1.20152
1.19884
1.19613
1.19342
1.19071
1.188
1.18529
1.1826
1.17992
1.17726
1.17463
1.17203
1.16947
1.16695
1.16449
1.16208
1.15973
1.15745
1.15523
1.15309
1.15104
1.14906
1.14718
1.14539
1.1437
1.14212
1.14064
1.13928
1.13803
1.13691
1.1359
1.13503
1.13429
1.13368
1.1332
1.13286
1.13266
1.1326
1.13268
1.1329
1.13327
1.13378
1.13442
1.13521
1.13613
1.1372
1.13839
1.13972
1.14117
1.14276
1.14446
1.14628
1.14822
1.15027
1.15242
1.15467
1.15702
1.15945
1.16197
1.16457
1.16724
1.16997
1.17276
1.17561
1.1785
1.18142
1.18438
1.18736
1.19037
1.19338
1.1964
1.19942
1.20243
1.20544
1.20842
1.21139
1.21432
1.21722
1.22009
1.22291
1.22568
1.22839
1.23106
1.23366
1.2362
1.23868
1.24108
1.24341
1.24567
1.24785
1.24995
1.25197
1.25391
1.25576
1.25752
1.2592
1.26079
1.26229
1.26371
1.26503
1.26626
1.26741
1.26847
1.26943
1.27032
1.27111
1.27183
1.27246
1.273
1.27347
1.27386
1.27417
1.27441
1.27457
1.27467
1.27469
1.27465
1.27455
1.27438
1.27415
1.27387
1.27354
1.27315
1.27271
1.27223
1.2717
1.27113
1.27053
1.26989
1.26921
1.26851
1.26777
1.26701
1.26622
1.26541
1.26459
1.26375
1.26289
1.26203
1.26115
1.26026
1.25937
1.25848
1.25758
1.25668
1.25578
1.25488
1.25398
1.25309
1.25221
1.25132
1.25045
1.24958
1.24872
1.24786
1.24702
1.24618
1.24536
1.24454
1.24374
1.24294
1.24216
1.24138
1.24062
1.23986
1.23912
1.23838
1.23766
1.23695
1.23625
1.23555
1.23487
1.2342
1.23354
1.23289
1.23224
1.23161
1.23099
1.23038
1.22978
1.22918
1.2286
1.22803
1.22747
1.22692
1.22638
1.22585
1.22533
1.22482
1.22433
1.22384
1.22336
1.22289
1.22243
1.22198
1.22154
1.2211
1.22068
1.22026
1.21986
1.21946
1.21906
1.21868
1.2183
1.21794
1.21758
1.21723
1.21689
1.21655
1.21622
1.21589
1.21557
1.21526
1.21495
1.21464
1.21434
1.21404
1.21374
1.21345
1.21317
1.21288
1.2126
1.21233
1.21206
1.21179
1.21152
1.21126
1.21101
1.21076
1.21051
1.21028
1.21004
1.20982
1.2096
1.20939
1.20919
1.209
1.20882
1.20865
1.20848
1.20833
1.2082
1.20807
1.20796
1.20786
1.20778
1.20771
1.20766
1.20763
1.20761
1.20761
1.20763
1.20767
1.20773
1.20781
1.20791
1.20802
1.20816
1.20832
1.2085
1.20871
1.20893
1.20918
1.20945
1.20974
1.21005
1.21038
1.21073
1.21111
1.2115
1.21191
1.21233
1.21278
1.21324
1.21372
1.21421
1.21471
1.21523
1.21577
1.21631
1.21686
1.21743
1.218
1.21858
1.21916
1.21975
1.22034
1.22093
1.22152
1.22211
1.22269
1.22327
1.22384
1.2244
1.22495
1.22549
1.22602
1.22653
1.22702
1.2275
1.22795
1.22839
1.2288
1.22919
1.22956
1.2299
1.23021
1.2305
1.23075
1.23098
1.23118
1.23134
1.23148
1.23158
1.23165
1.23169
1.2317
1.23167
1.23162
1.23153
1.23141
1.23126
1.23108
1.23087
1.23063
1.23036
1.23007
1.22975
1.22941
1.22905
1.22867
1.22828
1.22787
1.22744
1.227
1.22655
1.22609
1.22563
1.22517
1.2247
1.22424
1.22379
1.22334
1.2229
1.22248
1.22207
1.22169
1.22132
1.22099
1.22068
1.2204
1.22016
1.21996
1.21979
1.21967
1.21959
1.21956
1.21957
1.21964
1.21975
1.21993
1.22016
1.22044
1.22079
1.2212
1.22167
1.2222
1.22279
1.22345
1.22418
1.22497
1.22582
1.22674
1.22772
1.22876
1.22987
1.23104
1.23226
1.23355
1.23489
1.23628
1.23773
1.23922
1.24076
1.24235
1.24397
1.24564
1.24734
1.24907
1.25083
1.25261
1.25442
1.25624
1.25808
1.25993
1.26179
1.26364
1.2655
1.26735
1.2692
1.27102
1.27283
1.27462
1.27638
1.27812
1.27982
1.28148
1.2831
1.28468
1.28621
1.28768
1.2891
1.29046
1.29176
1.29299
1.29416
1.29525
1.29627
1.29722
1.29808
1.29887
1.29957
1.30018
1.30071
1.30115
1.3015
1.30176
1.30193
1.30201
1.302
1.30189
1.3017
1.30141
1.30104
1.30056
1.3
1.29935
1.2986
1.29777
1.29686
1.29586
1.29478
1.29362
1.29238
1.29107
1.28969
1.28824
1.28672
1.28513
1.28349
1.28179
1.28003
1.27823
1.27637
1.27448
1.27255
1.27059
1.2686
1.26658
1.26454
1.26249
1.26043
1.25836
1.25628
1.25421
1.25214
1.25008
1.24803
1.246
1.24399
1.242
1.24003
1.2381
1.23619
1.23432
1.23249
1.2307
1.22895
1.22725
1.22559
1.22397
1.22241
1.22089
1.21941
1.21799
1.21661
1.21528
1.214
1.21276
1.21157
1.21042
1.20932
1.20826
1.20724
1.20626
1.20532
1.20442
1.20355
1.20272
1.20191
1.20113
1.20038
1.19965
1.19895
1.19827
1.1976
1.19695
1.19632
1.19571
1.1951
1.19451
1.19393
1.19336
1.19279
1.19224
1.19169
1.19114
1.1906
1.19007
1.18954
1.18901
1.18849
1.18797
1.18745
1.18693
1.18642
1.18591
1.18541
1.1849
1.1844
1.18391
1.18342
1.18294
1.18246
1.18199
1.18152
1.18107
1.18062
1.18019
1.17976
1.17934
1.17894
1.17854
1.17816
1.17779
1.17744
1.1771
1.17677
1.17646
1.17617
1.17589
1.17563
1.17538
1.17515
1.17494
1.17474
1.17455
1.17438
1.17423
1.17409
1.17397
1.17387
1.17378
1.17371
1.17365
1.17361
1.17358
1.17357
1.17358
1.17359
1.17361
1.17365
1.17369
1.17374
1.1738
1.17387
1.17395
1.17403
1.17412
1.17421
1.1743
1.1744
1.1745
1.1746
1.1747
1.1748
1.1749
1.175
1.17509
1.17519
1.17528
1.17537
1.17545
1.17553
1.17561
1.17569
1.17576
1.17583
1.1759
1.17596
1.17603
1.1761
1.17616
1.17623
1.1763
1.17637
1.17644
1.17652
1.17661
1.17669
1.17679
1.1769
1.17701
1.17714
1.17728
1.17743
1.1776
1.17778
1.17798
1.1782
1.17844
1.1787
1.17898
1.17928
1.1796
1.17994
1.18032
1.18071
1.18113
1.18158
1.18205
1.18255
1.18307
1.18362
1.1842
1.18481
1.18544
1.18609
1.18677
1.18748
1.1882
1.18895
1.18972
1.19051
1.19132
1.19215
1.193
1.19387
1.19475
1.19564
1.19655
1.19747
1.1984
1.19933
1.20028
1.20123
1.20219
1.20315
1.2041
1.20506
1.20602
1.20697
1.20791
1.20885
1.20978
1.2107
1.2116
1.21249
1.21337
1.21423
1.21506
1.21588
1.21668
1.21745
1.21819
1.21891
1.21961
1.22027
1.2209
1.22151
1.22208
1.22261
1.22311
1.22358
1.224
1.22439
1.22474
1.22505
1.22531
1.22554
1.22571
1.22584
1.22592
1.22596
1.22595
1.22589
1.22578
1.22562
1.22541
1.22516
1.22485
1.22449
1.22408
1.22362
1.22311
1.22255
1.22194
1.22129
1.22058
1.21983
1.21903
1.21819
1.2173
1.21637
1.2154
1.21438
1.21333
1.21224
1.21112
1.20996
1.20877
1.20755
1.2063
1.20503
1.20373
1.20242
1.20109
1.19974
1.19838
1.19702
1.19565
1.19428
1.19291
1.19154
1.19018
1.18882
1.18748
1.18615
1.18484
1.18354
1.18227
1.18101
1.17979
1.1786
1.17743
1.1763
1.17521
1.17415
1.17313
1.17215
1.17122
1.17033
1.16948
1.16868
1.16792
1.16722
1.16656
1.16595
1.16539
1.16488
1.16441
1.164
1.16363
1.16332
1.16305
1.16282
1.16264
1.16251
1.16241
1.16236
1.16235
1.16237
1.16243
1.16252
1.16264
1.1628
1.16298
1.16319
1.16342
1.16367
1.16394
1.16423
1.16453
1.16484
1.16516
1.16549
1.16582
1.16615
1.16649
1.16681
1.16714
1.16745
1.16776
1.16805
1.16834
1.1686
1.16885
1.16908
1.16929
1.16948
1.16964
1.16978
1.16988
1.16997
1.17002
1.17004
1.17003
1.16998
1.16991
1.1698
1.16966
1.16949
1.16928
1.16904
1.16877
1.16846
1.16813
1.16777
1.16737
1.16695
1.1665
1.16602
1.16552
1.165
1.16445
1.16388
1.1633
1.1627
1.16208
1.16145
1.16081
1.16016
1.1595
1.15884
1.15818
1.15752
1.15687
1.15622
1.15558
1.15495
1.15433
1.15373
1.15315
1.15259
1.15206
1.15155
1.15107
1.15062
1.1502
1.14982
1.14947
1.14917
1.1489
1.14868
1.1485
1.14836
1.14827
1.14823
1.14823
1.14829
1.1484
1.14856
1.14877
1.14904
1.14936
1.14973
1.15016
1.15064
1.15117
1.15176
1.1524
1.15309
1.15384
1.15463
1.15548
1.15637
1.15732
1.15831
1.15934
1.16043
1.16155
1.16272
1.16393
1.16518
1.16647
1.1678
1.16915
1.17054
1.17196
1.17341
1.17488
1.17638
1.1779
1.17943
1.18099
1.18256
1.18415
1.18575
1.18736
1.18898
1.1906
1.19223
1.19386
1.1955
1.19714
1.19877
1.2004
1.20202
1.20364
1.20525
1.20686
1.20845
1.21003
1.2116
1.21316
1.2147
1.21623
1.21774
1.21924
1.22072
1.22218
1.22363
1.22506
1.22647
1.22786
1.22923
1.23058
1.23191
1.23323
1.23453
1.2358
1.23706
1.2383
1.23952
1.24073
1.24191
1.24307
1.24422
1.24535
1.24645
1.24754
1.24861
1.24966
1.2507
1.25171
1.25271
1.25368
1.25464
1.25558
1.25649
1.25739
1.25827
1.25914
1.25998
1.2608
1.26161
1.26239
1.26316
1.2639
1.26462
1.26532
1.26599
1.26665
1.26728
1.26789
1.26848
1.26904
1.26958
1.2701
1.2706
1.27108
1.27153
1.27196
1.27236
1.27275
1.27311
1.27346
1.27378
1.27409
1.27438
1.27465
1.2749
1.27513
1.27535
1.27555
1.27574
1.27591
1.27607
1.27621
1.27634
1.27647
1.27658
1.27668
1.27678
1.27686
1.27694
1.27701
1.27708
1.27715
1.27721
1.27727
1.27733
1.27739
1.27745
1.27752
1.27758
1.27764
1.2777
1.27777
1.27783
1.2779
1.27797
1.27804
1.27811
1.27819
1.27826
1.27834
1.27841
1.27849
1.27857
1.27864
1.27872
1.27879
1.27886
1.27892
1.27898
1.27904
1.27908
1.27912
1.27916
1.27918
1.2792
1.2792
1.2792
1.27918
1.27915
1.2791
1.27905
1.27897
1.27888
1.27877
1.27865
1.27851
1.27834
1.27816
1.27796
1.27774
1.2775
1.27725
1.27697
1.27667
1.27635
1.27602
1.27566
1.27529
1.2749
1.27449
1.27407
1.27362
1.27316
1.27269
1.2722
1.2717
1.27119
1.27066
1.27013
1.26959
1.26904
1.26849
1.26794
1.26738
1.26683
1.26627
1.26571
1.26515
1.2646
1.26404
1.2635
1.26296
1.26242
1.2619
1.26139
1.26089
1.26039
1.25991
1.25945
1.25899
1.25855
1.25813
1.25772
1.25732
1.25695
1.25659
1.25625
1.25593
1.25563
1.25535
1.25509
1.25485
1.25464
1.25445
1.25428
1.25413
1.25401
1.25391
1.25383
1.25379
1.25376
1.25377
1.2538
1.25386
1.25394
1.25405
1.25419
1.25436
1.25455
1.25477
1.25502
1.25529
1.25558
1.2559
1.25624
1.25661
1.25699
1.25739
1.25781
1.25824
1.25869
1.25914
1.25961
1.26007
1.26054
1.261
1.26146
1.26191
1.26234
1.26275
1.26314
1.26351
1.26384
1.26414
1.26439
1.2646
1.26477
1.26488
1.26493
1.26492
1.26484
1.2647
1.26448
1.26419
1.26382
1.26336
1.26282
1.26219
1.26147
1.26066
1.25976
1.25876
1.25767
1.25649
1.2552
1.25383
1.25236
1.25079
1.24913
1.24737
1.24553
1.24359
1.24157
1.23947
1.23728
1.23502
1.23269
1.23028
1.22781
1.22527
1.22267
1.22003
1.21733
1.2146
1.21183
1.20902
1.20619
1.20335
1.20049
1.19762
1.19475
1.19189
1.18905
1.18622
1.18343
1.18066
1.17794
1.17526
1.17264
1.17008
1.16758
1.16516
1.16281
1.16055
1.15838
1.15631
1.15433
1.15247
1.15071
1.14908
1.14756
1.14616
1.14489
1.14374
1.14273
1.14184
1.14109
1.14047
1.13999
1.13964
1.13942
1.13933
1.13938
1.13955
1.13984
1.14026
1.1408
1.14144
1.1422
1.14306
1.14402
1.14507
1.14621
1.14743
1.14873
1.1501
1.15154
1.15303
1.15457
1.15616
1.15778
1.15944
1.16112
1.16282
1.16453
1.16625
1.16796
1.16968
1.17138
1.17307
1.17474
1.17639
1.178
1.17959
1.18114
1.18266
1.18413
1.18556
1.18695
1.1883
1.1896
1.19084
1.19204
1.19319
1.19429
1.19534
1.19634
1.19729
1.19819
1.19904
1.19984
1.2006
1.20131
1.20197
1.2026
1.20318
1.20372
1.20422
1.20468
1.20511
1.2055
1.20587
1.2062
1.2065
1.20678
1.20704
1.20727
1.20747
1.20766
1.20782
1.20797
1.2081
1.20822
1.20833
1.20842
1.20851
1.20858
1.20864
1.2087
1.20875
1.20879
1.20883
1.20887
1.2089
1.20894
1.20897
1.20901
1.20904
1.20908
1.20912
1.20916
1.20921
1.20927
1.20933
1.2094
1.20948
1.20956
1.20966
1.20977
1.20989
1.21003
1.21018
1.21034
1.21053
1.21073
1.21095
1.21119
1.21145
1.21173
1.21203
1.21236
1.21271
1.21308
1.21347
1.21389
1.21434
1.21481
1.2153
1.21583
1.21637
1.21695
1.21754
1.21817
1.21882
1.21949
1.2202
1.22092
1.22167
1.22244
1.22324
1.22406
1.2249
1.22576
1.22664
1.22753
1.22845
1.22938
1.23032
1.23128
1.23225
1.23323
1.23423
1.23523
1.23624
1.23726
1.23828
1.2393
1.24033
1.24135
1.24238
1.2434
1.24441
1.24541
1.24641
1.24739
1.24837
1.24932
1.25027
1.25119
1.2521
1.25298
1.25385
1.25468
1.2555
1.25628
1.25703
1.25775
1.25844
1.2591
1.25972
1.26031
1.26086
1.26138
1.26185
1.26229
1.26269
1.26305
1.26337
1.26364
1.26387
1.26407
1.26422
1.26432
1.26439
1.26441
1.26439
1.26433
1.26423
1.2641
1.26392
1.26371
1.26346
1.26317
1.26286
1.26251
1.26212
1.26171
1.26126
1.26079
1.26029
1.25977
1.25923
1.25867
1.25808
1.25748
1.25685
1.25622
1.25556
1.25489
1.25422
1.25352
1.25282
1.25212
1.2514
1.25068
1.24995
1.24922
1.24849
1.24775
1.24701
1.24627
1.24553
1.24478
1.24404
1.24329
1.24255
1.2418
1.24106
1.24031
1.23956
1.23881
1.23806
1.23731
1.23656
1.2358
1.23504
1.23428
1.23352
1.23275
1.23197
1.23119
1.2304
1.22961
1.22881
1.228
1.22719
1.22636
1.22553
1.22469
1.22384
1.22299
1.22212
1.22124
1.22035
1.21946
1.21855
1.21763
1.2167
1.21576
1.21481
1.21385
1.21288
1.2119
1.21091
1.20991
1.2089
1.20788
1.20685
1.20582
1.20478
1.20373
1.20267
1.20161
1.20055
1.19947
1.1984
1.19732
1.19624
1.19516
1.19408
1.193
1.19192
1.19084
1.18976
1.18868
1.1876
1.18653
1.18546
1.1844
1.18334
1.18229
1.18125
1.18021
1.17919
1.17817
1.17716
1.17616
1.17517
1.1742
1.17323
1.17228
1.17134
1.1704
1.16949
1.16858
1.16769
1.16681
1.16594
1.1651
1.16426
1.16344
1.16264
1.16185
1.16107
1.16031
1.15957
1.15884
1.15814
1.15745
1.15677
1.15612
1.15549
1.15488
1.15428
1.15371
1.15316
1.15262
1.15211
1.15162
1.15114
1.15069
1.15026
1.14985
1.14947
1.1491
1.14876
1.14844
1.14814
1.14787
1.14762
1.14739
1.14719
1.14701
1.14685
1.14671
1.1466
1.14651
1.14645
1.14641
1.14639
1.1464
1.14644
1.1465
1.14658
1.14669
1.14683
1.147
1.14719
1.14741
1.14765
1.14792
1.14822
1.14854
1.1489
1.14927
1.14967
1.1501
1.15055
1.15103
1.15153
1.15206
1.15262
1.1532
1.15381
1.15444
1.1551
1.15579
1.1565
1.15723
1.15799
1.15877
1.15958
1.1604
1.16126
1.16213
1.16303
1.16394
1.16488
1.16584
1.16681
1.16781
1.16882
1.16985
1.1709
1.17195
1.17303
1.17411
1.17521
1.17631
1.17743
1.17855
1.17967
1.1808
1.18193
1.18306
1.18419
1.18531
1.18642
1.18752
1.18861
1.18969
1.19075
1.19179
1.19281
1.19381
1.19478
1.19573
1.19664
1.19752
1.19836
1.19917
1.19994
1.20066
1.20134
1.20198
1.20256
1.2031
1.20358
1.20401
1.20439
1.20471
1.20497
1.20518
1.20532
1.2054
1.20542
1.20538
1.20528
1.20512
1.20489
1.2046
1.20425
1.20384
1.20337
1.20285
1.20226
1.20162
1.20092
1.20016
1.19935
1.19849
1.19759
1.19663
1.19563
1.19458
1.19349
1.19236
1.19119
1.18999
1.18875
1.18749
1.18619
1.18487
1.18352
1.18215
1.18076
1.17936
1.17793
1.1765
1.17505
1.17359
1.17213
1.17066
1.16919
1.16772
1.16625
1.16479
1.16333
1.16188
1.16044
1.15901
1.15759
1.15618
1.1548
1.15342
1.15207
1.15074
1.14944
1.14816
1.1469
1.14568
1.14448
1.14332
1.14219
1.14109
1.14003
1.13901
1.13803
1.13709
1.13619
1.13533
1.13453
1.13377
1.13306
1.1324
1.1318
1.13125
1.13076
1.13033
1.12996
1.12965
1.1294
1.12921
1.1291
1.12905
1.12907
1.12916
1.12932
1.12956
1.12987
1.13025
1.13072
1.13126
1.13187
1.13257
1.13335
1.1342
1.13514
1.13615
1.13724
1.13842
1.13967
1.141
1.14241
1.14389
1.14545
1.14709
1.1488
1.15059
1.15244
1.15437
1.15637
1.15843
1.16056
1.16274
1.16499
1.1673
1.16966
1.17208
1.17455
1.17706
1.17962
1.18222
1.18486
1.18754
1.19025
1.19299
1.19576
1.19855
1.20136
1.20419
1.20704
1.20989
1.21275
1.21561
1.21847
1.22133
1.22418
1.22702
1.22985
1.23266
1.23546
1.23823
1.24098
1.24371
1.2464
1.24906
1.25169
1.25429
1.25684
1.25935
1.26183
1.26425
1.26663
1.26897
1.27125
1.27348
1.27566
1.27778
1.27984
1.28185
1.2838
1.28569
1.28752
1.28928
1.29097
1.2926
1.29417
1.29566
1.29708
1.29843
1.29971
1.30091
1.30203
1.30308
1.30406
1.30495
1.30576
1.30649
1.30714
1.30771
1.3082
1.3086
1.30892
1.30914
1.30929
1.30934
1.3093
1.30918
1.30896
1.30866
1.30826
1.30778
1.3072
1.30653
1.30577
1.30492
1.30398
1.30296
1.30185
1.30065
1.29937
1.298
1.29656
1.29504
1.29345
1.29178
1.29004
1.28823
1.28636
1.28443
1.28244
1.2804
1.2783
1.27617
1.27399
1.27178
1.26954
1.26727
1.26498
1.26268
1.26037
1.25805
1.25573
1.25343
1.25113
1.24885
1.2466
1.24437
1.24218
1.24003
1.23793
1.23589
1.2339
1.23197
1.23011
1.22832
1.22661
1.22497
1.22342
1.22195
1.22058
1.21929
1.2181
1.21701
1.21602
1.21514
1.21436
1.21368
1.21311
1.21264
1.21228
1.21203
1.21188
1.21183
1.21189
1.21205
1.2123
1.21266
1.21311
1.21365
1.21427
1.21499
1.21578
1.21666
1.21761
1.21863
1.21972
1.22088
1.2221
1.22337
1.22469
1.22606
1.22747
1.22891
1.23039
1.2319
1.23343
1.23498
1.23654
1.23812
1.2397
1.24128
1.24286
1.24443
1.24599
1.24753
1.24906
1.25057
1.25205
1.2535
1.25493
1.25631
1.25766
1.25897
1.26024
1.26146
1.26263
1.26375
1.26482
1.26583
1.26679
1.26769
1.26853
1.26931
1.27003
1.27069
1.27129
1.27182
1.27229
1.27269
1.27303
1.27331
1.27352
1.27367
1.27375
1.27377
1.27373
1.27363
1.27346
1.27324
1.27296
1.27263
1.27224
1.2718
1.2713
1.27075
1.27015
1.2695
1.26881
1.26807
1.26729
1.26647
1.26561
1.26471
1.26378
1.26282
1.26183
1.2608
1.25975
1.25867
1.25756
1.25643
1.25528
1.25411
1.25292
1.25171
1.25048
1.24924
1.24798
1.24671
1.24543
1.24413
1.24283
1.24151
1.24019
1.23885
1.23751
1.23616
1.2348
1.23343
1.23205
1.23066
1.22926
1.22785
1.22643
1.22501
1.22357
1.22212
1.22067
1.2192
1.21772
1.21623
1.21472
1.21321
1.21168
1.21014
1.20858
1.20701
1.20543
1.20383
1.20222
1.20059
1.19895
1.19729
1.19562
1.19393
1.19223
1.19051
1.18878
1.18703
1.18528
1.18351
1.18173
1.17994
1.17814
1.17633
1.17452
1.1727
1.17088
1.16906
1.16724
1.16542
1.1636
1.1618
1.16
1.15822
1.15645
1.1547
1.15297
1.15127
1.1496
1.14796
1.14635
1.14479
1.14326
1.14179
1.14036
1.13898
1.13766
1.1364
1.1352
1.13407
1.13301
1.13202
1.13112
1.13029
1.12955
1.12889
1.12832
1.12785
1.12747
1.12718
1.12699
1.12691
1.12692
1.12704
1.12725
1.12757
1.128
1.12852
1.12914
1.12987
1.13069
1.13161
1.13263
1.13373
1.13493
1.13622
1.13759
1.13904
1.14057
1.14217
1.14384
1.14558
1.14738
1.14923
1.15114
1.1531
1.1551
1.15713
1.1592
1.1613
1.16343
1.16557
1.16772
1.16988
1.17205
1.17422
1.17638
1.17853
1.18067
1.1828
1.1849
1.18698
1.18904
1.19106
1.19306
1.19501
1.19694
1.19882
1.20066
1.20245
1.2042
1.2059
1.20755
1.20915
1.2107
1.21219
1.21364
1.21502
1.21635
1.21763
1.21885
1.22001
1.22112
1.22217
1.22316
1.2241
1.22499
1.22582
1.22659
1.22731
1.22797
1.22859
1.22915
1.22966
1.23012
1.23053
1.23089
1.23121
1.23148
1.23171
1.23189
1.23203
1.23214
1.2322
1.23222
1.2322
1.23215
1.23207
1.23195
1.2318
1.23162
1.23141
1.23117
1.23091
1.23062
1.23031
1.22998
1.22962
1.22925
1.22887
1.22846
1.22804
1.2276
1.22716
1.2267
1.22623
1.22576
1.22527
1.22479
1.2243
1.22381
1.22332
1.22282
1.22233
1.22184
1.22135
1.22086
1.22038
1.21991
1.21944
1.21897
1.21852
1.21807
1.21763
1.2172
1.21678
1.21637
1.21597
1.21558
1.21521
1.21484
1.21449
1.21414
1.21381
1.2135
1.21319
1.2129
1.21262
1.21235
1.21209
1.21185
1.21162
1.2114
1.21119
1.21099
1.2108
1.21063
1.21047
1.21031
1.21017
1.21004
1.20991
1.2098
1.20969
1.20958
1.20949
1.2094
1.20931
1.20923
1.20916
1.20909
1.20902
1.20896
1.2089
1.20884
1.20879
1.20873
1.20868
1.20862
1.20856
1.2085
1.20844
1.20837
1.2083
1.20823
1.20815
1.20807
1.20799
1.20789
1.20779
1.20769
1.20757
1.20744
1.20731
1.20716
1.20701
1.20684
1.20667
1.20648
1.20629
1.20608
1.20586
1.20563
1.20538
1.20513
1.20486
1.20457
1.20428
1.20397
1.20365
1.20332
1.20297
1.20262
1.20224
1.20186
1.20146
1.20106
1.20064
1.20022
1.19978
1.19933
1.19888
1.19841
1.19794
1.19747
1.19698
1.19649
1.196
1.1955
1.195
1.1945
1.19399
1.19349
1.19298
1.19248
1.19198
1.19149
1.191
1.19052
1.19004
1.18958
1.18912
1.18867
1.18824
1.18781
1.1874
1.18701
1.18663
1.18627
1.18592
1.18559
1.18528
1.18499
1.18472
1.18447
1.18423
1.18402
1.18383
1.18366
1.18351
1.18338
1.18327
1.18319
1.18313
1.18309
1.18308
1.18308
1.18311
1.18316
1.18323
1.18332
1.18343
1.18356
1.18371
1.18387
1.18406
1.18426
1.18447
1.1847
1.18495
1.18521
1.18548
1.18576
1.18605
1.18635
1.18667
1.18698
1.18731
1.18764
1.18797
1.18831
1.18865
1.18899
1.18933
1.18967
1.19001
1.19035
1.19068
1.191
1.19133
1.19164
1.19195
1.19225
1.19254
1.19282
1.1931
1.19336
1.19361
1.19386
1.19409
1.1943
1.19451
1.1947
1.19488
1.19505
1.1952
1.19535
1.19548
1.1956
1.19571
1.19581
1.1959
1.19598
1.19606
1.19612
1.19619
1.19624
1.19629
1.19634
1.19639
1.19644
1.19649
1.19654
1.19659
1.19665
1.19672
1.19679
1.19688
1.19697
1.19708
1.1972
1.19733
1.19748
1.19765
1.19783
1.19803
1.19826
1.19851
1.19877
1.19907
1.19939
1.19973
1.2001
1.20049
1.20091
1.20135
1.20181
1.2023
1.20282
1.20335
1.20391
1.2045
1.2051
1.20572
1.20637
1.20703
1.20771
1.2084
1.20911
1.20983
1.21055
1.21129
1.21203
1.21278
1.21353
1.21428
1.21502
1.21576
1.2165
1.21722
1.21794
1.21864
1.21933
1.22
1.22066
1.2213
1.22191
1.2225
1.22307
1.22361
1.22412
1.2246
1.22504
1.22546
1.22584
1.22619
1.22649
1.22677
1.22701
1.2272
1.22736
1.22748
1.22756
1.2276
1.22759
1.22755
1.22746
1.22733
1.22715
1.22693
1.22667
1.22636
1.22601
1.22562
1.22518
1.2247
1.22419
1.22363
1.22303
1.22239
1.22172
1.22101
1.22026
1.21947
1.21865
1.21779
1.2169
1.21597
1.21501
1.21402
1.21301
1.21196
1.21089
1.20979
1.20866
1.20752
1.20636
1.20518
1.20398
1.20277
1.20155
1.20031
1.19906
1.19781
1.19656
1.1953
1.19404
1.19278
1.19153
1.19028
1.18904
1.1878
1.18658
1.18537
1.18418
1.18301
1.18185
1.18072
1.17961
1.17853
1.17747
1.17644
1.17544
1.17448
1.17354
1.17264
1.17178
1.17096
1.17017
1.16943
1.16873
1.16807
1.16745
1.16689
1.16636
1.16588
1.16545
1.16507
1.16474
1.16445
1.16421
1.16402
1.16388
1.16378
1.16374
1.16373
1.16378
1.16387
1.164
1.16418
1.1644
1.16466
1.16497
1.16531
1.16568
1.1661
1.16655
1.16703
1.16755
1.16809
1.16867
1.16927
1.16991
1.17056
1.17124
1.17195
1.17268
1.17342
1.17419
1.17498
1.17578
1.1766
1.17743
1.17828
1.17914
1.18002
1.1809
1.1818
1.1827
1.18361
1.18453
1.18546
1.1864
1.18734
1.18829
1.18925
1.19021
1.19118
1.19215
1.19313
1.19411
1.19509
1.19608
1.19708
1.19808
1.19908
1.20008
1.20109
1.20211
1.20312
1.20414
1.20516
1.20619
1.20721
1.20824
1.20926
1.21029
1.21132
1.21235
1.21337
1.2144
1.21542
1.21644
1.21746
1.21847
1.21948
1.22048
1.22147
1.22245
1.22343
1.22439
1.22534
1.22627
1.22719
1.2281
1.22898
1.22985
1.23069
1.23152
1.23232
1.23309
1.23384
1.23456
1.23525
1.23591
1.23654
1.23714
1.2377
1.23822
1.23871
1.23916
1.23956
1.23993
1.24026
1.24054
1.24078
1.24097
1.24112
1.24122
1.24128
1.24129
1.24125
1.24116
1.24103
1.24084
1.24062
1.24035
1.24003
1.23966
1.23925
1.23879
1.23829
1.23775
1.23716
1.23653
1.23586
1.23514
1.23439
1.2336
1.23277
1.23191
1.23101
1.23008
1.22912
1.22812
1.22709
1.22604
1.22496
1.22385
1.22272
1.22157
1.2204
1.21921
1.218
1.21677
1.21553
1.21428
1.21301
1.21174
1.21046
1.20917
1.20787
1.20658
1.20528
1.20398
1.20269
1.2014
1.20012
1.19885
1.19759
1.19635
1.19512
1.19391
1.19273
1.19157
1.19045
1.18935
1.18829
1.18728
1.1863
1.18537
1.1845
1.18367
1.1829
1.18218
1.18154
1.18096
1.18045
1.18002
1.17966
1.17939
1.17919
1.17909
1.17907
1.17914
1.17931
1.17957
1.17992
1.18037
1.18092
1.18156
1.1823
1.18313
1.18406
1.18508
1.1862
1.1874
1.18869
1.19007
1.19153
1.19308
1.19469
1.19638
1.19814
1.19997
1.20185
1.2038
1.20579
1.20784
1.20994
1.21208
1.21425
1.21646
1.2187
1.22096
1.22324
1.22554
1.22785
1.23017
1.2325
1.23483
1.23716
1.23948
1.2418
1.24412
1.24642
1.24871
1.25099
1.25325
1.25549
1.25772
1.25993
1.26212
1.26428
1.26642
1.26854
1.27064
1.27271
1.27475
1.27677
1.27876
1.28073
1.28267
1.28458
1.28646
1.28832
1.29015
1.29194
1.29371
1.29546
1.29717
1.29884
1.30049
1.30211
1.3037
1.30525
1.30677
1.30825
1.3097
1.31111
1.31248
1.31381
1.3151
1.31634
1.31754
1.3187
1.3198
1.32086
1.32186
1.32281
1.3237
1.32453
1.32529
1.32599
1.32663
1.3272
1.32769
1.32811
1.32846
1.32872
1.32891
1.32901
1.32903
1.32895
1.32879
1.32853
1.32817
1.32772
1.32716
1.3265
1.32573
1.32486
1.32388
1.3228
1.3216
1.32029
1.31887
1.31734
1.31569
1.31393
1.31206
1.31008
1.30798
1.30577
1.30345
1.30101
1.29847
1.29582
1.29306
1.2902
1.28724
1.28418
1.28103
1.27778
1.27444
1.27102
1.26751
1.26393
1.26027
1.25655
1.25276
1.2489
1.245
1.24104
1.23704
1.233
1.22893
1.22484
1.22072
1.2166
1.21246
1.20833
1.20421
1.20009
1.196
1.19194
1.18791
1.18393
1.17999
1.17611
1.17228
1.16853
1.16485
1.16125
1.15774
1.15432
1.151
1.14778
1.14468
1.14169
1.13882
1.13607
1.13345
1.13097
1.12862
1.12642
1.12436
1.12244
1.12068
1.11907
1.11761
1.1163
1.11515
1.11415
1.11331
1.11263
1.1121
1.11172
1.1115
1.11142
1.1115
1.11172
1.11209
1.1126
1.11324
1.11402
1.11493
1.11596
1.11712
1.11839
1.11977
1.12126
1.12286
1.12454
1.12631
1.12817
1.13011
1.13211
1.13419
1.13632
1.1385
1.14073
1.143
1.14531
1.14764
1.14999
1.15235
1.15472
1.1571
1.15947
1.16183
1.16417
1.1665
1.1688
1.17107
1.1733
1.17549
1.17764
1.17973
1.18178
1.18376
1.18569
1.18756
1.18935
1.19108
1.19274
1.19432
1.19583
1.19726
1.19861
1.19987
1.20106
1.20216
1.20317
1.2041
1.20495
1.20571
1.20639
1.20699
1.2075
1.20793
1.20828
1.20855
1.20874
1.20885
1.20889
1.20886
1.20876
1.20859
1.20836
1.20807
1.20772
1.20732
1.20686
1.20635
1.2058
1.2052
1.20457
1.20389
1.20319
1.20245
1.20169
1.2009
1.20009
1.19927
1.19843
1.19758
1.19672
1.19586
1.19499
1.19412
1.19325
1.19238
1.19152
1.19067
1.18983
1.189
1.18817
1.18736
1.18657
1.18579
1.18503
1.18429
1.18356
1.18286
1.18217
1.18149
1.18084
1.1802
1.17959
1.17898
1.1784
1.17783
1.17728
1.17675
1.17624
1.17574
1.17525
1.17478
1.17433
1.17389
1.17347
1.17306
1.17266
1.17228
1.17191
1.17156
1.17121
1.17089
1.17057
1.17027
1.16998
1.16971
1.16945
1.1692
1.16897
1.16875
1.16855
1.16837
1.16821
1.16806
1.16793
1.16783
1.16774
1.16767
1.16763
1.16761
1.16761
1.16764
1.16769
1.16778
1.16789
1.16803
1.16821
1.16842
1.16866
1.16894
1.16925
1.16961
1.17
1.17043
1.17091
1.17143
1.17199
1.1726
1.17325
1.17395
1.1747
1.1755
1.17635
1.17726
1.17821
1.17922
1.18029
1.18141
1.18259
1.18382
1.18511
1.18645
1.18786
1.18932
1.19084
1.19242
1.19406
1.19576
1.19752
1.19934
1.20122
1.20316
1.20515
1.20721
1.20933
1.2115
1.21373
1.21603
1.21838
1.22078
1.22325
1.22577
1.22834
1.23098
1.23366
1.2364
1.23919
1.24203
1.24492
1.24785
1.25084
1.25386
1.25693
1.26004
1.26319
1.26637
1.26959
1.27285
1.27613
1.27944
1.28278
1.28614
1.28952
1.29292
1.29633
1.29975
1.30319
1.30663
1.31007
1.31352
1.31696
1.32039
1.32381
1.32722
1.33061
1.33398
1.33733
1.34064
1.34393
1.34719
1.35041
1.35358
1.35671
1.35979
1.36282
1.36579
1.3687
1.37154
1.37432
1.37703
1.37967
1.38223
1.38471
1.3871
1.38942
1.39164
1.39377
1.39581
1.39775
1.39959
1.40133
1.40297
1.4045
1.40593
1.40724
1.40843
1.40951
1.41047
1.41132
1.41204
1.41264
1.41311
1.41346
1.41368
1.41377
1.41373
1.41356
1.41325
1.41282
1.41225
1.41155
1.41071
1.40973
1.40862
1.40737
1.40599
1.40447
1.40282
1.40103
1.39911
1.39706
1.39487
1.39256
1.39012
1.38755
1.38486
1.38205
1.37911
1.37606
1.3729
1.36962
1.36624
1.36275
1.35916
1.35548
1.3517
1.34783
1.34388
1.33986
1.33576
1.33159
1.32736
1.32308
1.31873
1.31434
1.30991
1.30544
1.30093
1.2964
1.29184
1.28726
1.28267
1.27806
1.27345
1.26884
1.26423
1.25962
1.25502
1.25043
1.24586
1.2413
1.23676
1.23225
1.22775
1.22327
1.21881
1.21438
1.20998
1.20559
1.20123
1.19689
1.19257
1.18828
1.18401
1.17976
1.17552
1.17131
1.16712
1.16294
1.15878
1.15464
1.15052
1.14641
1.14232
1.13824
1.13418
1.13014
1.12612
1.12211
1.11813
1.11417
1.11023
1.10632
1.10244
1.0986
1.09479
1.09102
1.08729
1.08361
1.07999
1.07642
1.07291
1.06948
1.06611
1.06282
1.05962
1.0565
1.05349
1.05057
1.04777
1.04507
1.0425
1.04005
1.03773
1.03555
1.03351
1.03161
1.02987
1.02829
1.02686
1.0256
1.02451
1.02359
1.02284
1.02227
1.02189
1.02168
1.02165
1.0218
1.02213
1.02264
1.02333
1.02419
1.02523
1.02643
1.0278
1.02933
1.03102
1.03287
1.03486
1.03699
1.03925
1.04164
1.04415
1.04678
1.04951
1.05234
1.05527
1.05828
1.06136
1.06452
1.06774
1.07101
1.07433
1.07769
1.08109
1.08451
1.08795
1.09141
1.09488
1.09835
1.10182
1.10528
1.10873
1.11215
1.11556
1.11893
1.12228
1.12559
1.12885
1.13208
1.13526
1.1384
1.14148
1.14451
1.14749
1.15041
1.15327
1.15608
1.15882
1.16149
1.16411
1.16666
1.16915
1.17157
1.17393
1.17623
1.17845
1.18062
1.18272
1.18475
1.18672
1.18863
1.19047
1.19225
1.19397
1.19563
1.19722
1.19876
1.20023
1.20165
1.20301
1.20431
1.20556
1.20674
1.20788
1.20896
1.20998
1.21095
1.21187
1.21274
1.21356
1.21433
1.21505
1.21572
1.21634
1.21691
1.21744
1.21793
1.21837
1.21877
1.21913
1.21944
1.21972
1.21996
1.22015
1.22031
1.22042
1.2205
1.22054
1.22054
1.2205
1.22043
1.22031
1.22016
1.21998
1.21975
1.21949
1.2192
1.21887
1.21851
1.21811
1.21768
1.21721
1.21671
1.21617
1.2156
1.215
1.21436
1.2137
1.213
1.21228
1.21153
1.21075
1.20995
1.20912
1.20828
1.20741
1.20652
1.20562
1.20471
1.20378
1.20285
1.2019
1.20096
1.20001
1.19907
1.19812
1.19719
1.19627
1.19536
1.19448
1.19361
1.19278
1.19197
1.1912
1.19046
1.18976
1.18911
1.1885
1.18794
1.18744
1.18699
1.1866
1.18628
1.18602
1.18582
1.1857
1.18564
1.18565
1.18573
1.18589
1.18612
1.18641
1.18678
1.18722
1.18773
1.18831
1.18895
1.18966
1.19043
1.19127
1.19216
1.19311
1.19411
1.19516
1.19626
1.1974
1.19859
1.19981
1.20107
1.20237
1.20369
1.20504
1.20641
1.2078
1.20921
1.21064
1.21208
1.21352
1.21498
1.21643
1.21789
1.21935
1.22081
1.22227
1.22372
1.22516
1.2266
1.22803
1.22944
1.23085
1.23225
1.23363
1.23501
1.23637
1.23772
1.23905
1.24037
1.24168
1.24298
1.24427
1.24554
1.2468
1.24805
1.24929
1.25052
1.25174
1.25295
1.25415
1.25534
1.25652
1.25769
1.25886
1.26001
1.26116
1.26229
1.26342
1.26453
1.26564
1.26673
1.26781
1.26888
1.26993
1.27097
1.272
1.273
1.27399
1.27496
1.27591
1.27684
1.27775
1.27863
1.27949
1.28032
1.28112
1.28189
1.28262
1.28332
1.28398
1.28459
1.28516
1.28569
1.28618
1.28661
1.28699
1.28733
1.2876
1.28782
1.28798
1.28809
1.28813
1.28811
1.28802
1.28787
1.28765
1.28736
1.287
1.28657
1.28607
1.2855
1.28485
1.28412
1.28332
1.28245
1.2815
1.28048
1.27938
1.2782
1.27696
1.27563
1.27424
1.27277
1.27122
1.26961
1.26792
1.26616
1.26434
1.26245
1.2605
1.25848
1.2564
1.25426
1.25207
1.24981
1.24751
1.24515
1.24275
1.2403
1.23781
1.23528
1.23272
1.23012
1.22749
1.22484
1.22216
1.21946
1.21675
1.21402
1.21128
1.20854
1.20579
1.20305
1.20031
1.19758
1.19486
1.19216
1.18948
1.18683
1.1842
1.1816
1.17905
1.17653
1.17406
1.17163
1.16926
1.16695
1.1647
1.16251
1.16038
1.15833
1.15635
1.15444
1.15262
1.15087
1.14921
1.14763
1.14615
1.14475
1.14344
1.14223
1.14111
1.14009
1.13916
1.13834
1.13761
1.13698
1.13645
1.13602
1.13569
1.13546
1.13532
1.13527
1.13533
1.13547
1.13571
1.13604
1.13646
1.13697
1.13756
1.13823
1.13898
1.13981
1.14071
1.14168
1.14273
1.14384
1.14501
1.14625
1.14754
1.14889
1.15029
1.15173
1.15322
1.15475
1.15632
1.15793
1.15956
1.16122
1.16291
1.16462
1.16636
1.16811
1.16987
1.17166
1.17345
1.17525
1.17705
1.17886
1.18067
1.18248
1.18429
1.18609
1.18789
1.18968
1.19146
1.19324
1.195
1.19676
1.19851
1.20024
1.20196
1.20367
1.20537
1.20706
1.20874
1.2104
1.21206
1.21371
1.21535
1.21698
1.2186
1.22023
1.22185
1.22347
1.22509
1.22671
1.22834
1.22997
1.23161
1.23326
1.23493
1.23661
1.23831
1.24004
1.24178
1.24356
1.24536
1.24719
1.24905
1.25094
1.25286
1.25483
1.25683
1.25886
1.26094
1.26305
1.2652
1.26739
1.26961
1.27187
1.27417
1.2765
1.27886
1.28126
1.28368
1.28613
1.2886
1.29109
1.2936
1.29612
1.29865
1.30118
1.30371
1.30623
1.30874
1.31123
1.3137
1.31615
1.31856
1.32093
1.32326
1.32555
1.32777
1.32994
1.33205
1.33409
1.33605
1.33793
1.33973
1.34144
1.34307
1.3446
1.34603
1.34736
1.34858
1.3497
1.35071
1.35161
1.35239
1.35306
1.35361
1.35405
1.35437
1.35456
1.35464
1.3546
1.35444
1.35416
1.35376
1.35324
1.35261
1.35186
1.351
1.35003
1.34895
1.34777
1.34648
1.3451
1.34361
1.34203
1.34036
1.3386
1.33675
1.33482
1.33282
1.33073
1.32858
1.32635
1.32407
1.32173
1.31933
1.31688
1.31439
1.31185
1.30928
1.30668
1.30405
1.30139
1.29872
1.29602
1.29332
1.29062
1.28791
1.2852
1.2825
1.2798
1.27712
1.27446
1.27182
1.2692
1.26661
1.26406
1.26155
1.25907
1.25663
1.25424
1.2519
1.24961
1.24737
1.24519
1.24307
1.241
1.239
1.23706
1.23518
1.23337
1.23162
1.22994
1.22833
1.22678
1.2253
1.22389
1.22254
1.22125
1.22002
1.21886
1.21776
1.21671
1.21572
1.21479
1.21391
1.21307
1.21229
1.21155
1.21084
1.21018
1.20955
1.20895
1.20838
1.20784
1.20731
1.2068
1.20631
1.20583
1.20535
1.20488
1.20441
1.20394
1.20347
1.20299
1.2025
1.202
1.20148
1.20094
1.20039
1.19981
1.19921
1.19859
1.19794
1.19726
1.19655
1.1958
1.19503
1.19422
1.19338
1.1925
1.19159
1.19064
1.18966
1.18864
1.18758
1.18649
1.18537
1.18421
1.18301
1.18179
1.18053
1.17924
1.17792
1.17657
1.1752
1.1738
1.17238
1.17094
1.16948
1.168
1.16651
1.165
1.16349
1.16197
1.16045
1.15892
1.1574
1.15588
1.15437
1.15287
1.15139
1.14992
1.14848
1.14705
1.14565
1.14429
1.14295
1.14165
1.14039
1.13918
1.138
1.13688
1.1358
1.13478
1.1338
1.13289
1.13204
1.13124
1.13051
1.12984
1.12924
1.12871
1.12824
1.12784
1.12752
1.12727
1.12709
1.12698
1.12694
1.12699
1.1271
1.12729
1.12755
1.12788
1.12829
1.12876
1.12931
1.12993
1.13061
1.13137
1.13219
1.13307
1.13402
1.13504
1.13612
1.13725
1.13844
1.13969
1.14099
1.14235
1.14375
1.1452
1.1467
1.14825
1.14984
1.15146
1.15313
1.15484
1.15658
1.15835
1.16015
1.16198
1.16383
1.16572
1.16763
1.16955
1.1715
1.17347
1.17545
1.17745
1.17946
1.18148
1.1835
1.18554
1.18758
1.18963
1.19168
1.19372
1.19577
1.19782
1.19986
1.20189
1.20392
1.20594
1.20795
1.20995
1.21193
1.2139
1.21585
1.21778
1.2197
1.22159
1.22346
1.2253
1.22712
1.22891
1.23067
1.23241
1.23411
1.23578
1.23741
1.239
1.24056
1.24208
1.24355
1.24498
1.24636
1.24771
1.249
1.25024
1.25143
1.25257
1.25365
1.25468
1.25565
1.25657
1.25742
1.25822
1.25896
1.25964
1.26026
1.26081
1.2613
1.26173
1.26209
1.26239
1.26262
1.26279
1.26289
1.26292
1.2629
1.26281
1.26265
1.26243
1.26215
1.2618
1.26139
1.26092
1.26038
1.25978
1.25912
1.2584
1.25762
1.25679
1.2559
1.25495
1.25395
1.25289
1.25179
1.25063
1.24942
1.24817
1.24687
1.24553
1.24415
1.24272
1.24126
1.23977
1.23824
1.23668
1.23509
1.23347
1.23183
1.23017
1.22849
1.22679
1.22507
1.22334
1.22161
1.21987
1.21813
1.21638
1.21464
1.2129
1.21116
1.20944
1.20773
1.20604
1.20436
1.20271
1.20108
1.19948
1.1979
1.19636
1.19485
1.19338
1.19194
1.19055
1.1892
1.18789
1.18664
1.18543
1.18428
1.18318
1.18214
1.18115
1.18022
1.17935
1.17854
1.17779
1.1771
1.17648
1.17592
1.17542
1.17498
1.1746
1.17428
1.17403
1.17383
1.1737
1.17362
1.1736
1.17363
1.17372
1.17385
1.17404
1.17427
1.17454
1.17486
1.17522
1.17561
1.17604
1.1765
1.17698
1.17749
1.17802
1.17856
1.17912
1.17969
1.18026
1.18084
1.18141
1.18198
1.18255
1.1831
1.18364
1.18417
1.18467
1.18515
1.1856
1.18602
1.1864
1.18675
1.18706
1.18733
1.18756
1.18774
1.18787
1.18796
1.18799
1.18798
1.18791
1.18779
1.18762
1.18739
1.18711
1.18677
1.18637
1.18592
1.18542
1.18486
1.18425
1.1836
1.18289
1.18213
1.18133
1.18048
1.17959
1.17867
1.1777
1.17671
1.17569
1.17464
1.17356
1.17247
1.17136
1.17024
1.1691
1.16796
1.16682
1.16568
1.16454
1.16341
1.1623
1.1612
