-6.77623
-6.77713
-6.77832
-6.7798
-6.78059
-6.7823
-6.78332
-6.78363
-6.78454
-6.7857
-6.78648
-6.78718
-6.78813
-6.78933
-6.78948
-6.78955
-6.78985
-6.79006
-6.78953
-6.7902
-6.79012
-6.78994
-6.78933
-6.78861
-6.78811
-6.78782
-6.78742
-6.78625
-6.7853
-6.78455
-6.78369
-6.78238
-6.78129
-6.77943
-6.77778
-6.77602
-6.77414
-6.77248
-6.7704
-6.76788
-6.76527
-6.76322
-6.76076
-6.75853
-6.75591
-6.75387
-6.75144
-6.74896
-6.7458
-6.74227
-6.73969
-6.73677
-6.73352
-6.72962
-6.72639
-6.72319
-6.72067
-6.7182
-6.71612
-6.71313
-6.71087
-6.70903
-6.70664
-6.70437
-6.70124
-6.69987
-6.69799
-6.69657
-6.69467
-6.69325
-6.69264
-6.69221
-6.69164
-6.69059
-6.68973
-6.68906
-6.68889
-6.68891
-6.68945
-6.69049
-6.69139
-6.69182
-6.69275
-6.69417
-6.69512
-6.69655
-6.69813
-6.7005
-6.70334
-6.70599
-6.70843
-6.71034
-6.71333
-6.71544
-6.71764
-6.71895
-6.72161
-6.72369
-6.72647
-6.72896
-6.73149
-6.73339
-6.73628
-6.7395
-6.74239
-6.74528
-6.74815
-6.75132
-6.75413
-6.75626
-6.75867
-6.76169
-6.76432
-6.7669
-6.76942
-6.77154
-6.77522
-6.77689
-6.7788
-6.78096
-6.78402
-6.78602
-6.78762
-6.78913
-6.79055
-6.79253
-6.79442
-6.79557
-6.79664
-6.79826
-6.79946
-6.80057
-6.80191
-6.80283
-6.80431
-6.80504
-6.80568
-6.8059
-6.80733
-6.80768
-6.80795
-6.80748
-6.80756
-6.8082
-6.80811
-6.80793
-6.80798
-6.80698
-6.80687
-6.80732
-6.80608
-6.80541
-6.80467
-6.8045
-6.80329
-6.80299
-6.80165
-6.80057
-6.79944
-6.79857
-6.79668
-6.79539
-6.79308
-6.79138
-6.79062
-6.79014
-6.78866
-6.78715
-6.78529
-6.78341
-6.7815
-6.78023
-6.77862
-6.77732
-6.77536
-6.77339
-6.77076
-6.76879
-6.76713
-6.76611
-6.76445
-6.76312
-6.76114
-6.7598
-6.75783
-6.7565
-6.75486
-6.75386
-6.75158
-6.74994
-6.74863
-6.74701
-6.74507
-6.74312
-6.74118
-6.73957
-6.73731
-6.73569
-6.73407
-6.73278
-6.73019
-6.72888
-6.72693
-6.72562
-6.72365
-6.72232
-6.72034
-6.71867
-6.71667
-6.71433
-6.71327
-6.71091
-6.7095
-6.70743
-6.706
-6.70423
-6.70245
-6.70097
-6.69916
-6.69798
-6.69581
-6.69396
-6.69208
-6.68988
-6.6883
-6.6864
-6.6848
-6.68287
-6.68093
-6.67833
-6.67605
-6.67441
-6.67179
-6.66982
-6.66752
-6.66489
-6.66292
-6.66062
-6.65801
-6.65508
-6.65314
-6.6512
-6.64895
-6.64704
-6.64515
-6.64263
-6.64046
-6.63863
-6.63684
-6.63442
-6.63204
-6.63001
-6.62835
-6.62737
-6.62579
-6.62426
-6.62277
-6.62167
-6.62061
-6.61898
-6.6174
-6.61653
-6.61508
-6.61467
-6.61434
-6.61311
-6.61163
-6.61121
-6.61022
-6.60964
-6.60948
-6.60908
-6.60812
-6.60758
-6.60779
-6.6081
-6.60851
-6.60902
-6.60899
-6.60971
-6.61053
-6.61082
-6.61186
-6.61269
-6.6133
-6.61435
-6.61583
-6.61677
-6.61814
-6.61962
-6.62121
-6.62289
-6.62436
-6.62592
-6.62759
-6.62967
-6.63185
-6.63444
-6.63712
-6.63955
-6.64239
-6.64563
-6.64765
-6.65071
-6.65351
-6.65604
-6.65863
-6.6616
-6.66429
-6.66734
-6.66979
-6.67291
-6.67639
-6.67989
-6.68373
-6.68661
-6.68951
-6.69305
-6.69627
-6.69916
-6.70269
-6.70587
-6.70872
-6.71154
-6.71466
-6.71807
-6.7208
-6.72349
-6.72647
-6.72907
-6.7326
-6.73575
-6.73853
-6.7419
-6.74423
-6.74715
-6.74969
-6.75183
-6.75424
-6.75625
-6.75883
-6.76135
-6.76347
-6.76616
-6.76781
-6.77003
-6.7725
-6.77457
-6.77656
-6.77816
-6.78
-6.78145
-6.78346
-6.78508
-6.78631
-6.78713
-6.78821
-6.78986
-6.79079
-6.79165
-6.79277
-6.79317
-6.79351
-6.7941
-6.79496
-6.79542
-6.79615
-6.79617
-6.79743
-6.79733
-6.79815
-6.79827
-6.79801
-6.79801
-6.79764
-6.79754
-6.79675
-6.79687
-6.79695
-6.79666
-6.79632
-6.79626
-6.79745
-6.79697
-6.79646
-6.79557
-6.79498
-6.79466
-6.79463
-6.79391
-6.79315
-6.79235
-6.79152
-6.79065
-6.7904
-6.7901
-6.78848
-6.78716
-6.78644
-6.78505
-6.78395
-6.7825
-6.78102
-6.78016
-6.77927
-6.77803
-6.77677
-6.77484
-6.77418
-6.77318
-6.77183
-6.77079
-6.76941
-6.76769
-6.76563
-6.76388
-6.76276
-6.76164
-6.76018
-6.75839
-6.75692
-6.75512
-6.75396
-6.7528
-6.75067
-6.74952
-6.74772
-6.7456
-6.74348
-6.74138
-6.7396
-6.73816
-6.73641
-6.73467
-6.73327
-6.73156
-6.73018
-6.72851
-6.7275
-6.72748
-6.72651
-6.72492
-6.72368
-6.72215
-6.72128
-6.72045
-6.71933
-6.71823
-6.71717
-6.71614
-6.71546
-6.7145
-6.71325
-6.71204
-6.7112
-6.71006
-6.70962
-6.70825
-6.70757
-6.70725
-6.70698
-6.70643
-6.70592
-6.70546
-6.7057
-6.70533
-6.70469
-6.70377
-6.70354
-6.70304
-6.70291
-6.70348
-6.70409
-6.70411
-6.70449
-6.70525
-6.70573
-6.70528
-6.7052
-6.70582
-6.70551
-6.70556
-6.70599
-6.70645
-6.70631
-6.70686
-6.70777
-6.7084
-6.70939
-6.71008
-6.71017
-6.71093
-6.71141
-6.71224
-6.71375
-6.71431
-6.71523
-6.71715
-6.71844
-6.71943
-6.72045
-6.72181
-6.72319
-6.72362
-6.72536
-6.72647
-6.72727
-6.72841
-6.72989
-6.73137
-6.73222
-6.7334
-6.73425
-6.7348
-6.73696
-6.7375
-6.73837
-6.73989
-6.74173
-6.74291
-6.74441
-6.74526
-6.74674
-6.74659
-6.74675
-6.74787
-6.74897
-6.75037
-6.75175
-6.75278
-6.75378
-6.75507
-6.75601
-6.7566
-6.75779
-6.75862
-6.7578
-6.75855
-6.75958
-6.76025
-6.76054
-6.76046
-6.76033
-6.76047
-6.76056
-6.7606
-6.76123
-6.7618
-6.76231
-6.76244
-6.76251
-6.7622
-6.76247
-6.76202
-6.76184
-6.76257
-6.76227
-6.76222
-6.76243
-6.76162
-6.76106
-6.75947
-6.75814
-6.75773
-6.75693
-6.75542
-6.75516
-6.75321
-6.75219
-6.75143
-6.7503
-6.74815
-6.74691
-6.74531
-6.7443
-6.74293
-6.74119
-6.73908
-6.73791
-6.73637
-6.73415
-6.73286
-6.73122
-6.72923
-6.7272
-6.72515
-6.72307
-6.72065
-6.71917
-6.71768
-6.71553
-6.71368
-6.71182
-6.70962
-6.70838
-6.70617
-6.70395
-6.70139
-6.70014
-6.69823
-6.69664
-6.69505
-6.69346
-6.69123
-6.68965
-6.68775
-6.68618
-6.68429
-6.68241
-6.68021
-6.67868
-6.67682
-6.67531
-6.67283
-6.67068
-6.66952
-6.6674
-6.66595
-6.6645
-6.66274
-6.66131
-6.65893
-6.65688
-6.65516
-6.65378
-6.65176
-6.65073
-6.64906
-6.64869
-6.64704
-6.64541
-6.6441
-6.64281
-6.64089
-6.63897
-6.63675
-6.63551
-6.63461
-6.63308
-6.63123
-6.63005
-6.62791
-6.62675
-6.62529
-6.62352
-6.62241
-6.62035
-6.61928
-6.61791
-6.61624
-6.61458
-6.6136
-6.612
-6.61042
-6.60919
-6.60702
-6.60553
-6.60375
-6.60297
-6.60158
-6.60054
-6.59955
-6.59827
-6.59767
-6.59712
-6.59596
-6.59517
-6.59508
-6.5947
-6.59438
-6.59378
-6.59323
-6.59339
-6.59294
-6.59255
-6.5919
-6.59194
-6.59205
-6.59188
-6.59178
-6.59173
-6.59207
-6.59182
-6.59164
-6.59216
-6.59242
-6.59275
-6.59313
-6.59326
-6.59344
-6.59433
-6.59496
-6.59566
-6.59673
-6.59755
-6.5981
-6.59839
-6.5997
-6.60076
-6.60187
-6.60337
-6.60525
-6.60686
-6.60821
-6.60961
-6.6114
-6.6126
-6.61385
-6.61613
-6.61783
-6.61893
-6.62073
-6.62292
-6.62549
-6.62746
-6.62916
-6.63092
-6.63306
-6.63655
-6.6388
-6.64111
-6.64412
-6.64685
-6.64868
-6.65087
-6.65313
-6.65575
-6.65779
-6.66084
-6.66395
-6.66743
-6.67032
-6.67358
-6.67754
-6.68089
-6.68365
-6.68743
-6.69061
-6.69415
-6.69708
-6.70103
-6.70437
-6.70743
-6.71116
-6.71493
-6.71808
-6.72191
-6.72577
-6.72901
-6.73259
-6.73716
-6.74078
-6.74473
-6.7487
-6.75203
-6.75569
-6.75838
-6.7614
-6.76538
-6.76838
-6.77267
-6.77597
-6.77926
-6.78284
-6.78705
-6.79091
-6.79377
-6.79756
-6.80131
-6.80502
-6.80804
-6.81101
-6.81424
-6.81872
-6.82055
-6.82264
-6.82629
-6.82987
-6.8324
-6.83583
-6.83886
-6.84149
-6.84371
-6.84682
-6.84919
-6.85114
-6.85301
-6.85478
-6.85677
-6.85867
-6.8608
-6.86249
-6.86409
-6.86558
-6.866
-6.86695
-6.8678
-6.86918
-6.87013
-6.87097
-6.8717
-6.87231
-6.87281
-6.87223
-6.8725
-6.87169
-6.87141
-6.87231
-6.87244
-6.87247
-6.87109
-6.87024
-6.86993
-6.86918
-6.86832
-6.86735
-6.86595
-6.86477
-6.86316
-6.86176
-6.86026
-6.85833
-6.8563
-6.85482
-6.85259
-6.85091
-6.84881
-6.84662
-6.84402
-6.84133
-6.83888
-6.83634
-6.8334
-6.8307
-6.8276
-6.82443
-6.82314
-6.82015
-6.81711
-6.81465
-6.81083
-6.80729
-6.80466
-6.80101
-6.79765
-6.79424
-6.79046
-6.78795
-6.78411
-6.78089
-6.77732
-6.77439
-6.77078
-6.76652
-6.7629
-6.75928
-6.75533
-6.75138
-6.74745
-6.74352
-6.74026
-6.73638
-6.73284
-6.72933
-6.72553
-6.72177
-6.71902
-6.71632
-6.71302
-6.70977
-6.70593
-6.70281
-6.69974
-6.6974
-6.69383
-6.69034
-6.68789
-6.68488
-6.6826
-6.67976
-6.67766
-6.67532
-6.6734
-6.67125
-6.66823
-6.66563
-6.66345
-6.6617
-6.66102
-6.66012
-6.65868
-6.65701
-6.65609
-6.65463
-6.65294
-6.65232
-6.65181
-6.65107
-6.65043
-6.6502
-6.64942
-6.64873
-6.64845
-6.64826
-6.64815
-6.64811
-6.64816
-6.64828
-6.64815
-6.64841
-6.64938
-6.64977
-6.65054
-6.65201
-6.65256
-6.65283
-6.65347
-6.65415
-6.65486
-6.65592
-6.65669
-6.6578
-6.6586
-6.6591
-6.66025
-6.66141
-6.66225
-6.66309
-6.66328
-6.66378
-6.66491
-6.66604
-6.66649
-6.66725
-6.66798
-6.66901
-6.66968
-6.67032
-6.6706
-6.67083
-6.67103
-6.67151
-6.67259
-6.67266
-6.67235
-6.67231
-6.67255
-6.67274
-6.6732
-6.67295
-6.67168
-6.67165
-6.67189
-6.67175
-6.67188
-6.67163
-6.67133
-6.6713
-6.67122
-6.67076
-6.67025
-6.66969
-6.67005
-6.6694
-6.66838
-6.66796
-6.66685
-6.6657
-6.66517
-6.66395
-6.66302
-6.66206
-6.6614
-6.66039
-6.65903
-6.65798
-6.6569
-6.65549
-6.65406
-6.65328
-6.65216
-6.65039
-6.64894
-6.64782
-6.6467
-6.64559
-6.64514
-6.64373
-6.64298
-6.64161
-6.64123
-6.64055
-6.64022
-6.63927
-6.639
-6.63876
-6.63792
-6.63743
-6.63667
-6.63594
-6.63525
-6.63461
-6.63402
-6.63444
-6.63329
-6.63317
-6.63245
-6.63178
-6.63148
-6.6306
-6.63073
-6.6306
-6.62987
-6.62984
-6.63019
-6.62994
-6.63039
-6.63058
-6.63016
-6.63174
-6.63208
-6.63214
-6.63258
-6.63241
-6.63294
-6.63352
-6.63414
-6.63545
-6.63583
-6.63593
-6.63705
-6.6369
-6.63744
-6.63867
-6.63928
-6.63993
-6.64191
-6.6436
-6.64467
-6.64641
-6.64819
-6.64935
-6.65086
-6.65272
-6.65331
-6.65425
-6.65554
-6.65685
-6.65786
-6.65922
-6.65995
-6.66167
-6.66309
-6.6655
-6.66696
-6.66812
-6.66993
-6.67145
-6.67266
-6.67388
-6.67545
-6.67736
-6.67993
-6.68155
-6.68351
-6.68549
-6.68715
-6.68883
-6.6902
-6.69159
-6.69266
-6.69407
-6.69582
-6.6979
-6.69934
-6.70112
-6.70259
-6.70438
-6.70618
-6.70863
-6.71109
-6.7129
-6.71472
-6.71621
-6.71737
-6.71918
-6.72066
-6.72246
-6.72457
-6.72634
-6.72745
-6.72855
-6.7306
-6.73264
-6.73432
-6.73566
-6.73665
-6.7389
-6.7408
-6.74202
-6.74384
-6.74628
-6.74739
-6.74877
-6.75011
-6.75141
-6.75265
-6.75385
-6.75499
-6.75608
-6.75679
-6.75745
-6.75869
-6.75956
-6.76133
-6.76176
-6.76245
-6.76339
-6.76396
-6.76446
-6.76523
-6.76594
-6.76691
-6.76717
-6.76803
-6.76883
-6.76861
-6.76833
-6.76833
-6.76698
-6.76688
-6.76674
-6.76623
-6.76633
-6.7664
-6.7661
-6.76545
-6.76509
-6.76406
-6.76366
-6.76355
-6.76311
-6.76169
-6.76219
-6.76172
-6.76092
-6.76109
-6.76158
-6.76176
-6.76096
-6.7605
-6.75973
-6.75929
-6.75854
-6.75813
-6.75773
-6.75768
-6.75796
-6.75762
-6.7573
-6.75733
-6.75705
-6.75712
-6.75785
-6.75764
-6.75713
-6.75761
-6.75681
-6.75668
-6.75657
-6.75647
-6.75606
-6.75503
-6.75465
-6.7546
-6.75425
-6.75454
-6.75485
-6.75483
-6.75482
-6.75481
-6.75448
-6.75415
-6.75381
-6.75378
-6.75343
-6.75371
-6.75366
-6.75328
-6.75255
-6.75213
-6.75235
-6.75222
-6.7511
-6.75126
-6.75107
-6.75118
-6.75127
-6.75069
-6.74944
-6.74946
-6.74913
-6.74877
-6.74839
-6.74798
-6.7469
-6.74612
-6.74563
-6.74512
-6.74458
-6.74337
-6.74278
-6.74185
-6.74154
-6.7412
-6.74117
-6.74047
-6.73976
-6.73934
-6.73826
-6.73781
-6.73702
-6.73655
-6.73573
-6.7349
-6.73439
-6.73322
-6.73204
-6.73118
-6.72967
-6.72847
-6.72728
-6.72641
-6.72587
-6.72501
-6.72383
-6.72266
-6.7215
-6.72003
-6.71889
-6.7181
-6.71797
-6.71689
-6.71615
-6.71545
-6.71412
-6.71314
-6.71283
-6.71256
-6.71199
-6.71146
-6.71096
-6.7105
-6.71072
-6.71001
-6.70935
-6.7084
-6.70846
-6.70824
-6.70807
-6.70827
-6.70754
-6.70718
-6.7072
-6.70791
-6.70769
-6.70818
-6.70839
-6.70864
-6.70927
-6.71027
-6.71067
-6.71079
-6.71128
-6.71246
-6.71271
-6.71268
-6.71366
-6.71403
-6.71477
-6.71586
-6.71699
-6.71751
-6.71741
-6.71864
-6.71989
-6.72149
-6.72344
-6.72411
-6.72481
-6.72552
-6.72657
-6.7273
-6.72804
-6.72976
-6.73116
-6.73223
-6.7333
-6.73404
-6.73478
-6.7355
-6.73685
-6.73689
-6.73821
-6.73918
-6.74045
-6.74007
-6.74064
-6.74149
-6.74167
-6.74213
-6.74352
-6.74325
-6.74358
-6.74484
-6.74508
-6.74559
-6.74541
-6.74646
-6.74682
-6.74745
-6.74769
-6.74788
-6.74769
-6.74776
-6.74745
-6.74741
-6.74698
-6.74682
-6.74693
-6.74601
-6.746
-6.74562
-6.74518
-6.74437
-6.74447
-6.7442
-6.74388
-6.74352
-6.74311
-6.74233
-6.7415
-6.74064
-6.7391
-6.73816
-6.73687
-6.73555
-6.73484
-6.73411
-6.73336
-6.73258
-6.7321
-6.73096
-6.72948
-6.72896
-6.72811
-6.72692
-6.72572
-6.72452
-6.72364
-6.72211
-6.72058
-6.72003
-6.71883
-6.71797
-6.71711
-6.71561
-6.71477
-6.71329
-6.71183
-6.71103
-6.70927
-6.70753
-6.70645
-6.70572
-6.70468
-6.70301
-6.70233
-6.70102
-6.70103
-6.69976
-6.69883
-6.69793
-6.69704
-6.69617
-6.69435
-6.69353
-6.69304
-6.69193
-6.69084
-6.69073
-6.69065
-6.68994
-6.68924
-6.68792
-6.68758
-6.68662
-6.68535
-6.68377
-6.68286
-6.6823
-6.68174
-6.68088
-6.68004
-6.68018
-6.67969
-6.67954
-6.68006
-6.67961
-6.67951
-6.67975
-6.67903
-6.67897
-6.67861
-6.67891
-6.67857
-6.67794
-6.67732
-6.67736
-6.67677
-6.67652
-6.67693
-6.67704
-6.67749
-6.6773
-6.67843
-6.67829
-6.67848
-6.67837
-6.67795
-6.67722
-6.67684
-6.67713
-6.67744
-6.67744
-6.67714
-6.6775
-6.67724
-6.67732
-6.67742
-6.67755
-6.67802
-6.67786
-6.67805
-6.67858
-6.67817
-6.67842
-6.67934
-6.67932
-6.67964
-6.68032
-6.68069
-6.68108
-6.6815
-6.68292
-6.68372
-6.68391
-6.68444
-6.685
-6.68527
-6.68622
-6.68655
-6.68789
-6.68894
-6.6897
-6.69114
-6.69261
-6.69381
-6.69471
-6.69566
-6.69632
-6.69734
-6.69776
-6.69951
-6.70066
-6.70185
-6.7034
-6.70402
-6.70534
-6.70701
-6.70873
-6.71017
-6.71196
-6.71348
-6.71504
-6.71631
-6.71762
-6.71896
-6.72067
-6.72241
-6.72386
-6.72534
-6.72783
-6.73034
-6.73191
-6.7335
-6.73543
-6.73739
-6.73936
-6.74103
-6.74303
-6.74439
-6.74706
-6.74941
-6.75112
-6.75347
-6.75582
-6.75785
-6.75954
-6.7622
-6.76452
-6.76586
-6.7675
-6.76913
-6.77171
-6.77361
-6.77646
-6.77864
-6.78014
-6.78225
-6.78401
-6.78573
-6.78644
-6.78841
-6.79001
-6.79156
-6.79275
-6.79421
-6.79562
-6.7973
-6.79829
-6.79954
-6.80073
-6.80186
-6.8026
-6.80328
-6.80357
-6.80444
-6.80525
-6.80565
-6.80696
-6.8069
-6.80741
-6.80784
-6.80819
-6.80814
-6.80801
-6.80779
-6.80749
-6.80711
-6.80663
-6.80672
-6.8064
-6.80533
-6.80451
-6.80359
-6.80323
-6.80278
-6.80192
-6.80161
-6.80025
-6.79912
-6.79758
-6.79627
-6.79456
-6.7934
-6.79151
-6.78986
-6.78845
-6.78729
-6.78539
-6.78342
-6.78137
-6.77893
-6.77771
-6.77512
-6.77312
-6.77007
-6.76794
-6.7664
-6.76415
-6.76217
-6.75981
-6.75644
-6.75366
-6.75084
-6.74701
-6.74412
-6.74119
-6.73822
-6.73523
-6.73221
-6.72885
-6.72579
-6.72369
-6.72028
-6.71686
-6.71408
-6.71098
-6.70788
-6.70478
-6.70234
-6.69927
-6.69686
-6.69381
-6.69112
-6.68812
-6.68482
-6.68124
-6.67833
-6.67546
-6.67296
-6.67017
-6.66711
-6.66378
-6.66082
-6.65791
-6.65539
-6.65325
-6.65118
-6.64886
-6.6466
-6.64474
-6.6423
-6.63962
-6.63669
-6.63449
-6.63302
-6.63197
-6.63035
-6.62882
-6.62802
-6.62668
-6.62542
-6.62394
-6.62321
-6.62257
-6.62171
-6.6203
-6.61963
-6.61907
-6.61731
-6.61598
-6.61572
-6.61556
-6.61583
-6.61555
-6.61601
-6.61658
-6.61594
-6.61638
-6.61723
-6.61753
-6.61889
-6.61872
-6.61961
-6.62059
-6.62132
-6.62246
-6.62367
-6.62495
-6.62662
-6.62901
-6.63049
-6.63235
-6.63393
-6.63622
-6.63758
-6.63962
-6.64105
-6.64252
-6.64433
-6.64648
-6.64898
-6.65084
-6.65302
-6.65521
-6.65707
-6.65827
-6.66043
-6.66192
-6.66404
-6.66548
-6.66754
-6.66923
-6.67121
-6.6725
-6.67471
-6.6759
-6.67736
-6.67811
-6.67977
-6.68105
-6.68193
-6.6834
-6.68415
-6.68482
-6.6864
-6.68725
-6.68835
-6.68905
-6.69
-6.69055
-6.69135
-6.69174
-6.69238
-6.6923
-6.69214
-6.69224
-6.69258
-6.69252
-6.69272
-6.69285
-6.69162
-6.69129
-6.69026
-6.69013
-6.6893
-6.68873
-6.68779
-6.68744
-6.68704
-6.68659
-6.68642
-6.68557
-6.68532
-6.68375
-6.68344
-6.68181
-6.6808
-6.67977
-6.67905
-6.67799
-6.67692
-6.67552
-6.67412
-6.67272
-6.67165
-6.67058
-6.6692
-6.66849
-6.66747
-6.6668
-6.66583
-6.66521
-6.66398
-6.66344
-6.66261
-6.66183
-6.66141
-6.66104
-6.66041
-6.6595
-6.65929
-6.65915
-6.65842
-6.6584
-6.65845
-6.65856
-6.6581
-6.65834
-6.65802
-6.6584
-6.65854
-6.65874
-6.65933
-6.66
-6.66041
-6.66154
-6.66209
-6.66142
-6.66243
-6.66319
-6.66369
-6.66328
-6.66456
-6.66493
-6.66568
-6.66617
-6.66736
-6.66861
-6.66959
-6.67094
-6.67234
-6.67411
-6.67529
-6.67683
-6.67873
-6.68003
-6.68234
-6.68469
-6.68674
-6.68884
-6.69096
-6.69214
-6.69399
-6.69587
-6.69777
-6.70034
-6.70196
-6.70392
-6.70655
-6.70821
-6.71054
-6.71353
-6.71555
-6.71791
-6.71995
-6.722
-6.72438
-6.72677
-6.72883
-6.73057
-6.73232
-6.73406
-6.73613
-6.7382
-6.74027
-6.74267
-6.74441
-6.74615
-6.74854
-6.75027
-6.75266
-6.75503
-6.75676
-6.75849
-6.76086
-6.76323
-6.76559
-6.76763
-6.77031
-6.77235
-6.77373
-6.77641
-6.77746
-6.77949
-6.78183
-6.78385
-6.78554
-6.78755
-6.78858
-6.78993
-6.79225
-6.79425
-6.79689
-6.79887
-6.80053
-6.80282
-6.80414
-6.80609
-6.80901
-6.81127
-6.8132
-6.81545
-6.81767
-6.82054
-6.82274
-6.8246
-6.82612
-6.82827
-6.82975
-6.83187
-6.83363
-6.8357
-6.83742
-6.83944
-6.84112
-6.84342
-6.84538
-6.84633
-6.84758
-6.84912
-6.85063
-6.85147
-6.85356
-6.85594
-6.85732
-6.85867
-6.8603
-6.86157
-6.86247
-6.86205
-6.8632
-6.86399
-6.86539
-6.86707
-6.86807
-6.86869
-6.86993
-6.8708
-6.87065
-6.87208
-6.87283
-6.87288
-6.87386
-6.87383
-6.87473
-6.87525
-6.87574
-6.87618
-6.87657
-6.87724
-6.87852
-6.87879
-6.87868
-6.87885
-6.87866
-6.87842
-6.87814
-6.87748
-6.87647
-6.87573
-6.87559
-6.87509
-6.87551
-6.87589
-6.87591
-6.87556
-6.87516
-6.87472
-6.87359
-6.87372
-6.87315
-6.87286
-6.87253
-6.87151
-6.87077
-6.86934
-6.86884
-6.8683
-6.86739
-6.86548
-6.86417
-6.86379
-6.86207
-6.86096
-6.85981
-6.85862
-6.85772
-6.85644
-6.85513
-6.85411
-6.85337
-6.85227
-6.8508
-6.84898
-6.84745
-6.84621
-6.84429
-6.84233
-6.84131
-6.83994
-6.83821
-6.83645
-6.83466
-6.83284
-6.83197
-6.82978
-6.82724
-6.825
-6.82338
-6.82142
-6.81944
-6.81809
-6.81639
-6.81435
-6.81229
-6.80957
-6.80683
-6.80473
-6.80261
-6.80048
-6.79833
-6.79617
-6.794
-6.79214
-6.78994
-6.78838
-6.78584
-6.78362
-6.78139
-6.77914
-6.77721
-6.77462
-6.77234
-6.76909
-6.76679
-6.76448
-6.76216
-6.75951
-6.75749
-6.75514
-6.75278
-6.7504
-6.74899
-6.74691
-6.7445
-6.74143
-6.73834
-6.73557
-6.73277
-6.72964
-6.72746
-6.72462
-6.72144
-6.71856
-6.71566
-6.71339
-6.71078
-6.70782
-6.70549
-6.70249
-6.70012
-6.69675
-6.69434
-6.6919
-6.6888
-6.68665
-6.68319
-6.68036
-6.67718
-6.67398
-6.67142
-6.6682
-6.66528
-6.6617
-6.65877
-6.65549
-6.65254
-6.64926
-6.64597
-6.64268
-6.64069
-6.63838
-6.63542
-6.63248
-6.62955
-6.62631
-6.62341
-6.62053
-6.61704
-6.61421
-6.6111
-6.60834
-6.6053
-6.60198
-6.59936
-6.59711
-6.59459
-6.59277
-6.59037
-6.58868
-6.58642
-6.58487
-6.58341
-6.58105
-6.5791
-6.57627
-6.57482
-6.57346
-6.57156
-6.57041
-6.56903
-6.56776
-6.56627
-6.56457
-6.56331
-6.56248
-6.56144
-6.56084
-6.56003
-6.55935
-6.55943
-6.5593
-6.5593
-6.55909
-6.55932
-6.55967
-6.56078
-6.56137
-6.56271
-6.56353
-6.5638
-6.56419
-6.56597
-6.56787
-6.56921
-6.57033
-6.5722
-6.5735
-6.57489
-6.57669
-6.57889
-6.58052
-6.58222
-6.58463
-6.58678
-6.58962
-6.59187
-6.59417
-6.5965
-6.5992
-6.6016
-6.60371
-6.60615
-6.60861
-6.6114
-6.61387
-6.61666
-6.61912
-6.62156
-6.62366
-6.62607
-6.62845
-6.63079
-6.63277
-6.63504
-6.63758
-6.63974
-6.64186
-6.64488
-6.6459
-6.64749
-6.64935
-6.65113
-6.65283
-6.65478
-6.65535
-6.65681
-6.65851
-6.65979
-6.66099
-6.66209
-6.66311
-6.66403
-6.6655
-6.66624
-6.66688
-6.6671
-6.66755
-6.66824
-6.66786
-6.66674
-6.66682
-6.66747
-6.66738
-6.66688
-6.66661
-6.66562
-6.66552
-6.66469
-6.66411
-6.66313
-6.66241
-6.66162
-6.66076
-6.66017
-6.65951
-6.65848
-6.65804
-6.65788
-6.65734
-6.6558
-6.65486
-6.65324
-6.65127
-6.64991
-6.64789
-6.64616
-6.64507
-6.64397
-6.64253
-6.64077
-6.63964
-6.63853
-6.63676
-6.63534
-6.63392
-6.63284
-6.63114
-6.62978
-6.62845
-6.62715
-6.62587
-6.62464
-6.62344
-6.62261
-6.62149
-6.62076
-6.62007
-6.61847
-6.61724
-6.61672
-6.61625
-6.61488
-6.61422
-6.61331
-6.61278
-6.61264
-6.61193
-6.61162
-6.61105
-6.61056
-6.61078
-6.61109
-6.61114
-6.61127
-6.6118
-6.61241
-6.61245
-6.61256
-6.61308
-6.61335
-6.61369
-6.61509
-6.61623
-6.6168
-6.61745
-6.61881
-6.62025
-6.62175
-6.62333
-6.62529
-6.62668
-6.62877
-6.62996
-6.63153
-6.63381
-6.63485
-6.6366
-6.63775
-6.63895
-6.64052
-6.64279
-6.64445
-6.64584
-6.64791
-6.6497
-6.65249
-6.655
-6.65721
-6.65945
-6.66107
-6.66271
-6.66567
-6.66736
-6.66971
-6.67207
-6.67413
-6.67651
-6.67858
-6.68033
-6.68306
-6.68546
-6.68721
-6.6896
-6.69167
-6.69405
-6.69642
-6.69845
-6.7008
-6.70248
-6.70479
-6.7074
-6.70934
-6.71223
-6.71444
-6.71728
-6.71943
-6.72124
-6.72333
-6.72538
-6.72708
-6.72971
-6.73165
-6.73388
-6.73541
-6.73691
-6.73771
-6.73944
-6.7408
-6.74244
-6.74435
-6.74589
-6.74706
-6.74915
-6.75054
-6.75221
-6.75318
-6.75442
-6.75691
-6.75741
-6.75884
-6.75956
-6.76024
-6.7612
-6.76211
-6.76297
-6.76379
-6.76489
-6.76563
-6.76632
-6.76665
-6.76727
-6.76753
-6.76841
-6.76893
-6.76909
-6.76923
-6.76999
-6.77137
-6.77306
-6.77375
-6.7741
-6.77444
-6.77573
-6.77572
-6.77537
-6.77566
-6.77595
-6.7759
-6.77683
-6.77678
-6.7777
-6.77797
-6.77792
-6.77885
-6.77913
-6.77942
-6.78003
-6.78033
-6.78064
-6.78062
-6.78094
-6.78126
-6.78126
-6.78127
-6.78161
-6.78196
-6.78231
-6.78234
-6.7827
-6.78306
-6.7831
-6.78347
-6.78384
-6.78518
-6.78587
-6.78624
-6.7866
-6.78761
-6.78797
-6.78768
-6.78802
-6.78869
-6.78935
-6.78968
-6.79065
-6.79096
-6.79158
-6.79219
-6.79246
-6.79305
-6.79265
-6.79289
-6.79311
-6.79331
-6.79415
-6.79432
-6.79513
-6.79528
-6.79638
-6.79617
-6.79626
-6.79569
-6.79576
-6.79613
-6.79518
-6.79487
-6.79487
-6.7942
-6.79416
-6.79443
-6.79436
-6.79492
-6.79481
-6.79469
-6.79617
-6.79602
-6.79649
-6.7963
-6.79642
-6.79523
-6.79401
-6.79375
-6.79348
-6.79318
-6.79254
-6.7922
-6.79184
-6.79211
-6.7917
-6.79128
-6.79083
-6.79035
-6.78986
-6.78966
-6.78879
-6.78757
-6.78827
-6.78829
-6.78764
-6.78631
-6.78592
-6.78614
-6.78505
-6.78391
-6.78275
-6.78155
-6.78064
-6.78002
-6.77937
-6.77835
-6.7773
-6.77654
-6.77509
-6.77392
-6.77272
-6.77148
-6.76988
-6.76824
-6.76625
-6.76486
-6.76441
-6.76328
-6.76147
-6.76028
-6.75905
-6.75747
-6.75521
-6.75357
-6.7519
-6.75021
-6.74817
-6.74611
-6.74436
-6.74291
-6.74047
-6.73866
-6.73652
-6.73534
-6.73319
-6.73103
-6.72919
-6.72767
-6.72552
-6.72401
-6.72186
-6.71875
-6.7176
-6.71581
-6.71469
-6.71327
-6.71089
-6.70919
-6.70719
-6.70587
-6.70393
-6.70267
-6.70112
-6.70026
-6.69879
-6.69736
-6.69532
-6.69366
-6.69236
-6.69111
-6.68991
-6.68844
-6.68701
-6.68564
-6.68432
-6.6837
-6.68281
-6.68132
-6.68054
-6.68013
-6.67945
-6.67916
-6.67827
-6.67776
-6.67762
-6.67721
-6.67717
-6.67718
-6.67692
-6.67671
-6.67687
-6.67675
-6.67668
-6.67697
-6.6773
-6.6767
-6.67679
-6.67692
-6.67675
-6.67662
-6.67685
-6.67679
-6.67708
-6.6774
-6.67775
-6.6778
-6.67885
-6.67896
-6.67909
-6.67893
-6.67944
-6.67997
-6.6802
-6.68175
-6.6817
-6.68233
-6.68298
-6.68366
-6.68468
-6.68508
-6.68648
-6.68757
-6.68676
-6.68758
-6.68909
-6.68964
-6.69088
-6.69182
-6.69278
-6.69378
-6.69383
-6.69488
-6.69596
-6.69773
-6.69887
-6.70037
-6.70125
-6.70216
-6.70407
-6.70536
-6.707
-6.70867
-6.71036
-6.71112
-6.71319
-6.71431
-6.71675
-6.71824
-6.71975
-6.72193
-6.72315
-6.72471
-6.72595
-6.72753
-6.72846
-6.73037
-6.73196
-6.73354
-6.73544
-6.73734
-6.73858
-6.74014
-6.74136
-6.74223
-6.74374
-6.74554
-6.74667
-6.74778
-6.74917
-6.75021
-6.75218
-6.75379
-6.75406
-6.75559
-6.75675
-6.75753
-6.75859
-6.75959
-6.76055
-6.76176
-6.7626
-6.76338
-6.76442
-6.76475
-6.76567
-6.76717
-6.76796
-6.76771
-6.76869
-6.7683
-6.7685
-6.76863
-6.76902
-6.76901
-6.7683
-6.76783
-6.76666
-6.76606
-6.76605
-6.76598
-6.76552
-6.765
-6.76345
-6.76216
-6.76179
-6.76169
-6.76088
-6.76067
-6.76009
-6.75914
-6.75782
-6.75678
-6.7557
-6.75491
-6.75441
-6.75258
-6.75105
-6.74949
-6.74791
-6.74599
-6.7447
-6.74307
-6.74208
-6.74076
-6.73944
-6.73747
-6.73615
-6.73515
-6.73385
-6.73353
-6.73225
-6.73099
-6.73008
-6.72854
-6.72736
-6.72751
-6.72639
-6.72498
-6.72394
-6.72327
-6.72263
-6.72172
-6.72054
-6.71973
-6.7193
-6.7186
-6.71763
-6.71704
-6.71619
-6.71604
-6.71563
-6.71528
-6.71564
-6.71509
-6.71461
-6.71516
-6.7148
-6.71483
-6.71556
-6.71539
-6.71559
-6.71618
-6.71586
-6.71592
-6.71636
-6.71684
-6.71642
-6.71701
-6.71797
-6.71865
-6.71938
-6.72014
-6.72127
-6.7221
-6.72265
-6.72322
-6.72382
-6.72445
-6.72509
-6.72608
-6.72709
-6.72778
-6.72912
-6.72983
-6.73086
-6.73221
-6.73291
-6.73426
-6.73559
-6.73659
-6.73757
-6.73789
-6.73915
-6.74039
-6.74095
-6.74181
-6.74296
-6.74342
-6.74353
-6.74359
-6.74426
-6.74521
-6.74579
-6.74632
-6.74647
-6.74722
-6.74791
-6.74823
-6.74913
-6.74932
-6.74849
-6.74889
-6.7489
-6.74885
-6.74873
-6.7479
-6.74798
-6.74799
-6.74793
-6.74845
-6.74761
-6.74703
-6.74573
-6.74566
-6.74423
-6.7437
-6.7431
-6.74212
-6.74106
-6.73897
-6.7381
-6.73717
-6.73585
-6.73512
-6.73368
-6.73217
-6.73061
-6.72866
-6.72665
-6.72393
-6.72214
-6.71964
-6.71774
-6.71611
-6.71379
-6.71142
-6.70868
-6.70751
-6.7063
-6.70408
-6.7028
-6.70083
-6.69785
-6.69517
-6.69245
-6.69003
-6.68759
-6.68544
-6.68229
-6.67913
-6.6766
-6.67405
-6.67181
-6.66892
-6.66731
-6.66474
-6.66248
-6.65893
-6.65604
-6.65348
-6.6519
-6.65034
-6.64783
-6.64566
-6.64319
-6.64075
-6.63866
-6.6363
-6.63429
-6.63136
-6.62945
-6.62695
-6.62482
-6.62276
-6.62141
-6.6198
-6.61762
-6.61616
-6.61446
-6.61251
-6.61066
-6.60922
-6.6082
-6.60728
-6.60582
-6.60575
-6.60482
-6.60368
-6.6033
-6.60303
-6.60256
-6.60188
-6.60164
-6.60153
-6.60122
-6.60135
-6.60161
-6.60231
-6.60347
-6.60442
-6.60516
-6.60636
-6.60702
-6.60812
-6.60934
-6.61066
-6.6121
-6.61397
-6.61594
-6.61703
-6.61855
-6.62048
-6.62217
-6.62427
-6.62612
-6.62773
-6.63005
-6.63243
-6.63486
-6.63702
-6.63988
-6.64212
-6.64505
-6.64768
-6.65099
-6.65334
-6.6557
-6.65871
-6.66108
-6.66409
-6.66677
-6.6691
-6.67174
-6.67403
-6.67597
-6.67852
-6.68071
-6.68317
-6.68495
-6.68861
-6.69093
-6.69286
-6.69506
-6.69591
-6.69798
-6.69933
-6.70126
-6.70247
-6.70393
-6.70629
-6.70792
-6.71044
-6.71256
-6.71395
-6.71462
-6.71617
-6.71732
-6.71839
-6.71937
-6.71995
-6.72077
-6.72119
-6.72218
-6.72341
-6.7236
-6.72338
-6.72374
-6.72339
-6.72231
-6.72247
-6.7232
-6.72193
-6.72189
-6.7218
-6.72132
-6.72208
-6.7215
-6.72184
-6.72181
-6.72076
-6.72032
-6.71984
-6.71932
-6.71844
-6.71721
-6.71626
-6.71595
-6.71463
-6.71394
-6.71323
-6.7125
-6.71176
-6.71067
-6.7099
-6.70944
-6.70801
-6.70721
-6.70673
-6.70625
-6.7048
-6.70433
-6.70353
-6.70242
-6.70163
-6.70183
-6.70106
-6.69997
-6.70019
-6.7001
-6.69905
-6.69833
-6.69795
-6.69727
-6.69692
-6.69659
-6.69661
-6.69632
-6.69637
-6.69547
-6.69524
-6.69471
-6.69388
-6.69307
-6.69294
-6.69217
-6.69176
-6.69169
-6.69133
-6.69099
-6.69099
-6.6907
-6.69011
-6.69019
-6.68964
-6.68912
-6.68862
-6.68813
-6.68864
-6.68852
-6.68808
-6.68766
-6.68693
-6.68622
-6.68648
-6.6861
-6.68572
-6.68535
-6.68627
-6.68589
-6.68584
-6.68642
-6.68635
-6.68594
-6.68584
-6.68573
-6.6856
-6.68513
-6.68463
-6.68476
-6.6852
-6.68464
-6.68438
-6.68441
-6.6841
-6.68376
-6.68436
-6.68396
-6.68353
-6.68306
-6.68192
-6.68172
-6.68149
-6.68091
-6.68029
-6.67997
-6.67898
-6.67764
-6.67692
-6.67619
-6.67543
-6.67465
-6.67385
-6.6724
-6.67158
-6.6701
-6.66992
-6.66908
-6.66889
-6.66838
-6.66787
-6.66705
-6.66591
-6.66576
-6.66498
-6.66454
-6.6638
-6.66308
-6.6624
-6.66206
-6.66111
-6.66053
-6.65998
-6.65947
-6.65901
-6.65827
-6.65823
-6.65857
-6.65831
-6.65747
-6.65798
-6.6579
-6.65822
-6.6573
-6.65774
-6.65793
-6.65754
-6.6582
-6.6586
-6.6594
-6.66027
-6.66187
-6.66225
-6.66302
-6.6642
-6.66513
-6.66647
-6.66723
-6.66839
-6.66963
-6.67127
-6.67234
-6.67349
-6.67504
-6.67666
-6.67739
-6.67916
-6.68069
-6.68261
-6.6846
-6.68698
-6.68911
-6.69099
-6.69325
-6.69558
-6.69862
-6.70076
-6.70295
-6.70521
-6.70785
-6.71119
-6.71426
-6.71803
-6.72055
-6.72377
-6.72639
-6.73002
-6.73304
-6.7361
-6.7392
-6.74265
-6.74483
-6.74801
-6.75154
-6.75476
-6.75832
-6.76157
-6.76483
-6.76841
-6.772
-6.77559
-6.77851
-6.78208
-6.78563
-6.78883
-6.79233
-6.79516
-6.79828
-6.80169
-6.80408
-6.80707
-6.81002
-6.81355
-6.81606
-6.81883
-6.82187
-6.82451
-6.8274
-6.83022
-6.83328
-6.83529
-6.83753
-6.84034
-6.84273
-6.84406
-6.84627
-6.84837
-6.85038
-6.85196
-6.85343
-6.8548
-6.85639
-6.85658
-6.85731
-6.85825
-6.85908
-6.85948
-6.8601
-6.86028
-6.86198
-6.86259
-6.86213
-6.86189
-6.86155
-6.86174
-6.86119
-6.86086
-6.85947
-6.85895
-6.85833
-6.85763
-6.85683
-6.85595
-6.85466
-6.85329
-6.85217
-6.85064
-6.84905
-6.84771
-6.8463
-6.84483
-6.8433
-6.84203
-6.84039
-6.83838
-6.83665
-6.83487
-6.83338
-6.83185
-6.83029
-6.82772
-6.8261
-6.82348
-6.82117
-6.81883
-6.81681
-6.81541
-6.81336
-6.81129
-6.8089
-6.80715
-6.80539
-6.80364
-6.80155
-6.79947
-6.79771
-6.79563
-6.79356
-6.79149
-6.78975
-6.78801
-6.78564
-6.7836
-6.78156
-6.77986
-6.77654
-6.77356
-6.77156
-6.76956
-6.76757
-6.76656
-6.76458
-6.76261
-6.76064
-6.75802
-6.75671
-6.7541
-6.75246
-6.7505
-6.74822
-6.74625
-6.74461
-6.74296
-6.74163
-6.73932
-6.73765
-6.73565
-6.73364
-6.7313
-6.72927
-6.72724
-6.72519
-6.72248
-6.72009
-6.71833
-6.71592
-6.71414
-6.71235
-6.71022
-6.7084
-6.70592
-6.70375
-6.70189
-6.69841
-6.69589
-6.6927
-6.68984
-6.68761
-6.68538
-6.68346
-6.68218
-6.68025
-6.67832
-6.67606
-6.67412
-6.67121
-6.66895
-6.66669
-6.66412
-6.66251
-6.6606
-6.65934
-6.65582
-6.65362
-6.65175
-6.64893
-6.64775
-6.64627
-6.64449
-6.64305
-6.64068
-6.63898
-6.63666
-6.6347
-6.6331
-6.63089
-6.62936
-6.62755
-6.62707
-6.62535
-6.62367
-6.62204
-6.62046
-6.61957
-6.61907
-6.61926
-6.61854
-6.61756
-6.61663
-6.61512
-6.61399
-6.61324
-6.61159
-6.61065
-6.61042
-6.60928
-6.60821
-6.6072
-6.60659
-6.60604
-6.60524
-6.60482
-6.60383
-6.60355
-6.60367
-6.6032
-6.60247
-6.60214
-6.6022
-6.60168
-6.60187
-6.60212
-6.60212
-6.60186
-6.60231
-6.60282
-6.60372
-6.60403
-6.60441
-6.60517
-6.60599
-6.60687
-6.60748
-6.60815
-6.60888
-6.61065
-6.61214
-6.61336
-6.61464
-6.61565
-6.61703
-6.61814
-6.61898
-6.62051
-6.62177
-6.62275
-6.62443
-6.62615
-6.62791
-6.63004
-6.63188
-6.63442
-6.63699
-6.63863
-6.64062
-6.64201
-6.64407
-6.64616
-6.64828
-6.65076
-6.65293
-6.6548
-6.65702
-6.65894
-6.6612
-6.66348
-6.66577
-6.66807
-6.6707
-6.67269
-6.67468
-6.67667
-6.67867
-6.68065
-6.68264
-6.68493
-6.68624
-6.68786
-6.69044
-6.69332
-6.69552
-6.69738
-6.69888
-6.70035
-6.70341
-6.70514
-6.70682
-6.70879
-6.71071
-6.71258
-6.71473
-6.7165
-6.71757
-6.71923
-6.72148
-6.72335
-6.7245
-6.72591
-6.72758
-6.72854
-6.73008
-6.73154
-6.73196
-6.73296
-6.7342
-6.73505
-6.73551
-6.73589
-6.73684
-6.73739
-6.73754
-6.73859
-6.73892
-6.7395
-6.74065
-6.74075
-6.74111
-6.74076
-6.74033
-6.74015
-6.73959
-6.73994
-6.7399
-6.73914
-6.73866
-6.73779
-6.73719
-6.73686
-6.73616
-6.73541
-6.73429
-6.73312
-6.73224
-6.73132
-6.73036
-6.72938
-6.72868
-6.72764
-6.72657
-6.7258
-6.72373
-6.72294
-6.72149
-6.72068
-6.71986
-6.71905
-6.71792
-6.71744
-6.716
-6.71458
-6.71382
-6.71309
-6.71205
-6.71072
-6.70975
-6.70881
-6.7079
-6.70737
-6.70623
-6.70514
-6.70507
-6.70473
-6.70348
-6.70326
-6.70278
-6.70236
-6.70201
-6.70172
-6.70248
-6.70266
-6.70324
-6.70293
-6.70301
-6.70285
-6.70309
-6.70341
-6.70349
-6.7043
-6.70454
-6.70583
-6.70688
-6.70801
-6.70889
-6.71049
-6.71185
-6.71361
-6.71383
-6.71508
-6.71706
-6.71813
-6.71959
-6.72209
-6.72368
-6.72564
-6.72735
-6.7291
-6.73155
-6.7334
-6.73561
-6.73819
-6.74015
-6.74215
-6.7445
-6.74655
-6.7483
-6.75006
-6.75184
-6.75395
-6.75639
-6.75786
-6.75998
-6.76241
-6.76484
-6.76661
-6.76868
-6.77074
-6.77278
-6.77479
-6.7771
-6.77873
-6.78065
-6.78221
-6.78373
-6.78521
-6.7873
-6.78837
-6.79036
-6.79198
-6.79354
-6.79441
-6.79554
-6.79662
-6.79764
-6.7986
-6.7995
-6.80066
-6.80177
-6.80281
-6.80314
-6.80438
-6.80524
-6.80603
-6.80676
-6.80678
-6.80706
-6.80761
-6.8081
-6.80917
-6.80987
-6.8105
-6.80979
-6.80999
-6.81046
-6.81023
-6.80994
-6.81058
-6.81052
-6.81074
-6.81058
-6.81005
-6.8098
-6.8095
-6.80915
-6.80844
-6.80769
-6.80721
-6.80702
-6.80614
-6.80554
-6.80523
-6.8052
-6.80416
-6.80276
-6.80197
-6.80049
-6.7993
-6.79839
-6.79777
-6.79743
-6.79608
-6.7947
-6.7936
-6.79246
-6.7916
-6.79038
-6.78879
-6.78781
-6.78614
-6.78443
-6.78299
-6.78152
-6.78032
-6.77844
-6.77651
-6.77454
-6.77349
-6.77176
-6.76933
-6.7675
-6.76531
-6.76339
-6.76175
-6.75975
-6.75802
-6.75561
-6.75347
-6.75033
-6.74811
-6.74553
-6.74292
-6.74027
-6.7379
-6.73615
-6.73405
-6.73063
-6.72847
-6.72564
-6.72246
-6.71991
-6.71735
-6.71477
-6.71186
-6.70991
-6.70698
-6.70471
-6.70178
-6.70016
-6.69757
-6.69532
-6.69244
-6.69022
-6.68706
-6.68457
-6.68179
-6.67969
-6.67764
-6.67497
-6.673
-6.67075
-6.6692
-6.66739
-6.66564
-6.6633
-6.66168
-6.65949
-6.65704
-6.65565
-6.6553
-6.65342
-6.65194
-6.65087
-6.6499
-6.64901
-6.64789
-6.64752
-6.64659
-6.64608
-6.64502
-6.64438
-6.64352
-6.64307
-6.64337
-6.64344
-6.64264
-6.64323
-6.64327
-6.64436
-6.64491
-6.64456
-6.64463
-6.64478
-6.64502
-6.64598
-6.64637
-6.64715
-6.64801
-6.64893
-6.65024
-6.65096
-6.65142
-6.65258
-6.65443
-6.65569
-6.65667
-6.658
-6.65873
-6.66046
-6.66222
-6.66433
-6.66614
-6.66797
-6.66916
-6.67037
-6.67223
-6.67345
-6.67467
-6.67622
-6.67679
-6.67833
-6.67986
-6.68203
-6.68322
-6.68374
-6.68489
-6.68635
-6.68811
-6.68888
-6.69028
-6.69262
-6.69396
-6.69495
-6.69624
-6.69685
-6.69841
-6.69993
-6.70142
-6.70256
-6.70334
-6.70474
-6.70578
-6.70679
-6.70777
-6.7084
-6.70964
-6.71053
-6.71171
-6.71189
-6.71237
-6.71347
-6.71389
-6.71429
-6.71498
-6.71597
-6.71662
-6.71757
-6.71881
-6.71939
-6.72124
-6.72243
-6.7236
-6.7241
-6.72458
-6.72536
-6.72613
-6.72591
-6.72664
-6.72672
-6.72677
-6.72875
-6.72846
-6.72912
-6.72912
-6.72942
-6.72972
-6.72935
-6.72929
-6.72955
-6.72978
-6.73033
-6.73021
-6.73008
-6.73059
-6.73043
-6.73187
-6.73201
-6.7318
-6.73157
-6.73101
-6.73107
-6.73112
-6.7305
-6.73019
-6.7305
-6.7308
-6.73043
-6.73036
-6.73059
-6.7308
-6.73035
-6.73053
-6.73036
-6.73049
-6.73061
-6.73006
-6.73046
-6.73084
-6.73055
-6.73057
-6.72992
-6.7299
-6.73051
-6.73014
-6.72943
-6.72935
-6.72894
-6.72851
-6.7284
-6.72795
-6.7275
-6.72638
-6.72591
-6.72478
-6.72429
-6.72381
-6.72299
-6.7225
-6.72233
-6.72151
-6.72038
-6.71989
-6.71941
-6.71927
-6.71815
-6.719
-6.71823
-6.71845
-6.71836
-6.71764
-6.71693
-6.71656
-6.71621
-6.71556
-6.71525
-6.71496
-6.71535
-6.71478
-6.71489
-6.71437
-6.71388
-6.71341
-6.71233
-6.71224
-6.71186
-6.71118
-6.71086
-6.71024
-6.7103
-6.71071
-6.7105
-6.71001
-6.70986
-6.70975
-6.71
-6.71027
-6.71091
-6.71125
-6.71195
-6.71171
-6.71248
-6.71329
-6.7138
-6.71434
-6.7146
-6.71585
-6.7165
-6.7175
-6.71853
-6.71862
-6.71842
-6.7189
-6.71942
-6.71931
-6.7202
-6.72144
-6.72207
-6.72303
-6.72564
-6.72698
-6.72866
-6.73036
-6.73111
-6.73349
-6.7346
-6.73539
-6.73651
-6.73829
-6.73976
-6.74156
-6.74206
-6.74354
-6.74502
-6.74617
-6.7483
-6.74976
-6.75058
-6.75138
-6.75249
-6.75391
-6.75466
-6.75573
-6.75645
-6.75779
-6.75879
-6.75945
-6.76007
-6.76003
-6.7606
-6.76146
-6.7623
-6.76245
-6.76321
-6.76362
-6.76464
-6.76562
-6.76592
-6.76682
-6.76735
-6.76785
-6.76797
-6.76838
-6.76939
-6.7697
-6.77029
-6.77051
-6.77068
-6.77079
-6.77085
-6.77021
-6.77016
-6.76972
-6.76923
-6.76867
-6.76869
-6.76736
-6.76724
-6.76608
-6.76485
-6.76387
-6.76281
-6.76199
-6.76076
-6.75977
-6.75901
-6.75849
-6.7569
-6.75522
-6.7541
-6.75287
-6.75188
-6.75014
-6.74862
-6.74668
-6.74497
-6.74348
-6.74093
-6.73861
-6.73651
-6.73465
-6.73173
-6.72872
-6.72627
-6.72407
-6.72114
-6.71814
-6.71475
-6.71162
-6.70843
-6.70486
-6.70093
-6.69695
-6.69358
-6.6905
-6.68708
-6.68396
-6.67985
-6.67606
-6.6726
-6.66914
-6.66601
-6.66291
-6.65951
-6.65679
-6.65345
-6.65016
-6.64724
-6.64373
-6.63995
-6.63688
-6.63388
-6.63096
-6.62778
-6.62469
-6.62167
-6.61972
-6.61753
-6.61512
-6.61312
-6.61089
-6.60843
-6.6064
-6.60447
-6.60232
-6.60059
-6.59896
-6.59808
-6.59698
-6.59565
-6.59443
-6.59297
-6.59194
-6.59133
-6.59016
-6.58941
-6.58843
-6.58818
-6.58769
-6.58729
-6.58696
-6.58639
-6.58621
-6.58644
-6.58672
-6.58643
-6.58653
-6.587
-6.58689
-6.5878
-6.58812
-6.58815
-6.58856
-6.58869
-6.58918
-6.58938
-6.58962
-6.58988
-6.59018
-6.59082
-6.59117
-6.59154
-6.59225
-6.59266
-6.59406
-6.59482
-6.59528
-6.5964
-6.59785
-6.59866
-6.59917
-6.6
-6.60051
-6.60136
-6.60222
-6.60308
-6.6033
-6.60483
-6.60507
-6.60596
-6.60653
-6.60809
-6.60901
-6.60993
-6.61087
-6.61084
-6.6118
-6.61212
-6.61279
-6.61314
-6.61384
-6.61487
-6.61592
-6.617
-6.61809
-6.61985
-6.62067
-6.62086
-6.6227
-6.62424
-6.62581
-6.62741
-6.62871
-6.63037
-6.63239
-6.63378
-6.63554
-6.637
-6.6385
-6.64035
-6.64257
-6.64449
-6.64613
-6.64846
-6.64985
-6.65063
-6.65339
-6.65587
-6.65806
-6.65932
-6.66095
-6.66358
-6.66593
-6.66832
-6.67042
-6.67354
-6.67605
-6.67827
-6.68085
-6.6838
-6.68646
-6.68819
-6.69125
-6.6924
-6.69489
-6.69741
-6.69964
-6.7019
-6.70419
-6.70684
-6.70854
-6.71124
-6.71364
-6.71607
-6.71884
-6.72196
-6.72477
-6.72695
-6.72979
-6.73264
-6.73518
-6.73838
-6.7419
-6.74479
-6.7493
-6.75154
-6.75444
-6.75732
-6.75924
-6.76211
-6.76465
-6.76751
-6.77067
-6.77349
-6.77695
-6.77974
-6.78315
-6.7859
-6.78765
-6.79035
-6.7927
-6.79502
-6.79797
-6.80056
-6.80216
-6.80502
-6.80689
-6.80969
-6.81247
-6.81522
-6.81729
-6.81997
-6.82295
-6.8259
-6.8285
-6.83074
-6.8336
-6.83546
-6.83728
-6.83875
-6.84084
-6.84225
-6.84493
-6.84726
-6.84859
-6.85053
-6.85277
-6.85465
-6.85747
-6.85994
-6.86205
-6.86381
-6.86618
-6.86787
-6.86889
-6.87083
-6.87242
-6.8743
-6.87647
-6.87795
-6.87874
-6.88015
-6.88087
-6.88252
-6.88381
-6.88506
-6.8869
-6.88774
-6.88918
-6.88993
-6.89062
-6.89192
-6.89284
-6.89436
-6.89519
-6.89628
-6.897
-6.89799
-6.89827
-6.89914
-6.89996
-6.90007
-6.90011
-6.90042
-6.901
-6.90086
-6.9013
-6.90071
-6.90103
-6.90095
-6.90113
-6.90156
-6.90128
-6.90093
-6.90051
-6.90035
-6.90076
-6.8998
-6.89845
-6.89768
-6.89619
-6.89495
-6.89396
-6.89257
-6.89112
-6.88991
-6.88831
-6.88761
-6.88554
-6.88438
-6.88249
-6.88119
-6.87949
-6.87772
-6.87589
-6.87399
-6.87202
-6.87064
-6.86854
-6.86573
-6.8635
-6.86122
-6.85887
-6.85646
-6.85367
-6.85114
-6.84856
-6.84593
-6.84324
-6.84018
-6.83771
-6.83552
-6.83297
-6.83004
-6.82675
-6.82375
-6.8207
-6.81697
-6.81353
-6.81006
-6.80656
-6.804
-6.80109
-6.79718
-6.7939
-6.79061
-6.78761
-6.7846
-6.78125
-6.77789
-6.77485
-6.7705
-6.7668
-6.76407
-6.76069
-6.75731
-6.75361
-6.74959
-6.74687
-6.7432
-6.73953
-6.73653
-6.73289
-6.72992
-6.72664
-6.72274
-6.72015
-6.71662
-6.71343
-6.7093
-6.70649
-6.70339
-6.70031
-6.69759
-6.69457
-6.6903
-6.68735
-6.68412
-6.68124
-6.67775
-6.67526
-6.67152
-6.66814
-6.66511
-6.66213
-6.65917
-6.65658
-6.6537
-6.65118
-6.64837
-6.6456
-6.64318
-6.64113
-6.63943
-6.63744
-6.63646
-6.63519
-6.63395
-6.63113
-6.62996
-6.6272
-6.62513
-6.62308
-6.6214
-6.61942
-6.61715
-6.61524
-6.61368
-6.61152
-6.60938
-6.60826
-6.60652
-6.60449
-6.60316
-6.60153
-6.59963
-6.59808
-6.59691
-6.59513
-6.59469
-6.59463
-6.59332
-6.59141
-6.58956
-6.58809
-6.587
-6.58598
-6.58533
-6.58475
-6.58294
-6.58217
-6.58147
-6.58116
-6.58125
-6.58076
-6.5797
-6.58066
-6.58138
-6.5812
-6.58045
-6.58139
-6.5808
-6.58061
-6.58114
-6.58143
-6.58179
-6.58223
-6.5821
-6.58268
-6.5827
-6.58278
-6.58325
-6.58412
-6.58505
-6.58636
-6.58709
-6.58819
-6.58935
-6.58991
-6.59149
-6.59215
-6.5935
-6.59521
-6.59631
-6.59712
-6.59958
-6.60175
-6.60264
-6.60421
-6.60579
-6.60772
-6.60933
-6.6103
-6.61095
-6.61258
-6.61422
-6.61584
-6.61747
-6.61876
-6.62036
-6.62228
-6.62353
-6.62541
-6.62695
-6.62879
-6.63093
-6.63208
-6.63385
-6.63429
-6.63567
-6.63767
-6.63867
-6.63995
-6.64152
-6.64207
-6.64291
-6.64436
-6.64512
-6.64648
-6.6478
-6.64874
-6.64964
-6.65082
-6.65163
-6.65238
-6.65341
-6.65375
-6.65403
-6.65459
-6.6551
-6.65557
-6.65566
-6.65538
-6.65602
-6.65661
-6.65748
-6.65734
-6.65714
-6.65691
-6.65695
-6.65695
-6.65724
-6.65716
-6.65737
-6.65786
-6.65735
-6.6568
-6.65622
-6.65593
-6.65561
-6.65592
-6.65555
-6.65516
-6.65507
-6.65464
-6.65387
-6.6534
-6.65293
-6.65212
-6.65194
-6.65144
-6.65093
-6.65042
-6.64958
-6.64874
-6.64822
-6.64739
-6.64624
-6.64575
-6.64527
-6.6448
-6.64435
-6.64423
-6.64382
-6.64374
-6.64336
-6.64301
-6.643
-6.64269
-6.64242
-6.64217
-6.64196
-6.64178
-6.64163
-6.64119
-6.64079
-6.64108
-6.64076
-6.6408
-6.64023
-6.64035
-6.64116
-6.64202
-6.64293
-6.64323
-6.64261
-6.64236
-6.64281
-6.64266
-6.6432
-6.64347
-6.6438
-6.64385
-6.64492
-6.64605
-6.6469
-6.64781
-6.64876
-6.6501
-6.65051
-6.65162
-6.65247
-6.65369
-6.65496
-6.65661
-6.65799
-6.65941
-6.66121
-6.66242
-6.66432
-6.66627
-6.66794
-6.66966
-6.67175
-6.67486
-6.67704
-6.67895
-6.68122
-6.68353
-6.68556
-6.68698
-6.68974
-6.69189
-6.69375
-6.69693
-6.69854
-6.70082
-6.70313
-6.70515
-6.70784
-6.71088
-6.71362
-6.7151
-6.71788
-6.72101
-6.72449
-6.72766
-6.72955
-6.73307
-6.73531
-6.73756
-6.7395
-6.74273
-6.74501
-6.74761
-6.75022
-6.75315
-6.75544
-6.75708
-6.76099
-6.76328
-6.76621
-6.76913
-6.77172
-6.77463
-6.77687
-6.77911
-6.78134
-6.78388
-6.7864
-6.78923
-6.79173
-6.79453
-6.79699
-6.79943
-6.80121
-6.80393
-6.80631
-6.809
-6.81167
-6.81366
-6.81628
-6.8192
-6.82112
-6.82398
-6.82618
-6.82835
-6.82984
-6.83163
-6.83372
-6.83642
-6.8391
-6.84077
-6.84242
-6.84403
-6.84593
-6.84845
-6.8506
-6.85272
-6.85449
-6.85589
-6.85693
-6.85891
-6.86084
-6.86404
-6.86622
-6.86675
-6.86692
-6.86834
-6.8694
-6.87107
-6.87107
-6.87297
-6.87385
-6.87533
-6.87644
-6.87783
-6.8795
-6.88112
-6.8814
-6.88292
-6.88374
-6.88387
-6.88556
-6.88655
-6.88652
-6.88708
-6.88759
-6.88804
-6.88876
-6.8891
-6.88939
-6.88897
-6.88915
-6.88926
-6.88933
-6.88933
-6.8896
-6.88948
-6.88931
-6.8894
-6.88944
-6.88941
-6.88868
-6.88789
-6.88672
-6.88581
-6.88485
-6.8848
-6.88469
-6.8842
-6.88366
-6.88273
-6.88143
-6.88007
-6.87865
-6.87718
-6.87501
-6.87408
-6.87244
-6.87205
-6.87129
-6.87016
-6.868
-6.86644
-6.86451
-6.86383
-6.8618
-6.85973
-6.85793
-6.85609
-6.85453
-6.8526
-6.85063
-6.84796
-6.84558
-6.84349
-6.84167
-6.8395
-6.83761
-6.83665
-6.83436
-6.83269
-6.83033
-6.82794
-6.82519
-6.82208
-6.81959
-6.81675
-6.8142
-6.8113
-6.80901
-6.80541
-6.80275
-6.79941
-6.79638
-6.7943
-6.79155
-6.78878
-6.78599
-6.78286
-6.78101
-6.77785
-6.77533
-6.77215
-6.76896
-6.76642
-6.76322
-6.75969
-6.75746
-6.75459
-6.75074
-6.74787
-6.74436
-6.74086
-6.73802
-6.73519
-6.7327
-6.72893
-6.72615
-6.7234
-6.72002
-6.71765
-6.71433
-6.71104
-6.70877
-6.70588
-6.70369
-6.70186
-6.69975
-6.69672
-6.69439
-6.69243
-6.6902
-6.68771
-6.68561
-6.68388
-6.68191
-6.67967
-6.67783
-6.67638
-6.67339
-6.67144
-6.66957
-6.66908
-6.66737
-6.6664
-6.66518
-6.66405
-6.66301
-6.66205
-6.66151
-6.66073
-6.65971
-6.65976
-6.65925
-6.65786
-6.65785
-6.65761
-6.65746
-6.65708
-6.65645
-6.65657
-6.65677
-6.6577
-6.65774
-6.65915
-6.66
-6.6606
-6.66128
-6.66202
-6.66284
-6.66339
-6.66466
-6.66534
-6.66641
-6.66785
-6.66901
-6.67055
-6.67148
-6.67278
-6.67314
-6.67451
-6.67558
-6.67635
-6.67843
-6.67989
-6.68039
-6.68283
-6.68529
-6.68709
-6.68857
-6.69036
-6.69149
-6.69294
-6.69436
-6.69576
-6.69681
-6.69815
-6.70011
-6.70139
-6.70263
-6.70318
-6.70498
-6.70609
-6.70683
-6.70816
-6.70912
-6.71002
-6.71151
-6.7123
-6.71336
-6.71403
-6.71465
-6.7152
-6.71569
-6.71677
-6.71714
-6.71745
-6.7177
-6.71757
-6.71867
-6.71874
-6.71908
-6.71904
-6.71959
-6.71911
-6.71859
-6.71801
-6.71738
-6.71671
-6.71632
-6.71588
-6.71508
-6.71456
-6.714
-6.71309
-6.71247
-6.71183
-6.71245
-6.71208
-6.71202
-6.71193
-6.71087
-6.71043
-6.71032
-6.71019
-6.7091
-6.70832
-6.70787
-6.7071
-6.70667
-6.70559
-6.7042
-6.70445
-6.70374
-6.70306
-6.70239
-6.70078
-6.70016
-6.6999
-6.69934
-6.69881
-6.69799
-6.69753
-6.69807
-6.698
-6.69764
-6.697
-6.69704
-6.69614
-6.69658
-6.69576
-6.6953
-6.6952
-6.69579
-6.69576
-6.69545
-6.69647
-6.69622
-6.69666
-6.6968
-6.69632
-6.69652
-6.69577
-6.69602
-6.69597
-6.69659
-6.6969
-6.69723
-6.69724
-6.69727
-6.69828
-6.69898
-6.69936
-6.69974
-6.6998
-6.70051
-6.70089
-6.70094
-6.70229
-6.70265
-6.70268
-6.70334
-6.70367
-6.70398
-6.70427
-6.70454
-6.70447
-6.70502
-6.70523
-6.70574
-6.7059
-6.70603
-6.70613
-6.70589
-6.70626
-6.70628
-6.70627
-6.70624
-6.70617
-6.70575
-6.70531
-6.70548
-6.7053
-6.70509
-6.70486
-6.70428
-6.70432
-6.70369
-6.70368
-6.70301
-6.70167
-6.70129
-6.70121
-6.7008
-6.70037
-6.69929
-6.69884
-6.69871
-6.69858
-6.69845
-6.69767
-6.69689
-6.69644
-6.69632
-6.69622
-6.69579
-6.69539
-6.69435
-6.69333
-6.69233
-6.69135
-6.6917
-6.69175
-6.69085
-6.69063
-6.69012
-6.69029
-6.69017
-6.68976
-6.68971
-6.69002
-6.69004
-6.68978
-6.69053
-6.69034
-6.69052
-6.69106
-6.69164
-6.69097
-6.69163
-6.69232
-6.6924
-6.69283
-6.69395
-6.69477
-6.69497
-6.69519
-6.69608
-6.69765
-6.69793
-6.69824
-6.69855
-6.69856
-6.69922
-6.69988
-6.70023
-6.70155
-6.70189
-6.7032
-6.70451
-6.70483
-6.70481
-6.70543
-6.70603
-6.70596
-6.70652
-6.70738
-6.70788
-6.70836
-6.7088
-6.70889
-6.70895
-6.70961
-6.70992
-6.71018
-6.71041
-6.71092
-6.71107
-6.71149
-6.71123
-6.71125
-6.7109
-6.71082
-6.71071
-6.71087
-6.71003
-6.71043
-6.71014
-6.70981
-6.70944
-6.7087
-6.7076
-6.70742
-6.70656
-6.70567
-6.70505
-6.70408
-6.7034
-6.70301
-6.70259
-6.70213
-6.70133
-6.70049
-6.69899
