1.19999
1.19992
1.1997
1.19933
1.19881
1.19814
1.19733
1.19637
1.19526
1.19401
1.19261
1.19108
1.1894
1.18759
1.18564
1.18355
1.18133
1.17898
1.17649
1.17387
1.17112
1.16824
1.16523
1.16209
1.15882
1.15543
1.15191
1.14827
1.1445
1.14062
1.13662
1.1325
1.12827
1.12393
1.11947
1.11491
1.11025
1.10548
1.10062
1.09567
1.09062
1.08549
1.08028
1.07499
1.06962
1.06419
1.0587
1.05315
1.04755
1.04191
1.03623
1.03052
1.02479
1.01904
1.01328
1.00752
1.00176
0.996011
0.990287
0.984593
0.978937
0.973326
0.96777
0.962275
0.956851
0.951507
0.94625
0.94109
0.936033
0.93109
0.926266
0.921571
0.917011
0.912593
0.908325
0.904213
0.900264
0.896486
0.892883
0.88946
0.886224
0.883178
0.880327
0.877675
0.875226
0.872982
0.870946
0.869118
0.867502
0.866098
0.864906
0.863927
0.86316
0.862604
0.862256
0.862116
0.86218
0.862444
0.862905
0.863559
0.864401
0.865425
0.866626
0.867999
0.869536
0.871232
0.873081
0.875076
0.877208
0.87947
0.881853
0.884352
0.886957
0.88966
0.892455
0.895331
0.898282
0.901299
0.904376
0.907501
0.910668
0.913869
0.917096
0.920341
0.923596
0.926856
0.930112
0.933358
0.936587
0.939792
0.942967
0.946107
0.949208
0.952262
0.955266
0.958212
0.961098
0.963919
0.966669
0.969347
0.971947
0.974466
0.976901
0.97925
0.981509
0.983679
0.985756
0.987737
0.989623
0.991411
0.993101
0.994692
0.996185
0.997578
0.998872
1.00007
1.00116
1.00216
1.00305
1.00386
1.00456
1.00517
1.00569
1.00612
1.00646
1.00672
1.00689
1.00697
1.00698
1.00691
1.00677
1.00655
1.00627
1.00592
1.00551
1.00504
1.00451
1.00393
1.0033
1.00262
1.00189
1.00112
1.00032
0.999482
0.998613
0.997714
0.996788
0.995839
0.99487
0.993883
0.99288
0.991865
0.99084
0.989807
0.98877
0.987728
0.986685
0.985643
0.984603
0.983566
0.982534
0.981508
0.98049
0.979482
0.978486
0.9775
0.976527
0.975566
0.974618
0.973684
0.972763
0.971857
0.970965
0.970089
0.969227
0.96838
0.967549
0.966733
0.965932
0.965147
0.964377
0.96362
0.962875
0.962144
0.961424
0.960716
0.960017
0.959329
0.958652
0.957985
0.957324
0.956671
0.956024
0.955384
0.95475
0.954119
0.953493
0.95287
0.95225
0.951632
0.951015
0.950399
0.949783
0.949165
0.948547
0.947928
0.947308
0.946686
0.946062
0.945438
0.944811
0.944182
0.94355
0.942915
0.942277
0.941636
0.940993
0.940348
0.939703
0.939057
0.938412
0.937767
0.937125
0.936485
0.935849
0.935217
0.93459
0.93397
0.933358
0.932756
0.932165
0.931586
0.931022
0.930474
0.929942
0.929429
0.928935
0.928462
0.928012
0.927588
0.927192
0.926825
0.926487
0.926181
0.925908
0.92567
0.925469
0.925306
0.925183
0.9251
0.925061
0.925068
0.925122
0.925221
0.925368
0.925563
0.925807
0.926102
0.926448
0.926845
0.927295
0.927797
0.928352
0.928962
0.929627
0.930346
0.931119
0.931946
0.932827
0.933761
0.934748
0.935786
0.936876
0.938016
0.939206
0.940443
0.941727
0.943057
0.944431
0.94585
0.947312
0.948815
0.950358
0.951941
0.953559
0.955212
0.956897
0.958613
0.960357
0.962127
0.963922
0.965742
0.967583
0.969444
0.971321
0.973215
0.975122
0.977041
0.97897
0.980909
0.982855
0.984807
0.986763
0.988721
0.990681
0.992641
0.994599
0.996554
0.998505
1.00045
1.00239
1.00432
1.00625
1.00817
1.01007
1.01197
1.01385
1.01571
1.01757
1.01941
1.02123
1.02303
1.02482
1.0266
1.02835
1.03009
1.03181
1.03351
1.03519
1.03685
1.03849
1.04011
1.04171
1.04329
1.04486
1.0464
1.04791
1.04941
1.05088
1.05234
1.05377
1.05517
1.05655
1.0579
1.05923
1.06053
1.0618
1.06304
1.06425
1.06543
1.06657
1.06769
1.06876
1.0698
1.0708
1.07176
1.07269
1.07357
1.07441
1.0752
1.07595
1.07665
1.07731
1.07791
1.07846
1.07896
1.0794
1.07979
1.08012
1.08039
1.0806
1.08074
1.08083
1.08085
1.0808
1.08069
1.08051
1.08027
1.07995
1.07957
1.07911
1.07859
1.07799
1.07732
1.07658
1.07578
1.0749
1.07395
1.07293
1.07184
1.07068
1.06945
1.06816
1.0668
1.06538
1.06389
1.06235
1.06074
1.05908
1.05736
1.05558
1.05375
1.05186
1.04993
1.04794
1.04591
1.04383
1.04172
1.03956
1.03736
1.03512
1.03285
1.03054
1.0282
1.02583
1.02342
1.02099
1.01854
1.01606
1.01355
1.01103
1.00848
1.00592
1.00333
1.00074
0.998121
0.995493
0.992851
0.990199
0.987535
0.984862
0.98218
0.979491
0.976794
0.974091
0.971382
0.968669
0.965952
0.963232
0.96051
0.957786
0.955062
0.952337
0.949614
0.946892
0.944174
0.94146
0.938748
0.936042
0.93334
0.930645
0.927958
0.925279
0.922609
0.91995
0.917302
0.914667
0.912045
0.909439
0.906849
0.904277
0.901724
0.899192
0.896682
0.894196
0.891737
0.889306
0.886905
0.884536
0.882201
0.879902
0.877639
0.875416
0.873234
0.871095
0.869002
0.866957
0.864963
0.863023
0.861137
0.859309
0.857542
0.855837
0.854196
0.852622
0.851117
0.849682
0.848321
0.847035
0.845827
0.844697
0.843648
0.842679
0.841793
0.840991
0.840273
0.839643
0.839099
0.838644
0.838278
0.838
0.837812
0.837715
0.837709
0.837795
0.837971
0.838237
0.838592
0.839035
0.839565
0.840182
0.840885
0.841671
0.842539
0.843488
0.844516
0.845623
0.846808
0.848067
0.849399
0.850802
0.852275
0.853814
0.855419
0.857087
0.858816
0.860603
0.862446
0.864345
0.866296
0.868297
0.870346
0.872441
0.87458
0.876761
0.878982
0.88124
0.883534
0.885863
0.888223
0.890615
0.893037
0.895488
0.897967
0.900469
0.902995
0.905542
0.908108
0.910692
0.913295
0.915913
0.918546
0.921193
0.923853
0.926523
0.929204
0.931895
0.934594
0.937299
0.940009
0.942724
0.945442
0.948164
0.950887
0.953612
0.956337
0.959061
0.961783
0.964502
0.967215
0.969924
0.972628
0.975325
0.978014
0.980695
0.983366
0.986026
0.988676
0.991315
0.993942
0.996555
0.999153
1.00174
1.00431
1.00686
1.0094
1.01192
1.01442
1.01691
1.01937
1.02182
1.02425
1.02667
1.02907
1.03145
1.03381
1.03615
1.03847
1.04077
1.04306
1.04532
1.04757
1.0498
1.05202
1.05422
1.0564
1.05857
1.06072
1.06285
1.06497
1.06708
1.06917
1.07124
1.07331
1.07536
1.07739
1.07941
1.08141
1.08339
1.08536
1.08731
1.08924
1.09116
1.09305
1.09491
1.09675
1.09857
1.10035
1.10211
1.10383
1.10551
1.10715
1.10875
1.11031
1.11181
1.11327
1.11467
1.11601
1.11728
1.11849
1.11964
1.12071
1.12171
1.12262
1.12346
1.12421
1.12487
1.12544
1.12591
1.12628
1.12655
1.12672
1.12678
1.12673
1.12658
1.12631
1.12593
1.12543
1.12481
1.12407
1.12322
1.12225
1.12115
1.11994
1.11861
1.11716
1.1156
1.11391
1.11211
1.1102
1.10818
1.10605
1.10381
1.10147
1.09902
1.09648
1.09383
1.0911
1.08828
1.08537
1.08238
1.07931
1.07617
1.07296
1.06969
1.06636
1.06298
1.05954
1.05606
1.05254
1.04899
1.0454
1.0418
1.03817
1.03452
1.03087
1.02722
1.02356
1.01991
1.01627
1.01265
1.00905
1.00547
1.00192
0.9984
0.99492
0.991481
0.988087
0.984743
0.981453
0.978219
0.975045
0.971933
0.968887
0.965909
0.963001
0.960165
0.957402
0.954715
0.952105
0.949573
0.94712
0.944747
0.942455
0.940245
0.938117
0.936071
0.934107
0.932227
0.930428
0.928709
0.927073
0.925517
0.924039
0.922637
0.921312
0.920061
0.918883
0.917777
0.916742
0.915775
0.914876
0.914039
0.913264
0.91255
0.911894
0.911295
0.910749
0.910255
0.90981
0.909414
0.909063
0.908758
0.908495
0.908272
0.908089
0.907943
0.907835
0.907761
0.907719
0.907708
0.907725
0.907771
0.907843
0.90794
0.908062
0.908208
0.908375
0.908563
0.908769
0.908994
0.909235
0.909493
0.909767
0.910055
0.910356
0.910672
0.911001
0.911342
0.911695
0.912059
0.912432
0.912813
0.913203
0.913603
0.91401
0.914425
0.914845
0.91527
0.9157
0.916132
0.916567
0.917005
0.917445
0.917886
0.918328
0.91877
0.919211
0.91965
0.920084
0.920514
0.920939
0.921357
0.921768
0.922173
0.922569
0.922955
0.923331
0.923696
0.924048
0.924386
0.924708
0.925015
0.925304
0.925576
0.925829
0.926064
0.92628
0.926477
0.926655
0.926812
0.92695
0.927066
0.92716
0.927232
0.927282
0.927309
0.927314
0.927297
0.927259
0.927201
0.92712
0.927018
0.926897
0.926757
0.926597
0.926417
0.926217
0.925999
0.925764
0.925513
0.925246
0.924964
0.924669
0.924363
0.924045
0.923718
0.923383
0.923042
0.922694
0.922341
0.921984
0.921624
0.921263
0.9209
0.920538
0.920179
0.919824
0.919474
0.919129
0.918791
0.918462
0.918143
0.917834
0.917536
0.917251
0.91698
0.916724
0.916484
0.916262
0.916059
0.915877
0.915714
0.915573
0.915455
0.915358
0.915284
0.915235
0.91521
0.915211
0.915236
0.915287
0.915364
0.915467
0.915597
0.915755
0.915939
0.916152
0.916394
0.916663
0.916961
0.917288
0.917644
0.918028
0.918442
0.918883
0.919354
0.919854
0.920384
0.920943
0.921532
0.922151
0.9228
0.923477
0.924182
0.924915
0.925677
0.926467
0.927286
0.928133
0.929009
0.929911
0.93084
0.931799
0.932784
0.933796
0.934833
0.935897
0.936986
0.9381
0.93924
0.940404
0.941593
0.942804
0.94404
0.945299
0.94658
0.947883
0.949208
0.950556
0.951924
0.953312
0.954721
0.95615
0.957598
0.959066
0.960553
0.962058
0.963581
0.965124
0.966684
0.96826
0.969854
0.971464
0.97309
0.97473
0.976386
0.978055
0.979739
0.981435
0.983143
0.984863
0.986594
0.988335
0.990087
0.991847
0.993615
0.995392
0.997176
0.998966
1.00076
1.00256
1.00437
1.00618
1.00799
1.0098
1.01161
1.01342
1.01522
1.01703
1.01882
1.02061
1.02239
1.02416
1.02593
1.02767
1.02941
1.03113
1.03283
1.03452
1.03618
1.03782
1.03943
1.04102
1.04258
1.04412
1.04562
1.04709
1.04852
1.04993
1.05129
1.05262
1.0539
1.05515
1.05635
1.0575
1.05861
1.05967
1.06069
1.06165
1.06256
1.06341
1.06421
1.06496
1.06565
1.06628
1.06686
1.06738
1.06783
1.06823
1.06857
1.06885
1.06906
1.06921
1.0693
1.06933
1.06929
1.06919
1.06903
1.0688
1.06851
1.06816
1.06775
1.06728
1.06674
1.06615
1.06549
1.06477
1.06399
1.06316
1.06226
1.06131
1.0603
1.05923
1.05811
1.05694
1.05571
1.05443
1.0531
1.05173
1.0503
1.04883
1.04731
1.04575
1.04415
1.04251
1.04082
1.0391
1.03734
1.03555
1.03373
1.03188
1.03
1.02809
1.02616
1.0242
1.02223
1.02025
1.01824
1.01623
1.0142
1.01217
1.01012
1.00808
1.00603
1.00398
1.00194
0.999902
0.997872
0.995851
0.993844
0.991853
0.989882
0.987932
0.986005
0.984106
0.982237
0.980401
0.9786
0.976835
0.975108
0.973421
0.971776
0.970176
0.968621
0.967115
0.965661
0.964258
0.962909
0.961615
0.960378
0.959199
0.958079
0.95702
0.956021
0.955083
0.954208
0.953396
0.952646
0.95196
0.951337
0.950777
0.95028
0.949843
0.949468
0.949153
0.948898
0.948701
0.948562
0.948479
0.948452
0.948478
0.948556
0.948682
0.948856
0.949075
0.949336
0.949639
0.94998
0.950356
0.950765
0.951203
0.951668
0.952157
0.952669
0.953199
0.953746
0.954307
0.954877
0.955453
0.956031
0.95661
0.957186
0.957755
0.958314
0.958859
0.959389
0.959899
0.960389
0.960854
0.96129
0.961697
0.962071
0.96241
0.96271
0.962971
0.963187
0.963357
0.963479
0.963551
0.963571
0.963539
0.963453
0.963308
0.963105
0.962843
0.962522
0.96214
0.961697
0.961192
0.960624
0.959994
0.959299
0.958541
0.957719
0.956833
0.955882
0.954868
0.953789
0.952649
0.951448
0.950187
0.948867
0.947492
0.946062
0.944579
0.943043
0.941457
0.939821
0.93814
0.936415
0.934648
0.932844
0.931003
0.929129
0.927224
0.925292
0.923334
0.921354
0.919355
0.917341
0.915315
0.913281
0.911242
0.909201
0.907162
0.905127
0.903101
0.901087
0.899088
0.897109
0.895154
0.893226
0.891328
0.889465
0.887638
0.885852
0.884111
0.882418
0.880779
0.879194
0.877668
0.876202
0.8748
0.873465
0.872203
0.871014
0.869901
0.868867
0.867913
0.867042
0.866255
0.865557
0.864949
0.864431
0.864006
0.863673
0.863433
0.863289
0.863242
0.863291
0.863438
0.863681
0.864021
0.864459
0.864993
0.865623
0.866348
0.867167
0.868079
0.869081
0.870172
0.871351
0.872618
0.87397
0.875404
0.876918
0.87851
0.880176
0.881915
0.883724
0.885598
0.887537
0.889537
0.891595
0.893707
0.89587
0.898082
0.900339
0.902637
0.904973
0.907343
0.909743
0.912172
0.914625
0.917098
0.919589
0.922093
0.924607
0.927127
0.92965
0.932174
0.934695
0.937209
0.939714
0.942206
0.944682
0.947139
0.949577
0.951991
0.95438
0.95674
0.959071
0.96137
0.963633
0.965858
0.968046
0.970192
0.972297
0.974358
0.976373
0.978342
0.980263
0.982135
0.983956
0.985726
0.987445
0.989111
0.990726
0.992288
0.993798
0.995254
0.996657
0.998007
0.999303
1.00054
1.00173
1.00286
1.00394
1.00497
1.00595
1.00687
1.00774
1.00856
1.00933
1.01006
1.01073
1.01136
1.01193
1.01247
1.01296
1.0134
1.0138
1.01416
1.01448
1.01475
1.01499
1.01519
1.01535
1.01547
1.01556
1.01561
1.01563
1.01561
1.01557
1.01549
1.01538
1.01525
1.01509
1.01491
1.0147
1.01446
1.01421
1.01393
1.01364
1.01332
1.01299
1.01264
1.01227
1.0119
1.01151
1.01111
1.0107
1.01029
1.00987
1.00944
1.00901
1.00858
1.00815
1.00771
1.00728
1.00685
1.00643
1.00601
1.0056
1.0052
1.00481
1.00443
1.00406
1.00371
1.00338
1.00306
1.00276
1.00248
1.00223
1.00199
1.00179
1.00161
1.00145
1.00132
1.00122
1.00115
1.00111
1.0011
1.00112
1.00117
1.00126
1.00138
1.00153
1.00172
1.00194
1.00219
1.00248
1.0028
1.00316
1.00354
1.00396
1.00442
1.0049
1.00542
1.00596
1.00654
1.00715
1.00779
1.00845
1.00914
1.00986
1.01059
1.01136
1.01214
1.01295
1.01377
1.01462
1.01548
1.01636
1.01725
1.01815
1.01907
1.02
1.02094
1.02189
1.02284
1.0238
1.02475
1.02571
1.02667
1.02762
1.02857
1.02951
1.03044
1.03136
1.03227
1.03316
1.03404
1.0349
1.03574
1.03656
1.03736
1.03813
1.03889
1.03961
1.04031
1.04098
1.04162
1.04223
1.04281
1.04335
1.04386
1.04433
1.04476
1.04516
1.04551
1.04583
1.04611
1.04635
1.04654
1.04669
1.0468
1.04687
1.04689
1.04687
1.0468
1.04668
1.04653
1.04632
1.04607
1.04577
1.04543
1.04504
1.0446
1.04412
1.04359
1.04301
1.04239
1.04172
1.04101
1.04025
1.03945
1.0386
1.03771
1.03678
1.0358
1.03478
1.03373
1.03263
1.03149
1.03032
1.02911
1.02786
1.02658
1.02526
1.02391
1.02253
1.02113
1.01969
1.01822
1.01673
1.01522
1.01368
1.01212
1.01054
1.00894
1.00733
1.0057
1.00407
1.00242
1.00076
0.999093
0.997423
0.99575
0.994077
0.992405
0.990735
0.989069
0.98741
0.985759
0.984119
0.982489
0.980873
0.979273
0.97769
0.976127
0.974585
0.973066
0.971571
0.970101
0.968658
0.967245
0.965862
0.96451
0.96319
0.961903
0.960652
0.959435
0.958254
0.957108
0.956002
0.954934
0.953905
0.952914
0.951961
0.951047
0.950173
0.949337
0.94854
0.947781
0.94706
0.946379
0.945737
0.945133
0.944566
0.944036
0.943543
0.943085
0.942663
0.942275
0.94192
0.941599
0.94131
0.941053
0.940828
0.940635
0.940473
0.94034
0.940235
0.940155
0.940102
0.940075
0.940072
0.940092
0.940135
0.9402
0.940284
0.940387
0.940508
0.940647
0.940803
0.940973
0.941159
0.941359
0.941573
0.941798
0.942035
0.942285
0.942546
0.942816
0.943095
0.943383
0.943679
0.943984
0.944296
0.944616
0.944942
0.945276
0.945617
0.945965
0.94632
0.946682
0.947051
0.947427
0.94781
0.948201
0.9486
0.949006
0.949421
0.949845
0.950278
0.950721
0.951175
0.95164
0.952114
0.9526
0.953097
0.953605
0.954124
0.954657
0.955204
0.955764
0.956339
0.956927
0.957529
0.958147
0.95878
0.959427
0.96009
0.960767
0.96146
0.962168
0.962894
0.963634
0.964389
0.965156
0.965936
0.966729
0.967535
0.968356
0.96919
0.970035
0.97089
0.971756
0.972629
0.97351
0.974398
0.975292
0.976192
0.977095
0.978002
0.978911
0.979819
0.980727
0.981633
0.982537
0.983436
0.984329
0.985215
0.986092
0.98696
0.987817
0.988661
0.989491
0.990305
0.991102
0.991881
0.99264
0.993378
0.994093
0.994784
0.99545
0.99609
0.996703
0.997285
0.997838
0.99836
0.99885
0.999305
0.999727
1.00011
1.00046
1.00078
1.00105
1.00129
1.00149
1.00165
1.00177
1.00185
1.00189
1.00189
1.00184
1.00175
1.00162
1.00144
1.00122
1.00095
1.00064
1.00029
0.99989
0.999448
0.998962
0.998433
0.99786
0.997244
0.996586
0.995887
0.995148
0.994369
0.993549
0.99269
0.991793
0.990861
0.989894
0.988892
0.987855
0.986784
0.985681
0.984547
0.983382
0.982189
0.980969
0.979723
0.978455
0.977162
0.975849
0.974516
0.973166
0.971798
0.970416
0.969021
0.967615
0.9662
0.964777
0.96335
0.961919
0.960487
0.959055
0.957623
0.956195
0.954772
0.953358
0.951954
0.950562
0.949185
0.947824
0.946483
0.945163
0.943867
0.942596
0.941353
0.94014
0.938959
0.937814
0.936705
0.935635
0.934605
0.933615
0.932669
0.931766
0.930909
0.930101
0.929344
0.92864
0.92799
0.927394
0.926854
0.926371
0.925947
0.925583
0.92528
0.925042
0.924868
0.924759
0.924714
0.924735
0.924822
0.924974
0.925191
0.925474
0.925823
0.926239
0.92672
0.927267
0.927879
0.928555
0.929296
0.9301
0.930966
0.931894
0.932882
0.933929
0.935033
0.936193
0.937406
0.938672
0.939987
0.94135
0.942759
0.944212
0.945708
0.947242
0.948811
0.950415
0.952051
0.953715
0.955405
0.957119
0.958852
0.960603
0.962369
0.964145
0.965931
0.967721
0.969512
0.971302
0.973088
0.974865
0.976632
0.978385
0.980121
0.981837
0.983529
0.985195
0.986831
0.988437
0.990009
0.991543
0.993038
0.99449
0.995897
0.997257
0.998567
0.999824
1.00103
1.00218
1.00327
1.0043
1.00527
1.00617
1.00701
1.00779
1.0085
1.00913
1.0097
1.0102
1.01063
1.01099
1.01128
1.01149
1.01164
1.01171
1.01171
1.01163
1.01149
1.01127
1.01098
1.01062
1.01019
1.00969
1.00912
1.00848
1.00777
1.007
1.00616
1.00526
1.0043
1.00328
1.0022
1.00106
0.999865
0.998618
0.997319
0.995971
0.994575
0.993133
0.991647
0.990119
0.988552
0.986947
0.985306
0.983631
0.981925
0.980189
0.978428
0.976644
0.974838
0.973012
0.971169
0.969309
0.967435
0.965549
0.963652
0.961746
0.959833
0.957915
0.955994
0.954071
0.952149
0.950229
0.948312
0.946401
0.944497
0.942602
0.940718
0.938847
0.936991
0.935151
0.933328
0.931522
0.929736
0.927969
0.926224
0.924501
0.922802
0.921127
0.919477
0.917854
0.916259
0.914691
0.913152
0.911642
0.910164
0.908717
0.907303
0.90592
0.904572
0.903258
0.901978
0.900735
0.899527
0.898356
0.897223
0.896129
0.895077
0.894064
0.893094
0.892164
0.891277
0.890432
0.88963
0.888872
0.888159
0.88749
0.886867
0.886291
0.88576
0.885274
0.884835
0.884441
0.884095
0.883795
0.883544
0.883341
0.883184
0.883074
0.883011
0.882994
0.883025
0.883104
0.883228
0.883397
0.88361
0.88387
0.884173
0.884518
0.884904
0.88533
0.885795
0.886298
0.886839
0.887415
0.888027
0.888672
0.889349
0.890057
0.890794
0.89156
0.892351
0.893167
0.894006
0.894866
0.895745
0.896643
0.897558
0.898491
0.899439
0.9004
0.901373
0.902355
0.903345
0.904341
0.905342
0.906347
0.907356
0.908366
0.909379
0.910392
0.911405
0.912416
0.913425
0.914431
0.915433
0.916431
0.917424
0.91841
0.919391
0.920364
0.921331
0.92229
0.923242
0.924186
0.925122
0.92605
0.92697
0.927882
0.928786
0.929684
0.930573
0.931454
0.932327
0.933193
0.93405
0.934899
0.93574
0.936573
0.937399
0.938217
0.939026
0.939828
0.940622
0.941409
0.942186
0.942955
0.943715
0.944467
0.945212
0.945948
0.946677
0.947397
0.94811
0.948813
0.949505
0.950188
0.950861
0.951523
0.952174
0.952813
0.95344
0.954053
0.954654
0.955241
0.955815
0.956375
0.95692
0.957451
0.957966
0.958466
0.958953
0.959426
0.959884
0.960326
0.960751
0.96116
0.961551
0.961925
0.962281
0.962621
0.962944
0.963249
0.963539
0.963813
0.964071
0.964313
0.96454
0.964752
0.96495
0.965134
0.965304
0.965463
0.96561
0.965746
0.96587
0.965985
0.966091
0.96619
0.966281
0.966365
0.966443
0.966516
0.966585
0.966652
0.966717
0.96678
0.966844
0.966909
0.966975
0.967043
0.967116
0.967193
0.967276
0.967365
0.96746
0.967563
0.967675
0.967797
0.967928
0.968071
0.968226
0.968393
0.968573
0.968766
0.968972
0.969193
0.969429
0.969681
0.969948
0.970231
0.97053
0.970847
0.971181
0.971534
0.971905
0.972292
0.972695
0.973115
0.973551
0.974002
0.974469
0.974951
0.975447
0.975957
0.976481
0.977019
0.977569
0.978131
0.978705
0.97929
0.979883
0.980485
0.981093
0.981707
0.982323
0.982942
0.983563
0.984184
0.984802
0.985418
0.986029
0.986633
0.987229
0.987814
0.988389
0.98895
0.989496
0.990026
0.990536
0.991026
0.991494
0.991938
0.992357
0.992749
0.993113
0.993448
0.993752
0.994023
0.99426
0.994462
0.994626
0.994751
0.994838
0.994885
0.99489
0.994852
0.994771
0.994646
0.994475
0.994258
0.993993
0.993682
0.993323
0.992917
0.992463
0.99196
0.991408
0.990808
0.990159
0.98946
0.988714
0.98792
0.987081
0.986196
0.985266
0.98429
0.983268
0.982201
0.981089
0.979935
0.97874
0.977503
0.976226
0.97491
0.973558
0.97217
0.970747
0.969292
0.967805
0.966289
0.964743
0.963169
0.961568
0.959942
0.958296
0.95663
0.954945
0.953245
0.951529
0.949799
0.948057
0.946305
0.944545
0.942778
0.941008
0.939235
0.937462
0.93569
0.933922
0.932161
0.930407
0.928664
0.926933
0.925216
0.923516
0.921835
0.920176
0.91854
0.91693
0.915349
0.913798
0.912279
0.910796
0.909351
0.907946
0.906583
0.905264
0.903992
0.902769
0.901596
0.900476
0.899411
0.898406
0.897462
0.89658
0.895764
0.895013
0.894332
0.893721
0.893184
0.892723
0.89234
0.892037
0.891815
0.891674
0.891616
0.891644
0.891758
0.891961
0.892252
0.892633
0.893106
0.893672
0.894329
0.89508
0.895926
0.896866
0.897901
0.89903
0.900252
0.901569
0.902979
0.904481
0.906075
0.90776
0.909535
0.911398
0.913348
0.915383
0.917503
0.919705
0.921988
0.924348
0.926786
0.929296
0.931876
0.934525
0.937237
0.94001
0.94284
0.945724
0.948659
0.951641
0.954668
0.957734
0.960836
0.963971
0.967136
0.970324
0.973535
0.976762
0.98
0.983245
0.986493
0.989741
0.992983
0.996216
0.999434
1.00263
1.00581
1.00897
1.01209
1.01518
1.01823
1.02124
1.0242
1.02712
1.02998
1.03279
1.03554
1.03822
1.04084
1.04339
1.04586
1.04827
1.05059
1.05284
1.055
1.05707
1.05907
1.06097
1.06278
1.0645
1.06613
1.06765
1.06909
1.07042
1.07166
1.07279
1.07383
1.07476
1.07559
1.07632
1.07694
1.07746
1.07788
1.07819
1.07839
1.07849
1.07849
1.07838
1.07817
1.07786
1.07745
1.07694
1.07633
1.07562
1.07481
1.0739
1.0729
1.0718
1.07061
1.06932
1.06795
1.06649
1.06494
1.06331
1.06159
1.0598
1.05792
1.05597
1.05394
1.05183
1.04966
1.04741
1.0451
1.04272
1.04028
1.03778
1.03522
1.03261
1.02994
1.02722
1.02445
1.02164
1.01878
1.01588
1.01295
1.00998
1.00697
1.00394
1.00088
0.997792
0.994682
0.991553
0.988407
0.985244
0.982069
0.978885
0.975694
0.972499
0.969303
0.966108
0.96292
0.959738
0.956567
0.953407
0.950263
0.947137
0.944032
0.940949
0.937893
0.934866
0.931872
0.928913
0.925992
0.923111
0.920273
0.91748
0.914736
0.912042
0.909404
0.906823
0.904304
0.901848
0.899459
0.897138
0.894889
0.892714
0.890616
0.888598
0.886661
0.884807
0.883041
0.881363
0.879776
0.878284
0.876888
0.875592
0.874396
0.873301
0.872308
0.87142
0.870636
0.869958
0.869387
0.868926
0.868575
0.868336
0.868207
0.868189
0.868283
0.868489
0.868805
0.869232
0.869768
0.870415
0.87117
0.872034
0.873004
0.87408
0.875261
0.876547
0.877935
0.879425
0.881013
0.882698
0.884477
0.886347
0.888307
0.890353
0.892484
0.894697
0.896988
0.899354
0.901794
0.904304
0.90688
0.909521
0.912224
0.914986
0.917802
0.920671
0.923588
0.926549
0.929552
0.932592
0.935666
0.938772
0.941906
0.945065
0.948245
0.951443
0.954655
0.957878
0.961109
0.964345
0.967583
0.97082
0.974051
0.977275
0.980488
0.983686
0.986868
0.990031
0.99317
0.996284
0.999369
1.00242
1.00544
1.00843
1.01137
1.01427
1.01712
1.01993
1.02269
1.02539
1.02804
1.03064
1.03317
1.03563
1.03803
1.04037
1.04263
1.04482
1.04694
1.04898
1.05094
1.05282
1.05462
1.05634
1.05796
1.0595
1.06096
1.06232
1.06359
1.06476
1.06584
1.06683
1.06772
1.06851
1.0692
1.06979
1.07028
1.07068
1.07097
1.07116
1.07124
1.07123
1.07112
1.07091
1.07059
1.07018
1.06966
1.06905
1.06834
1.06753
1.06662
1.06561
1.06452
1.06333
1.06205
1.06068
1.05922
1.05768
1.05605
1.05435
1.05256
1.05071
1.04878
1.04678
1.04472
1.04259
1.0404
1.03815
1.03585
1.0335
1.0311
1.02865
1.02617
1.02364
1.02108
1.01849
1.01587
1.01323
1.01057
1.00789
1.0052
1.00251
0.999811
0.99711
0.994412
0.991719
0.989034
0.986362
0.983705
0.981068
0.978452
0.97586
0.973297
0.970762
0.96826
0.965792
0.963362
0.96097
0.958619
0.956312
0.954049
0.951834
0.949667
0.94755
0.945484
0.943468
0.941506
0.939597
0.937743
0.935943
0.934197
0.932507
0.930871
0.929291
0.927767
0.926299
0.924886
0.923528
0.922224
0.920974
0.919777
0.918633
0.917542
0.916503
0.915514
0.914576
0.913685
0.912842
0.912046
0.911296
0.910591
0.909931
0.909314
0.90874
0.908206
0.907711
0.907255
0.906835
0.906453
0.906106
0.905794
0.905516
0.90527
0.905055
0.904872
0.904718
0.904593
0.904497
0.904427
0.904384
0.904366
0.904374
0.904406
0.904461
0.90454
0.904641
0.904764
0.904908
0.905072
0.905257
0.905461
0.905685
0.905928
0.906191
0.906473
0.906773
0.907091
0.907428
0.907783
0.908158
0.908551
0.908961
0.909388
0.909832
0.910291
0.910767
0.911259
0.911768
0.912293
0.912834
0.91339
0.913961
0.914549
0.915153
0.915773
0.916409
0.917061
0.917728
0.918409
0.919107
0.91982
0.92055
0.921296
0.922058
0.922834
0.923624
0.924428
0.925246
0.926077
0.92692
0.927777
0.928645
0.929525
0.930417
0.931321
0.932235
0.93316
0.934094
0.935036
0.935988
0.93695
0.93792
0.938899
0.939885
0.940879
0.941879
0.942884
0.943895
0.94491
0.945927
0.946947
0.94797
0.948996
0.950022
0.951049
0.952077
0.953104
0.95413
0.955154
0.956176
0.957197
0.958213
0.959226
0.960234
0.961237
0.962233
0.963222
0.964204
0.965178
0.966146
0.967106
0.968057
0.968998
0.96993
0.970852
0.971763
0.972663
0.973552
0.974431
0.975298
0.976151
0.976993
0.977822
0.978637
0.979438
0.980226
0.981
0.981758
0.9825
0.983225
0.983933
0.984625
0.9853
0.985957
0.986594
0.987213
0.987811
0.988388
0.988944
0.989478
0.989989
0.990477
0.990942
0.991382
0.991798
0.99219
0.992556
0.992897
0.993211
0.993498
0.993757
0.993988
0.99419
0.994362
0.994505
0.994618
0.994702
0.994755
0.994777
0.994767
0.994726
0.994653
0.994547
0.994408
0.994236
0.99403
0.993792
0.99352
0.993214
0.992876
0.992506
0.992104
0.991669
0.9912
0.990698
0.990163
0.989596
0.988997
0.988367
0.987706
0.987014
0.986292
0.98554
0.984758
0.983948
0.983111
0.982247
0.981358
0.980444
0.979504
0.978541
0.977554
0.976545
0.975516
0.974466
0.973399
0.972313
0.97121
0.970091
0.968957
0.967808
0.966647
0.965475
0.964293
0.963102
0.961904
0.960699
0.959488
0.958272
0.957053
0.955832
0.95461
0.953389
0.952168
0.950949
0.949733
0.948522
0.947315
0.946115
0.944925
0.943746
0.942578
0.941421
0.940278
0.939149
0.938034
0.936935
0.935854
0.934792
0.93375
0.932727
0.931726
0.930747
0.929793
0.928864
0.927962
0.927085
0.926235
0.925414
0.92462
0.923855
0.923122
0.922421
0.921752
0.921114
0.92051
0.919937
0.919397
0.918891
0.918419
0.917982
0.917578
0.917209
0.916873
0.916571
0.916304
0.916072
0.915874
0.915709
0.915578
0.915481
0.915418
0.915386
0.915388
0.915423
0.91549
0.915587
0.915715
0.915873
0.916059
0.916274
0.916517
0.916787
0.917082
0.917403
0.91775
0.918122
0.918516
0.918933
0.919373
0.919836
0.920319
0.920821
0.921343
0.921882
0.92244
0.923015
0.923607
0.924218
0.924846
0.92549
0.926149
0.926823
0.927509
0.928207
0.928918
0.92964
0.930373
0.931116
0.931868
0.932631
0.933402
0.934183
0.934973
0.935771
0.936576
0.937387
0.938206
0.939031
0.939864
0.940703
0.941547
0.942396
0.94325
0.944109
0.944972
0.945839
0.946711
0.947588
0.948468
0.949352
0.950239
0.951128
0.952019
0.952912
0.953805
0.9547
0.955595
0.956492
0.95739
0.958287
0.959183
0.960078
0.960971
0.961862
0.962751
0.963637
0.96452
0.9654
0.966275
0.967146
0.968012
0.968872
0.969726
0.970574
0.971414
0.972245
0.973066
0.973877
0.974678
0.975468
0.976247
0.977015
0.97777
0.978511
0.979237
0.979945
0.980636
0.981309
0.981962
0.982595
0.983206
0.983794
0.984358
0.984898
0.985412
0.985898
0.986355
0.986782
0.987177
0.98754
0.987869
0.988163
0.98842
0.988639
0.988818
0.988959
0.989061
0.989121
0.989136
0.989107
0.989032
0.98891
0.988742
0.988523
0.988255
0.987936
0.987565
0.987143
0.986669
0.986143
0.985564
0.98493
0.984244
0.983504
0.982709
0.981858
0.980954
0.979995
0.978982
0.977917
0.976799
0.975629
0.974407
0.973134
0.971813
0.970444
0.969028
0.967566
0.966059
0.964511
0.962923
0.961293
0.959624
0.95792
0.956181
0.954409
0.952605
0.950774
0.948918
0.947039
0.945141
0.943224
0.941292
0.939348
0.937396
0.935439
0.933478
0.931518
0.92956
0.927609
0.92567
0.923743
0.921833
0.919942
0.918074
0.916233
0.91442
0.912641
0.910897
0.909194
0.907534
0.905922
0.90436
0.902851
0.901399
0.900005
0.898675
0.897409
0.896213
0.895087
0.894037
0.893065
0.892173
0.891362
0.890633
0.889989
0.889432
0.888965
0.888591
0.888309
0.888121
0.888027
0.888029
0.888128
0.888323
0.888616
0.889008
0.889497
0.890083
0.890767
0.891548
0.892426
0.8934
0.894469
0.895633
0.896891
0.898238
0.899676
0.901203
0.902816
0.904514
0.906296
0.908158
0.910099
0.912117
0.914209
0.916374
0.91861
0.920917
0.923289
0.925725
0.928222
0.930777
0.933388
0.936053
0.93877
0.941536
0.944349
0.947206
0.950104
0.953041
0.956014
0.959021
0.96206
0.965127
0.96822
0.971336
0.974473
0.97763
0.980802
0.983988
0.987185
0.990391
0.993604
0.996821
1.00004
1.00325
1.00647
1.00968
1.01288
1.01607
1.01925
1.02241
1.02555
1.02868
1.03178
1.03486
1.03791
1.04093
1.04392
1.04688
1.0498
1.05268
1.05552
1.05832
1.06108
1.06378
1.06644
1.06904
1.07159
1.07409
1.07652
1.0789
1.08121
1.08346
1.08564
1.08776
1.0898
1.09178
1.09369
1.09552
1.09727
1.09895
1.10054
1.10206
1.1035
1.10485
1.10611
1.1073
1.10839
1.1094
1.11032
1.11115
1.11189
1.11254
1.1131
1.11357
1.11395
1.11424
1.11443
1.11454
1.11455
1.11446
1.11429
1.11402
1.11366
1.11321
1.11268
1.11205
1.11133
1.11052
1.10962
1.10864
1.10757
1.10641
1.10517
1.10384
1.10243
1.10094
1.09937
1.09773
1.09601
1.09421
1.09234
1.09041
1.0884
1.08633
1.0842
1.082
1.07975
1.07743
1.07506
1.07264
1.07018
1.06766
1.0651
1.06249
1.05985
1.05716
1.05445
1.05171
1.04894
1.04614
1.04333
1.0405
1.03766
1.03481
1.03195
1.02909
1.02623
1.02338
1.02054
1.01771
1.01489
1.01209
1.00932
1.00658
1.00387
1.00119
0.998549
0.995952
0.993401
0.9909
0.988451
0.98606
0.98373
0.981466
0.979267
0.977138
0.975082
0.973101
0.971199
0.969377
0.967636
0.965981
0.964413
0.962933
0.961543
0.960243
0.959034
0.957917
0.956894
0.955962
0.955124
0.954379
0.953725
0.953163
0.952691
0.95231
0.952018
0.951813
0.951693
0.951657
0.951703
0.951827
0.952027
0.952303
0.952649
0.953063
0.953541
0.954081
0.95468
0.955334
0.95604
0.956792
0.957589
0.958426
0.959298
0.960202
0.961135
0.962092
0.963072
0.964068
0.965079
0.9661
0.96713
0.968163
0.969196
0.970226
0.971249
0.972261
0.973261
0.974246
0.975213
0.976159
0.977082
0.977979
0.978847
0.979684
0.980488
0.981257
0.98199
0.982685
0.983342
0.983958
0.984533
0.985065
0.985554
0.985999
0.986398
0.986751
0.987058
0.987318
0.987534
0.987705
0.987831
0.987912
0.987948
0.987939
0.987886
0.987788
0.987649
0.987469
0.987248
0.986987
0.986688
0.986354
0.985985
0.985584
0.985151
0.984688
0.984195
0.983677
0.983135
0.98257
0.981986
0.981381
0.980759
0.980122
0.979471
0.978809
0.978137
0.977458
0.976776
0.976091
0.975405
0.97472
0.97404
0.973368
0.972705
0.972052
0.97141
0.970782
0.970167
0.969569
0.968991
0.968433
0.967896
0.967384
0.966897
0.966436
0.966003
0.965599
0.965223
0.964877
0.964562
0.964279
0.964029
0.963813
0.963632
0.963487
0.963376
0.963301
0.963261
0.963256
0.963285
0.963349
0.963447
0.963579
0.963745
0.963946
0.964179
0.964444
0.964742
0.96507
0.965426
0.965809
0.966219
0.966652
0.967109
0.967587
0.968086
0.968602
0.969134
0.96968
0.970238
0.970805
0.971378
0.971956
0.972538
0.973121
0.973702
0.974279
0.974849
0.975409
0.975958
0.976492
0.97701
0.977509
0.977986
0.978439
0.978867
0.979269
0.97964
0.97998
0.980286
0.980558
0.980795
0.980994
0.981152
0.981269
0.981344
0.981375
0.981363
0.981307
0.981205
0.981061
0.980873
0.98064
0.98036
0.980036
0.979666
0.979252
0.978796
0.978297
0.977756
0.977176
0.976557
0.975901
0.97521
0.974484
0.973726
0.972939
0.972122
0.971279
0.970413
0.969526
0.96862
0.967699
0.966764
0.965818
0.964861
0.963898
0.96293
0.96196
0.960991
0.960024
0.959062
0.958109
0.957166
0.956235
0.95532
0.954423
0.953545
0.95269
0.95186
0.951056
0.950278
0.949529
0.94881
0.948123
0.947468
0.946847
0.946262
0.945714
0.945204
0.944733
0.944301
0.943908
0.943554
0.943239
0.942964
0.942729
0.942534
0.942379
0.942263
0.942187
0.942149
0.942151
0.942191
0.94227
0.942384
0.942534
0.94272
0.942939
0.94319
0.943473
0.943786
0.944129
0.944499
0.944894
0.945312
0.945754
0.946217
0.946701
0.947204
0.947723
0.948258
0.948806
0.949368
0.949941
0.950523
0.951114
0.951711
0.952314
0.95292
0.953529
0.954139
0.954748
0.955356
0.95596
0.95656
0.957155
0.957743
0.958326
0.958902
0.959469
0.960026
0.960572
0.961105
0.961625
0.96213
0.962621
0.963096
0.963554
0.963997
0.964422
0.964828
0.965216
0.965585
0.965935
0.966264
0.966573
0.96686
0.967124
0.967365
0.967583
0.967777
0.967947
0.968094
0.968217
0.968314
0.968384
0.968428
0.968446
0.968437
0.968402
0.968338
0.968246
0.968126
0.967977
0.967798
0.96759
0.967352
0.967083
0.966785
0.966455
0.966095
0.965704
0.965282
0.964832
0.964352
0.963842
0.963303
0.962733
0.962134
0.961507
0.960851
0.960167
0.959454
0.958713
0.957945
0.957151
0.956331
0.955486
0.954618
0.953728
0.952814
0.951879
0.950924
0.94995
0.94896
0.947952
0.946929
0.945892
0.944842
0.943779
0.942707
0.941626
0.940537
0.939442
0.938341
0.937237
0.936131
0.935024
0.933918
0.932815
0.931714
0.930619
0.929531
0.92845
0.927378
0.926317
0.925266
0.92423
0.923209
0.922203
0.921213
0.920241
0.919288
0.918355
0.917442
0.916551
0.915683
0.914839
0.914018
0.913223
0.912456
0.911714
0.911001
0.910316
0.90966
0.909034
0.908438
0.907874
0.907342
0.906845
0.906382
0.905951
0.905554
0.905192
0.904863
0.904568
0.904307
0.904079
0.903884
0.903722
0.903593
0.903498
0.903435
0.903407
0.903412
0.90345
0.90352
0.903621
0.903756
0.903924
0.904121
0.904348
0.904604
0.904887
0.905197
0.905533
0.905896
0.906283
0.906694
0.907128
0.907582
0.908055
0.908548
0.909059
0.909588
0.910134
0.910694
0.911269
0.911856
0.912454
0.913062
0.913679
0.914302
0.914931
0.915563
0.916198
0.916833
0.917468
0.918102
0.918734
0.919363
0.919988
0.920609
0.921223
0.921831
0.92243
0.923021
0.923603
0.924174
0.924735
0.925285
0.925824
0.926351
0.926864
0.927365
0.927853
0.928329
0.928792
0.929244
0.929685
0.930116
0.930538
0.930952
0.931356
0.931753
0.932143
0.932529
0.932912
0.933292
0.933671
0.934051
0.934434
0.93482
0.935212
0.935611
0.936021
0.936443
0.936878
0.937327
0.937792
0.938275
0.938778
0.939302
0.939849
0.940419
0.941017
0.941642
0.942297
0.942981
0.943697
0.944446
0.945229
0.946049
0.946905
0.947798
0.948729
0.949697
0.950703
0.951747
0.95283
0.953951
0.955113
0.956315
0.957555
0.958831
0.960144
0.961492
0.962875
0.964291
0.96574
0.96722
0.968731
0.97027
0.971835
0.973424
0.975037
0.976672
0.978325
0.979995
0.98168
0.983378
0.985088
0.986806
0.988532
0.990262
0.991994
0.993727
0.995458
0.997185
0.998907
1.00062
1.00232
1.00402
1.00569
1.00735
1.00899
1.01061
1.01221
1.01379
1.01534
1.01685
1.01834
1.0198
1.02122
1.02261
1.02397
1.02529
1.02656
1.0278
1.029
1.03016
1.03128
1.03235
1.03338
1.03437
1.03531
1.0362
1.03705
1.03785
1.03861
1.03932
1.03998
1.04059
1.04116
1.04168
1.04216
1.04259
1.04297
1.04332
1.04361
1.04387
1.04408
1.04426
1.04439
1.04448
1.04454
1.04456
1.04454
1.04449
1.04441
1.04429
1.04415
1.04398
1.04378
1.04356
1.04331
1.04304
1.04275
1.04244
1.04212
1.04178
1.04143
1.04107
1.0407
1.04032
1.03994
1.03955
1.03916
1.03877
1.03838
1.03798
1.03759
1.03721
1.03683
1.03645
1.03608
1.03572
1.03537
1.03503
1.03469
1.03437
1.03406
1.03375
1.03346
1.03319
1.03292
1.03267
1.03243
1.03219
1.03197
1.03176
1.03156
1.03137
1.03118
1.031
1.03082
1.03065
1.03049
1.03032
1.03015
1.02998
1.02981
1.02964
1.02946
1.02926
1.02906
1.02885
1.02862
1.02837
1.02811
1.02782
1.02752
1.02719
1.02683
1.02645
1.02604
1.0256
1.02513
1.02462
1.02408
1.0235
1.02289
1.02224
1.02155
1.02082
1.02005
1.01924
1.01838
1.01749
1.01655
1.01557
1.01456
1.0135
1.0124
1.01126
1.01008
1.00886
1.0076
1.0063
1.00496
1.00359
1.00219
1.00075
0.999278
0.997776
0.996248
0.994693
0.993114
0.991513
0.989892
0.988251
0.986595
0.984924
0.983241
0.981549
0.97985
0.978145
0.976437
0.974729
0.973023
0.971322
0.969626
0.96794
0.966263
0.964599
0.96295
0.96132
0.959709
0.958121
0.956555
0.955013
0.953497
0.952009
0.950551
0.949123
0.947729
0.94637
0.945046
0.94376
0.942514
0.941307
0.94014
0.939015
0.93793
0.936887
0.935886
0.934929
0.934014
0.933142
0.932314
0.931531
0.930792
0.930098
0.929449
0.928843
0.928281
0.927762
0.927285
0.926848
0.926453
0.9261
0.925787
0.925514
0.925279
0.925081
0.92492
0.924792
0.924699
0.924639
0.924613
0.924617
0.924651
0.924716
0.924807
0.924922
0.925061
0.925223
0.925406
0.925608
0.925829
0.926067
0.92632
0.926585
0.926863
0.927151
0.927447
0.92775
0.928058
0.928369
0.928683
0.928997
0.929311
0.929622
0.929931
0.930233
0.930529
0.930817
0.931095
0.931361
0.931616
0.931856
0.932081
0.932288
0.932479
0.932649
0.9328
0.93293
0.933037
0.933122
0.933183
0.933219
0.93323
0.933214
0.933172
0.933102
0.933003
0.932875
0.932716
0.932528
0.93231
0.932061
0.93178
0.931468
0.931126
0.930751
0.930346
0.929909
0.929443
0.928947
0.928422
0.927869
0.927288
0.92668
0.926044
0.925384
0.924698
0.923989
0.923258
0.922505
0.921733
0.920943
0.920136
0.919313
0.918479
0.917634
0.916782
0.915923
0.91506
0.914193
0.913327
0.912462
0.9116
0.910744
0.909897
0.909059
0.908235
0.907427
0.906637
0.905869
0.905124
0.904406
0.903718
0.903063
0.902442
0.901857
0.901311
0.900807
0.900347
0.899933
0.899566
0.899249
0.898984
0.898771
0.898613
0.89851
0.898466
0.898482
0.89856
0.898701
0.898904
0.899173
0.899508
0.899908
0.900375
0.900907
0.901506
0.90217
0.902899
0.903694
0.904554
0.905479
0.906465
0.907513
0.908623
0.909791
0.911017
0.912299
0.913635
0.915023
0.916461
0.917948
0.919482
0.92106
0.922679
0.924337
0.926032
0.927761
0.929523
0.931313
0.933127
0.934965
0.936824
0.938701
0.940592
0.942495
0.944407
0.946325
0.948247
0.95017
0.952091
0.954008
0.955919
0.957821
0.959712
0.961591
0.963451
0.965294
0.967116
0.968915
0.970688
0.972433
0.974148
0.975831
0.97748
0.979094
0.980669
0.982204
0.983698
0.98515
0.986558
0.987922
0.98924
0.990511
0.991732
0.992907
0.994031
0.995105
0.996126
0.997095
0.99801
0.998872
0.999681
1.00044
1.00114
1.00178
1.00237
1.00291
1.00338
1.00381
1.00418
1.0045
1.00477
1.00498
1.00514
1.00526
1.00531
1.00532
1.00528
1.00519
1.00505
1.00487
1.00463
1.00435
1.00403
1.00366
1.00326
1.00281
1.00232
1.00179
1.00122
1.00062
0.999982
0.999312
0.99861
0.997877
0.997115
0.996325
0.99551
0.994672
0.993812
0.99293
0.99203
0.991113
0.990181
0.989236
0.98828
0.987314
0.98634
0.98536
0.984376
0.98339
0.982403
0.981418
0.980435
0.979456
0.978485
0.977523
0.976572
0.975631
0.974703
0.973791
0.972893
0.972013
0.97115
0.970306
0.969482
0.968679
0.967896
0.967136
0.966398
0.965683
0.96499
0.96432
0.963675
0.963053
0.962453
0.961878
0.961328
0.960799
0.960292
0.959806
0.959341
0.958896
0.958472
0.958064
0.957671
0.957293
0.956927
0.956573
0.95623
0.955895
0.955567
0.955245
0.954928
0.954613
0.954302
0.953992
0.953682
0.953369
0.953053
0.952733
0.952408
0.952075
0.951735
0.951387
0.951031
0.950666
0.950293
0.949911
0.949519
0.949119
0.948712
0.948296
0.947871
0.947437
0.946996
0.946548
0.946094
0.945636
0.945174
0.94471
0.944243
0.943777
0.943312
0.94285
0.942393
0.941941
0.941498
0.941064
0.940644
0.940239
0.93985
0.939479
0.939127
0.938797
0.93849
0.938209
0.937956
0.937732
0.937541
0.937381
0.937254
0.937161
0.937105
0.937088
0.937109
0.93717
0.937273
0.937418
0.937605
0.937835
0.93811
0.938429
0.938794
0.939203
0.939658
0.940159
0.940705
0.941296
0.941933
0.942615
0.943343
0.944115
0.94493
0.945788
0.946687
0.947627
0.948606
0.949622
0.950674
0.951761
0.952881
0.954032
0.955214
0.956425
0.957664
0.958929
0.960218
0.961529
0.96286
0.964208
0.965572
0.966949
0.968338
0.969737
0.971144
0.972555
0.973969
0.975386
0.976804
0.97822
0.97963
0.981034
0.982429
0.983816
0.985191
0.986552
0.987898
0.989227
0.990537
0.991827
0.993095
0.99434
0.995559
0.996751
0.997914
0.999047
1.00015
1.00122
1.00226
1.00326
1.00422
1.00515
1.00603
1.00688
1.00769
1.00845
1.00917
1.00985
1.01049
1.01107
1.01162
1.01211
1.01256
1.01296
1.01332
1.01363
1.0139
1.01411
1.01428
1.0144
1.01447
1.01449
1.01446
1.01439
1.01427
1.0141
1.01388
1.01362
1.01332
1.01297
1.01257
1.01214
1.01166
1.01114
1.01058
1.00998
1.00934
1.00867
1.00796
1.00721
1.00643
1.00562
1.00478
1.00391
1.00302
1.0021
1.00115
1.00018
0.999183
0.998172
0.997143
0.996096
0.995033
0.993955
0.992865
0.991764
0.990652
0.989532
0.988406
0.987275
0.986143
0.98501
0.983875
0.982741
0.98161
0.980482
0.97936
0.978244
0.977135
0.976036
0.974946
0.973867
0.972801
0.971747
0.970708
0.969684
0.968678
0.967688
0.966715
0.965759
0.964821
0.963904
0.963006
0.96213
0.961274
0.96044
0.959628
0.958838
0.95807
0.957324
0.956601
0.955904
0.955232
0.954584
0.953961
0.953362
0.952789
0.952241
0.951717
0.951217
0.95074
0.950288
0.949859
0.949453
0.949071
0.948711
0.948374
0.94806
0.947768
0.947498
0.94725
0.947025
0.94682
0.946637
0.946473
0.94633
0.946207
0.946104
0.94602
0.945953
0.945905
0.945876
0.945865
0.945869
0.94589
0.945926
0.945977
0.946042
0.946119
0.946211
0.946315
0.94643
0.946558
0.946697
0.946846
0.947005
0.947172
0.947348
0.947531
0.947722
0.94792
0.948125
0.948336
0.948553
0.948775
0.949003
0.949236
0.949474
0.949718
0.949966
0.950218
0.950474
0.950734
0.950998
0.951265
0.951537
0.951811
0.952088
0.952369
0.952655
0.952944
0.953238
0.953536
0.953837
0.954142
0.954452
0.954766
0.955086
0.955409
0.955737
0.956071
0.95641
0.956755
0.957106
0.957464
0.957828
0.9582
0.958577
0.958962
0.959355
0.959756
0.960166
0.960584
0.961013
0.961452
0.961903
0.962364
0.962835
0.963317
0.96381
0.964312
0.964825
0.965349
0.965883
0.966427
0.966981
0.967546
0.968121
0.968707
0.969303
0.969909
0.970525
0.971151
0.971785
0.972429
0.973085
0.973749
0.974423
0.975106
0.975798
0.9765
0.977211
0.977932
0.978662
0.979399
0.980144
0.980897
0.981658
0.982425
0.983198
0.983977
0.984762
0.985552
0.986348
0.987149
0.987954
0.988764
0.989579
0.990397
0.991218
0.992041
0.992867
0.993695
0.994527
0.99536
0.996193
0.997028
0.997864
0.9987
0.999536
1.00037
1.0012
1.00203
1.00286
1.00369
1.00452
1.00534
1.00615
1.00696
1.00777
1.00857
1.00936
1.01014
1.01092
1.01169
1.01244
1.01319
1.01393
1.01465
1.01537
1.01607
1.01676
1.01744
1.01811
1.01876
1.0194
1.02002
1.02063
1.02122
1.0218
1.02236
1.02291
1.02344
1.02395
1.02444
1.02492
1.02538
1.02583
1.02625
1.02667
1.02706
1.02744
1.0278
1.02815
1.02847
1.02878
1.02908
1.02936
1.02962
1.02986
1.03009
1.03031
1.03051
1.0307
1.03087
1.03103
1.03118
1.03131
1.03144
1.03155
1.03165
1.03174
1.03182
1.03189
1.03195
1.032
1.03203
1.03206
1.03207
1.03208
1.03209
1.03207
1.03206
1.03203
1.03199
1.03194
1.03189
1.03182
1.03174
1.03165
1.03155
1.03143
1.03131
1.03117
1.03102
1.03086
1.03069
1.03051
1.03031
1.03011
1.02988
1.02965
1.0294
1.02914
1.02887
1.02858
1.02828
1.02797
1.02765
1.02731
1.02696
1.0266
1.02622
1.02583
1.02543
1.02501
1.02459
1.02415
1.02369
1.02323
1.02275
1.02227
1.02177
1.02126
1.02073
1.0202
1.01965
1.01909
1.01852
1.01795
1.01736
1.01676
1.01615
1.01554
1.01491
1.01428
1.01364
1.01299
1.01233
1.01166
1.01099
1.0103
1.00961
1.00891
1.0082
1.00748
1.00675
1.00601
1.00527
1.00452
1.00375
1.00299
1.00221
1.00142
1.00063
0.999826
0.999016
0.998198
0.997374
0.996542
0.995704
0.99486
0.994011
0.993154
0.992292
0.991422
0.990546
0.989663
0.988776
0.987884
0.986988
0.986089
0.985187
0.984284
0.983379
0.982473
0.981567
0.980663
0.97976
0.97886
0.977963
0.977072
0.976187
0.975309
0.974439
0.973578
0.972727
0.971887
0.97106
0.970243
0.969439
0.968649
0.967874
0.967114
0.966371
0.965643
0.964932
0.964238
0.963562
0.962903
0.962263
0.961642
0.961039
0.960455
0.959889
0.959343
0.958814
0.958305
0.957814
0.957341
0.956887
0.956449
0.956027
0.95562
0.955228
0.954851
0.954488
0.954136
0.953795
0.953464
0.953141
0.952825
0.952516
0.952211
0.95191
0.951611
0.951312
0.951011
0.950709
0.950404
0.950094
0.949779
0.949457
0.949127
0.948786
0.948434
0.948069
0.94769
0.947297
0.946888
0.946462
0.946019
0.945559
0.945084
0.94459
0.944079
0.94355
0.943002
0.942436
0.941852
0.941249
0.940629
0.939994
0.939342
0.938675
0.937994
0.937298
0.93659
0.935869
0.935139
0.9344
0.933655
0.932902
0.932144
0.931383
0.93062
0.929856
0.929095
0.928337
0.927586
0.926842
0.926106
0.925381
0.924666
0.923965
0.923279
0.922609
0.921957
0.921325
0.920715
0.920125
0.919558
0.919015
0.918497
0.918005
0.917539
0.917101
0.91669
0.916307
0.915954
0.91563
0.915337
0.915075
0.914842
0.914639
0.914464
0.914318
0.9142
0.914111
0.914049
0.914015
0.914008
0.914028
0.914071
0.914138
0.914228
0.914338
0.914469
0.914621
0.914792
