-6.78964
-6.78857
-6.78681
-6.78531
-6.78345
-6.78154
-6.77926
-6.77791
-6.7762
-6.77477
-6.77331
-6.77182
-6.76997
-6.76841
-6.76651
-6.7649
-6.76326
-6.7616
-6.7596
-6.75757
-6.75618
-6.75444
-6.75237
-6.75094
-6.74852
-6.74642
-6.74432
-6.74123
-6.7388
-6.73668
-6.73456
-6.73277
-6.73066
-6.72824
-6.72614
-6.72437
-6.72229
-6.72055
-6.7185
-6.71712
-6.7151
-6.7131
-6.71145
-6.70982
-6.70789
-6.70599
-6.70378
-6.70161
-6.69947
-6.69737
-6.69659
-6.69456
-6.69224
-6.69061
-6.6887
-6.68683
-6.68598
-6.68452
-6.68376
-6.68208
-6.68077
-6.67887
-6.67799
-6.67684
-6.67574
-6.6747
-6.67403
-6.67278
-6.67287
-6.6727
-6.67162
-6.67092
-6.66963
-6.66905
-6.6682
-6.66741
-6.66667
-6.66665
-6.667
-6.66644
-6.66562
-6.66549
-6.6651
-6.66509
-6.66481
-6.66458
-6.66473
-6.66428
-6.66421
-6.66451
-6.66485
-6.66557
-6.66568
-6.66617
-6.66702
-6.66726
-6.6682
-6.66918
-6.66987
-6.67061
-6.67138
-6.67252
-6.67369
-6.6749
-6.67551
-6.67647
-6.67779
-6.67883
-6.68055
-6.68198
-6.68345
-6.68528
-6.6865
-6.68743
-6.6884
-6.68972
-6.69076
-6.69249
-6.69457
-6.69539
-6.69657
-6.69843
-6.69968
-6.70226
-6.7039
-6.70525
-6.70663
-6.70771
-6.7098
-6.71093
-6.71307
-6.71458
-6.71546
-6.71765
-6.71987
-6.72112
-6.72238
-6.72462
-6.72654
-6.72781
-6.72972
-6.73163
-6.73352
-6.7354
-6.73726
-6.73942
-6.74219
-6.74365
-6.74538
-6.74707
-6.74872
-6.75063
-6.75119
-6.75299
-6.75505
-6.75606
-6.75733
-6.75851
-6.75961
-6.75998
-6.76123
-6.76238
-6.76279
-6.76246
-6.76234
-6.7631
-6.76309
-6.76363
-6.76406
-6.76405
-6.76424
-6.764
-6.76333
-6.76221
-6.76163
-6.76125
-6.76011
-6.75887
-6.75783
-6.75637
-6.75544
-6.75344
-6.75198
-6.75075
-6.74813
-6.74639
-6.74424
-6.74199
-6.74032
-6.73791
-6.73576
-6.73353
-6.73059
-6.72889
-6.72681
-6.72532
-6.72281
-6.72059
-6.718
-6.71538
-6.71338
-6.71136
-6.70836
-6.70566
-6.70296
-6.70025
-6.69722
-6.6955
-6.69282
-6.69049
-6.68785
-6.68589
-6.68299
-6.68078
-6.67861
-6.67713
-6.67345
-6.67176
-6.66851
-6.66663
-6.66417
-6.6621
-6.66011
-6.65821
-6.65638
-6.65497
-6.65301
-6.65113
-6.64936
-6.64801
-6.64709
-6.64627
-6.64589
-6.64562
-6.64482
-6.64412
-6.64484
-6.64438
-6.64371
-6.64316
-6.64305
-6.64274
-6.64287
-6.64344
-6.6438
-6.64428
-6.64487
-6.64557
-6.64606
-6.64763
-6.64801
-6.6485
-6.64909
-6.65075
-6.65218
-6.6537
-6.65498
-6.657
-6.65877
-6.66029
-6.66254
-6.6642
-6.6669
-6.66933
-6.67181
-6.67435
-6.67627
-6.67888
-6.68153
-6.68388
-6.68625
-6.68895
-6.6907
-6.69311
-6.69583
-6.69856
-6.70127
-6.70333
-6.70601
-6.70802
-6.71001
-6.71164
-6.71355
-6.71608
-6.7192
-6.72098
-6.72238
-6.72437
-6.72662
-6.72881
-6.73028
-6.73233
-6.73365
-6.73555
-6.73704
-6.73877
-6.74042
-6.74198
-6.7441
-6.74516
-6.74614
-6.74701
-6.74716
-6.74753
-6.74845
-6.74896
-6.74905
-6.74937
-6.74992
-6.74941
-6.74945
-6.74876
-6.74895
-6.7484
-6.74776
-6.74737
-6.74754
-6.74634
-6.74538
-6.745
-6.74421
-6.74336
-6.7418
-6.74081
-6.74009
-6.73899
-6.73719
-6.7363
-6.73505
-6.73376
-6.73242
-6.73073
-6.72965
-6.72823
-6.72679
-6.72565
-6.72417
-6.72301
-6.72087
-6.71906
-6.71693
-6.71512
-6.71334
-6.71189
-6.71111
-6.70874
-6.70736
-6.70699
-6.706
-6.70473
-6.70349
-6.70231
-6.70149
-6.70007
-6.69936
-6.69837
-6.69711
-6.69591
-6.69509
-6.69465
-6.69395
-6.69332
-6.69339
-6.69288
-6.69243
-6.69204
-6.69106
-6.6908
-6.69027
-6.68948
-6.68971
-6.68903
-6.68938
-6.68914
-6.68927
-6.68977
-6.69
-6.68994
-6.69026
-6.69094
-6.69133
-6.69143
-6.69157
-6.69206
-6.6929
-6.69345
-6.69499
-6.69558
-6.69522
-6.69553
-6.69617
-6.69714
-6.6978
-6.69847
-6.69817
-6.6995
-6.69952
-6.69955
-6.69958
-6.70122
-6.70188
-6.70254
-6.70319
-6.70382
-6.70445
-6.70538
-6.70696
-6.70819
-6.70877
-6.70932
-6.71019
-6.71072
-6.71092
-6.71109
-6.71158
-6.71173
-6.71219
-6.71263
-6.71306
-6.71413
-6.71486
-6.71461
-6.715
-6.71504
-6.71541
-6.71576
-6.71578
-6.71611
-6.71644
-6.71644
-6.71708
-6.71739
-6.71737
-6.71702
-6.71732
-6.71761
-6.71726
-6.71755
-6.71816
-6.71941
-6.71904
-6.71932
-6.71926
-6.71921
-6.71915
-6.71942
-6.71903
-6.71928
-6.71953
-6.72042
-6.72098
-6.72154
-6.72176
-6.72165
-6.72153
-6.72172
-6.7219
-6.72239
-6.72254
-6.72235
-6.72215
-6.72226
-6.72234
-6.72274
-6.72246
-6.72249
-6.72185
-6.72183
-6.72147
-6.72173
-6.72165
-6.72154
-6.72173
-6.72093
-6.7201
-6.7199
-6.72
-6.71942
-6.71915
-6.71821
-6.71822
-6.71725
-6.71722
-6.71653
-6.71615
-6.71608
-6.71599
-6.71557
-6.71514
-6.71503
-6.71459
-6.7148
-6.71403
-6.71359
-6.71348
-6.71306
-6.71297
-6.71257
-6.71315
-6.71278
-6.71179
-6.71179
-6.71213
-6.71219
-6.7126
-6.71337
-6.7132
-6.71274
-6.71265
-6.71293
-6.7126
-6.71328
-6.71402
-6.71448
-6.71434
-6.71393
-6.71422
-6.71522
-6.71594
-6.71575
-6.71627
-6.7162
-6.71715
-6.71849
-6.71891
-6.72004
-6.72091
-6.72183
-6.72314
-6.72418
-6.72495
-6.7261
-6.72764
-6.7289
-6.73055
-6.73193
-6.73368
-6.73581
-6.73703
-6.73862
-6.74058
-6.74226
-6.74432
-6.74642
-6.74824
-6.75043
-6.75234
-6.75428
-6.75659
-6.75861
-6.76067
-6.76243
-6.76487
-6.76701
-6.76886
-6.77138
-6.77391
-6.77582
-6.77872
-6.78131
-6.78358
-6.78618
-6.78814
-6.79042
-6.79303
-6.79563
-6.7979
-6.80015
-6.80207
-6.80397
-6.80585
-6.80868
-6.81115
-6.81327
-6.81535
-6.81675
-6.8194
-6.82136
-6.82328
-6.82482
-6.82695
-6.8287
-6.83007
-6.83235
-6.8336
-6.83575
-6.83654
-6.83823
-6.83855
-6.83978
-6.84093
-6.84168
-6.84236
-6.84329
-6.84414
-6.84525
-6.8453
-6.84528
-6.84584
-6.84631
-6.84672
-6.84608
-6.84731
-6.84718
-6.8473
-6.84768
-6.84897
-6.84825
-6.84714
-6.84758
-6.84765
-6.84701
-6.84664
-6.84653
-6.84638
-6.84618
-6.84593
-6.84563
-6.84433
-6.84395
-6.84385
-6.84274
-6.84192
-6.84106
-6.84017
-6.83892
-6.83796
-6.83665
-6.83595
-6.83555
-6.83447
-6.83303
-6.83157
-6.8304
-6.82888
-6.82734
-6.82576
-6.82481
-6.8235
-6.82184
-6.81983
-6.81812
-6.81735
-6.81591
-6.81475
-6.81325
-6.81139
-6.80982
-6.8079
-6.80627
-6.80428
-6.80226
-6.80053
-6.79973
-6.79858
-6.79642
-6.7939
-6.79232
-6.78973
-6.78743
-6.78509
-6.78303
-6.78191
-6.77945
-6.77696
-6.77442
-6.77315
-6.77119
-6.76855
-6.76652
-6.76381
-6.76171
-6.75892
-6.75643
-6.7539
-6.7507
-6.74843
-6.74581
-6.74317
-6.74082
-6.73877
-6.73606
-6.73203
-6.72928
-6.72651
-6.72406
-6.72159
-6.71912
-6.71664
-6.71319
-6.7107
-6.7079
-6.70543
-6.70231
-6.70018
-6.69742
-6.69403
-6.69066
-6.68829
-6.68497
-6.68201
-6.68006
-6.67718
-6.67499
-6.67219
-6.66945
-6.66708
-6.66445
-6.66252
-6.66066
-6.65886
-6.65682
-6.65452
-6.65295
-6.65146
-6.64973
-6.64874
-6.64589
-6.64347
-6.64114
-6.63955
-6.63839
-6.63734
-6.63606
-6.63521
-6.63447
-6.63352
-6.633
-6.63324
-6.63262
-6.63211
-6.63237
-6.63273
-6.63289
-6.6325
-6.63223
-6.6324
-6.63267
-6.63209
-6.6329
-6.6335
-6.63484
-6.63629
-6.63784
-6.63883
-6.64023
-6.64141
-6.64299
-6.644
-6.64542
-6.64724
-6.64914
-6.65077
-6.65247
-6.65488
-6.65734
-6.65921
-6.6621
-6.66503
-6.668
-6.67037
-6.67276
-6.67453
-6.67665
-6.67944
-6.68192
-6.68441
-6.68723
-6.68941
-6.69159
-6.69377
-6.69658
-6.69907
-6.70251
-6.7053
-6.70806
-6.71081
-6.71321
-6.71558
-6.71857
-6.72088
-6.72316
-6.72573
-6.72762
-6.72946
-6.73192
-6.73433
-6.73605
-6.73837
-6.7413
-6.74354
-6.7454
-6.74657
-6.74801
-6.74973
-6.75172
-6.75333
-6.7549
-6.75673
-6.75786
-6.75958
-6.76126
-6.76255
-6.76412
-6.76563
-6.76741
-6.76752
-6.76888
-6.76986
-6.77078
-6.77134
-6.77249
-6.77326
-6.77366
-6.77401
-6.77464
-6.77521
-6.77606
-6.77654
-6.77697
-6.77735
-6.77834
-6.77831
-6.77824
-6.77715
-6.77699
-6.77679
-6.77753
-6.77725
-6.77855
-6.77819
-6.77813
-6.7777
-6.77788
-6.77771
-6.7775
-6.77725
-6.77697
-6.77698
-6.77663
-6.77722
-6.7768
-6.77571
-6.77524
-6.77538
-6.77549
-6.77557
-6.77562
-6.77434
-6.77336
-6.77268
-6.77261
-6.77186
-6.77109
-6.76996
-6.76913
-6.76859
-6.76834
-6.76742
-6.76615
-6.76518
-6.7645
-6.76346
-6.7624
-6.76163
-6.75986
-6.75871
-6.75688
-6.756
-6.75508
-6.75349
-6.75219
-6.75119
-6.74983
-6.74845
-6.74703
-6.74494
-6.74346
-6.74163
-6.7388
-6.73724
-6.73501
-6.73274
-6.73142
-6.72975
-6.72837
-6.726
-6.72457
-6.72247
-6.72067
-6.71787
-6.7157
-6.71415
-6.71225
-6.71098
-6.7084
-6.70644
-6.70415
-6.70312
-6.70144
-6.69909
-6.69705
-6.695
-6.69294
-6.69119
-6.68911
-6.6867
-6.68526
-6.68252
-6.68075
-6.67834
-6.67593
-6.67385
-6.67146
-6.66907
-6.66703
-6.66467
-6.6633
-6.66131
-6.65837
-6.65643
-6.65452
-6.65296
-6.65079
-6.64865
-6.64721
-6.64613
-6.64542
-6.64411
-6.64285
-6.64133
-6.63986
-6.63845
-6.63678
-6.63616
-6.63527
-6.63414
-6.63244
-6.63146
-6.63088
-6.63039
-6.62902
-6.62837
-6.62782
-6.62768
-6.62763
-6.62735
-6.62749
-6.6274
-6.6274
-6.62718
-6.62705
-6.62735
-6.62773
-6.62854
-6.62912
-6.62946
-6.63054
-6.63138
-6.63263
-6.63397
-6.63506
-6.63688
-6.63845
-6.63944
-6.6405
-6.6413
-6.64184
-6.64341
-6.6447
-6.64669
-6.64776
-6.64983
-6.65194
-6.65344
-6.65561
-6.6578
-6.66001
-6.66191
-6.66383
-6.66574
-6.66798
-6.66925
-6.67117
-6.67307
-6.67529
-6.67684
-6.67838
-6.68022
-6.68203
-6.68414
-6.68688
-6.68893
-6.69063
-6.69197
-6.6936
-6.69487
-6.69675
-6.69762
-6.69909
-6.70182
-6.70289
-6.70392
-6.70555
-6.70682
-6.70772
-6.70826
-6.70908
-6.70986
-6.71157
-6.71226
-6.71325
-6.71419
-6.71477
-6.71564
-6.71582
-6.71695
-6.71771
-6.7191
-6.71948
-6.72015
-6.72047
-6.72142
-6.72201
-6.72258
-6.72313
-6.72366
-6.72449
-6.72433
-6.7248
-6.72461
-6.72538
-6.72613
-6.72655
-6.72729
-6.72769
-6.72809
-6.7288
-6.72918
-6.72956
-6.72994
-6.73063
-6.73101
-6.73073
-6.7311
-6.73147
-6.73183
-6.73253
-6.73387
-6.73424
-6.73429
-6.73466
-6.73536
-6.73605
-6.73578
-6.73616
-6.73685
-6.73755
-6.73857
-6.73895
-6.73932
-6.74033
-6.74069
-6.74071
-6.74138
-6.7414
-6.74205
-6.74237
-6.743
-6.74232
-6.74293
-6.7432
-6.74345
-6.74401
-6.74455
-6.74442
-6.7446
-6.74475
-6.74488
-6.74531
-6.74506
-6.74609
-6.74611
-6.74644
-6.74705
-6.74667
-6.74625
-6.74677
-6.74694
-6.74707
-6.74685
-6.74627
-6.74663
-6.74663
-6.74562
-6.74523
-6.7448
-6.74402
-6.74515
-6.74462
-6.74471
-6.74445
-6.74383
-6.74351
-6.74251
-6.74279
-6.74174
-6.74132
-6.7412
-6.74009
-6.73865
-6.73783
-6.73669
-6.73553
-6.7347
-6.73386
-6.73302
-6.73252
-6.7317
-6.7296
-6.72913
-6.72837
-6.7273
-6.72594
-6.72526
-6.72429
-6.72467
-6.72412
-6.72329
-6.72252
-6.72246
-6.72245
-6.72187
-6.72167
-6.72155
-6.72214
-6.72216
-6.72258
-6.72243
-6.72269
-6.72302
-6.72343
-6.72359
-6.72416
-6.72448
-6.72553
-6.72633
-6.7272
-6.72815
-6.72851
-6.72895
-6.73009
-6.7313
-6.73322
-6.73487
-6.73624
-6.73767
-6.73979
-6.74066
-6.74221
-6.7438
-6.74543
-6.74708
-6.74844
-6.75014
-6.75154
-6.75296
-6.75505
-6.75682
-6.75861
-6.76105
-6.76253
-6.76402
-6.76584
-6.76831
-6.76949
-6.77067
-6.77283
-6.77466
-6.77585
-6.77801
-6.77985
-6.78039
-6.78255
-6.78407
-6.78591
-6.78742
-6.78958
-6.79206
-6.79357
-6.79572
-6.79851
-6.80033
-6.80182
-6.8033
-6.80542
-6.80656
-6.80769
-6.80914
-6.80992
-6.81231
-6.81404
-6.81542
-6.81712
-6.81879
-6.82043
-6.82206
-6.82495
-6.82652
-6.82871
-6.83022
-6.83203
-6.83347
-6.8352
-6.83656
-6.83821
-6.83884
-6.84007
-6.84094
-6.84175
-6.84218
-6.84257
-6.84387
-6.84447
-6.84533
-6.84581
-6.84623
-6.84691
-6.84752
-6.84774
-6.8479
-6.84863
-6.84865
-6.84859
-6.84879
-6.84892
-6.84897
-6.84829
-6.84787
-6.84737
-6.84679
-6.84614
-6.84573
-6.84557
-6.84436
-6.84404
-6.84268
-6.84253
-6.84199
-6.84169
-6.84067
-6.83925
-6.8384
-6.83683
-6.83584
-6.83478
-6.83332
-6.83147
-6.82987
-6.82821
-6.82713
-6.82534
-6.82349
-6.82125
-6.81929
-6.81726
-6.81583
-6.81369
-6.81086
-6.80895
-6.80667
-6.80434
-6.8023
-6.80119
-6.79875
-6.79628
-6.79346
-6.79093
-6.78804
-6.78514
-6.78222
-6.7796
-6.77664
-6.77399
-6.77166
-6.76899
-6.76633
-6.76366
-6.76099
-6.75833
-6.75535
-6.75271
-6.75008
-6.74715
-6.74456
-6.74166
-6.73912
-6.73627
-6.73411
-6.73165
-6.72923
-6.7275
-6.72515
-6.72188
-6.7193
-6.7171
-6.71559
-6.71413
-6.71306
-6.71107
-6.70946
-6.70759
-6.70578
-6.70435
-6.70267
-6.70171
-6.69984
-6.69836
-6.69663
-6.694
-6.69274
-6.69123
-6.69011
-6.68842
-6.6868
-6.68624
-6.68445
-6.68403
-6.68369
-6.6831
-6.68225
-6.6818
-6.68175
-6.68144
-6.68088
-6.68072
-6.68062
-6.68026
-6.67965
-6.67942
-6.67958
-6.67947
-6.67975
-6.67975
-6.68045
-6.68121
-6.68168
-6.68188
-6.68309
-6.68369
-6.68497
-6.68499
-6.68601
-6.68642
-6.68652
-6.68794
-6.6884
-6.68985
-6.69098
-6.69147
-6.69229
-6.69376
-6.69457
-6.6957
-6.69649
-6.69727
-6.69771
-6.69846
-6.70014
-6.70116
-6.70117
-6.70148
-6.70207
-6.70262
-6.70281
-6.70328
-6.70369
-6.70439
-6.70439
-6.70498
-6.70519
-6.706
-6.7061
-6.70614
-6.70613
-6.70573
-6.70624
-6.70539
-6.70513
-6.70448
-6.7028
-6.70236
-6.7025
-6.70257
-6.70194
-6.7006
-6.69985
-6.69904
-6.69817
-6.69692
-6.69562
-6.69426
-6.69319
-6.69174
-6.69056
-6.68903
-6.68778
-6.68649
-6.6842
-6.6835
-6.68213
-6.68137
-6.67995
-6.67819
-6.67673
-6.67559
-6.67379
-6.67167
-6.67019
-6.66871
-6.66724
-6.66546
-6.66433
-6.66323
-6.6615
-6.6598
-6.65877
-6.65778
-6.65617
-6.65493
-6.65308
-6.65096
-6.64986
-6.64848
-6.64814
-6.64655
-6.64568
-6.64519
-6.64412
-6.64345
-6.64284
-6.64166
-6.64184
-6.6421
-6.64178
-6.64252
-6.64237
-6.64229
-6.64229
-6.64367
-6.64415
-6.64375
-6.64408
-6.64545
-6.64561
-6.6465
-6.64682
-6.64689
-6.64769
-6.64823
-6.64885
-6.64987
-6.65096
-6.65211
-6.65333
-6.65397
-6.65565
-6.65705
-6.65819
-6.66003
-6.6616
-6.66322
-6.66552
-6.6669
-6.66993
-6.67171
-6.67319
-6.6747
-6.67655
-6.67842
-6.67999
-6.68222
-6.68446
-6.68638
-6.6883
-6.69055
-6.69214
-6.69405
-6.69595
-6.69847
-6.70066
-6.7025
-6.70431
-6.70643
-6.7098
-6.71153
-6.71386
-6.71583
-6.71744
-6.71933
-6.72084
-6.72199
-6.7234
-6.72477
-6.72608
-6.72734
-6.72853
-6.72967
-6.73011
-6.73178
-6.73306
-6.73396
-6.73544
-6.73686
-6.73789
-6.73853
-6.73911
-6.73995
-6.74072
-6.7411
-6.74109
-6.74102
-6.74089
-6.74134
-6.74172
-6.74108
-6.74102
-6.74057
-6.74039
-6.74015
-6.73985
-6.7395
-6.73909
-6.73862
-6.73842
-6.73816
-6.73753
-6.73652
-6.73578
-6.73467
-6.73384
-6.73198
-6.73106
-6.73008
-6.72874
-6.72736
-6.72626
-6.72512
-6.72395
-6.72241
-6.72084
-6.71956
-6.71857
-6.71691
-6.7149
-6.7135
-6.71209
-6.71065
-6.70919
-6.70739
-6.70655
-6.70538
-6.70451
-6.70299
-6.70179
-6.69994
-6.69841
-6.69689
-6.69505
-6.69322
-6.69107
-6.68926
-6.68683
-6.68538
-6.68427
-6.68222
-6.68085
-6.67983
-6.67852
-6.67724
-6.676
-6.67512
-6.67462
-6.67351
-6.67277
-6.67176
-6.67016
-6.67055
-6.66971
-6.6686
-6.66724
-6.66658
-6.66599
-6.66515
-6.6647
-6.664
-6.66401
-6.66379
-6.66428
-6.66388
-6.66324
-6.66267
-6.66316
-6.66373
-6.66374
-6.66415
-6.66464
-6.66522
-6.66588
-6.66534
-6.66649
-6.66773
-6.66938
-6.67047
-6.67164
-6.67224
-6.67358
-6.675
-6.6765
-6.67905
-6.68071
-6.68245
-6.68427
-6.68617
-6.68814
-6.68954
-6.69133
-6.69418
-6.69644
-6.69878
-6.70119
-6.70302
-6.70653
-6.70881
-6.71115
-6.71291
-6.71472
-6.71757
-6.72208
-6.726
-6.72933
-6.73302
-6.73546
-6.73924
-6.74241
-6.7453
-6.74854
-6.7518
-6.7551
-6.75809
-6.7624
-6.76608
-6.77043
-6.77446
-6.77786
-6.78158
-6.7853
-6.7887
-6.79242
-6.7958
-6.79917
-6.80253
-6.80553
-6.80852
-6.81148
-6.81539
-6.81797
-6.82083
-6.82334
-6.82612
-6.82919
-6.83156
-6.83388
-6.83712
-6.83998
-6.84342
-6.84584
-6.84852
-6.85112
-6.85399
-6.85549
-6.85756
-6.86053
-6.86278
-6.86528
-6.86672
-6.86906
-6.87099
-6.87218
-6.87394
-6.87496
-6.87654
-6.87835
-6.87975
-6.88138
-6.88228
-6.88341
-6.88444
-6.88538
-6.88622
-6.88665
-6.88762
-6.88883
-6.88994
-6.88998
-6.8896
-6.8901
-6.89083
-6.89146
-6.892
-6.89179
-6.89149
-6.8911
-6.89061
-6.88906
-6.88839
-6.88697
-6.88643
-6.88516
-6.88315
-6.88235
-6.8808
-6.87982
-6.87843
-6.87727
-6.87635
-6.8747
-6.87362
-6.87148
-6.87056
-6.86794
-6.86556
-6.86376
-6.86123
-6.85863
-6.85531
-6.85322
-6.85105
-6.84753
-6.84524
-6.84386
-6.8408
-6.83834
-6.83582
-6.83292
-6.8303
-6.82763
-6.82492
-6.82184
-6.8184
-6.8159
-6.81174
-6.80789
-6.80433
-6.80107
-6.79715
-6.79385
-6.79055
-6.78626
-6.78261
-6.77929
-6.77597
-6.77233
-6.76902
-6.76539
-6.76211
-6.75981
-6.75656
-6.75399
-6.75079
-6.74698
-6.7432
-6.7401
-6.73704
-6.7337
-6.7304
-6.7278
-6.72427
-6.72176
-6.71898
-6.71658
-6.7139
-6.71063
-6.70839
-6.70523
-6.70246
-6.70039
-6.69837
-6.69674
-6.69484
-6.693
-6.69089
-6.68916
-6.68651
-6.68489
-6.68267
-6.68116
-6.67872
-6.67634
-6.67465
-6.673
-6.6714
-6.66951
-6.66799
-6.66619
-6.66506
-6.66333
-6.66163
-6.66029
-6.65897
-6.65671
-6.65545
-6.65421
-6.65299
-6.65147
-6.65095
-6.65076
-6.6493
-6.64818
-6.64675
-6.64631
-6.64523
-6.64383
-6.64245
-6.64173
-6.64037
-6.63934
-6.638
-6.63634
-6.63566
-6.63435
-6.63368
-6.63271
-6.63141
-6.63045
-6.6295
-6.62888
-6.62762
-6.62669
-6.62578
-6.62488
-6.62366
-6.62376
-6.62257
-6.62173
-6.62058
-6.62042
-6.61866
-6.61821
-6.61779
-6.61739
-6.61637
-6.61602
-6.61602
-6.61573
-6.61547
-6.61492
-6.6144
-6.6136
-6.61347
-6.61338
-6.61204
-6.61171
-6.6111
-6.61086
-6.61034
-6.61051
-6.61073
-6.61036
-6.61036
-6.6101
-6.61021
-6.6107
-6.61059
-6.6112
-6.61186
-6.61225
-6.61239
-6.61355
-6.61445
-6.61476
-6.61514
-6.61622
-6.61672
-6.6176
-6.61887
-6.61955
-6.6206
-6.62107
-6.62289
-6.62444
-6.62604
-6.62737
-6.62874
-6.62952
-6.63163
-6.63281
-6.63468
-6.63593
-6.63754
-6.63982
-6.64084
-6.64252
-6.64422
-6.64594
-6.64766
-6.64938
-6.65176
-6.65348
-6.65519
-6.65689
-6.65857
-6.66056
-6.66316
-6.66477
-6.66666
-6.66819
-6.67
-6.67177
-6.67348
-6.6745
-6.67642
-6.67797
-6.67977
-6.68087
-6.68157
-6.68155
-6.68179
-6.68292
-6.68333
-6.68399
-6.6849
-6.68541
-6.68584
-6.68587
-6.68647
-6.68635
-6.68648
-6.68622
-6.68654
-6.68646
-6.68665
-6.68644
-6.68618
-6.68586
-6.6855
-6.68411
-6.68365
-6.68314
-6.68293
-6.68203
-6.68143
-6.68112
-6.6808
-6.68015
-6.67883
-6.67848
-6.67814
-6.67747
-6.67681
-6.67649
-6.67553
-6.6746
-6.67401
-6.67441
-6.67388
-6.67371
-6.67357
-6.67315
-6.67277
-6.67179
-6.67086
-6.67095
-6.67044
-6.67031
-6.67088
-6.67118
-6.6709
-6.67132
-6.67147
-6.67136
-6.67163
-6.67229
-6.67236
-6.67282
-6.67398
-6.67488
-6.67552
-6.67556
-6.67664
-6.67777
-6.67864
-6.67924
-6.68022
-6.68223
-6.68332
-6.68511
-6.68631
-6.68724
-6.68951
-6.69086
-6.69194
-6.69274
-6.69456
-6.6961
-6.698
-6.69995
-6.70065
-6.70236
-6.70443
-6.70622
-6.70772
-6.70958
-6.71148
-6.71276
-6.71569
-6.71866
-6.721
-6.72338
-6.72546
-6.72724
-6.72937
-6.73185
-6.73435
-6.73621
-6.7381
-6.74097
-6.74321
-6.74513
-6.74707
-6.74999
-6.75162
-6.75455
-6.75651
-6.75945
-6.76173
-6.76401
-6.76629
-6.76889
-6.7718
-6.77438
-6.7763
-6.77852
-6.78041
-6.7826
-6.78476
-6.78756
-6.79032
-6.79242
-6.79383
-6.79554
-6.79786
-6.80014
-6.80239
-6.80395
-6.80514
-6.80661
-6.80869
-6.80877
-6.81043
-6.81235
-6.8139
-6.81474
-6.81585
-6.8169
-6.81854
-6.81946
-6.82097
-6.8224
-6.82507
-6.82604
-6.82694
-6.82712
-6.82819
-6.82821
-6.82815
-6.82866
-6.8294
-6.83039
-6.83097
-6.83113
-6.83088
-6.83217
-6.83207
-6.83123
-6.83094
-6.82992
-6.82944
-6.8292
-6.82854
-6.82778
-6.82661
-6.82534
-6.82431
-6.82318
-6.82195
-6.82063
-6.81987
-6.8187
-6.81712
-6.81544
-6.81336
-6.81152
-6.80992
-6.80792
-6.80552
-6.80239
-6.80017
-6.79787
-6.79551
-6.79309
-6.79093
-6.7884
-6.7858
-6.78317
-6.78081
-6.77744
-6.77468
-6.77188
-6.76972
-6.76655
-6.7637
-6.76083
-6.75828
-6.7554
-6.75221
-6.74966
-6.74648
-6.74365
-6.74051
-6.73805
-6.73563
-6.73324
-6.73025
-6.72764
-6.7254
-6.72355
-6.72079
-6.71841
-6.71579
-6.71422
-6.71207
-6.71034
-6.7087
-6.70682
-6.70439
-6.70238
-6.7008
-6.699
-6.69731
-6.69671
-6.69459
-6.69421
-6.6933
-6.6925
-6.6915
-6.69094
-6.69147
-6.69115
-6.6903
-6.69022
-6.68993
-6.68976
-6.68906
-6.69009
-6.68898
-6.68927
-6.68999
-6.69147
-6.69208
-6.69344
-6.69425
-6.69548
-6.69713
-6.69919
-6.70134
-6.70293
-6.70426
-6.70697
-6.70878
-6.71001
-6.71194
-6.71426
-6.7163
-6.71904
-6.72183
-6.72433
-6.7259
-6.72815
-6.7314
-6.7337
-6.73667
-6.73933
-6.74167
-6.74435
-6.74638
-6.74743
-6.75011
-6.75212
-6.75477
-6.75708
-6.75937
-6.761
-6.76292
-6.76481
-6.76699
-6.76914
-6.77158
-6.77365
-6.77503
-6.77734
-6.77928
-6.78182
-6.78334
-6.78545
-6.78687
-6.78855
-6.79018
-6.79175
-6.79326
-6.79471
-6.79611
-6.79712
-6.79807
-6.79928
-6.79978
-6.80087
-6.80092
-6.80221
-6.80311
-6.80363
-6.80375
-6.80382
-6.80414
-6.80505
-6.80524
-6.80569
-6.80576
-6.80608
-6.8057
-6.80622
-6.80667
-6.8061
-6.80578
-6.80573
-6.80528
-6.80543
-6.80616
-6.80586
-6.80517
-6.80507
-6.80459
-6.80372
-6.80247
-6.80149
-6.80077
-6.79968
-6.7995
-6.79895
-6.79803
-6.7977
-6.79604
-6.79497
-6.79289
-6.79174
-6.79056
-6.78933
-6.78742
-6.78645
-6.78513
-6.7841
-6.78337
-6.78165
-6.77959
-6.77816
-6.77704
-6.77592
-6.77447
-6.7743
-6.77285
-6.7714
-6.76995
-6.76884
-6.76806
-6.76633
-6.76461
-6.76356
-6.76286
-6.76283
-6.76154
-6.7606
-6.75969
-6.75816
-6.75732
-6.75587
-6.7538
-6.75178
-6.75077
-6.74948
-6.74855
-6.74767
-6.74715
-6.74602
-6.7459
-6.7455
-6.74514
-6.74449
-6.74388
-6.74299
-6.74213
-6.74099
-6.73955
-6.73945
-6.73873
-6.739
-6.73866
-6.73835
-6.73774
-6.7365
-6.7369
-6.73733
-6.73712
-6.7379
-6.73805
-6.73788
-6.73741
-6.7376
-6.73747
-6.73767
-6.73755
-6.73776
-6.73797
-6.73754
-6.73743
-6.73732
-6.73688
-6.73709
-6.73633
-6.73556
-6.73543
-6.73562
-6.73581
-6.73566
-6.73486
-6.73535
-6.73518
-6.735
-6.73513
-6.73395
-6.73309
-6.73287
-6.73296
-6.73336
-6.7331
-6.73315
-6.73287
-6.73257
-6.7329
-6.73258
-6.73224
-6.73156
-6.73119
-6.73113
-6.73203
-6.73193
-6.7315
-6.73041
-6.72995
-6.72914
-6.72832
-6.72814
-6.72728
-6.72674
-6.72553
-6.72496
-6.7247
-6.72377
-6.72347
-6.72284
-6.72186
-6.72088
-6.7202
-6.71951
-6.71912
-6.71808
-6.71703
-6.71597
-6.71587
-6.71447
-6.71435
-6.71326
-6.71313
-6.71332
-6.71253
-6.71109
-6.70998
-6.7095
-6.70838
-6.70791
-6.70679
-6.70632
-6.70553
-6.70474
-6.70396
-6.7035
-6.70305
-6.70261
-6.70056
-6.69949
-6.69843
-6.69771
-6.69732
-6.69597
-6.69626
-6.69623
-6.69557
-6.69493
-6.69398
-6.69207
-6.69116
-6.68962
-6.68939
-6.68885
-6.68834
-6.68784
-6.68737
-6.68691
-6.68711
-6.68702
-6.68662
-6.68495
-6.6846
-6.68458
-6.68427
-6.68398
-6.68306
-6.68183
-6.68128
-6.68171
-6.68185
-6.68168
-6.68185
-6.68172
-6.6816
-6.68086
-6.68144
-6.68171
-6.68167
-6.68133
-6.68069
-6.68006
-6.68043
-6.68048
-6.68024
-6.68098
-6.68109
-6.68122
-6.68201
-6.68185
-6.6817
-6.68254
-6.68242
-6.68232
-6.68321
-6.68314
-6.68374
-6.68371
-6.68369
-6.68434
-6.685
-6.686
-6.68669
-6.68739
-6.68779
-6.68852
-6.68862
-6.68841
-6.68854
-6.689
-6.68948
-6.68965
-6.6908
-6.69099
-6.69151
-6.69205
-6.69228
-6.69317
-6.69341
-6.69465
-6.69524
-6.69553
-6.69615
-6.69645
-6.69644
-6.69709
-6.69808
-6.69842
-6.69942
-6.70011
-6.70146
-6.70152
-6.70159
-6.70264
-6.70305
-6.70445
-6.70488
-6.70597
-6.70739
-6.70752
-6.70864
-6.71041
-6.71154
-6.71172
-6.71254
-6.71338
-6.71422
-6.71442
-6.71464
-6.71551
-6.71575
-6.71664
-6.71625
-6.71814
-6.71874
-6.71935
-6.72126
-6.72255
-6.72319
-6.72449
-6.7258
-6.72647
-6.72779
-6.72913
-6.73047
-6.7315
-6.73156
-6.73293
-6.73397
-6.73568
-6.73674
-6.73877
-6.73984
-6.74058
-6.74197
-6.74304
-6.74378
-6.74452
-6.74558
-6.74664
-6.74736
-6.74839
-6.74942
-6.75108
-6.75208
-6.75209
-6.75208
-6.75335
-6.75427
-6.75485
-6.7554
-6.75657
-6.75739
-6.75786
-6.75732
-6.75805
-6.75874
-6.76004
-6.76065
-6.76057
-6.7611
-6.76125
-6.76201
-6.7624
-6.76306
-6.76334
-6.76358
-6.76473
-6.76487
-6.76494
-6.76561
-6.76557
-6.76645
-6.76695
-6.76674
-6.76583
-6.7655
-6.76512
-6.76468
-6.76386
-6.76298
-6.76268
-6.76233
-6.76095
-6.76017
-6.75964
-6.75939
-6.75746
-6.75677
-6.75539
-6.75395
-6.75246
-6.75157
-6.74998
-6.74899
-6.74763
-6.74623
-6.74543
-6.74394
-6.74208
-6.74051
-6.73858
-6.73693
-6.7359
-6.73354
-6.73147
-6.72937
-6.72821
-6.72703
-6.72452
-6.72329
-6.7217
-6.71945
-6.71686
-6.71522
-6.71291
-6.71059
-6.70858
-6.70655
-6.7045
-6.70148
-6.69942
-6.69702
-6.69397
-6.6922
-6.68979
-6.68737
-6.68494
-6.68284
-6.68073
-6.67831
-6.67588
-6.67345
-6.67103
-6.66861
-6.66652
-6.66443
-6.66235
-6.66028
-6.65789
-6.65584
-6.65347
-6.65209
-6.64942
-6.6471
-6.64511
-6.64411
-6.64313
-6.64153
-6.63962
-6.6374
-6.63683
-6.63564
-6.63383
-6.63269
-6.63029
-6.62824
-6.62687
-6.62456
-6.62294
-6.62135
-6.61948
-6.61829
-6.61715
-6.61605
-6.61436
-6.61368
-6.6124
-6.61086
-6.61034
-6.60858
-6.60785
-6.60717
-6.60721
-6.60666
-6.60649
-6.60607
-6.60539
-6.60477
-6.60423
-6.60376
-6.60368
-6.60368
-6.6044
-6.60358
-6.60348
-6.60281
-6.60287
-6.60301
-6.6029
-6.60385
-6.6039
-6.60404
-6.60426
-6.60456
-6.60559
-6.60573
-6.6066
-6.60787
-6.6089
-6.61001
-6.6112
-6.61279
-6.61446
-6.61588
-6.61802
-6.62023
-6.62187
-6.62423
-6.62634
-6.62851
-6.63043
-6.63208
-6.6338
-6.63558
-6.63838
-6.6406
-6.64319
-6.64519
-6.64724
-6.64998
-6.65244
-6.6543
-6.65652
-6.65975
-6.6627
-6.66535
-6.66771
-6.67042
-6.67316
-6.67593
-6.67903
-6.68249
-6.68466
-6.68717
-6.69034
-6.69321
-6.6964
-6.69863
-6.70119
-6.7044
-6.70761
-6.71114
-6.71371
-6.71724
-6.72013
-6.72301
-6.72556
-6.72875
-6.73226
-6.73544
-6.73926
-6.74242
-6.74396
-6.74711
-6.74928
-6.75177
-6.75457
-6.75769
-6.76015
-6.76293
-6.76635
-6.76911
-6.77187
-6.7743
-6.77641
-6.77884
-6.78126
-6.78369
-6.78676
-6.7895
-6.79224
-6.79531
-6.79773
-6.80079
-6.80353
-6.80628
-6.80902
-6.81176
-6.81482
-6.81787
-6.82028
-6.82333
-6.82638
-6.82877
-6.8318
-6.83481
-6.83684
-6.83918
-6.84053
-6.84348
-6.8464
-6.84962
-6.85184
-6.85403
-6.85682
-6.85925
-6.86196
-6.86462
-6.86658
-6.86848
-6.87033
-6.87146
-6.87349
-6.87643
-6.87864
-6.88045
-6.88153
-6.8835
-6.88408
-6.88553
-6.88592
-6.88686
-6.88834
-6.88875
-6.88937
-6.8902
-6.89091
-6.89183
-6.89231
-6.89233
-6.89321
-6.89331
-6.89394
-6.89379
-6.89383
-6.8931
-6.89289
-6.89254
-6.89175
-6.89179
-6.89074
-6.88923
-6.88727
-6.88584
-6.88395
-6.88259
-6.88144
-6.87951
-6.87747
-6.87661
-6.87434
-6.87261
-6.87013
-6.86689
-6.86388
-6.86109
-6.85854
-6.8559
-6.85317
-6.85005
-6.84749
-6.84454
-6.84056
-6.83781
-6.83436
-6.83085
-6.82795
-6.82404
-6.81976
-6.81643
-6.81244
-6.80875
-6.80472
-6.80069
-6.79568
-6.7923
-6.78829
-6.78429
-6.78031
-6.77636
-6.77277
-6.76889
-6.76506
-6.76127
-6.75786
-6.75451
-6.75187
-6.74864
-6.74549
-6.74176
-6.73909
-6.73649
-6.73366
-6.73156
-6.72956
-6.72765
-6.72487
-6.72219
-6.71928
-6.71648
-6.71443
-6.71249
-6.71065
-6.70859
-6.70665
-6.70481
-6.70373
-6.70243
-6.70027
-6.69983
-6.69853
-6.69798
-6.69753
-6.69718
-6.69726
-6.69743
-6.69641
-6.69612
-6.69561
-6.69614
-6.69645
-6.69554
-6.696
-6.69589
-6.69651
-6.69719
-6.69827
-6.69877
-6.69965
-6.70026
-6.70093
-6.70165
-6.70242
-6.70323
-6.70375
-6.70464
-6.70525
-6.70653
-6.70816
-6.70982
-6.71118
-6.71224
-6.71331
-6.7144
-6.71549
-6.71628
-6.71739
-6.71818
-6.71961
-6.72105
-6.72248
-6.7239
-6.72499
-6.72639
-6.72745
-6.72753
-6.72823
-6.72923
-6.73021
-6.73116
-6.73241
-6.73266
-6.73287
-6.73338
-6.73417
-6.73493
-6.73598
-6.73601
-6.73698
-6.73694
-6.73685
-6.73704
-6.73817
-6.73827
-6.73866
-6.73932
-6.74026
-6.7405
-6.74005
-6.7402
-6.74063
-6.74004
-6.74037
-6.74001
-6.73993
-6.74013
-6.73963
-6.74005
-6.74011
-6.73948
-6.73945
-6.73906
-6.7383
-6.7375
-6.73732
-6.73644
-6.73585
-6.73555
-6.73521
-6.73517
-6.73477
-6.73401
-6.73225
-6.73176
-6.73092
-6.72973
-6.72883
-6.72791
-6.72664
-6.72567
-6.72468
-6.72367
-6.72394
-6.72193
-6.72055
-6.71947
-6.71838
-6.71696
-6.71649
-6.71536
-6.71423
-6.7134
-6.71257
-6.71238
-6.71122
-6.71005
-6.70953
-6.70835
-6.70718
-6.70601
-6.70419
-6.7027
-6.70219
-6.70136
-6.70054
-6.6994
-6.69828
-6.69717
-6.69608
-6.69436
-6.69298
-6.6913
-6.6903
-6.68932
-6.68804
-6.68744
-6.68719
-6.68731
-6.68713
-6.68538
-6.68464
-6.68427
-6.68394
-6.68302
-6.68214
-6.68132
-6.68023
-6.67919
-6.67821
-6.67795
-6.67742
-6.67728
-6.67688
-6.67687
-6.67725
-6.67674
-6.67662
-6.67657
-6.6766
-6.67637
-6.67655
-6.67712
-6.67744
-6.67752
-6.67799
-6.67887
-6.67981
-6.68115
-6.68257
-6.68308
-6.68496
-6.68658
-6.68827
-6.6897
-6.69152
-6.6921
-6.69372
-6.69506
-6.69613
-6.69855
-6.7007
-6.70321
-6.70511
-6.70673
-6.70871
-6.71104
-6.71275
-6.7148
-6.71753
-6.71962
-6.72205
-6.72417
-6.72597
-6.72841
-6.72956
-6.73136
-6.73314
-6.73523
-6.73666
-6.73872
-6.74042
-6.7421
-6.74471
-6.74633
-6.74822
-6.75008
-6.75222
-6.75431
-6.75635
-6.75737
-6.75898
-6.76053
-6.76171
-6.76314
-6.76419
-6.7655
-6.76609
-6.76694
-6.76739
-6.76907
-6.77003
-6.77091
-6.77173
-6.77279
-6.77313
-6.77404
-6.77521
-6.77597
-6.77633
-6.77629
-6.77618
-6.77567
-6.77541
-6.77539
-6.77498
-6.77482
-6.77394
-6.77396
-6.77326
-6.77282
-6.77295
-6.77204
-6.7714
-6.77166
-6.77088
-6.76972
-6.76947
-6.76883
-6.76814
-6.76706
-6.76626
-6.76541
-6.7645
-6.76322
-6.76189
-6.76052
-6.75976
-6.75864
-6.75716
-6.75564
-6.75441
-6.75251
-6.75122
-6.74991
-6.74728
-6.74561
-6.74391
-6.7422
-6.74048
-6.73907
-6.73766
-6.73591
-6.73352
-6.73209
-6.73067
-6.72926
-6.72753
-6.72614
-6.72379
-6.72178
-6.7198
-6.71815
-6.71685
-6.71526
-6.71369
-6.71151
-6.71065
-6.70984
-6.70808
-6.70637
-6.70534
-6.70403
-6.70277
-6.70059
-6.69975
-6.69864
-6.69725
-6.69624
-6.69463
-6.6934
-6.69288
-6.69209
-6.69232
-6.69132
-6.6907
-6.69079
-6.69061
-6.69049
-6.6901
-6.68945
-6.6895
-6.68896
-6.68945
-6.68934
-6.68864
-6.688
-6.68838
-6.68881
-6.68929
-6.6895
-6.68976
-6.69006
-6.69073
-6.69112
-6.69155
-6.69203
-6.69254
-6.69277
-6.69336
-6.69399
-6.6953
-6.69599
-6.69638
-6.69746
-6.69791
-6.69903
-6.69921
-6.69973
-6.70124
-6.70245
-6.70334
-6.70425
-6.70421
-6.70546
-6.70608
-6.70703
-6.70831
-6.70959
-6.71088
-6.71216
-6.71377
-6.71473
-6.71569
-6.71664
-6.71791
-6.71788
-6.71946
-6.7207
-6.72129
-6.72218
-6.72274
-6.72392
-6.7238
-6.72431
-6.7248
-6.72527
-6.72604
-6.72679
-6.72752
-6.72888
-6.72956
-6.72989
-6.73052
-6.73113
-6.73171
-6.73194
-6.73182
-6.73263
-6.73342
-6.73419
-6.73459
-6.73432
-6.73402
-6.73434
-6.73462
-6.73423
-6.73445
-6.73528
-6.73544
-6.73588
-6.7363
-6.73668
-6.7367
-6.73636
-6.73567
-6.73527
-6.73515
-6.73532
-6.73546
-6.73588
-6.7353
-6.73371
-6.73305
-6.733
-6.73291
-6.73279
-6.73165
-6.73144
-6.73087
-6.73025
-6.72992
-6.72857
-6.72815
-6.72736
-6.72588
-6.72435
-6.7244
-6.72375
-6.7224
-6.72166
-6.72054
-6.71873
-6.71784
-6.71625
-6.71397
-6.71293
-6.71119
-6.70973
-6.70789
-6.7073
-6.70568
-6.70402
-6.70198
-6.70022
-6.6984
-6.69622
-6.69431
-6.69268
-6.69068
-6.68863
-6.68653
-6.68472
-6.68286
-6.68064
-6.67839
-6.67609
-6.67311
-6.67075
-6.66803
-6.66626
-6.66414
-6.66135
-6.65854
-6.65603
-6.65383
-6.65162
-6.6494
-6.64652
-6.64397
-6.64109
-6.63855
-6.63569
-6.63349
-6.63195
-6.62979
-6.62701
-6.62491
-6.62317
-6.62082
-6.61851
-6.61625
-6.61372
-6.61125
-6.60981
-6.60811
-6.60648
-6.60429
-6.60249
-6.60176
-6.60014
-6.59894
-6.59751
-6.59619
-6.59562
-6.59483
-6.59415
-6.59294
-6.59153
-6.59055
-6.58938
-6.58897
-6.58869
-6.58853
-6.5885
-6.58827
-6.58816
-6.58851
-6.58865
-6.58925
-6.58997
-6.59113
-6.59241
-6.59348
-6.59532
-6.59598
-6.59707
-6.59891
-6.60118
-6.60258
-6.60473
-6.60664
-6.60896
-6.61072
-6.61288
-6.61478
-6.61709
-6.61913
-6.62188
-6.62436
-6.62689
-6.62914
-6.6324
-6.63506
-6.63741
-6.63947
-6.64221
-6.64463
-6.64739
-6.64984
-6.65261
-6.65507
-6.65817
-6.66094
-6.66403
-6.66742
-6.67015
-6.67285
-6.67618
-6.67884
-6.68179
-6.68406
-6.68597
-6.68882
-6.6913
-6.69374
-6.69614
-6.69849
-6.70047
-6.70273
-6.70429
-6.70612
-6.70855
-6.7106
-6.71292
-6.71486
-6.71708
-6.71858
-6.72036
-6.72208
-6.72406
-6.72632
-6.72852
-6.73033
-6.73145
-6.73251
-6.73417
-6.73544
-6.73634
-6.73751
-6.73831
-6.7397
-6.74007
-6.74072
-6.74196
-6.74316
-6.74367
-6.7438
-6.74487
-6.74621
-6.74719
-6.7478
-6.74838
-6.74924
-6.74975
-6.75086
-6.7513
-6.7517
-6.75239
-6.75241
-6.75272
-6.75301
-6.75326
-6.7535
-6.75435
-6.75519
-6.756
-6.75615
-6.75564
-6.7564
-6.75617
-6.75625
-6.75631
-6.75636
-6.7564
-6.75675
-6.7558
-6.75613
-6.75678
-6.7571
-6.7571
-6.75676
-6.75642
-6.75575
-6.75605
-6.75571
-6.75601
-6.75599
-6.75533
-6.75596
-6.75499
-6.75531
-6.755
-6.75404
-6.75374
-6.7541
-6.75414
-6.75419
-6.75426
-6.75433
-6.75474
-6.7555
-6.75561
-6.75639
-6.75655
-6.75704
-6.75754
-6.75742
-6.75796
-6.75851
-6.75844
-6.75871
-6.75834
-6.75864
-6.75895
-6.75928
-6.75994
-6.75965
-6.76001
-6.76007
-6.76078
-6.76182
-6.7619
-6.7623
-6.76271
-6.76313
-6.76354
-6.76427
-6.76436
-6.76476
-6.76451
-6.76555
-6.7669
-6.76825
-6.7699
-6.77024
-6.77025
-6.77055
-6.77116
-6.77109
-6.77132
-6.77152
-6.7717
-6.77216
-6.77227
-6.77267
-6.77271
-6.77207
-6.77203
-6.77196
-6.77217
-6.77137
-6.77119
-6.77064
-6.77069
-6.77006
-6.7694
-6.76901
-6.76892
-6.76847
-6.76734
-6.76714
-6.76659
-6.76602
-6.76541
-6.76446
-6.76413
-6.76345
-6.76276
-6.76173
-6.76166
-6.76062
-6.75989
-6.75916
-6.75778
-6.75738
-6.75634
-6.75628
-6.75591
-6.75491
-6.75425
-6.75362
-6.75302
-6.75148
-6.75126
-6.75077
-6.74999
-6.74925
-6.7492
-6.74856
-6.74828
-6.74839
-6.74822
-6.74779
-6.74741
-6.74742
-6.74749
-6.74697
-6.74716
-6.74774
-6.74838
-6.74941
-6.74921
-6.74972
-6.74965
-6.74996
-6.75131
-6.75174
-6.75288
-6.75408
-6.75565
-6.75664
-6.75767
-6.75875
-6.75955
-6.76039
-6.76127
-6.76315
-6.76474
-6.76572
-6.76703
-6.76805
-6.76876
-6.77045
-6.77183
-6.77224
-6.77395
-6.77533
-6.77638
-6.77775
-6.7791
-6.78044
-6.78175
-6.78239
-6.78462
-6.78553
-6.78705
-6.7882
-6.78899
-6.79071
-6.79173
-6.79302
-6.79427
-6.79545
-6.79625
-6.797
-6.79703
-6.797
-6.79755
-6.79835
-6.79941
-6.79975
-6.79969
-6.79988
-6.79999
-6.80068
-6.79966
-6.79987
-6.79935
-6.7994
-6.7997
-6.79927
-6.79843
-6.79817
-6.79783
-6.79579
-6.79497
-6.79472
-6.79374
-6.79205
-6.7906
-6.78973
-6.78813
-6.78678
-6.78569
-6.78453
-6.7833
-6.78298
-6.78065
-6.77858
-6.77711
-6.77525
-6.77333
-6.77169
-6.77
-6.76793
-6.76582
-6.76399
-6.7618
-6.76022
-6.75764
-6.75536
-6.75305
-6.75007
-6.74739
-6.74503
-6.74265
-6.73995
-6.73692
-6.73389
-6.73118
-6.72881
-6.72644
-6.72377
-6.72111
-6.71912
-6.71684
-6.71425
-6.71203
-6.70951
-6.70671
-6.70427
-6.70221
-6.70083
-6.69918
-6.69694
-6.69508
-6.69327
-6.6912
-6.68951
-6.68821
-6.68664
-6.68547
-6.68437
-6.68334
-6.68205
-6.68051
-6.67937
-6.67668
-6.67568
-6.67379
-6.67295
-6.67217
-6.67212
-6.67118
-6.66999
-6.67081
-6.66977
-6.66913
-6.66921
-6.66936
-6.66927
-6.6686
-6.66898
-6.6691
-6.6693
-6.66956
-6.67055
-6.67128
-6.67142
-6.67229
-6.6729
-6.67357
-6.67431
-6.67478
-6.67435
-6.67527
-6.67658
-6.67761
-6.67871
-6.6805
-6.6817
-6.6836
-6.68458
-6.68626
-6.68831
-6.69007
-6.69156
-6.69309
-6.69433
-6.69658
-6.69887
-6.70022
-6.7016
-6.70334
-6.7051
-6.70656
-6.70804
-6.70987
-6.71074
-6.71292
-6.71511
-6.71634
-6.71758
-6.72011
-6.72167
-6.72323
-6.72511
-6.72698
-6.72786
-6.73034
-6.73249
-6.73428
-6.73573
-6.73748
-6.73983
-6.74151
-6.74315
-6.74507
-6.74695
-6.74879
-6.74992
-6.75133
-6.753
-6.75527
-6.75682
-6.75897
-6.76008
-6.76111
-6.76241
-6.76298
-6.76381
-6.76455
-6.76555
-6.76581
-6.76632
-6.76707
-6.76774
-6.76799
-6.76881
-6.76889
-6.76921
-6.76879
-6.76861
-6.76802
-6.76733
-6.76624
-6.7657
-6.76475
-6.76339
-6.76226
-6.7617
-6.76104
-6.75998
-6.75884
-6.75794
-6.75664
-6.75428
-6.75347
-6.75226
-6.75033
-6.74832
-6.7469
-6.74477
-6.74225
-6.74032
-6.73865
-6.73694
-6.73485
-6.73238
-6.7302
-6.72765
-6.72539
-6.72277
-6.72045
-6.71875
-6.71605
-6.71366
-6.71126
-6.70884
-6.70675
-6.70433
-6.70255
-6.70014
-6.69838
-6.69567
-6.69298
-6.69096
-6.68864
-6.68668
-6.68476
-6.6819
-6.67941
-6.67762
-6.67555
-6.67354
-6.67158
-6.67
-6.66849
-6.66673
-6.66471
-6.66308
-6.66185
-6.65973
-6.65737
-6.65573
-6.65451
-6.65369
-6.65231
-6.65133
-6.65045
-6.64868
-6.64765
-6.64542
-6.64555
-6.64512
-6.64445
-6.64484
-6.64435
-6.6446
-6.64493
-6.6447
-6.64488
-6.64417
-6.64483
-6.64557
-6.64542
-6.64534
-6.64597
-6.647
-6.64842
-6.64925
-6.65079
-6.65207
-6.65308
-6.65446
-6.65525
-6.65575
-6.65662
-6.65786
-6.65913
-6.66076
-6.66177
-6.66281
-6.66355
-6.66496
-6.66638
-6.6675
-6.66896
-6.67042
-6.67157
-6.67305
-6.67486
-6.67602
-6.6775
-6.68028
-6.68144
-6.68227
-6.68438
-6.68649
-6.68794
-6.68906
-6.69081
-6.69191
-6.69331
-6.69405
-6.6951
-6.69678
-6.69748
-6.69912
-6.70076
-6.70205
-6.70333
-6.70458
-6.70582
-6.70802
-6.70954
-6.71105
-6.71222
-6.71337
-6.71418
-6.71561
-6.71638
-6.71778
-6.71916
-6.72052
-6.72218
-6.72349
-6.72414
-6.72444
-6.72504
-6.72465
-6.72552
-6.72637
-6.72719
-6.727
-6.72808
-6.72913
-6.7295
-6.73016
-6.73175
-6.73201
-6.73256
-6.73274
-6.73256
-6.73364
-6.7324
-6.73274
-6.73271
-6.73361
-6.73349
-6.7343
-6.73441
-6.73447
-6.73481
-6.73478
-6.73469
-6.73521
-6.73535
-6.73578
-6.73518
-6.73486
-6.7345
-6.73377
-6.733
-6.73251
-6.7323
-6.73173
-6.73112
-6.73016
-6.72884
-6.72846
-6.72741
-6.72795
-6.72718
-6.72638
-6.72557
-6.72409
-6.72293
-6.72208
-6.72154
-6.72036
-6.71918
-6.71832
-6.71779
-6.71662
-6.71578
-6.71561
-6.71545
-6.71499
-6.71487
-6.71445
-6.71342
-6.71273
-6.71239
-6.71112
-6.71021
-6.70999
-6.70915
-6.70836
-6.70761
-6.70722
-6.70624
-6.70627
-6.70538
-6.70454
-6.70439
-6.70527
-6.70523
-6.70492
-6.70499
-6.70478
-6.70463
-6.70485
-6.70546
-6.70579
-6.70585
-6.70564
-6.70613
-6.70635
-6.70727
-6.70792
-6.70894
-6.70937
-6.70984
-6.71004
-6.71094
-6.7122
-6.71318
-6.7142
-6.71494
-6.71637
-6.71784
-6.71966
-6.72087
-6.72178
-6.72435
-6.72532
-6.72567
-6.72701
-6.7287
-6.73041
-6.73213
-6.73419
-6.73528
-6.73736
-6.73848
-6.74154
-6.74298
-6.74475
-6.7449
-6.74698
-6.74808
-6.7495
-6.7509
-6.75261
-6.75397
-6.75466
-6.75533
-6.75695
-6.75886
-6.75977
-6.76064
-6.76213
-6.76358
-6.76434
-6.76539
-6.76607
-6.76703
-6.76827
-6.76849
-6.76931
-6.77008
-6.77079
-6.77113
-6.77142
-6.77165
-6.77215
-6.77228
-6.77202
-6.77203
-6.77134
-6.77189
-6.7727
-6.77314
-6.77384
-6.77352
-6.7738
-6.77434
-6.77451
-6.77494
-6.77468
-6.77437
-6.77497
-6.77456
-6.77442
-6.77489
-6.77467
-6.77311
-6.77215
-6.77116
-6.77045
-6.76971
-6.76925
-6.76844
-6.76792
-6.76576
-6.76519
-6.76396
-6.76302
-6.76239
-6.76141
-6.76043
-6.75942
-6.75808
-6.75674
-6.7557
-6.75434
-6.75363
-6.75259
-6.75253
-6.75214
-6.75144
-6.75042
-6.7491
-6.74875
-6.74777
-6.74714
-6.74587
-6.74462
-6.74339
-6.74251
-6.74166
-6.74083
-6.7397
-6.73893
-6.73819
-6.73683
-6.73648
-6.73617
-6.73556
-6.73435
-6.73382
-6.733
-6.73255
-6.73214
-6.73177
-6.73176
-6.73148
-6.73156
-6.73201
-6.73186
-6.73143
-6.73137
-6.73102
-6.73138
-6.73177
-6.73156
-6.73108
-6.73128
-6.73088
-6.73117
-6.73117
-6.73187
-6.73228
-6.73273
-6.73257
-6.73309
-6.73397
-6.73553
-6.73614
-6.73711
-6.73713
-6.73814
-6.7395
-6.74055
-6.74129
-6.74237
-6.74347
-6.74489
-6.74535
-6.74516
-6.74497
-6.7464
-6.74782
-6.74825
-6.74932
-6.75037
-6.75043
-6.75176
-6.75275
-6.75272
-6.75299
-6.75387
-6.75471
-6.75519
-6.75497
-6.75536
-6.75537
-6.75533
-6.75555
-6.7554
-6.75583
-6.7562
-6.75651
-6.75611
-6.75629
-6.75544
-6.75548
-6.75643
-6.75569
-6.75455
-6.75399
-6.75336
-6.7533
-6.75253
-6.75168
-6.75076
-6.74977
-6.74903
-6.74822
-6.74735
-6.7464
-6.74474
-6.74269
-6.7409
-6.73969
-6.7381
-6.73645
-6.73506
-6.7333
-6.73116
-6.72929
-6.72704
-6.72475
-6.72273
-6.72068
-6.71858
-6.71579
-6.71361
-6.71108
-6.70852
-6.70626
-6.70461
-6.70198
-6.69932
-6.69664
-6.69525
-6.69319
-6.69081
-6.68906
-6.68634
-6.68362
-6.6809
-6.6785
-6.67643
-6.67437
-6.67167
-6.66964
-6.66697
-6.66497
-6.66267
-6.66104
-6.65911
-6.65689
-6.65437
-6.65254
-6.6501
-6.64737
-6.64533
-6.64268
-6.64008
-6.6385
-6.63697
-6.63582
-6.63375
-6.63174
-6.62978
-6.62788
-6.62573
-6.6246
-6.6229
-6.62126
-6.62002
-6.61852
-6.61742
-6.61542
-6.61447
-6.61294
-6.61246
-6.61205
-6.61172
-6.61082
-6.61031
-6.61021
-6.60953
-6.60925
-6.60936
-6.60923
-6.60917
-6.6095
-6.60991
-6.61005
-6.60962
-6.6099
-6.61122
-6.61098
-6.61178
-6.61198
-6.61257
-6.61322
-6.61359
-6.61402
-6.61482
-6.61567
-6.61656
-6.61685
-6.61816
-6.61918
-6.61959
-6.62101
-6.62214
-6.62362
-6.62449
-6.62539
-6.62632
-6.6276
-6.6289
-6.63022
-6.63189
-6.63358
-6.63463
-6.6357
-6.63679
-6.63822
-6.63933
-6.64077
-6.64255
-6.64401
-6.64548
-6.64663
-6.6481
-6.6499
-6.65203
-6.65253
-6.65368
-6.65514
-6.65628
-6.65805
-6.65982
-6.66157
-6.66332
-6.66473
-6.6658
-6.66718
-6.66919
-6.67053
-6.67186
-6.67252
-6.67381
-6.67507
-6.67631
-6.67721
-6.67872
-6.67989
-6.68103
-6.68246
-6.68387
-6.68557
-6.68627
-6.68695
-6.68856
-6.68982
-6.69072
-6.69159
-6.69275
-6.69582
-6.69595
-6.6967
-6.69644
-6.69712
-6.69745
-6.69775
-6.69801
-6.69922
-6.69878
-6.69864
-6.69912
-6.69957
-6.69934
-6.70007
-6.70077
-6.7008
-6.70114
-6.70177
-6.70271
-6.70331
-6.70357
-6.70446
-6.70469
-6.7049
-6.70511
-6.70563
-6.70581
-6.70599
-6.70681
-6.70632
-6.70648
-6.70664
-6.7068
-6.70728
-6.70743
-6.70759
-6.7084
-6.70824
-6.70808
-6.70826
-6.70909
-6.70993
-6.71046
-6.71099
-6.71122
-6.7108
-6.71138
-6.71164
-6.71224
-6.71221
-6.71283
-6.71348
-6.71381
-6.71417
-6.71421
-6.7146
-6.715
-6.71574
-6.71651
-6.71696
-6.71744
-6.71793
-6.71876
-6.71994
-6.72081
-6.7217
-6.72228
-6.72321
-6.72351
-6.72415
-6.72449
-6.72516
-6.72619
-6.72658
-6.72699
-6.72774
-6.72916
-6.7306
-6.73141
-6.73224
-6.73211
-6.73266
-6.73322
-6.73347
-6.73439
-6.73533
-6.73628
-6.73757
-6.73921
-6.74021
-6.74155
-6.74193
-6.74266
-6.74469
-6.74544
-6.74653
-6.74828
-6.75003
-6.75147
-6.75194
-6.75274
-6.75355
-6.75501
-6.75647
-6.75792
-6.75905
-6.76018
-6.76163
-6.76242
-6.7632
-6.7643
-6.76506
-6.76613
-6.7675
-6.76821
-6.76923
-6.77055
-6.77088
-6.77215
-6.77341
-6.77399
-6.77519
-6.77603
-6.77685
-6.77828
-6.77839
-6.77878
-6.77882
-6.77947
-6.77976
-6.78034
-6.7812
-6.78235
-6.78281
-6.78193
-6.78232
-6.78266
-6.78232
-6.78258
-6.78248
-6.78234
-6.78281
-6.78325
-6.78299
-6.78303
-6.78368
-6.78462
-6.78455
-6.78445
-6.78431
-6.78414
-6.78362
-6.78307
-6.78281
-6.78253
-6.78189
-6.78123
-6.78087
-6.78081
-6.7804
-6.77998
-6.7792
-6.77874
-6.77761
-6.77711
-6.77725
-6.77737
-6.77683
-6.77628
-6.77604
-6.77449
-6.77391
-6.77364
-6.77272
-6.77179
-6.77085
-6.77023
-6.76928
-6.76832
-6.76768
-6.76672
-6.76607
-6.76444
-6.76346
-6.76311
-6.76244
-6.76273
-6.7627
-6.76233
-6.76228
-6.7619
-6.76118
-6.76014
-6.7594
-6.75897
-6.75854
-6.75744
-6.75569
-6.75457
-6.75408
-6.75325
-6.75209
-6.75188
-6.75068
-6.7501
-6.7479
-6.74664
-6.74601
-6.74471
-6.74307
-6.74173
-6.74036
-6.73995
-6.73886
-6.73776
-6.73662
-6.73482
-6.73364
-6.73243
-6.73153
-6.72963
-6.72804
-6.72642
-6.7251
-6.72409
-6.72274
-6.72136
-6.72062
-6.71953
-6.71778
-6.71633
-6.7152
-6.71341
-6.71323
-6.71175
-6.71027
-6.70813
-6.70632
-6.70516
-6.70368
-6.70221
-6.70042
-6.69832
-6.69688
-6.69513
-6.69405
-6.69234
-6.69098
-6.68997
-6.68898
-6.68803
-6.68711
-6.68591
-6.6841
-6.68331
-6.68256
-6.68219
-6.68186
-6.68062
-6.67976
-6.68025
-6.67918
-6.67914
-6.6782
-6.67765
-6.67684
-6.67642
-6.67575
-6.6758
-6.67657
-6.67611
-6.67605
-6.67671
-6.67712
-6.67793
-6.67783
-6.67813
-6.67851
-6.67895
-6.67946
-6.67971
-6.68035
-6.6817
-6.68247
-6.6833
-6.68386
-6.6848
-6.68547
-6.68684
-6.68792
-6.68905
-6.69022
-6.69208
-6.69364
-6.69524
-6.69686
-6.69818
-6.70018
-6.70154
-6.70357
-6.70561
-6.70668
-6.70744
-6.70853
-6.70993
-6.71231
-6.71338
-6.71477
-6.71582
-6.71751
-6.71852
-6.7192
-6.72082
-6.7221
-6.7227
-6.72295
-6.72446
-6.72497
-6.72576
-6.72685
-6.72822
-6.7289
-6.72889
-6.7295
-6.7307
-6.73186
-6.73266
-6.7334
-6.73411
-6.73509
-6.73538
-6.73595
-6.73615
-6.73663
-6.73705
-6.73711
-6.73713
-6.73741
-6.73766
-6.73785
-6.73833
-6.73844
-6.73818
-6.73788
-6.73786
-6.73748
-6.73673
-6.73562
-6.73578
-6.73557
-6.73468
-6.73473
-6.73442
-6.73409
-6.7334
-6.73366
-6.73356
-6.73345
-6.73299
-6.7325
-6.732
-6.73148
-6.73094
-6.73135
-6.73046
-6.72988
-6.72929
-6.72837
-6.72809
-6.7278
-6.7275
-6.72687
-6.72592
-6.72496
-6.72433
-6.72337
-6.7224
-6.72209
-6.72145
-6.71952
-6.71856
-6.71825
-6.71763
-6.71668
-6.71671
-6.7161
-6.71549
-6.71425
-6.71462
-6.71436
-6.71411
-6.71419
-6.71331
-6.71275
-6.71221
-6.71168
-6.71051
-6.70935
-6.7095
-6.70837
-6.7079
-6.70711
-6.70732
-6.70624
-6.70518
-6.70511
-6.70505
-6.70436
-6.70402
-6.70305
-6.70274
-6.70246
-6.70252
-6.70261
-6.70271
-6.70284
-6.70235
-6.70189
-6.70113
-6.70169
-6.7013
-6.70127
-6.70191
-6.70194
-6.70199
-6.70239
-6.70283
-6.70264
-6.70281
-6.70236
-6.70259
-6.70284
-6.70409
-6.70473
-6.70506
-6.70575
-6.70581
-6.70558
-6.70602
-6.70745
-6.70761
-6.70779
-6.70831
-6.70917
-6.7094
-6.70964
-6.71086
-6.71112
-6.71172
-6.71264
-6.71356
-6.71384
-6.71413
-6.71473
-6.71436
-6.71463
-6.71587
-6.71613
-6.7167
-6.7179
-6.71813
-6.71898
-6.72015
-6.72064
-6.72177
-6.72255
-6.72234
-6.72275
-6.7225
-6.72287
-6.72288
-6.7232
-6.72317
-6.72344
-6.72401
-6.72424
-6.72443
-6.72461
-6.72508
-6.72521
-6.72532
-6.72671
-6.72646
-6.72652
-6.72721
-6.72691
-6.72726
-6.72695
-6.72695
-6.72695
-6.72695
-6.72694
-6.72727
-6.72695
-6.72696
-6.72666
-6.72669
-6.72674
-6.72713
-6.72819
-6.72863
-6.72877
-6.72895
-6.72916
-6.73005
-6.72968
-6.72967
-6.72971
-6.73011
-6.73056
-6.73105
-6.73191
-6.73218
-6.73217
-6.73318
-6.73392
-6.73472
-6.73524
-6.73549
-6.73644
-6.73776
-6.73913
-6.74023
-6.74106
-6.74193
-6.74284
-6.74477
-6.74642
-6.7481
-6.75112
-6.75255
-6.754
-6.75646
-6.75732
-6.75756
-6.76008
-6.76196
-6.7632
-6.76541
-6.76698
-6.76886
-6.77009
-6.7713
-6.77282
