1.19955
1.19869
1.19779
1.19684
1.19584
1.19479
1.1937
1.19255
1.19135
1.19009
1.18878
1.18741
1.18597
1.18448
1.18292
1.1813
1.17962
1.17787
1.17605
1.17416
1.17221
1.17019
1.1681
1.16594
1.16372
1.16143
1.15907
1.15665
1.15416
1.1516
1.14898
1.1463
1.14356
1.14077
1.13792
1.13503
1.13209
1.12911
1.12609
1.12304
1.11997
1.11688
1.11378
1.11067
1.10756
1.10446
1.10137
1.0983
1.09525
1.09224
1.08926
1.08634
1.08347
1.08066
1.07792
1.07526
1.07268
1.07019
1.0678
1.06552
1.06335
1.0613
1.05937
1.05757
1.0559
1.05437
1.05299
1.05175
1.05067
1.04974
1.04898
1.04837
1.04793
1.04765
1.04754
1.04759
1.04782
1.04821
1.04877
1.04949
1.05038
1.05143
1.05264
1.05402
1.05554
1.05722
1.05905
1.06102
1.06314
1.06539
1.06777
1.07028
1.07291
1.07566
1.07851
1.08146
1.08451
1.08765
1.09087
1.09417
1.09753
1.10095
1.10443
1.10795
1.11151
1.1151
1.11871
1.12233
1.12596
1.12958
1.13319
1.13679
1.14035
1.14388
1.14737
1.15081
1.1542
1.15753
1.16078
1.16397
1.16706
1.17007
1.17299
1.17581
1.17852
1.18112
1.18362
1.18599
1.18825
1.19039
1.1924
1.19428
1.19603
1.19765
1.19914
1.2005
1.20172
1.20281
1.20377
1.20459
1.20527
1.20583
1.20625
1.20655
1.20672
1.20676
1.20668
1.20649
1.20617
1.20574
1.2052
1.20455
1.2038
1.20295
1.202
1.20096
1.19984
1.19863
1.19734
1.19597
1.19453
1.19302
1.19145
1.18982
1.18813
1.18639
1.1846
1.18277
1.1809
1.179
1.17707
1.17511
1.17314
1.17114
1.16913
1.16711
1.16508
1.16306
1.16103
1.15901
1.157
1.15499
1.153
1.15102
1.14907
1.14713
1.14522
1.14333
1.14147
1.13964
1.13784
1.13607
1.13434
1.13264
1.13097
1.12934
1.12775
1.12619
1.12468
1.1232
1.12175
1.12035
1.11898
1.11764
1.11634
1.11507
1.11384
1.11264
1.11147
1.11033
1.10922
1.10814
1.10709
1.10606
1.10505
1.10407
1.10311
1.10217
1.10125
1.10036
1.09948
1.09862
1.09777
1.09695
1.09614
1.09534
1.09457
1.09381
1.09307
1.09234
1.09163
1.09094
1.09026
1.0896
1.08896
1.08834
1.08774
1.08715
1.08659
1.08605
1.08553
1.08504
1.08457
1.08413
1.08372
1.08333
1.08297
1.08265
1.08235
1.08209
1.08186
1.08167
1.08151
1.08139
1.08131
1.08126
1.08125
1.08128
1.08135
1.08145
1.0816
1.08179
1.08202
1.08229
1.08259
1.08294
1.08333
1.08376
1.08422
1.08472
1.08526
1.08584
1.08645
1.08709
1.08777
1.08848
1.08922
1.08999
1.09079
1.09162
1.09247
1.09334
1.09423
1.09515
1.09608
1.09704
1.09801
1.099
1.1
1.10102
1.10204
1.10308
1.10413
1.10518
1.10624
1.10731
1.10838
1.10946
1.11054
1.11162
1.11271
1.11379
1.11487
1.11595
1.11703
1.11811
1.11918
1.12025
1.12131
1.12237
1.12343
1.12448
1.12552
1.12656
1.1276
1.12863
1.12965
1.13067
1.13168
1.13268
1.13368
1.13467
1.13565
1.13663
1.13759
1.13856
1.13951
1.14046
1.14141
1.14235
1.14328
1.1442
1.14512
1.14602
1.14692
1.14781
1.14869
1.14957
1.15044
1.15129
1.15214
1.15298
1.15382
1.15464
1.15546
1.15627
1.15707
1.15786
1.15865
1.15942
1.16018
1.16094
1.16169
1.16242
1.16315
1.16387
1.16457
1.16526
1.16594
1.1666
1.16726
1.1679
1.16853
1.16914
1.16975
1.17033
1.1709
1.17145
1.17199
1.17251
1.173
1.17348
1.17394
1.17437
1.17478
1.17516
1.17552
1.17586
1.17616
1.17644
1.17669
1.17691
1.1771
1.17726
1.17738
1.17748
1.17754
1.17756
1.17755
1.17751
1.17742
1.1773
1.17714
1.17694
1.1767
1.17641
1.17609
1.17572
1.17531
1.17486
1.17437
1.17383
1.17325
1.17263
1.17196
1.17125
1.17049
1.16969
1.16885
1.16796
1.16703
1.16606
1.16505
1.164
1.1629
1.16177
1.1606
1.15938
1.15813
1.15684
1.15551
1.15415
1.15275
1.15132
1.14985
1.14834
1.1468
1.14523
1.14363
1.14199
1.14032
1.13862
1.1369
1.13514
1.13336
1.13155
1.12971
1.12785
1.12596
1.12405
1.12212
1.12017
1.11819
1.1162
1.11419
1.11216
1.11012
1.10807
1.106
1.10392
1.10182
1.09972
1.09761
1.09549
1.09336
1.09123
1.0891
1.08697
1.08484
1.08271
1.08059
1.07847
1.07636
1.07426
1.07217
1.0701
1.06804
1.066
1.06398
1.06197
1.06
1.05804
1.05611
1.05421
1.05234
1.05051
1.0487
1.04693
1.0452
1.04351
1.04186
1.04025
1.03868
1.03716
1.03568
1.03425
1.03287
1.03154
1.03026
1.02903
1.02785
1.02673
1.02565
1.02463
1.02367
1.02276
1.0219
1.02109
1.02034
1.01964
1.01899
1.0184
1.01786
1.01737
1.01693
1.01654
1.01619
1.0159
1.01565
1.01545
1.01529
1.01517
1.01509
1.01506
1.01507
1.01511
1.01519
1.01531
1.01546
1.01564
1.01586
1.0161
1.01638
1.01669
1.01703
1.01739
1.01778
1.0182
1.01864
1.0191
1.01959
1.0201
1.02063
1.02119
1.02176
1.02236
1.02297
1.02361
1.02426
1.02494
1.02563
1.02633
1.02706
1.0278
1.02856
1.02934
1.03014
1.03095
1.03178
1.03263
1.0335
1.03439
1.03529
1.03622
1.03717
1.03813
1.03912
1.04012
1.04114
1.04219
1.04325
1.04434
1.04545
1.04658
1.04773
1.04891
1.05011
1.05133
1.05258
1.05386
1.05516
1.05649
1.05784
1.05922
1.06062
1.06205
1.06351
1.06499
1.0665
1.06803
1.0696
1.07118
1.0728
1.07444
1.07611
1.0778
1.07952
1.08126
1.08303
1.08482
1.08663
1.08847
1.09033
1.09221
1.09412
1.09604
1.09799
1.09995
1.10193
1.10394
1.10595
1.10799
1.11003
1.11209
1.11416
1.11623
1.11832
1.12041
1.12251
1.1246
1.1267
1.1288
1.1309
1.133
1.13509
1.13718
1.13926
1.14133
1.14339
1.14544
1.14748
1.1495
1.15151
1.1535
1.15548
1.15743
1.15936
1.16128
1.16316
1.16503
1.16687
1.16869
1.17048
1.17225
1.17399
1.1757
1.17739
1.17905
1.18068
1.18228
1.18386
1.18541
1.18692
1.18841
1.18987
1.1913
1.1927
1.19407
1.19541
1.19673
1.19802
1.19928
1.20052
1.20173
1.20292
1.20409
1.20524
1.20636
1.20747
1.20855
1.20962
1.21067
1.21171
1.21273
1.21373
1.21472
1.2157
1.21667
1.21763
1.21858
1.21952
1.22046
1.22139
1.22231
1.22324
1.22416
1.22508
1.226
1.22692
1.22784
1.22876
1.22969
1.23061
1.23154
1.23247
1.2334
1.23435
1.23529
1.23624
1.23718
1.23813
1.23909
1.24004
1.241
1.24195
1.24291
1.24386
1.2448
1.24575
1.24668
1.24761
1.24853
1.24944
1.25034
1.25122
1.25208
1.25292
1.25374
1.25454
1.25531
1.25606
1.25677
1.25745
1.25809
1.25869
1.25926
1.25978
1.26025
1.26068
1.26105
1.26137
1.26164
1.26184
1.26198
1.26205
1.26206
1.262
1.26186
1.26164
1.26135
1.26099
1.26054
1.26001
1.2594
1.2587
1.25792
1.25705
1.25609
1.25504
1.2539
1.25267
1.25135
1.24993
1.24842
1.24681
1.24511
1.24332
1.24144
1.23947
1.23741
1.23526
1.23302
1.2307
1.22829
1.2258
1.22323
1.22058
1.21784
1.21504
1.21216
1.2092
1.20618
1.20309
1.19994
1.19674
1.19347
1.19015
1.18678
1.18336
1.1799
1.1764
1.17285
1.16928
1.16567
1.16204
1.15838
1.1547
1.151
1.14729
1.14357
1.13984
1.1361
1.13236
1.12863
1.12491
1.12119
1.11748
1.11379
1.11011
1.10645
1.10281
1.0992
1.09561
1.09205
1.08853
1.08503
1.08157
1.07816
1.07477
1.07143
1.06814
1.06488
1.06167
1.05851
1.0554
1.05234
1.04933
1.04638
1.04348
1.04063
1.03784
1.03512
1.03245
1.02984
1.02729
1.0248
1.02237
1.02001
1.01771
1.01548
1.01331
1.01121
1.00918
1.00722
1.00533
1.0035
1.00175
1.00007
0.998459
0.996922
0.995458
0.994065
0.992746
0.9915
0.990327
0.989227
0.988201
0.987249
0.986372
0.985568
0.984839
0.984183
0.983599
0.983088
0.982649
0.982283
0.981988
0.981766
0.981614
0.981534
0.981523
0.981581
0.981707
0.981899
0.982158
0.982484
0.982876
0.983333
0.983854
0.984439
0.985085
0.985791
0.986558
0.987384
0.988268
0.989211
0.990212
0.991268
0.992379
0.993544
0.99476
0.996027
0.997345
0.998713
1.00013
1.00159
1.0031
1.00465
1.00624
1.00787
1.00954
1.01124
1.01298
1.01475
1.01656
1.01839
1.02024
1.02212
1.02403
1.02595
1.02789
1.02984
1.0318
1.03378
1.03576
1.03775
1.03974
1.04172
1.0437
1.04568
1.04765
1.0496
1.05154
1.05346
1.05536
1.05724
1.0591
1.06093
1.06273
1.0645
1.06624
1.06795
1.06962
1.07126
1.07286
1.07442
1.07595
1.07743
1.07886
1.08026
1.08161
1.08292
1.08419
1.08542
1.0866
1.08774
1.08884
1.0899
1.09091
1.09189
1.09283
1.09372
1.09459
1.09541
1.0962
1.09695
1.09767
1.09836
1.09902
1.09964
1.10024
1.10082
1.10137
1.10189
1.1024
1.10288
1.10335
1.1038
1.10423
1.10465
1.10506
1.10546
1.10586
1.10625
1.10664
1.10702
1.1074
1.10779
1.10817
1.10856
1.10895
1.10935
1.10976
1.11017
1.1106
1.11104
1.11149
1.11195
1.11243
1.11293
1.11345
1.11398
1.11453
1.11511
1.1157
1.11632
1.11695
1.11762
1.1183
1.11901
1.11975
1.12051
1.1213
1.12211
1.12295
1.12382
1.12472
1.12565
1.1266
1.12759
1.1286
1.12965
1.13072
1.13182
1.13296
1.13412
1.13531
1.13653
1.13777
1.13905
1.14035
1.14168
1.14303
1.14441
1.14582
1.14725
1.1487
1.15017
1.15166
1.15317
1.15469
1.15624
1.1578
1.15938
1.16097
1.16257
1.16417
1.16579
1.16741
1.16903
1.17066
1.17229
1.17391
1.17553
1.17714
1.17875
1.18034
1.18192
1.18348
1.18503
1.18656
1.18806
1.18954
1.19099
1.1924
1.19379
1.19514
1.19645
1.19772
1.19896
1.20014
1.20128
1.20238
1.20342
1.20441
1.20534
1.20622
1.20704
1.2078
1.20849
1.20913
1.2097
1.2102
1.21064
1.21101
1.21131
1.21154
1.21169
1.21177
1.21178
1.21172
1.21157
1.21136
1.21106
1.2107
1.21025
1.20973
1.20914
1.20847
1.20773
1.20691
1.20602
1.20505
1.20402
1.20291
1.20173
1.20048
1.19917
1.19779
1.19634
1.19483
1.19326
1.19163
1.18993
1.18819
1.18638
1.18452
1.18262
1.18067
1.17867
1.17662
1.17454
1.17242
1.17026
1.16807
1.16585
1.1636
1.16132
1.15902
1.15669
1.15435
1.15199
1.14961
1.14722
1.14482
1.14241
1.13999
1.13757
1.13515
1.13273
1.13032
1.12791
1.1255
1.12311
1.12072
1.11835
1.116
1.11366
1.11134
1.10903
1.10675
1.10449
1.10225
1.10005
1.09787
1.09571
1.09359
1.09149
1.08943
1.08739
1.08539
1.08342
1.08148
1.07958
1.07771
1.07588
1.07408
1.07231
1.07058
1.06888
1.06723
1.0656
1.06402
1.06246
1.06095
1.05947
1.05802
1.05662
1.05524
1.05391
1.05261
1.05135
1.05012
1.04893
1.04778
1.04666
1.04559
1.04455
1.04356
1.0426
1.04169
1.04082
1.03999
1.03921
1.03846
1.03776
1.03711
1.0365
1.03594
1.03543
1.03497
1.03456
1.0342
1.0339
1.03365
1.03346
1.03333
1.03325
1.03324
1.03329
1.0334
1.03357
1.03381
1.03412
1.03449
1.03493
1.03544
1.03602
1.03667
1.03739
1.03818
1.03904
1.03998
1.04099
1.04206
1.04321
1.04443
1.04572
1.04707
1.04849
1.04998
1.05153
1.05314
1.05481
1.05654
1.05833
1.06016
1.06205
1.06398
1.06595
1.06797
1.07002
1.0721
1.07421
1.07634
1.0785
1.08067
1.08285
1.08505
1.08725
1.08945
1.09164
1.09383
1.09601
1.09817
1.10031
1.10243
1.10452
1.10657
1.1086
1.11059
1.11253
1.11443
1.11629
1.1181
1.11985
1.12156
1.12321
1.1248
1.12633
1.1278
1.12921
1.13056
1.13185
1.13308
1.13425
1.13536
1.1364
1.13739
1.13832
1.1392
1.14002
1.14079
1.14151
1.14219
1.14282
1.1434
1.14395
1.14446
1.14493
1.14538
1.1458
1.1462
1.14657
1.14692
1.14726
1.14758
1.14789
1.1482
1.14851
1.14881
1.14911
1.14942
1.14974
1.15006
1.15039
1.15073
1.15109
1.15146
1.15185
1.15226
1.15269
1.15314
1.1536
1.15409
1.1546
1.15513
1.15569
1.15626
1.15685
1.15747
1.1581
1.15876
1.15943
1.16013
1.16084
1.16157
1.16232
1.16309
1.16387
1.16466
1.16547
1.1663
1.16713
1.16798
1.16884
1.16971
1.17058
1.17147
1.17235
1.17325
1.17415
1.17506
1.17597
1.17689
1.17781
1.17873
1.17965
1.18058
1.1815
1.18243
1.18335
1.18428
1.1852
1.18611
1.18702
1.18793
1.18883
1.18973
1.19062
1.19149
1.19236
1.19321
1.19405
1.19488
1.19569
1.19649
1.19727
1.19804
1.19879
1.19952
1.20023
1.20093
1.2016
1.20225
1.20287
1.20347
1.20405
1.2046
1.20512
1.20561
1.20608
1.20652
1.20693
1.20731
1.20767
1.20799
1.20827
1.20853
1.20876
1.20895
1.20911
1.20924
1.20933
1.20939
1.20942
1.20942
1.20939
1.20932
1.20922
1.20909
1.20893
1.20873
1.20851
1.20826
1.20797
1.20766
1.20732
1.20696
1.20656
1.20614
1.2057
1.20523
1.20474
1.20423
1.20369
1.20314
1.20257
1.20197
1.20136
1.20073
1.20008
1.19942
1.19874
1.19804
1.19733
1.1966
1.19586
1.19511
1.19434
1.19356
1.19278
1.19198
1.19117
1.19035
1.18952
1.18868
1.18783
1.18697
1.18611
1.18524
1.18436
1.18348
1.1826
1.18171
1.18081
1.17992
1.17902
1.17812
1.17721
1.17632
1.17542
1.17452
1.17363
1.17274
1.17186
1.17098
1.1701
1.16923
1.16837
1.16752
1.16667
1.16583
1.165
1.16418
1.16337
1.16257
1.16177
1.16099
1.16021
1.15945
1.15869
1.15795
1.15721
1.15649
1.15578
1.15508
1.15438
1.1537
1.15304
1.15238
1.15173
1.15109
1.15046
1.14984
1.14923
1.14863
1.14803
1.14745
1.14687
1.1463
1.14574
1.14518
1.14463
1.14409
1.14356
1.14303
1.14251
1.14199
1.14149
1.14099
1.1405
1.14002
1.13954
1.13908
1.13862
1.13817
1.13772
1.13729
1.13687
1.13646
1.13605
1.13566
1.13528
1.13491
1.13455
1.1342
1.13386
1.13354
1.13323
1.13294
1.13266
1.13239
1.13214
1.1319
1.13168
1.13147
1.13127
1.13109
1.13093
1.13078
1.13064
1.13051
1.1304
1.1303
1.13021
1.13013
1.13006
1.13
1.12995
1.12991
1.12987
1.12983
1.1298
1.12977
1.12974
1.12971
1.12967
1.12963
1.12959
1.12953
1.12947
1.1294
1.12931
1.12921
1.12909
1.12896
1.1288
1.12863
1.12843
1.12821
1.12796
1.12769
1.12738
1.12705
1.12668
1.12628
1.12585
1.12538
1.12488
1.12433
1.12375
1.12312
1.12246
1.12175
1.121
1.1202
1.11937
1.11848
1.11755
1.11658
1.11556
1.1145
1.11339
1.11224
1.11105
1.1098
1.10852
1.10719
1.10581
1.1044
1.10294
1.10144
1.0999
1.09833
1.09672
1.09508
1.0934
1.09169
1.08995
1.08819
1.0864
1.08459
1.08277
1.08092
1.07906
1.07719
1.07531
1.07342
1.07153
1.06965
1.06776
1.06588
1.06401
1.06215
1.06031
1.05849
1.0567
1.05492
1.05318
1.05148
1.04981
1.04817
1.04658
1.04503
1.04353
1.04207
1.04066
1.0393
1.038
1.03675
1.03556
1.03441
1.03333
1.0323
1.03134
1.03043
1.02957
1.02878
1.02804
1.02735
1.02671
1.02613
1.0256
1.02512
1.02468
1.02429
1.02394
1.02364
1.02337
1.02314
1.02294
1.02277
1.02263
1.02252
1.02243
1.02237
1.02232
1.02229
1.02227
1.02226
1.02227
1.02228
1.0223
1.02232
1.02234
1.02236
1.02239
1.02241
1.02243
1.02245
1.02246
1.02247
1.02248
1.02248
1.02248
1.02247
1.02246
1.02245
1.02244
1.02242
1.02241
1.0224
1.02239
1.02239
1.02239
1.02241
1.02243
1.02247
1.02252
1.02258
1.02267
1.02277
1.0229
1.02306
1.02324
1.02345
1.02368
1.02395
1.02426
1.0246
1.02497
1.02538
1.02583
1.02632
1.02685
1.02743
1.02804
1.0287
1.0294
1.03014
1.03092
1.03174
1.03261
1.03351
1.03446
1.03544
1.03646
1.03752
1.03861
1.03973
1.04089
1.04207
1.04328
1.04451
1.04577
1.04705
1.04836
1.04967
1.05101
1.05235
1.05371
1.05507
1.05644
1.05781
1.05917
1.06054
1.0619
1.06326
1.06461
1.06594
1.06727
1.06858
1.06987
1.07114
1.07238
1.07361
1.07481
1.07598
1.07713
1.07824
1.07933
1.08038
1.0814
1.08239
1.08334
1.08426
1.08514
1.08598
1.08679
1.08757
1.08831
1.08901
1.08968
1.09032
1.09092
1.09149
1.09202
1.09253
1.093
1.09345
1.09386
1.09425
1.09462
1.09496
1.09528
1.09558
1.09587
1.09613
1.09639
1.09663
1.09685
1.09707
1.09729
1.09749
1.0977
1.0979
1.09811
1.09832
1.09854
1.09876
1.09899
1.09924
1.0995
1.09977
1.10007
1.10038
1.10072
1.10109
1.10148
1.1019
1.10235
1.10284
1.10336
1.10391
1.1045
1.10513
1.10579
1.10651
1.10726
1.10806
1.10891
1.1098
1.11074
1.11173
1.11276
1.11385
1.11499
1.11618
1.11742
1.11872
1.12007
1.12148
1.12294
1.12445
1.12602
1.12764
1.12932
1.13105
1.13283
1.13466
1.13655
1.13848
1.14047
1.1425
1.14458
1.14671
1.14888
1.15109
1.15333
1.15562
1.15794
1.16029
1.16267
1.16508
1.16751
1.16996
1.17243
1.17491
1.1774
1.17989
1.18239
1.18489
1.18739
1.18987
1.19234
1.1948
1.19724
1.19965
1.20203
1.20438
1.20669
1.20897
1.2112
1.21338
1.21552
1.2176
1.21962
1.22157
1.22346
1.22529
1.22704
1.22871
1.23031
1.23183
1.23326
1.23461
1.23587
1.23704
1.23812
1.23911
1.24
1.24079
1.24149
1.2421
1.2426
1.243
1.2433
1.2435
1.2436
1.2436
1.2435
1.2433
1.243
1.2426
1.24211
1.24153
1.24085
1.24008
1.23921
1.23826
1.23722
1.23609
1.23489
1.2336
1.23223
1.2308
1.22928
1.2277
1.22605
1.22434
1.22258
1.22075
1.21887
1.21694
1.21496
1.21294
1.21088
1.20879
1.20666
1.2045
1.2023
1.20009
1.19785
1.19559
1.19331
1.19101
1.18871
1.1864
1.18408
1.18176
1.17944
1.17713
1.17481
1.1725
1.1702
1.16791
1.16564
1.16338
1.16113
1.15891
1.1567
1.15452
1.15236
1.15023
1.14812
1.14604
1.14399
1.14198
1.13999
1.13805
1.13613
1.13426
1.13242
1.13062
1.12886
1.12714
1.12546
1.12383
1.12223
1.12068
1.11918
1.11772
1.11631
1.11495
1.11364
1.11238
1.11117
1.11001
1.1089
1.10784
1.10684
1.10588
1.10498
1.10413
1.10334
1.1026
1.10191
1.10128
1.1007
1.10017
1.0997
1.09928
1.09891
1.0986
1.09833
1.09812
1.09797
1.09786
1.09781
1.09781
1.09785
1.09795
1.0981
1.0983
1.09854
1.09882
1.09916
1.09953
1.09996
1.10042
1.10092
1.10147
1.10205
1.10267
1.10332
1.10401
1.10473
1.10548
1.10626
1.10707
1.1079
1.10875
1.10962
1.11052
1.11143
1.11235
1.11329
1.11424
1.1152
1.11617
1.11714
1.11812
1.1191
1.12008
1.12106
1.12204
1.12302
1.12398
1.12494
1.12589
1.12682
1.12775
1.12866
1.12955
1.13043
1.13129
1.13213
1.13295
1.13374
1.13452
1.13526
1.13599
1.13669
1.13736
1.13801
1.13864
1.13923
1.1398
1.14034
1.14086
1.14135
1.14181
1.14225
1.14266
1.14304
1.14339
1.14372
1.14402
1.1443
1.14455
1.14477
1.14498
1.14516
1.14532
1.14546
1.14558
1.14568
1.14576
1.14582
1.14587
1.14591
1.14593
1.14595
1.14595
1.14594
1.14593
1.1459
1.14587
1.14583
1.14579
1.14575
1.1457
1.14565
1.1456
1.14555
1.1455
1.14546
1.14541
1.14536
1.14532
1.14527
1.14523
1.1452
1.14516
1.14513
1.1451
1.14507
1.14504
1.14501
1.14498
1.14495
1.14491
1.14487
1.14483
1.14478
1.14473
1.14467
1.14459
1.14451
1.14441
1.1443
1.14417
1.14402
1.14385
1.14366
1.14345
1.14322
1.14296
1.14268
1.14237
1.14203
1.14165
1.14125
1.14081
1.14033
1.13983
1.13928
1.1387
1.13808
1.13742
1.13672
1.13598
1.1352
1.13438
1.13351
1.13261
1.13166
1.13067
1.12963
1.12856
1.12744
1.12628
1.12509
1.12385
1.12258
1.12127
1.11993
1.11855
1.11713
1.11568
1.1142
1.11269
1.11115
1.10958
1.10799
1.10638
1.10474
1.10309
1.10141
1.09972
1.09803
1.09632
1.0946
1.09288
1.09116
1.08944
1.08772
1.08601
1.08431
1.08263
1.08096
1.07932
1.0777
1.07611
1.07454
1.07302
1.07152
1.07007
1.06866
1.0673
1.06599
1.06473
1.06352
1.06238
1.06129
1.06027
1.05932
1.05844
1.05762
1.05689
1.05622
1.05564
1.05514
1.05472
1.05438
1.05413
1.05396
1.05388
1.05388
1.05398
1.05415
1.05442
1.05477
1.0552
1.05572
1.05633
1.05702
1.05779
1.05864
1.05957
1.06058
1.06167
1.06282
1.06405
1.06534
1.06671
1.06813
1.06961
1.07115
1.07275
1.0744
1.07609
1.07783
1.07961
1.08143
1.08328
1.08517
1.08708
1.08902
1.09098
1.09295
1.09494
1.09695
1.09896
1.10097
1.10299
1.10501
1.10702
1.10903
1.11102
1.11301
1.11498
1.11693
1.11887
1.12078
1.12267
1.12454
1.12638
1.12819
1.12997
1.13172
1.13343
1.13511
1.13676
1.13836
1.13993
1.14146
1.14295
1.14441
1.14582
1.14719
1.14852
1.1498
1.15105
1.15225
1.15341
1.15453
1.15561
1.15665
1.15764
1.1586
1.15951
1.16038
1.16122
1.16202
1.16277
1.1635
1.16418
1.16483
1.16544
1.16602
1.16656
1.16707
1.16754
1.16798
1.16839
1.16877
1.16912
1.16944
1.16973
1.16998
1.17021
1.17041
1.17057
1.17071
1.17081
1.17088
1.17092
1.17093
1.17091
1.17085
1.17077
1.17065
1.17049
1.1703
1.17008
1.16981
1.16951
1.16917
1.16879
1.16837
1.16791
1.1674
1.16685
1.16625
1.16561
1.16492
1.16419
1.1634
1.16257
1.16169
1.16076
1.15977
1.15873
1.15765
1.1565
1.15531
1.15406
1.15276
1.15141
1.15001
1.14856
1.14706
1.1455
1.1439
1.14225
1.14055
1.1388
1.137
1.13516
1.13328
1.13136
1.12939
1.12738
1.12534
1.12325
1.12114
1.11899
1.11681
1.1146
1.11237
1.11011
1.10783
1.10553
1.10321
1.10088
1.09854
1.09619
1.09384
1.09148
1.08912
1.08677
1.08441
1.08207
1.07973
1.07741
1.07511
1.07282
1.07055
1.06831
1.06609
1.06391
1.06176
1.05964
1.05756
1.05553
1.05354
1.05159
1.0497
1.04786
1.04607
1.04434
1.04267
1.04106
1.03951
1.03803
1.03663
1.03529
1.03402
1.03283
1.03171
1.03068
1.02971
1.02883
1.02803
1.02731
1.02668
1.02612
1.02565
1.02526
1.02496
1.02474
1.02461
1.02456
1.02459
1.02471
1.02491
1.02519
1.02556
1.026
1.02652
1.02712
1.0278
1.02854
1.02937
1.03026
1.03122
1.03225
1.03335
1.0345
1.03572
1.037
1.03833
1.03971
1.04115
1.04264
1.04417
1.04574
1.04736
1.04901
1.0507
1.05243
1.05419
1.05597
1.05779
1.05963
1.0615
1.06338
1.06529
1.0672
1.06913
1.07107
1.07302
1.07498
1.07694
1.0789
1.08086
1.08282
1.08478
1.08672
1.08866
1.09059
1.09251
1.09442
1.09631
1.09818
1.10004
1.10188
1.10371
1.10551
1.10729
1.10904
1.11078
1.11249
1.11417
1.11583
1.11746
1.11907
1.12065
1.1222
1.12373
1.12522
1.12669
1.12814
1.12955
1.13093
1.13229
1.13363
1.13493
1.13622
1.13747
1.1387
1.13991
1.1411
1.14226
1.1434
1.14452
1.14562
1.14669
1.14775
1.14879
1.14981
1.15082
1.1518
1.15277
1.15373
1.15466
1.15559
1.1565
1.1574
1.15828
1.15915
1.16001
1.16087
1.16171
1.16254
1.16337
1.16419
1.165
1.16581
1.1666
1.1674
1.16818
1.16897
1.16975
1.17053
1.1713
1.17207
1.17284
1.1736
1.17436
1.17511
1.17586
1.17661
1.17735
1.17809
1.17882
1.17955
1.18027
1.18099
1.1817
1.1824
1.18309
1.18378
1.18445
1.18511
1.18575
1.18639
1.187
1.1876
1.18819
1.18875
1.18929
1.18981
1.1903
1.19077
1.19121
1.19163
1.19201
1.19235
1.19267
1.19294
1.19318
1.19338
1.19354
1.19365
1.19371
1.19373
1.1937
1.19362
1.19348
1.19329
1.19304
1.19274
1.19237
1.19194
1.19145
1.19089
1.19027
1.18958
1.18881
1.18798
1.18707
1.18609
1.18503
1.1839
1.1827
1.18142
1.18006
1.17863
1.17711
1.17552
1.17385
1.17211
1.17028
1.16838
1.1664
1.16434
1.16221
1.16
1.15772
1.15536
1.15293
1.15043
1.14786
1.14523
1.14252
1.13976
1.13693
1.13404
1.1311
1.1281
1.12505
1.12196
1.11882
1.11563
1.11241
1.10916
1.10587
1.10255
1.09921
1.09585
1.09246
1.08907
1.08566
1.08225
1.07884
1.07543
1.07203
1.06864
1.06526
1.0619
1.05856
1.05526
1.05198
1.04874
1.04554
1.04238
1.03927
1.03621
1.03321
1.03027
1.02738
1.02457
1.02182
1.01914
1.01654
1.01402
1.01157
1.00921
1.00694
1.00475
1.00265
1.00065
0.998741
0.99693
0.995218
0.993605
0.992095
0.990687
0.989383
0.988185
0.987095
0.986112
0.985238
0.984472
0.983817
0.983271
0.982835
0.982508
0.982291
0.982183
0.982187
0.982301
0.982526
0.98286
0.983302
0.98385
0.984504
0.985261
0.986121
0.987082
0.988144
0.989305
0.990564
0.991919
0.993365
0.994902
0.996528
0.998241
1.00004
1.00192
1.00388
1.00591
1.00802
1.0102
1.01245
1.01476
1.01714
1.01958
1.02207
1.02463
1.02723
1.02988
1.03257
1.03531
1.03808
1.04089
1.04374
1.04661
1.04951
1.05243
1.05537
1.05832
1.06129
1.06427
1.06726
1.07025
1.07324
1.07623
1.07921
1.08218
1.08514
1.08808
1.09101
1.09392
1.0968
1.09966
1.10249
1.10529
1.10805
1.11079
1.11349
1.11614
1.11876
1.12134
1.12388
1.12638
1.12882
1.13123
1.13359
1.1359
1.13816
1.14038
1.14255
1.14468
1.14676
1.14879
1.15078
1.15273
1.15463
1.15649
1.15832
1.1601
1.16184
1.16355
1.16522
1.16687
1.16848
1.17006
1.17161
1.17314
1.17465
1.17613
1.1776
1.17904
1.18047
1.18188
1.18327
1.18465
1.18602
1.18737
1.18871
1.19005
1.19137
1.19268
1.19397
1.19526
1.19654
1.19781
1.19906
1.20031
1.20154
1.20275
1.20396
1.20515
1.20633
1.20749
1.20863
1.20975
1.21085
1.21194
1.213
1.21404
1.21505
1.21605
1.21701
1.21795
1.21886
1.21974
1.22059
1.22142
1.22221
1.22297
1.22369
1.22439
1.22504
1.22566
1.22625
1.22679
1.2273
1.22777
1.2282
1.22859
1.22894
1.22925
1.22952
1.22975
1.22994
1.23009
1.2302
1.23027
1.2303
1.23028
1.23023
1.23013
1.22999
1.22981
1.22959
1.22933
1.22903
1.22868
1.2283
1.22788
1.22741
1.2269
1.22636
1.22577
1.22515
1.22448
1.22377
1.22302
1.22222
1.22139
1.22052
1.2196
1.21865
1.21765
1.21661
1.21553
1.2144
1.21324
1.21203
1.21077
1.20948
1.20814
1.20676
1.20533
1.20386
1.20234
1.20077
1.19917
1.19752
1.19582
1.19408
1.1923
1.19048
1.18861
1.18671
1.18476
1.18278
1.18076
1.1787
1.1766
1.17447
1.17231
1.17012
1.1679
1.16566
1.16339
1.16109
1.15878
1.15646
1.15411
1.15176
1.1494
1.14704
1.14467
1.14231
1.13995
1.1376
1.13527
1.13295
1.13065
1.12837
1.12613
1.12391
1.12173
1.11959
1.11749
1.11544
1.11343
1.11148
1.10958
1.10775
1.10598
1.10427
1.10263
1.10106
1.09956
1.09813
1.09678
1.09551
1.09431
1.0932
1.09217
1.09121
1.09034
1.08956
1.08885
1.08823
1.08769
1.08724
1.08686
1.08657
1.08636
1.08624
1.08619
1.08623
1.08634
1.08653
1.08679
1.08713
1.08755
1.08803
1.08859
1.08922
1.08991
1.09067
1.0915
1.09238
1.09333
1.09433
1.09539
1.09651
1.09768
1.0989
1.10016
1.10148
1.10284
1.10425
1.1057
1.10719
1.10872
1.11029
1.11188
1.11351
1.11518
1.11686
1.11858
1.12031
1.12207
1.12385
1.12564
1.12744
1.12926
1.13109
1.13293
1.13477
1.13662
1.13846
1.14031
1.14215
1.14398
1.1458
1.14762
1.14942
1.15121
1.15298
1.15473
1.15646
1.15817
1.15985
1.1615
1.16313
1.16473
1.1663
1.16783
1.16932
1.17078
1.1722
1.17359
1.17493
1.17622
1.17748
1.17869
1.17985
1.18097
1.18204
1.18306
1.18404
1.18496
1.18584
1.18667
1.18744
1.18817
1.18885
1.18948
1.19005
1.19058
1.19106
1.19148
1.19185
1.19217
1.19245
1.19267
1.19284
1.19296
1.19303
1.19305
1.19303
1.19295
1.19282
1.19265
1.19243
1.19215
1.19183
1.19147
1.19105
1.19058
1.19006
1.1895
1.18889
1.18822
1.18751
1.18676
1.18595
1.18509
1.18419
1.18324
1.18223
1.18118
1.18008
1.17894
1.17774
1.1765
1.1752
1.17386
1.17246
1.17102
1.16953
1.16799
1.16641
1.16478
1.1631
1.16138
1.15961
1.1578
1.15594
1.15404
1.1521
1.15011
1.14809
1.14603
1.14393
1.14179
1.13962
1.13741
1.13517
1.1329
1.13059
1.12826
1.1259
1.12351
1.1211
1.11867
1.11622
1.11374
1.11125
1.10874
1.10622
1.10368
1.10113
1.09858
1.09601
1.09344
1.09087
1.08829
1.08572
1.08314
1.08057
1.078
1.07544
1.07289
1.07034
1.06781
1.06529
1.06279
1.0603
1.05783
1.05538
1.05294
1.05054
1.04815
1.0458
1.04346
1.04116
1.03889
1.03665
1.03444
1.03227
1.03013
1.02804
1.02598
1.02395
1.02197
1.02003
1.01813
1.01627
1.01446
1.01269
1.01096
1.00928
1.00764
1.00605
1.0045
1.003
1.00154
1.00013
0.998773
0.997459
0.996193
0.994977
0.99381
0.992691
0.991621
0.9906
0.989628
0.988706
0.987833
0.98701
0.986236
0.985513
0.984841
0.984219
0.983648
0.983131
0.982666
0.982254
0.981896
0.981593
0.981344
0.981149
0.981012
0.980931
0.980908
0.980944
0.981038
0.981192
0.981407
0.981684
0.982024
0.982427
0.982894
0.983426
0.984024
0.984686
0.985413
0.986207
0.987066
0.987992
0.988985
0.990044
0.99117
0.992365
0.993627
0.994954
0.996348
0.997806
0.999326
1.00091
1.00255
1.00426
1.00602
1.00783
1.0097
1.01162
1.01359
1.0156
1.01767
1.01977
1.02192
1.0241
1.02632
1.02857
1.03085
1.03316
1.03549
1.03785
1.04022
1.04261
1.04502
1.04744
1.04986
1.0523
1.05474
1.05718
1.05963
1.06207
1.06452
1.06696
1.06939
1.07182
1.07424
1.07665
1.07905
1.08144
1.08382
1.08619
1.08854
1.09088
1.0932
1.0955
1.09779
1.10006
1.10232
1.10456
1.10678
1.10898
1.11116
1.11333
1.11548
1.11761
1.11972
1.12182
1.12389
1.12595
1.12798
1.13
1.132
1.13398
1.13594
1.13788
1.1398
1.14169
1.14357
1.14542
1.14725
1.14905
1.15083
1.15259
1.15432
1.15603
1.15771
1.15936
1.16098
1.16257
1.16413
1.16565
1.16715
1.16862
1.17005
1.17144
1.17281
1.17413
1.17542
1.17667
1.17788
1.17905
1.18018
1.18127
1.18232
1.18333
1.18429
1.18521
1.18608
1.1869
1.18768
1.18841
1.1891
1.18974
1.19033
1.19087
1.19137
1.19182
1.19222
1.19257
1.19288
1.19314
1.19336
1.19352
1.19365
1.19372
1.19375
1.19374
1.19368
1.19358
1.19343
1.19325
1.19303
1.19277
1.19248
1.19215
1.19178
1.19139
1.19096
1.1905
1.19001
1.18949
1.18895
1.18838
1.18779
1.18718
1.18656
1.18591
1.18526
1.18459
1.18391
1.18323
1.18253
1.18184
1.18114
1.18044
1.17974
1.17905
1.17836
1.17768
1.177
1.17634
1.17568
1.17504
1.17441
1.1738
1.1732
1.17262
1.17205
1.17149
1.17096
1.17044
1.16993
1.16944
1.16897
1.16851
1.16806
1.16764
1.16722
1.16682
1.16644
1.16606
1.16569
1.16534
1.16499
1.16464
1.1643
1.16396
1.16362
1.16329
1.16295
1.16261
1.16227
1.16193
1.16157
1.16122
1.16085
1.16048
1.1601
1.15971
1.15931
1.1589
1.15848
1.15805
1.1576
1.15715
1.15669
1.15622
1.15575
1.15526
1.15477
1.15428
1.15378
1.15328
1.15278
1.15227
1.15177
1.15128
1.15079
1.15031
1.14983
1.14937
1.14891
1.14847
1.14804
1.14763
1.14723
1.14686
1.1465
1.14616
1.14585
1.14556
1.14529
1.14504
1.14482
1.14462
1.14445
1.1443
1.14418
1.14408
1.144
1.14395
1.14392
1.14391
1.14391
1.14394
1.14399
1.14405
1.14413
1.14422
1.14432
1.14444
1.14457
1.14471
1.14485
1.14501
1.14517
1.14534
1.14551
1.14569
1.14586
1.14604
1.14622
1.14639
1.14657
1.14674
1.14692
1.14709
1.14726
1.14742
1.14759
1.14775
1.14792
1.14808
1.14825
1.14842
1.14858
1.14875
1.14893
1.14911
1.14929
1.14948
1.14968
1.14989
1.15011
1.15035
1.15059
1.15085
1.15113
1.15142
1.15173
1.15206
1.15241
1.15278
1.15316
1.15357
1.154
1.15445
1.15492
1.15542
1.15593
1.15646
1.15702
1.15759
1.15819
1.1588
1.15943
1.16008
1.16074
1.16142
1.16211
1.16281
1.16351
1.16423
1.16495
1.16567
1.1664
1.16712
1.16784
1.16855
1.16926
1.16995
1.17063
1.1713
1.17195
1.17258
1.17319
1.17376
1.17431
1.17483
1.17532
1.17577
1.17618
1.17655
1.17688
1.17717
1.17742
1.17761
1.17776
1.17786
1.17791
1.1779
1.17784
1.17773
1.17756
1.17733
1.17705
1.17671
1.17632
1.17587
1.17535
1.17478
1.17415
1.17347
1.17272
1.17192
1.17106
1.17015
1.16918
1.16815
1.16707
1.16594
1.16476
1.16352
1.16224
1.16091
1.15954
1.15812
1.15666
1.15516
1.15363
1.15205
1.15044
1.1488
1.14713
1.14543
1.14371
1.14196
1.14019
1.1384
1.13659
1.13476
1.13291
1.13106
1.12919
1.12732
1.12543
1.12355
1.12166
1.11977
1.11788
1.11599
1.11411
1.11223
1.11036
1.1085
1.10665
1.10481
1.10299
1.10118
1.09939
1.09762
1.09587
1.09414
1.09243
1.09075
1.08909
1.08745
1.08584
1.08426
1.08271
1.08118
1.07969
1.07823
1.0768
1.07541
1.07404
1.07271
1.07142
1.07016
1.06894
1.06776
1.06662
1.06552
1.06446
1.06344
1.06246
1.06153
1.06064
1.0598
1.059
1.05826
1.05756
1.05691
1.0563
1.05575
1.05526
1.05481
1.05443
1.0541
1.05382
1.0536
1.05344
1.05334
1.0533
1.05331
1.05339
1.05353
1.05373
1.054
1.05432
1.05471
1.05517
1.05568
1.05626
1.05689
1.05759
1.05836
1.05918
1.06006
1.061
1.062
1.06305
1.06416
1.06533
1.06655
1.06783
1.06915
1.07053
1.07195
1.07342
1.07494
1.0765
1.0781
1.07975
1.08143
1.08315
1.0849
1.08668
1.08849
1.09032
1.09218
1.09406
1.09596
1.09788
1.09981
1.10175
1.1037
1.10566
1.10763
1.10959
1.11156
1.11352
1.11547
1.11742
1.11935
1.12127
1.12318
1.12506
1.12692
1.12875
1.13056
1.13234
1.13408
1.13579
1.13747
1.1391
1.14069
1.14224
1.14375
1.14521
1.14662
1.14798
1.14928
1.15053
1.15173
1.15286
1.15394
1.15496
1.15592
1.15681
1.15764
1.1584
1.1591
1.15974
1.1603
1.1608
1.16123
1.16159
1.16189
1.16211
1.16227
1.16235
1.16237
1.16232
1.1622
1.16202
1.16176
1.16145
1.16106
1.16061
1.1601
1.15953
1.1589
1.1582
1.15745
1.15665
1.15578
1.15487
1.1539
1.15288
1.15182
1.1507
1.14955
1.14835
1.14711
1.14583
1.14452
1.14317
1.14179
1.14038
1.13895
1.13749
1.136
1.13449
1.13297
1.13143
1.12987
1.1283
1.12672
1.12513
1.12353
1.12194
1.12034
1.11874
1.11714
1.11554
1.11395
1.11237
1.11079
1.10922
1.10767
1.10613
1.1046
1.10308
1.10159
1.10011
1.09865
1.09721
1.09579
1.0944
1.09303
1.09169
1.09038
1.08909
1.08784
1.08661
1.08542
1.08426
1.08314
1.08205
1.081
1.07998
1.07901
1.07808
1.07718
1.07633
1.07553
1.07476
1.07405
1.07338
1.07276
1.07219
1.07167
1.0712
1.07078
1.07042
1.07011
1.06985
1.06966
1.06952
1.06945
1.06943
1.06948
1.06959
1.06976
1.06999
1.07028
1.07064
1.07107
1.07155
1.0721
1.07272
1.0734
1.07415
1.07496
1.07583
1.07677
1.07776
1.07882
1.07994
1.08112
1.08236
1.08365
1.085
1.0864
1.08786
1.08936
1.09091
1.09251
1.09415
1.09583
1.09755
1.09931
1.1011
1.10291
1.10476
1.10663
1.10852
1.11043
1.11236
1.11429
1.11624
1.11819
1.12015
1.1221
1.12405
1.12599
1.12793
1.12985
1.13175
1.13363
1.13549
1.13733
1.13914
1.14092
1.14266
1.14437
1.14603
1.14765
1.14923
1.15077
1.15225
1.15368
1.15506
1.15638
1.15765
1.15886
1.16001
1.1611
1.16212
1.16308
1.16398
1.16481
1.16557
1.16627
1.16689
1.16745
1.16794
1.16837
1.16872
1.169
1.16922
1.16937
1.16946
1.16948
1.16944
1.16934
1.16918
1.16896
1.16868
1.16835
1.16796
1.16753
1.16704
1.16652
1.16595
1.16534
1.16469
1.16401
1.1633
1.16257
1.16181
1.16103
1.16023
1.15942
1.1586
1.15778
1.15695
1.15613
1.15531
1.15451
1.15371
1.15293
1.15217
1.15142
1.15071
1.15002
1.14936
1.14873
1.14814
1.14758
1.14706
1.14658
1.14613
1.14573
1.14537
1.14504
1.14476
1.14452
1.14431
1.14415
1.14402
1.14393
1.14386
1.14383
1.14383
1.14385
1.1439
1.14396
1.14404
1.14414
1.14424
1.14436
1.14447
1.14459
1.1447
1.1448
1.14489
1.14497
1.14504
1.14508
1.1451
1.1451
1.14506
1.145
1.1449
1.14477
1.14461
1.1444
1.14416
1.14387
1.14355
1.14318
1.14277
1.14233
1.14185
1.14133
1.14078
1.14019
1.13957
1.13892
1.13824
1.13755
1.13683
1.13609
1.13534
1.13458
1.13381
1.13305
1.13228
1.13151
1.13075
1.13001
1.12928
1.12857
1.12789
1.12723
1.1266
1.126
1.12544
1.12492
1.12444
1.124
1.12361
1.12326
1.12296
1.12271
1.12251
1.12236
1.12226
1.12221
1.1222
1.12225
1.12235
1.12249
1.12268
1.12291
1.12318
1.12349
1.12384
1.12422
1.12462
1.12505
1.12551
1.12598
1.12647
1.12698
1.12749
1.12802
1.12854
1.12907
1.1296
1.13012
1.13063
1.13113
1.13161
1.13207
1.13251
1.13293
1.13332
1.13368
1.134
1.1343
1.13455
1.13477
1.13495
1.13508
1.13517
1.13522
1.13522
1.13517
1.13507
1.13493
1.13473
1.13448
1.13418
1.13383
1.13343
1.13297
1.13245
1.13188
1.13126
1.13058
1.12986
1.12907
1.12824
1.12735
1.12641
1.12541
1.12436
1.12327
1.12212
1.12093
1.11968
1.11839
1.11706
1.11568
1.11426
1.1128
1.1113
1.10976
1.10819
1.10659
1.10496
1.1033
1.10162
1.09991
1.09819
1.09645
1.0947
1.09294
1.09117
1.0894
1.08763
1.08586
1.0841
1.08235
1.08061
1.07889
1.07719
1.07552
1.07387
1.07226
1.07069
1.06916
1.06766
1.06622
1.06483
1.06349
1.06221
1.06099
1.05983
1.05874
1.05772
1.05676
1.05588
1.05506
1.05433
1.05367
1.05309
1.05259
1.05217
1.05182
1.05156
1.05138
1.05127
1.05124
1.05129
1.05142
1.05162
1.05189
1.05224
1.05266
1.05314
1.05368
1.05429
1.05496
1.05568
1.05646
1.05728
1.05816
1.05907
1.06002
1.06101
1.06203
1.06308
1.06415
1.06525
1.06636
1.06749
1.06862
1.06977
1.07092
1.07208
1.07323
1.07438
1.07552
1.07665
1.07777
1.07887
1.07996
1.08103
1.08208
1.0831
1.08411
1.08508
1.08603
1.08695
1.08785
1.08871
1.08954
1.09034
1.09111
1.09185
1.09256
1.09324
1.09389
1.0945
1.09509
1.09565
1.09618
1.09668
1.09716
1.09761
1.09804
1.09844
1.09881
1.09917
1.09951
1.09982
1.10012
1.1004
1.10066
1.10092
1.10115
1.10138
1.1016
1.1018
1.102
1.1022
1.10239
1.10257
1.10275
1.10294
1.10312
1.10331
1.1035
1.10369
1.10389
1.1041
1.10432
1.10455
1.1048
1.10506
1.10534
1.10563
1.10595
1.10629
1.10664
1.10703
1.10744
1.10787
1.10834
1.10883
1.10936
1.10992
1.11052
1.11116
1.11184
1.11256
1.11332
1.11412
1.11497
1.11587
1.11682
1.11782
1.11886
1.11996
1.12112
1.12233
1.12359
1.12491
1.12629
1.12772
1.12921
1.13076
1.13237
1.13403
1.13576
1.13754
1.13937
1.14127
1.14322
1.14523
1.14729
1.14941
1.15158
1.1538
1.15606
1.15838
1.16074
1.16314
1.16558
1.16806
1.17058
1.17312
1.1757
1.1783
1.18092
1.18357
1.18623
1.1889
1.19159
1.19428
1.19697
1.19966
1.20234
1.20502
1.20768
1.21032
1.21294
1.21553
1.2181
1.22063
1.22312
1.22557
1.22797
1.23032
1.23262
1.23485
1.23703
1.23913
1.24117
1.24313
1.24501
1.24681
1.24852
1.25015
1.25168
1.25312
1.25446
1.2557
1.25684
1.25788
1.25881
1.25963
1.26034
1.26093
1.26141
1.26178
1.26203
1.26215
1.26216
1.26205
1.26182
1.26147
1.26101
1.26042
1.25971
1.25889
1.25794
1.25688
1.25571
1.25441
1.25301
1.25149
1.24987
1.24813
1.2463
1.24436
1.24232
1.24018
1.23795
1.23562
1.23321
1.23071
1.22812
1.22546
1.22272
1.21992
1.21704
1.2141
1.21109
1.20803
1.20491
1.20175
1.19853
1.19528
1.19198
1.18866
1.1853
1.18191
1.1785
1.17508
1.17164
1.16819
1.16473
1.16127
1.15781
1.15436
1.15092
1.14749
1.14408
1.14069
1.13732
1.13398
1.13067
1.1274
1.12417
1.12098
1.11784
1.11474
1.1117
1.10871
1.10578
1.10292
1.10011
1.09738
1.09472
1.09213
1.08962
1.08719
1.08485
1.08259
1.08043
1.07836
1.07639
1.07452
1.07275
1.07109
1.06953
1.06808
1.06674
1.06551
1.0644
1.0634
1.06253
1.06177
1.06114
1.06063
1.06024
1.05997
1.05983
1.05981
1.05991
1.06014
1.0605
1.06098
1.06158
1.0623
1.06315
1.06411
1.06519
1.06639
1.0677
1.06912
1.07064
1.07227
1.074
1.07583
1.07776
1.07977
1.08187
1.08405
1.08631
1.08864
1.09103
1.09349
1.096
1.09857
1.10118
1.10383
1.10651
1.10923
1.11197
1.11472
1.11749
1.12026
1.12304
1.1258
1.12856
1.1313
1.13402
1.13672
1.13938
1.142
1.14457
1.1471
1.14957
1.15199
1.15434
1.15662
1.15884
1.16097
1.16303
1.16501
1.1669
1.1687
1.1704
1.17201
1.17352
1.17493
1.17623
1.17743
1.17853
1.17951
1.18039
1.18116
1.18182
1.18236
1.18279
1.18312
1.18333
1.18343
1.18342
1.1833
1.18308
1.18275
1.18232
1.18179
1.18115
1.18043
1.1796
1.17868
1.17768
1.17659
1.17542
1.17417
1.17284
1.17144
1.16997
1.16843
1.16683
1.16518
1.16346
1.1617
1.15989
1.15803
1.15614
1.1542
1.15224
1.15024
1.14822
1.14617
1.1441
1.14201
1.13991
1.1378
1.13568
1.13355
1.13141
1.12927
1.12714
1.12501
1.12288
1.12076
1.11864
1.11654
1.11444
1.11236
1.11029
1.10823
1.10619
1.10416
1.10215
1.10015
1.09818
1.09621
1.09427
1.09234
1.09043
1.08854
1.08666
1.0848
1.08295
1.08113
1.07932
1.07752
1.07574
1.07397
1.07222
1.07049
1.06877
1.06706
1.06537
1.0637
1.06204
1.0604
1.05877
1.05716
1.05557
1.054
1.05244
1.05091
1.04939
1.0479
1.04643
1.04499
1.04357
1.04219
1.04083
1.03951
1.03821
1.03696
1.03574
1.03455
1.03342
1.03232
1.03128
1.03028
1.02934
1.02845
1.02762
1.02684
1.02613
1.02549
1.02491
1.0244
1.02397
1.02361
1.02333
1.02313
1.02301
1.02297
1.02301
1.02314
1.02336
1.02366
1.02406
1.02454
1.02511
1.02577
1.02652
1.02735
1.02828
1.02929
1.03038
1.03156
1.03282
1.03416
1.03558
1.03707
1.03863
1.04027
1.04197
1.04373
1.04555
1.04743
1.04935
1.05132
1.05333
1.05538
1.05747
1.05958
1.06171
1.06386
1.06602
1.06819
1.07037
1.07254
1.0747
1.07685
1.07899
1.0811
1.08319
1.08524
1.08726
1.08924
1.09117
1.09306
1.09489
1.09667
1.09839
1.10004
1.10163
1.10315
1.1046
1.10598
1.10727
1.10849
1.10963
1.11069
1.11167
1.11256
1.11338
1.1141
1.11475
1.11531
1.11579
1.11618
1.11649
1.11672
1.11686
1.11693
1.11692
1.11684
1.11668
1.11645
1.11616
1.11579
1.11537
1.11488
1.11434
1.11375
1.1131
1.11241
1.11168
1.11091
1.1101
1.10927
1.1084
1.10751
1.1066
1.10567
1.10473
1.10378
1.10283
1.10188
1.10093
1.1
1.09907
1.09816
1.09726
1.09639
1.09554
1.09472
1.09393
1.09317
1.09246
1.09178
1.09115
1.09056
1.09001
1.08952
1.08907
1.08868
1.08835
1.08807
1.08784
1.08767
1.08756
1.08751
1.08752
1.08759
1.08771
1.0879
1.08814
1.08845
1.08881
1.08923
1.08971
1.09024
1.09082
1.09146
1.09215
1.0929
1.09369
1.09453
1.09541
1.09635
1.09732
1.09834
1.09939
1.10048
1.10162
1.10278
1.10398
1.10521
1.10647
1.10775
1.10906
1.1104
1.11175
1.11312
1.11451
1.11592
1.11734
1.11877
1.1202
1.12164
1.12309
1.12454
1.12599
1.12744
1.12888
1.13032
1.13175
1.13317
1.13458
1.13598
1.13736
1.13872
1.14006
1.14138
1.14268
1.14395
1.14519
1.14641
1.14759
1.14875
1.14986
1.15095
1.15199
1.153
1.15396
1.15488
1.15576
1.15659
1.15738
1.15812
1.15881
1.15945
1.16004
1.16059
1.16107
1.16151
1.16189
1.16221
1.16249
1.1627
1.16287
1.16298
1.16304
1.16304
1.16299
1.16289
1.16274
1.16254
1.16228
1.16198
1.16163
1.16124
1.16079
1.16031
1.15978
1.15922
1.15861
1.15797
1.15729
1.15657
1.15583
1.15506
1.15426
1.15343
1.15258
1.15172
1.15083
1.14993
1.14901
1.14808
1.14714
1.1462
1.14525
1.14429
1.14334
1.14238
1.14143
1.14049
1.13956
1.13863
1.13773
1.13684
1.13596
1.13511
1.13427
1.13346
1.13267
1.13191
1.13117
1.13046
1.12978
1.12913
1.12852
1.12793
1.12738
1.12687
1.12639
1.12594
1.12554
1.12517
1.12483
1.12454
1.12428
1.12405
1.12386
1.12371
1.12359
1.1235
1.12345
1.12343
1.12344
1.12348
1.12355
1.12364
1.12375
1.12388
1.12404
1.12421
1.1244
1.1246
1.12481
1.12504
1.12527
1.1255
1.12574
1.12598
1.12622
1.12645
1.12668
1.12689
1.1271
1.12729
1.12747
1.12764
1.12778
1.12791
1.12802
1.1281
1.12816
1.1282
1.12821
1.1282
1.12816
1.1281
1.12801
1.12789
1.12775
1.12758
1.12739
1.12717
1.12694
1.12667
1.12639
1.12608
1.12576
1.12541
1.12506
1.12468
1.12429
1.1239
1.12349
1.12307
1.12265
1.12223
1.1218
1.12138
1.12096
1.12055
1.12014
1.11974
1.11936
1.11899
1.11864
1.11831
1.11799
1.11771
1.11744
1.11721
1.117
1.11683
1.1167
1.1166
1.11655
1.11653
1.11656
1.11663
1.11675
1.11691
1.11712
1.11738
1.11769
1.11805
1.11846
1.11892
1.11943
1.11999
1.1206
1.12126
1.12197
1.12273
1.12354
1.1244
1.12531
1.12626
1.12726
1.12829
1.12937
1.13048
1.13163
1.13281
1.13403
1.13528
1.13655
1.13785
1.13917
1.14051
1.14187
1.14324
1.14463
1.14602
1.14742
1.14883
1.15024
1.15165
1.15305
1.15445
1.15584
1.15722
1.15859
1.15995
1.16129
1.16261
1.16392
1.1652
1.16646
1.1677
1.16892
1.17011
1.17127
1.1724
1.17351
1.17458
1.17562
1.17663
1.17761
1.17855
1.17946
1.18033
1.18117
1.18198
1.18275
1.18349
1.1842
1.18487
1.18551
1.18612
1.1867
1.18725
1.18777
1.18826
1.18872
1.18916
1.18957
1.18996
1.19033
1.19067
1.19099
1.19128
1.19156
1.19181
1.19205
1.19226
1.19246
1.19264
1.19281
1.19295
1.19309
1.19321
1.19331
1.1934
1.19347
1.19353
1.19358
1.19362
1.19364
1.19364
1.19364
1.19362
1.19359
1.19354
1.19348
1.19341
1.19332
1.19321
1.19309
1.19295
1.19279
1.19262
1.19242
1.19221
1.19198
1.19173
1.19146
1.19116
1.19085
1.19051
1.19014
1.18975
1.18934
1.18891
1.18844
1.18796
1.18745
1.18692
1.18636
1.18577
1.18516
1.18452
1.18386
1.18317
1.18246
