-6.80936
-6.80846
-6.80751
-6.80651
-6.80449
-6.80275
-6.80225
-6.80072
-6.79979
-6.79815
-6.79678
-6.79535
-6.79386
-6.7923
-6.791
-6.78997
-6.78854
-6.78672
-6.78548
-6.78353
-6.78183
-6.77877
-6.77727
-6.77504
-6.77243
-6.77039
-6.76797
-6.76515
-6.76292
-6.75998
-6.75762
-6.75488
-6.75273
-6.74989
-6.74732
-6.7447
-6.74172
-6.73903
-6.73533
-6.73226
-6.72917
-6.72607
-6.72329
-6.71953
-6.71642
-6.71365
-6.71026
-6.70689
-6.70388
-6.70058
-6.69765
-6.6951
-6.69262
-6.68956
-6.68722
-6.68464
-6.68247
-6.67976
-6.67748
-6.67563
-6.67391
-6.6723
-6.67017
-6.66818
-6.66633
-6.66462
-6.66274
-6.66263
-6.66138
-6.66061
-6.66065
-6.66021
-6.65993
-6.65982
-6.66052
-6.66074
-6.66081
-6.66137
-6.66177
-6.66331
-6.66404
-6.6659
-6.66694
-6.66912
-6.67177
-6.6736
-6.67525
-6.67769
-6.67994
-6.68232
-6.68451
-6.68746
-6.69085
-6.69403
-6.69666
-6.69971
-6.70285
-6.70607
-6.70937
-6.71306
-6.71648
-6.71963
-6.72348
-6.72769
-6.7316
-6.73586
-6.73883
-6.74278
-6.74608
-6.74969
-6.75329
-6.75685
-6.76038
-6.76517
-6.76958
-6.772
-6.77533
-6.77891
-6.78209
-6.78422
-6.7869
-6.7895
-6.79264
-6.79535
-6.7986
-6.80239
-6.80477
-6.80638
-6.80884
-6.81085
-6.81273
-6.81545
-6.81708
-6.81856
-6.8196
-6.8205
-6.82159
-6.82189
-6.82207
-6.82243
-6.82234
-6.82244
-6.82274
-6.82226
-6.82198
-6.82222
-6.82202
-6.82235
-6.82128
-6.82041
-6.81944
-6.81804
-6.81719
-6.81689
-6.81585
-6.8144
-6.81222
-6.81125
-6.80989
-6.80845
-6.80726
-6.80601
-6.80438
-6.80237
-6.8003
-6.79819
-6.79571
-6.79352
-6.79227
-6.79098
-6.78935
-6.78672
-6.78473
-6.78239
-6.78005
-6.77835
-6.77568
-6.7743
-6.77228
-6.76961
-6.76696
-6.76497
-6.76202
-6.76039
-6.75877
-6.75751
-6.75497
-6.75441
-6.7529
-6.75078
-6.74869
-6.74631
-6.7446
-6.74326
-6.74163
-6.74068
-6.73784
-6.736
-6.73484
-6.7334
-6.73167
-6.73062
-6.72864
-6.72766
-6.72639
-6.72516
-6.72364
-6.72214
-6.721
-6.72022
-6.71946
-6.71841
-6.71802
-6.71734
-6.71604
-6.7154
-6.71479
-6.71355
-6.71232
-6.71145
-6.71058
-6.70974
-6.70924
-6.7081
-6.70699
-6.70654
-6.7061
-6.706
-6.70495
-6.70327
-6.70258
-6.7019
-6.70157
-6.70093
-6.69998
-6.6997
-6.69912
-6.69888
-6.69802
-6.6975
-6.69636
-6.69589
-6.6961
-6.69536
-6.6953
-6.69462
-6.69364
-6.69335
-6.69276
-6.69189
-6.69104
-6.69121
-6.69109
-6.69068
-6.69096
-6.69095
-6.69001
-6.6904
-6.69083
-6.69065
-6.69149
-6.69074
-6.69166
-6.69197
-6.692
-6.69206
-6.69216
-6.6923
-6.6928
-6.69334
-6.69392
-6.69453
-6.69453
-6.6952
-6.69559
-6.69665
-6.69742
-6.6979
-6.69872
-6.69925
-6.70045
-6.70134
-6.70096
-6.70157
-6.70253
-6.70415
-6.70481
-6.70581
-6.70683
-6.70818
-6.70889
-6.71026
-6.71196
-6.71335
-6.71474
-6.71614
-6.71722
-6.71797
-6.71905
-6.71981
-6.72154
-6.72166
-6.72274
-6.72381
-6.72554
-6.72726
-6.72897
-6.73004
-6.73175
-6.73313
-6.7345
-6.7349
-6.73626
-6.73827
-6.73897
-6.74032
-6.74101
-6.74202
-6.74303
-6.74402
-6.74566
-6.74761
-6.74891
-6.75053
-6.75214
-6.75277
-6.75437
-6.75564
-6.75658
-6.75719
-6.75811
-6.75902
-6.75961
-6.76051
-6.76075
-6.76163
-6.76218
-6.76305
-6.76391
-6.76508
-6.76592
-6.76708
-6.76725
-6.76775
-6.76758
-6.76774
-6.76853
-6.76996
-6.77074
-6.77215
-6.77323
-6.77462
-6.77504
-6.77641
-6.77712
-6.77783
-6.77884
-6.78049
-6.78148
-6.78376
-6.7844
-6.786
-6.78694
-6.78754
-6.78812
-6.78772
-6.78828
-6.78881
-6.78933
-6.7895
-6.78998
-6.79076
-6.79119
-6.79192
-6.79231
-6.79234
-6.793
-6.79266
-6.79294
-6.79286
-6.79308
-6.79262
-6.79213
-6.79291
-6.79203
-6.79177
-6.79147
-6.79243
-6.79271
-6.79262
-6.79185
-6.79137
-6.7902
-6.78995
-6.78967
-6.78935
-6.79028
-6.78987
-6.78877
-6.78828
-6.78742
-6.78748
-6.78686
-6.78586
-6.78483
-6.78375
-6.78327
-6.78275
-6.78186
-6.77964
-6.77931
-6.77863
-6.77693
-6.77616
-6.77535
-6.77353
-6.77199
-6.77074
-6.76913
-6.76812
-6.76676
-6.76536
-6.76425
-6.7631
-6.76095
-6.75941
-6.75784
-6.75656
-6.7546
-6.75293
-6.75091
-6.74886
-6.74678
-6.74499
-6.74351
-6.74167
-6.73981
-6.73695
-6.73569
-6.73376
-6.7318
-6.72983
-6.72751
-6.72518
-6.7238
-6.72143
-6.7197
-6.71763
-6.71555
-6.71346
-6.71071
-6.7086
-6.70615
-6.70403
-6.7019
-6.69944
-6.69698
-6.69485
-6.6924
-6.6906
-6.68848
-6.68637
-6.6846
-6.68251
-6.68076
-6.67903
-6.67731
-6.67529
-6.67361
-6.67131
-6.66967
-6.6671
-6.66455
-6.663
-6.66117
-6.65936
-6.65792
-6.65554
-6.65449
-6.65252
-6.65123
-6.64966
-6.64782
-6.64666
-6.64523
-6.6445
-6.64285
-6.64222
-6.64099
-6.63916
-6.63804
-6.63664
-6.6353
-6.63401
-6.63309
-6.63223
-6.63078
-6.63035
-6.6303
-6.62965
-6.62809
-6.6269
-6.62673
-6.62629
-6.62623
-6.62621
-6.62559
-6.62566
-6.62513
-6.62465
-6.62454
-6.62446
-6.62475
-6.62508
-6.6248
-6.62488
-6.625
-6.62515
-6.62533
-6.62522
-6.62547
-6.62543
-6.62541
-6.62542
-6.62611
-6.62585
-6.62692
-6.62801
-6.62879
-6.62928
-6.62979
-6.63065
-6.63056
-6.63113
-6.63237
-6.63267
-6.6333
-6.63428
-6.63463
-6.63532
-6.63602
-6.63707
-6.63846
-6.63922
-6.64
-6.64047
-6.64161
-6.64212
-6.64297
-6.64319
-6.64375
-6.64434
-6.64526
-6.64621
-6.64717
-6.64816
-6.64884
-6.64986
-6.65123
-6.65262
-6.65338
-6.65449
-6.65594
-6.6571
-6.65957
-6.66045
-6.66135
-6.66325
-6.6642
-6.66518
-6.66651
-6.66786
-6.66891
-6.67031
-6.67142
-6.67352
-6.67533
-6.67684
-6.67805
-6.67993
-6.6812
-6.68249
-6.68478
-6.68612
-6.68781
-6.68985
-6.69127
-6.69272
-6.69386
-6.696
-6.69686
-6.6984
-6.69996
-6.70219
-6.70346
-6.70509
-6.70705
-6.70968
-6.71233
-6.71467
-6.71735
-6.72004
-6.72243
-6.72482
-6.72593
-6.72801
-6.7301
-6.73155
-6.73365
-6.73575
-6.73785
-6.74027
-6.74301
-6.74575
-6.74816
-6.75024
-6.75231
-6.75438
-6.75675
-6.75879
-6.76114
-6.76347
-6.76514
-6.76679
-6.76939
-6.77165
-6.77324
-6.7748
-6.77731
-6.77883
-6.78162
-6.78439
-6.78648
-6.78789
-6.78993
-6.79065
-6.79231
-6.79394
-6.79554
-6.79647
-6.79801
-6.80018
-6.80167
-6.80248
-6.80423
-6.8053
-6.80603
-6.80737
-6.80836
-6.80965
-6.81091
-6.81183
-6.81369
-6.81391
-6.81573
-6.81687
-6.81897
-6.82008
-6.82051
-6.82158
-6.82263
-6.82367
-6.82436
-6.82537
-6.82668
-6.82798
-6.82895
-6.83056
-6.83151
-6.8318
-6.83274
-6.83335
-6.83524
-6.83617
-6.83677
-6.83801
-6.83925
-6.84082
-6.84207
-6.84267
-6.84359
-6.84451
-6.84447
-6.84572
-6.84795
-6.84889
-6.84951
-6.85014
-6.85076
-6.85139
-6.85234
-6.85297
-6.85425
-6.85521
-6.85713
-6.85776
-6.85871
-6.85997
-6.86091
-6.86216
-6.86373
-6.86496
-6.86553
-6.86641
-6.8676
-6.86812
-6.86862
-6.86909
-6.87019
-6.87028
-6.87067
-6.87135
-6.87199
-6.87195
-6.87284
-6.874
-6.87383
-6.87426
-6.87528
-6.8756
-6.87619
-6.87639
-6.87621
-6.87661
-6.87629
-6.87655
-6.87673
-6.87684
-6.87623
-6.87619
-6.87444
-6.87424
-6.87525
-6.87423
-6.87312
-6.87322
-6.87226
-6.86992
-6.86846
-6.86723
-6.8659
-6.86448
-6.86297
-6.86072
-6.8587
-6.8569
-6.8547
-6.85338
-6.85164
-6.84949
-6.84661
-6.84525
-6.8422
-6.84003
-6.83713
-6.83448
-6.83143
-6.82765
-6.82477
-6.82149
-6.81847
-6.81603
-6.81256
-6.80935
-6.80608
-6.80179
-6.79842
-6.79468
-6.79089
-6.78706
-6.78352
-6.77994
-6.77569
-6.77206
-6.76807
-6.76472
-6.76069
-6.75666
-6.75294
-6.74921
-6.74612
-6.74141
-6.738
-6.73395
-6.73023
-6.72555
-6.72186
-6.71818
-6.7142
-6.71088
-6.70695
-6.70368
-6.6998
-6.6966
-6.6931
-6.68997
-6.68623
-6.68285
-6.67951
-6.67621
-6.67295
-6.67039
-6.66658
-6.66347
-6.66106
-6.65805
-6.65477
-6.65155
-6.64903
-6.64624
-6.64383
-6.64181
-6.63888
-6.63633
-6.63384
-6.63141
-6.62905
-6.6261
-6.62419
-6.6217
-6.61961
-6.61725
-6.61529
-6.6134
-6.61157
-6.61015
-6.60879
-6.6075
-6.60532
-6.60353
-6.60214
-6.60082
-6.59957
-6.5984
-6.5973
-6.59692
-6.59564
-6.59444
-6.59332
-6.59356
-6.59258
-6.59232
-6.59148
-6.59137
-6.59035
-6.59103
-6.59049
-6.59066
-6.5909
-6.59122
-6.59127
-6.59108
-6.59094
-6.59153
-6.59218
-6.59257
-6.5927
-6.59355
-6.59413
-6.59478
-6.59613
-6.5969
-6.59772
-6.59893
-6.59955
-6.59958
-6.60096
-6.60207
-6.60291
-6.60413
-6.6054
-6.60704
-6.60841
-6.60917
-6.61096
-6.61247
-6.61369
-6.61431
-6.61627
-6.61794
-6.61932
-6.62073
-6.62218
-6.62431
-6.62614
-6.62735
-6.62955
-6.63146
-6.6337
-6.63596
-6.63824
-6.63988
-6.64153
-6.64319
-6.64485
-6.64749
-6.64948
-6.65114
-6.65344
-6.65508
-6.65736
-6.6593
-6.66154
-6.66344
-6.665
-6.66718
-6.66868
-6.67113
-6.67323
-6.67497
-6.677
-6.679
-6.68064
-6.68192
-6.68348
-6.685
-6.68648
-6.68824
-6.69028
-6.69164
-6.69262
-6.69357
-6.69447
-6.69598
-6.6968
-6.6979
-6.69895
-6.69964
-6.70062
-6.7022
-6.70343
-6.70461
-6.70576
-6.70719
-6.70827
-6.70899
-6.71
-6.71098
-6.71226
-6.71253
-6.71311
-6.71398
-6.71483
-6.71566
-6.71614
-6.71661
-6.71706
-6.71749
-6.71759
-6.718
-6.7184
-6.71782
-6.71854
-6.71989
-6.71996
-6.72002
-6.72008
-6.72078
-6.72117
-6.72124
-6.72196
-6.72269
-6.72279
-6.72256
-6.723
-6.72281
-6.72295
-6.72246
-6.7236
-6.72379
-6.72465
-6.7252
-6.72578
-6.72637
-6.72731
-6.72795
-6.72893
-6.72962
-6.73033
-6.73106
-6.73183
-6.73261
-6.7331
-6.73492
-6.73514
-6.73571
-6.73632
-6.73727
-6.73826
-6.73862
-6.73999
-6.74106
-6.74217
-6.74297
-6.74381
-6.745
-6.74557
-6.74714
-6.74842
-6.7494
-6.7504
-6.75208
-6.75411
-6.75519
-6.75694
-6.75807
-6.75922
-6.76071
-6.76222
-6.76374
-6.76464
-6.7662
-6.76778
-6.76905
-6.77
-6.77225
-6.77387
-6.77484
-6.77679
-6.77809
-6.77972
-6.78167
-6.78329
-6.78555
-6.7865
-6.78809
-6.78968
-6.79092
-6.79214
-6.79367
-6.79517
-6.79633
-6.7981
-6.79984
-6.80123
-6.80258
-6.80454
-6.80581
-6.80736
-6.8092
-6.80969
-6.81175
-6.81344
-6.81443
-6.81602
-6.81689
-6.81771
-6.81847
-6.81917
-6.8198
-6.82037
-6.82152
-6.82131
-6.82136
-6.82166
-6.82189
-6.8214
-6.82051
-6.82084
-6.82077
-6.82063
-6.82009
-6.8198
-6.82008
-6.81931
-6.81879
-6.81884
-6.81818
-6.81776
-6.81726
-6.81702
-6.81541
-6.81437
-6.81391
-6.81338
-6.81148
-6.81017
-6.80879
-6.80766
-6.80583
-6.80458
-6.80262
-6.80093
-6.79918
-6.79738
-6.7965
-6.79394
-6.79199
-6.78999
-6.78827
-6.78619
-6.78471
-6.78223
-6.77972
-6.7775
-6.77492
-6.77265
-6.77099
-6.76769
-6.766
-6.76363
-6.76125
-6.75919
-6.75743
-6.75567
-6.75325
-6.75051
-6.74841
-6.74567
-6.74261
-6.73987
-6.73747
-6.73508
-6.73204
-6.72935
-6.72635
-6.72401
-6.72168
-6.71938
-6.71645
-6.71419
-6.71131
-6.71007
-6.70789
-6.70638
-6.70458
-6.70248
-6.69945
-6.69709
-6.69541
-6.69376
-6.69183
-6.6909
-6.6887
-6.68687
-6.68507
-6.68363
-6.6819
-6.67988
-6.67757
-6.67627
-6.67469
-6.67346
-6.67259
-6.67143
-6.66902
-6.66696
-6.66527
-6.66426
-6.66263
-6.66169
-6.66079
-6.6596
-6.65877
-6.65766
-6.65626
-6.65457
-6.65487
-6.65424
-6.65366
-6.65214
-6.65098
-6.64987
-6.64816
-6.64714
-6.64648
-6.64588
-6.64532
-6.64448
-6.6437
-6.64296
-6.6426
-6.64165
-6.6414
-6.64089
-6.64075
-6.64133
-6.64099
-6.64071
-6.64018
-6.64035
-6.64059
-6.6409
-6.64159
-6.64203
-6.64189
-6.6428
-6.64312
-6.64352
-6.64496
-6.64615
-6.64708
-6.64841
-6.64949
-6.65096
-6.65186
-6.65282
-6.65385
-6.65495
-6.65611
-6.65799
-6.65992
-6.66127
-6.66267
-6.66511
-6.66694
-6.66883
-6.67108
-6.67338
-6.67507
-6.67712
-6.6792
-6.68131
-6.68377
-6.68625
-6.68939
-6.69093
-6.69377
-6.69597
-6.69785
-6.70004
-6.70256
-6.70506
-6.70754
-6.70968
-6.71212
-6.71454
-6.71692
-6.71927
-6.72093
-6.72288
-6.72511
-6.72728
-6.72909
-6.7315
-6.73288
-6.73452
-6.73644
-6.73797
-6.73977
-6.74118
-6.74285
-6.74479
-6.74569
-6.74686
-6.74764
-6.74837
-6.75
-6.75061
-6.75181
-6.75198
-6.75308
-6.75412
-6.75544
-6.75575
-6.75666
-6.75721
-6.75707
-6.75722
-6.75767
-6.75841
-6.7588
-6.75918
-6.75953
-6.76051
-6.76148
-6.7618
-6.76178
-6.76208
-6.76206
-6.76205
-6.76235
-6.76267
-6.76267
-6.763
-6.76269
-6.76337
-6.76342
-6.76479
-6.76519
-6.76595
-6.76574
-6.76621
-6.76637
-6.76656
-6.76742
-6.76797
-6.76854
-6.76946
-6.76975
-6.77071
-6.77104
-6.77172
-6.77274
-6.77345
-6.77451
-6.77558
-6.77667
-6.77648
-6.77727
-6.77808
-6.77891
-6.77942
-6.78027
-6.78145
-6.78231
-6.78254
-6.78343
-6.78464
-6.78489
-6.78514
-6.78475
-6.78599
-6.78593
-6.78718
-6.7881
-6.7887
-6.7893
-6.78958
-6.79083
-6.79175
-6.79332
-6.79392
-6.79516
-6.79542
-6.79665
-6.79788
-6.79877
-6.79933
-6.80053
-6.8014
-6.80258
-6.80309
-6.80457
-6.80571
-6.80618
-6.80697
-6.80708
-6.80816
-6.80954
-6.81057
-6.81094
-6.81194
-6.81291
-6.81353
-6.81413
-6.81471
-6.81526
-6.81643
-6.8166
-6.81772
-6.81816
-6.81857
-6.81895
-6.81898
-6.8193
-6.81959
-6.81984
-6.81942
-6.81961
-6.81945
-6.8199
-6.82
-6.81941
-6.81912
-6.81976
-6.81973
-6.81966
-6.82021
-6.82008
-6.82024
-6.82069
-6.82014
-6.82022
-6.81929
-6.81897
-6.81896
-6.81827
-6.81787
-6.81746
-6.81669
-6.8159
-6.81638
-6.81683
-6.81727
-6.81639
-6.81582
-6.8149
-6.81494
-6.81301
-6.81237
-6.8117
-6.81167
-6.81129
-6.81058
-6.81018
-6.80944
-6.80836
-6.80727
-6.80649
-6.8057
-6.80523
-6.80409
-6.80392
-6.80277
-6.80225
-6.80108
-6.80023
-6.79839
-6.7972
-6.79762
-6.79674
-6.79618
-6.79529
-6.79439
-6.79317
-6.79195
-6.79072
-6.78852
-6.7873
-6.78673
-6.78648
-6.78526
-6.78405
-6.78284
-6.78131
-6.78076
-6.78022
-6.77936
-6.77818
-6.7783
-6.77844
-6.77761
-6.77743
-6.7763
-6.77549
-6.7747
-6.77392
-6.77314
-6.77302
-6.77194
-6.77087
-6.76917
-6.76812
-6.76741
-6.76703
-6.76602
-6.76534
-6.76467
-6.76401
-6.76336
-6.7624
-6.76177
-6.76083
-6.76022
-6.75994
-6.75967
-6.7594
-6.75883
-6.75825
-6.75769
-6.75681
-6.75627
-6.75572
-6.75519
-6.75498
-6.75414
-6.7533
-6.75312
-6.75165
-6.75181
-6.75068
-6.75021
-6.74941
-6.74863
-6.74818
-6.74741
-6.74698
-6.74656
-6.74615
-6.74509
-6.7447
-6.74432
-6.7446
-6.74391
-6.74357
-6.74291
-6.74226
-6.74228
-6.74198
-6.74203
-6.74111
-6.74053
-6.74094
-6.74072
-6.74051
-6.74096
-6.74111
-6.74062
-6.74047
-6.74098
-6.74085
-6.74042
-6.73999
-6.74023
-6.73982
-6.73911
-6.73937
-6.73899
-6.73895
-6.73859
-6.73823
-6.7382
-6.73849
-6.73814
-6.73746
-6.73742
-6.73738
-6.73766
-6.73761
-6.73819
-6.73844
-6.73835
-6.73793
-6.73781
-6.738
-6.73817
-6.73832
-6.73877
-6.7379
-6.7383
-6.73803
-6.73772
-6.73642
-6.73605
-6.73598
-6.73522
-6.73475
-6.73425
-6.73435
-6.73377
-6.73347
-6.73312
-6.73274
-6.73263
-6.73152
-6.73133
-6.73044
-6.72951
-6.72822
-6.72623
-6.72581
-6.72471
-6.72388
-6.72268
-6.72079
-6.71983
-6.71817
-6.71712
-6.71636
-6.71555
-6.71405
-6.71219
-6.70996
-6.70706
-6.70542
-6.70374
-6.703
-6.70191
-6.70112
-6.69868
-6.69623
-6.6944
-6.69288
-6.69069
-6.68915
-6.68727
-6.68473
-6.68349
-6.6816
-6.67972
-6.67784
-6.67597
-6.67411
-6.67259
-6.67077
-6.66865
-6.66688
-6.66481
-6.66311
-6.66176
-6.65981
-6.65918
-6.65731
-6.6558
-6.65435
-6.65261
-6.65093
-6.64963
-6.64838
-6.64686
-6.64507
-6.64334
-6.64231
-6.64135
-6.64044
-6.63926
-6.63846
-6.6374
-6.63639
-6.63543
-6.63453
-6.63432
-6.63351
-6.63307
-6.63301
-6.63234
-6.63138
-6.63112
-6.63121
-6.63101
-6.63116
-6.63103
-6.63156
-6.63147
-6.63173
-6.63201
-6.6323
-6.63261
-6.6326
-6.63261
-6.63262
-6.63231
-6.63265
-6.63332
-6.63335
-6.63402
-6.63437
-6.63406
-6.63441
-6.6341
-6.63443
-6.63443
-6.63411
-6.63411
-6.6341
-6.63442
-6.63441
-6.63439
-6.63438
-6.63437
-6.63403
-6.63467
-6.63499
-6.63467
-6.63436
-6.63471
-6.63442
-6.63479
-6.63421
-6.63462
-6.63376
-6.63421
-6.63372
-6.6339
-6.6341
-6.63434
-6.63429
-6.63427
-6.63461
-6.63498
-6.63669
-6.63746
-6.63795
-6.63848
-6.63873
-6.63967
-6.64
-6.64038
-6.64079
-6.64093
-6.64272
-6.64391
-6.64449
-6.64511
-6.6461
-6.64744
-6.64817
-6.64927
-6.65072
-6.65187
-6.65273
-6.65329
-6.65453
-6.65643
-6.65739
-6.65869
-6.66001
-6.66199
-6.66334
-6.66469
-6.66541
-6.66742
-6.66847
-6.66984
-6.67153
-6.67354
-6.67425
-6.67624
-6.67855
-6.67923
-6.68054
-6.68215
-6.68342
-6.68434
-6.68589
-6.68612
-6.68729
-6.68876
-6.69053
-6.69161
-6.69331
-6.69433
-6.69564
-6.69659
-6.69686
-6.69677
-6.69827
-6.69908
-6.69985
-6.70091
-6.70194
-6.70261
-6.70325
-6.70352
-6.70442
-6.70463
-6.70513
-6.70593
-6.70702
-6.70744
-6.70783
-6.70884
-6.70983
-6.71015
-6.71045
-6.71106
-6.71068
-6.71126
-6.7115
-6.71172
-6.71162
-6.71216
-6.71204
-6.71225
-6.71213
-6.71233
-6.71287
-6.71341
-6.71363
-6.71354
-6.71378
-6.71404
-6.71432
-6.71396
-6.71428
-6.71462
-6.71563
-6.7157
-6.71677
-6.7169
-6.71803
-6.71855
-6.7191
-6.71969
-6.72032
-6.72163
-6.72202
-6.72278
-6.72293
-6.72377
-6.72531
-6.72625
-6.72789
-6.72925
-6.73001
-6.73147
-6.73202
-6.73326
-6.73488
-6.73623
-6.73796
-6.7391
-6.74061
-6.74283
-6.7438
-6.74548
-6.74721
-6.74931
-6.75115
-6.75271
-6.75432
-6.75728
-6.75931
-6.76139
-6.76449
-6.76698
-6.76952
-6.77176
-6.7734
-6.77572
-6.77775
-6.78045
-6.78351
-6.78562
-6.78839
-6.79086
-6.79301
-6.7955
-6.798
-6.8005
-6.80235
-6.80452
-6.80701
-6.80948
-6.81194
-6.81405
-6.81646
-6.81852
-6.82087
-6.82254
-6.82417
-6.82672
-6.82923
-6.83136
-6.83344
-6.83481
-6.83645
-6.83802
-6.83984
-6.84288
-6.84456
-6.84648
-6.848
-6.84911
-6.85078
-6.85172
-6.85321
-6.85429
-6.85495
-6.85585
-6.85599
-6.85605
-6.85762
-6.85845
-6.8582
-6.85786
-6.85806
-6.85783
-6.85783
-6.85773
-6.85753
-6.85755
-6.85748
-6.85667
-6.85576
-6.85443
-6.85398
-6.85312
-6.85249
-6.8508
-6.84903
-6.84782
-6.84653
-6.84484
-6.84308
-6.84189
-6.84031
-6.83899
-6.83663
-6.83518
-6.83336
-6.83115
-6.82922
-6.82757
-6.82555
-6.82382
-6.82075
-6.81862
-6.81645
-6.81459
-6.81205
-6.80948
-6.80722
-6.80462
-6.80135
-6.7997
-6.79771
-6.79572
-6.79275
-6.79076
-6.78876
-6.78645
-6.78414
-6.78184
-6.77955
-6.77695
-6.77469
-6.77244
-6.77022
-6.76802
-6.76583
-6.764
-6.76154
-6.75943
-6.75703
-6.7553
-6.75296
-6.75163
-6.75
-6.74841
-6.74654
-6.74502
-6.74387
-6.74211
-6.74039
-6.73871
-6.7374
-6.73581
-6.73329
-6.73178
-6.72903
-6.7273
-6.72626
-6.72495
-6.72272
-6.72183
-6.72067
-6.72021
-6.71915
-6.7175
-6.71622
-6.71564
-6.71512
-6.71465
-6.71391
-6.71322
-6.71194
-6.71168
-6.71148
-6.71101
-6.71059
-6.71054
-6.71023
-6.70997
-6.70943
-6.70992
-6.70982
-6.70944
-6.70976
-6.70916
-6.70894
-6.70941
-6.70993
-6.71049
-6.71078
-6.71046
-6.71117
-6.71224
-6.7127
-6.71288
-6.7131
-6.71304
-6.71301
-6.71399
-6.71532
-6.71669
-6.71744
-6.71757
-6.71773
-6.71888
-6.72006
-6.72158
-6.72247
-6.72274
-6.72366
-6.72428
-6.72555
-6.72683
-6.7278
-6.72942
-6.73105
-6.73138
-6.73269
-6.73335
-6.73497
-6.73562
-6.73562
-6.73658
-6.73655
-6.73781
-6.73906
-6.74029
-6.74151
-6.74239
-6.74357
-6.74408
-6.74523
-6.74635
-6.74712
-6.74787
-6.7486
-6.74962
-6.7503
-6.75094
-6.75157
-6.75119
-6.75176
-6.75165
-6.75153
-6.75202
-6.75248
-6.75291
-6.753
-6.75305
-6.75341
-6.75406
-6.75436
-6.75464
-6.75554
-6.75609
-6.75629
-6.75679
-6.75663
-6.75709
-6.75689
-6.75731
-6.75772
-6.75811
-6.75783
-6.75755
-6.75757
-6.75791
-6.75823
-6.75823
-6.75821
-6.75851
-6.75815
-6.75747
-6.7571
-6.75673
-6.75733
-6.75826
-6.75788
-6.75751
-6.75714
-6.75709
-6.75672
-6.75667
-6.75663
-6.75659
-6.75687
-6.75586
-6.7555
-6.75612
-6.75609
-6.75638
-6.75603
-6.756
-6.75596
-6.75593
-6.75622
-6.75683
-6.75647
-6.75674
-6.75572
-6.75566
-6.75558
-6.75582
-6.7554
-6.75496
-6.75483
-6.75436
-6.75484
-6.75433
-6.75444
-6.75356
-6.75363
-6.7527
-6.75271
-6.75269
-6.75232
-6.75159
-6.7518
-6.75132
-6.75081
-6.74994
-6.74904
-6.74842
-6.74776
-6.74739
-6.74665
-6.74587
-6.74472
-6.74353
-6.74198
-6.7407
-6.74004
-6.739
-6.7376
-6.73681
-6.7363
-6.73608
-6.7342
-6.73292
-6.73064
-6.73027
-6.72856
-6.72747
-6.72603
-6.72357
-6.72206
-6.7202
-6.71831
-6.71736
-6.71575
-6.71346
-6.71213
-6.71078
-6.70877
-6.7074
-6.70698
-6.70526
-6.70419
-6.70247
-6.70139
-6.7
-6.69862
-6.6966
-6.69556
-6.69422
-6.6916
-6.68933
-6.68709
-6.68553
-6.68368
-6.68154
-6.67976
-6.67835
-6.67731
-6.67568
-6.67474
-6.67321
-6.67174
-6.67098
-6.66996
-6.66869
-6.66812
-6.66699
-6.66593
-6.66591
-6.66533
-6.66515
-6.66408
-6.66407
-6.66285
-6.66235
-6.66292
-6.6626
-6.66269
-6.66255
-6.66281
-6.66349
-6.66392
-6.66444
-6.66537
-6.66606
-6.66619
-6.66704
-6.66862
-6.6706
-6.672
-6.67251
-6.67374
-6.67536
-6.67737
-6.67912
-6.6806
-6.68214
-6.68438
-6.68603
-6.6874
-6.68946
-6.69124
-6.69339
-6.69556
-6.69777
-6.69969
-6.70163
-6.70423
-6.70621
-6.70853
-6.71085
-6.71286
-6.71488
-6.71657
-6.71826
-6.7206
-6.72261
-6.7246
-6.72756
-6.72953
-6.73116
-6.73277
-6.73469
-6.73625
-6.73812
-6.73996
-6.74177
-6.7442
-6.74595
-6.74702
-6.74837
-6.74969
-6.75162
-6.75384
-6.75537
-6.75621
-6.75766
-6.7594
-6.76045
-6.76177
-6.76274
-6.76366
-6.76454
-6.76537
-6.76649
-6.76822
-6.76893
-6.77025
-6.77153
-6.77244
-6.77235
-6.77286
-6.77398
-6.77441
-6.77481
-6.77517
-6.7755
-6.77611
-6.77669
-6.77691
-6.77741
-6.77821
-6.77898
-6.77874
-6.77944
-6.77914
-6.77946
-6.77975
-6.78
-6.78153
-6.78172
-6.78156
-6.78137
-6.78148
-6.78155
-6.78159
-6.78224
-6.78254
-6.78249
-6.78273
-6.78261
-6.78245
-6.78162
-6.78139
-6.78113
-6.78147
-6.78146
-6.78205
-6.78163
-6.78116
-6.78033
-6.77945
-6.77789
-6.77725
-6.77656
-6.77615
-6.77569
-6.77486
-6.77398
-6.77239
-6.77206
-6.7707
-6.76961
-6.76879
-6.76792
-6.767
-6.76635
-6.765
-6.76359
-6.76149
-6.75999
-6.75844
-6.75716
-6.75648
-6.75478
-6.75335
-6.75156
-6.75004
-6.74816
-6.74623
-6.74394
-6.74193
-6.73956
-6.73781
-6.73601
-6.73451
-6.73201
-6.7298
-6.72692
-6.72466
-6.72206
-6.72073
-6.71906
-6.7164
-6.71439
-6.71139
-6.70904
-6.70668
-6.704
-6.70099
-6.69896
-6.6963
-6.69364
-6.69099
-6.68901
-6.6864
-6.68316
-6.68124
-6.67902
-6.67716
-6.67501
-6.67322
-6.67146
-6.6691
-6.66711
-6.66549
-6.66295
-6.66143
-6.65997
-6.65856
-6.65689
-6.65528
-6.65341
-6.65193
-6.64988
-6.64919
-6.6476
-6.6464
-6.64593
-6.64522
-6.64426
-6.6437
-6.64258
-6.64153
-6.64122
-6.64067
-6.64052
-6.63981
-6.63951
-6.63864
-6.63753
-6.63748
-6.63849
-6.63764
-6.63719
-6.63844
-6.63881
-6.63957
-6.64042
-6.64134
-6.64234
-6.64277
-6.64326
-6.64416
-6.6448
-6.6455
-6.64627
-6.64743
-6.64897
-6.65025
-6.6519
-6.65296
-6.6544
-6.65589
-6.65742
-6.65932
-6.66093
-6.66259
-6.66428
-6.66568
-6.66744
-6.6689
-6.67007
-6.67224
-6.67443
-6.67631
-6.67821
-6.68013
-6.68174
-6.68336
-6.68595
-6.68823
-6.69052
-6.69248
-6.69509
-6.69737
-6.699
-6.70063
-6.70289
-6.70482
-6.70706
-6.70897
-6.71054
-6.71273
-6.71427
-6.71643
-6.71858
-6.72038
-6.72216
-6.72392
-6.72565
-6.72736
-6.72904
-6.7307
-6.73234
-6.73362
-6.73455
-6.73611
-6.73795
-6.7388
-6.74027
-6.74204
-6.7441
-6.74548
-6.74587
-6.7472
-6.74786
-6.74915
-6.75008
-6.75066
-6.75123
-6.75241
-6.75325
-6.75471
-6.75648
-6.75725
-6.75865
-6.75971
-6.76075
-6.76177
-6.76245
-6.76344
-6.76441
-6.76568
-6.7663
-6.76722
-6.76846
-6.76903
-6.76991
-6.77079
-6.7723
-6.77283
-6.77367
-6.7745
-6.775
-6.77582
-6.77631
-6.77712
-6.77759
-6.77806
-6.77885
-6.77931
-6.77976
-6.78022
-6.78067
-6.78112
-6.78156
-6.78232
-6.78308
-6.78448
-6.78556
-6.78566
-6.7864
-6.78714
-6.78851
-6.79054
-6.79094
-6.79198
-6.79236
-6.79339
-6.79408
-6.79476
-6.79544
-6.79642
-6.79674
-6.79737
-6.79767
-6.79794
-6.7982
-6.79909
-6.79995
-6.80112
-6.80194
-6.80208
-6.8022
-6.80294
-6.80332
-6.80334
-6.80398
-6.80458
-6.80482
-6.80469
-6.80485
-6.80399
-6.80373
-6.8031
-6.80275
-6.80299
-6.80253
-6.80202
-6.80209
-6.80146
-6.80175
-6.80132
-6.8005
-6.79929
-6.79899
-6.79798
-6.79721
-6.79605
-6.79482
-6.79319
-6.79214
-6.79069
-6.78981
-6.7882
-6.78684
-6.78573
-6.78325
-6.78166
-6.78031
-6.77856
-6.77642
-6.77419
-6.77318
-6.77145
-6.76964
-6.76743
-6.76515
-6.76247
-6.76069
-6.75754
-6.75497
-6.75201
-6.74931
-6.74622
-6.74404
-6.74147
-6.7382
-6.73585
-6.73313
-6.73036
-6.72657
-6.72339
-6.72017
-6.71626
-6.7133
-6.71031
-6.70696
-6.7036
-6.70022
-6.69682
-6.69374
-6.69097
-6.68821
-6.6848
-6.68237
-6.67898
-6.67592
-6.67256
-6.66923
-6.66624
-6.66232
-6.65973
-6.65588
-6.6524
-6.64864
-6.64558
-6.64323
-6.63899
-6.63546
-6.632
-6.62925
-6.62657
-6.62332
-6.61982
-6.61738
-6.61502
-6.61242
-6.61023
-6.60781
-6.60581
-6.60358
-6.60177
-6.60038
-6.59876
-6.59758
-6.59617
-6.59422
-6.59334
-6.59161
-6.5903
-6.58942
-6.58898
-6.58833
-6.58778
-6.58735
-6.58734
-6.58777
-6.58702
-6.58734
-6.58746
-6.58801
-6.58899
-6.58943
-6.5903
-6.59193
-6.59236
-6.59322
-6.59451
-6.59557
-6.59705
-6.59831
-6.59934
-6.60047
-6.602
-6.60298
-6.60469
-6.60649
-6.6087
-6.61098
-6.61301
-6.6148
-6.61698
-6.61955
-6.62186
-6.62424
-6.62636
-6.62918
-6.63173
-6.63401
-6.63666
-6.63935
-6.64209
-6.64486
-6.6467
-6.64954
-6.65242
-6.65564
-6.65888
-6.66183
-6.66543
-6.66808
-6.67138
-6.67469
-6.678
-6.681
-6.68398
-6.68729
-6.68994
-6.69322
-6.69584
-6.69877
-6.70167
-6.7052
-6.70903
-6.71251
-6.71499
-6.71808
-6.72178
-6.72448
-6.72779
-6.73008
-6.73201
-6.73488
-6.73737
-6.74079
-6.74352
-6.74555
-6.74787
-6.75013
-6.75267
-6.75484
-6.75665
-6.75872
-6.76011
-6.76178
-6.76308
-6.7653
-6.76684
-6.76834
-6.77012
-6.77187
-6.77357
-6.77557
-6.77721
-6.7785
-6.78008
-6.78196
-6.78349
-6.78499
-6.78648
-6.78794
-6.78971
-6.79114
-6.79319
-6.79459
-6.79564
-6.79701
-6.79901
-6.80068
-6.80266
-6.8043
-6.80626
-6.80788
-6.80917
-6.81045
-6.81204
-6.81362
-6.81486
-6.81642
-6.81796
-6.81948
-6.82132
-6.8225
-6.82366
-6.82415
-6.8256
-6.82638
-6.82811
-6.83014
-6.83118
-6.83187
-6.83319
-6.83383
-6.83477
-6.83503
-6.83591
-6.83644
-6.83727
-6.83806
-6.83946
-6.84051
-6.84056
-6.84154
-6.84184
-6.84275
-6.84297
-6.84348
-6.8433
-6.84373
-6.84379
-6.84382
-6.84446
-6.84505
-6.84463
-6.84514
-6.84562
-6.84605
-6.8458
-6.84517
-6.84549
-6.84543
-6.84533
-6.84487
-6.84534
-6.84544
-6.84486
-6.84391
-6.84356
-6.84318
-6.84243
-6.84197
-6.84081
-6.84092
-6.83936
-6.83906
-6.83806
-6.83768
-6.83693
-6.83549
-6.83433
-6.83313
-6.83254
-6.83094
-6.82962
-6.82858
-6.82717
-6.82637
-6.82456
-6.82399
-6.82339
-6.82177
-6.81978
-6.81905
-6.81762
-6.81647
-6.81495
-6.81371
-6.81114
-6.80949
-6.80779
-6.80637
-6.80394
-6.80244
-6.8009
-6.79867
-6.79543
-6.7941
-6.79175
-6.79002
-6.7876
-6.78515
-6.78266
-6.78079
-6.77922
-6.77697
-6.77503
-6.77306
-6.77107
-6.76875
-6.7664
-6.7647
-6.76234
-6.7603
-6.75729
-6.75428
-6.75159
-6.74892
-6.74691
-6.74524
-6.74294
-6.74066
-6.73777
-6.7362
-6.73369
-6.7309
-6.72848
-6.72708
-6.72507
-6.7228
-6.72057
-6.72036
-6.71859
-6.71656
-6.71524
-6.71367
-6.7112
-6.71009
-6.70842
-6.70682
-6.70563
-6.70516
-6.70445
-6.7035
-6.70263
-6.70216
-6.70146
-6.70084
-6.69998
-6.6992
-6.6985
-6.69789
-6.69736
-6.69788
-6.69751
-6.69722
-6.697
-6.69752
-6.69875
-6.69974
-6.70081
-6.70162
-6.70282
-6.70312
-6.70317
-6.70425
-6.70508
-6.70596
-6.70691
-6.70759
-6.70833
-6.71009
-6.71126
-6.71215
-6.71375
-6.71539
-6.71675
-6.71751
-6.71896
-6.72078
-6.72166
-6.72387
-6.72547
-6.72678
-6.72843
-6.73012
-6.73151
-6.73325
-6.73566
-6.73775
-6.73955
-6.74135
-6.74285
-6.74532
-6.74683
-6.74868
-6.7502
-6.75205
-6.75357
-6.75573
-6.75756
-6.75906
-6.76055
-6.76236
-6.76349
-6.76526
-6.76604
-6.76745
-6.76916
-6.77084
-6.77282
-6.77413
-6.77475
-6.77632
-6.77785
-6.77967
-6.78145
-6.7832
-6.7849
-6.78624
-6.78689
-6.78782
-6.78936
-6.79052
-6.79099
-6.79141
-6.79341
-6.79438
-6.79563
-6.79651
-6.79734
-6.79811
-6.79787
-6.79887
-6.80015
-6.80105
-6.80222
-6.8027
-6.80344
-6.80446
-6.80446
-6.80473
-6.80528
-6.80578
-6.8059
-6.80597
-6.80631
-6.80628
-6.80588
-6.80576
-6.80559
-6.80471
-6.80412
-6.80445
-6.80375
-6.80333
-6.80254
-6.80203
-6.80146
-6.79988
-6.79857
-6.79818
-6.79775
-6.79662
-6.79641
-6.79583
-6.79423
-6.79355
-6.7925
-6.7914
-6.79025
-6.78873
-6.78684
-6.78555
-6.7842
-6.78281
-6.78137
-6.77955
-6.77769
-6.77578
-6.77383
-6.77183
-6.77043
-6.76866
-6.76684
-6.76499
-6.76244
-6.76017
-6.75851
-6.75649
-6.75378
-6.75168
-6.74987
-6.74737
-6.74517
-6.7426
-6.74065
-6.73867
-6.73666
-6.73462
-6.73224
-6.72983
-6.72739
-6.72494
-6.72149
-6.71868
-6.71585
-6.71365
-6.71143
-6.70856
-6.70697
-6.70409
-6.70184
-6.69927
-6.69669
-6.69444
-6.69219
-6.68994
-6.68737
-6.68481
-6.68225
-6.67939
-6.6775
-6.67466
-6.67215
-6.66967
-6.66687
-6.66409
-6.66231
-6.6599
-6.65752
-6.65516
-6.65315
-6.65053
-6.64825
-6.64601
-6.64381
-6.64228
-6.6395
-6.63708
-6.63534
-6.63332
-6.63263
-6.63069
-6.62911
-6.62693
-6.62544
-6.62367
-6.62162
-6.61993
-6.61797
-6.6167
-6.61548
-6.61366
-6.6122
-6.61079
-6.60943
-6.60812
-6.60782
-6.60628
-6.60479
-6.60367
-6.6026
-6.60191
-6.60061
-6.59969
-6.59881
-6.59831
-6.59754
-6.59682
-6.59615
-6.59552
-6.59463
-6.59443
-6.59462
-6.59421
-6.59288
-6.5929
-6.59297
-6.59278
-6.59232
-6.59288
-6.59351
-6.59387
-6.59428
-6.59476
-6.59563
-6.5959
-6.59559
-6.596
-6.59711
-6.59829
-6.59889
-6.59955
-6.60028
-6.60107
-6.60193
-6.60253
-6.60353
-6.60491
-6.60571
-6.60788
-6.60946
-6.61144
-6.61283
-6.61461
-6.61581
-6.61707
-6.61936
-6.62139
-6.62347
-6.62529
-6.62748
-6.63005
-6.63169
-6.63403
-6.63609
-6.6382
-6.64002
-6.64253
-6.64475
-6.64667
-6.64895
-6.65062
-6.65327
-6.65531
-6.65736
-6.65943
-6.66183
-6.66393
-6.66635
-6.66846
-6.67123
-6.674
-6.67676
-6.67856
-6.68165
-6.68442
-6.68685
-6.68863
-6.69105
-6.69443
-6.69748
-6.7002
-6.7029
-6.70494
-6.70665
-6.70898
-6.71131
-6.71393
-6.71558
-6.71785
-6.71978
-6.72202
-6.72456
-6.72676
-6.72894
-6.73143
-6.73423
-6.73636
-6.7388
-6.74057
-6.74232
-6.7447
-6.74674
-6.74648
-6.74913
-6.75079
-6.7534
-6.75566
-6.75693
-6.7585
-6.75973
-6.76093
-6.76276
-6.76521
-6.76699
-6.7681
-6.76919
-6.77057
-6.77257
-6.7739
-6.77552
-6.77614
-6.7777
-6.77857
-6.77975
-6.78154
-6.78297
-6.78436
-6.78443
-6.78576
-6.78607
-6.78765
-6.78886
-6.79035
-6.79084
-6.79193
-6.7933
-6.79431
-6.79527
-6.79618
-6.79705
-6.7982
-6.79963
-6.80036
-6.80137
-6.80233
-6.80357
-6.80379
-6.80461
-6.80506
-6.80514
-6.80582
-6.8058
-6.80639
-6.8066
-6.80709
-6.80786
-6.80826
-6.80829
-6.8086
-6.80822
-6.80844
-6.80765
-6.80649
-6.80595
-6.80537
-6.8054
-6.80572
-6.80568
-6.80592
-6.8055
-6.80503
-6.80454
-6.8037
-6.80316
-6.80259
-6.80233
-6.8014
-6.80077
-6.80013
-6.80012
-6.79945
-6.7991
-6.79744
-6.79642
-6.79475
-6.79438
-6.79303
-6.79201
-6.79132
-6.79095
-6.79059
-6.78992
-6.78893
-6.78892
-6.78796
-6.78765
-6.78736
-6.78644
-6.78585
-6.78561
-6.78538
-6.78484
-6.78432
-6.78446
-6.7843
-6.78382
-6.78304
-6.78292
-6.78282
-6.78208
-6.78103
-6.77968
-6.77898
-6.77764
-6.77696
-6.77628
-6.77594
-6.7756
-6.77526
-6.77589
-6.77685
-6.77684
-6.77682
-6.7768
-6.77581
-6.77546
-6.77543
-6.77442
-6.77307
-6.77237
-6.77165
-6.77125
-6.77052
-6.76977
-6.76902
-6.76857
-6.76845
-6.76831
-6.76816
-6.76801
-6.76688
-6.76704
-6.76719
-6.76637
-6.76554
-6.76504
-6.76486
-6.76404
-6.76387
-6.76338
-6.76289
-6.76177
-6.76098
-6.76053
-6.76009
-6.75966
-6.75924
-6.75852
-6.75847
-6.75812
-6.75778
-6.75746
-6.75588
-6.75528
-6.75504
-6.75449
-6.75462
-6.75444
-6.7543
-6.7532
-6.75342
-6.75303
-6.75297
-6.75229
-6.7526
-6.75261
-6.75296
-6.75269
-6.75307
-6.75282
-6.75195
-6.7527
-6.75282
-6.75327
-6.75211
-6.75258
-6.75274
-6.7529
-6.75372
-6.75389
-6.75439
-6.75392
-6.75442
-6.75427
-6.75445
-6.75462
-6.75415
-6.75432
-6.7545
-6.75466
-6.75386
-6.75467
-6.75483
-6.7563
-6.75646
-6.75727
-6.75712
-6.75761
-6.75843
-6.75828
-6.75813
-6.75832
-6.75851
-6.75871
-6.75827
-6.75816
-6.75872
-6.75896
-6.75955
-6.75982
-6.76076
-6.76075
-6.76205
-6.76272
-6.76341
-6.7638
-6.76453
-6.76432
-6.76541
-6.76653
-6.76703
-6.76722
-6.76872
-6.7696
-6.7705
-6.77045
-6.77041
-6.77104
-6.77234
-6.77268
-6.77271
-6.77404
-6.77474
-6.77545
-6.77584
-6.77721
-6.77825
-6.77898
-6.7797
-6.78042
-6.78114
-6.78152
-6.78189
-6.78289
-6.78356
-6.78421
-6.78517
-6.78577
-6.78635
-6.7869
-6.78709
-6.78693
-6.78771
-6.78812
-6.78849
-6.7885
-6.78879
-6.78936
-6.78955
-6.7897
-6.79012
-6.7905
-6.79081
-6.79043
-6.79064
-6.79079
-6.79057
-6.78996
-6.79027
-6.78891
-6.78878
-6.78826
-6.78737
-6.78706
-6.7867
-6.78563
-6.78548
-6.78462
-6.78371
-6.78274
-6.78203
-6.78095
-6.78015
-6.77896
-6.77773
-6.77645
-6.77479
-6.77342
-6.772
-6.77054
-6.76904
-6.76751
-6.76593
-6.76432
-6.76333
-6.76134
-6.75931
-6.75726
-6.75487
-6.75374
-6.75195
-6.74949
-6.74767
-6.7455
-6.74364
-6.7421
-6.73925
-6.73672
-6.73451
-6.7323
-6.73041
-6.72885
-6.72696
-6.72475
-6.72222
-6.72003
-6.71752
-6.716
-6.71448
-6.71266
-6.7102
-6.70906
-6.70632
-6.70489
-6.70316
-6.70178
-6.69977
-6.69779
-6.69648
-6.6939
-6.69231
-6.69011
-6.68826
-6.68677
-6.68466
-6.68259
-6.68119
-6.6795
-6.6785
-6.67721
-6.67562
-6.67473
-6.67355
-6.67143
-6.67098
-6.66959
-6.6689
-6.66695
-6.66569
-6.66481
-6.66364
-6.66284
-6.66209
-6.6614
-6.66042
-6.65982
-6.65927
-6.65877
-6.65801
-6.65762
-6.65793
-6.65669
-6.65647
-6.65631
-6.65718
-6.65746
-6.65845
-6.65853
-6.65899
-6.65887
-6.65881
-6.65946
-6.65985
-6.6603
-6.66114
-6.66171
-6.66203
-6.6624
-6.66381
-6.66464
-6.66584
-6.66678
-6.66746
-6.66851
-6.67027
-6.67144
-6.67298
-6.67458
-6.67558
-6.67728
-6.6787
-6.68115
-6.68266
-6.68455
-6.6868
-6.68844
-6.69077
-6.69249
-6.69392
-6.6957
-6.69719
-6.6987
-6.70056
-6.70244
-6.70498
-6.70722
-6.70948
-6.71174
-6.71402
-6.71695
-6.71924
-6.72056
-6.72252
-6.72449
-6.72644
-6.72741
-6.72935
-6.73192
-6.73382
-6.7357
-6.73756
-6.73875
-6.74055
-6.74104
-6.74278
-6.74449
-6.74649
-6.74845
-6.75069
-6.75224
-6.75407
-6.75553
-6.75694
-6.7583
-6.76025
-6.76118
-6.76205
-6.76415
-6.76523
-6.7669
-6.76818
-6.76907
-6.77023
-6.77002
-6.77072
-6.7707
-6.77095
-6.7708
-6.77123
-6.77191
-6.77253
-6.77276
-6.77356
-6.77365
-6.77334
-6.77393
-6.77382
-6.77331
-6.77306
-6.77306
-6.773
-6.77255
-6.77204
-6.77114
-6.77018
-6.77079
-6.77004
-6.76955
-6.76869
-6.76777
-6.76713
-6.76708
-6.76569
-6.76426
-6.7631
-6.76158
-6.76034
-6.75938
-6.75807
-6.75737
-6.75632
-6.75491
-6.75315
-6.75233
-6.7502
-6.74902
-6.74717
-6.74562
-6.74407
-6.74217
-6.74092
-6.739
-6.73773
-6.73581
-6.73518
-6.73358
-6.73134
-6.72942
-6.72783
-6.72624
-6.72499
-6.72375
-6.72187
-6.72032
-6.71879
-6.71728
-6.71546
-6.71398
-6.71252
-6.71076
-6.70934
-6.7086
-6.70723
-6.70556
-6.70393
-6.70264
-6.70106
-6.70016
-6.69929
-6.69813
-6.69636
-6.69527
-6.69454
-6.69288
-6.69256
-6.69162
-6.69041
-6.68956
-6.68843
-6.68766
-6.6863
-6.68595
-6.68469
-6.68444
-6.68424
-6.68345
-6.68336
-6.68299
-6.68301
-6.68275
-6.68223
-6.68242
-6.68235
-6.68168
-6.68173
-6.68184
-6.68298
-6.68354
-6.68416
-6.68451
-6.68461
-6.68478
-6.685
-6.6853
-6.68533
-6.68608
-6.68689
-6.68776
-6.68902
-6.68937
-6.69075
-6.6922
-6.6924
-6.69299
-6.69493
-6.69661
-6.69769
-6.69881
-6.70064
-6.7022
-6.70412
-6.70511
-6.70712
-6.70916
-6.71092
-6.71206
-6.71388
-6.7154
-6.7163
-6.71787
-6.71913
-6.7217
-6.72364
-6.72591
-6.72819
-6.73014
-6.73274
-6.73501
-6.73761
-6.73857
-6.74081
-6.74272
-6.74395
-6.74517
-6.74765
-6.74881
-6.74994
-6.75201
-6.75404
-6.75603
-6.75733
-6.75923
-6.76076
-6.76225
-6.76433
-6.76571
-6.76768
-6.76959
-6.77112
-6.77259
-6.77433
-6.77568
-6.77664
-6.77819
-6.77869
-6.77946
-6.77983
-6.78045
-6.78101
-6.7815
-6.78225
-6.78292
-6.78386
-6.78408
-6.78455
-6.78431
-6.78401
-6.78365
-6.78322
-6.78176
-6.78187
-6.78127
-6.78093
-6.78055
-6.78011
-6.77963
-6.7791
-6.77886
-6.77825
-6.77728
-6.77627
-6.77459
-6.77386
-6.77277
-6.77199
-6.7712
-6.77071
-6.77021
-6.76971
-6.76824
-6.76677
-6.76628
-6.7658
-6.76468
-6.76357
-6.76313
-6.76207
-6.7607
-6.76001
-6.75903
-6.7584
-6.75716
-6.75628
-6.75641
-6.75592
-6.75483
-6.75443
-6.75406
-6.75374
-6.75378
-6.75419
-6.75366
-6.75414
-6.75466
-6.75457
-6.75451
-6.75415
-6.75415
-6.75352
-6.75389
-6.75396
-6.75404
-6.75381
-6.75327
-6.75338
-6.7535
-6.75296
-6.7534
-6.75318
-6.7536
-6.75368
-6.75374
-6.75346
-6.75445
-6.75477
-6.75474
-6.75532
-6.75523
-6.7551
-6.7559
-6.75569
-6.75545
-6.75517
-6.75484
-6.75447
-6.75504
-6.75427
-6.75444
-6.75359
-6.75336
-6.75342
-6.7528
-6.75215
-6.75148
-6.75111
-6.75071
-6.74965
-6.74922
-6.74781
-6.74608
-6.74595
-6.74519
-6.74442
-6.74334
-6.74292
-6.74186
-6.74083
-6.74047
-6.73981
-6.7395
-6.73891
-6.73932
-6.7388
-6.73864
-6.73852
-6.73781
-6.73875
-6.73845
-6.73788
-6.738
-6.73785
-6.73678
-6.73641
-6.73608
-6.73548
-6.7359
-6.7354
-6.73558
-6.73614
-6.73641
-6.7364
-6.73642
-6.7368
-6.73688
-6.73699
-6.73777
-6.73824
-6.73873
-6.73891
-6.73975
-6.74028
-6.7408
-6.74166
-6.74218
-6.74335
-6.74386
-6.74403
-6.74387
-6.74466
-6.7451
-6.74487
-6.74526
-6.74562
-6.74497
-6.74462
-6.7452
-6.74509
-6.74559
-6.74605
-6.74582
-6.74619
-6.74716
-6.74679
-6.74604
-6.74622
-6.74667
-6.74643
-6.74645
-6.74707
-6.74634
-6.74555
-6.74439
-6.74415
-6.74255
-6.74091
-6.74018
-6.73875
-6.73824
-6.73735
-6.7364
-6.73606
-6.73533
-6.73456
-6.73342
-6.73222
-6.73098
-6.72969
-6.72868
-6.72762
-6.72652
-6.72539
-6.72389
-6.72235
-6.72046
-6.71918
-6.71722
-6.71621
-6.71453
-6.71379
-6.71207
-6.71033
-6.70826
-6.70649
-6.7057
-6.7036
-6.70151
-6.69941
-6.69701
-6.69525
-6.69287
-6.69147
-6.6901
-6.68843
-6.68678
-6.68452
-6.6836
-6.68206
-6.68025
-6.67881
-6.67774
-6.67543
-6.67447
-6.67293
-6.67177
-6.671
-6.66965
-6.66902
-6.66878
-6.66829
-6.66691
-6.66658
-6.666
-6.66582
-6.6654
-6.66441
-6.66414
-6.66396
-6.66385
-6.66382
-6.66387
-6.66238
-6.66291
-6.66383
-6.66418
-6.66427
-6.66475
-6.66562
-6.66623
-6.66657
-6.66729
-6.66807
-6.66825
-6.66912
-6.67036
-6.67131
-6.6723
-6.673
-6.67307
-6.67447
-6.67557
-6.677
-6.67781
-6.67862
-6.68042
-6.68124
-6.68207
-6.68225
-6.6834
-6.68487
-6.68632
-6.68776
-6.68887
-6.69028
-6.69167
-6.69337
-6.69375
-6.69443
-6.69541
-6.69668
-6.69792
-6.69882
-6.69903
-6.69986
-6.70002
-6.70111
-6.70185
-6.70256
-6.70324
-6.70388
-6.70418
-6.70412
-6.70403
-6.70488
-6.70506
-6.70489
-6.70599
-6.70642
-6.70714
-6.70784
-6.70885
-6.70983
-6.71047
-6.71142
-6.71137
-6.71228
-6.71253
-6.71245
-6.71235
-6.71289
-6.71245
-6.71265
-6.71252
-6.71336
-6.71354
-6.71372
-6.71455
-6.71441
-6.71428
-6.71414
-6.71466
-6.71486
-6.71539
-6.71658
-6.71584
-6.71641
-6.71765
-6.71728
-6.7179
-6.71789
-6.71823
-6.71794
-6.71832
-6.71905
-6.72013
-6.72028
-6.7211
-6.72195
-6.72186
-6.72246
-6.72278
-6.72345
-6.72417
-6.72526
-6.72606
-6.72821
-6.72911
-6.72973
-6.73073
-6.73242
-6.73384
-6.73435
-6.73588
-6.73747
-6.73912
-6.74049
-6.7416
-6.74309
-6.74432
-6.74625
-6.74824
-6.74996
-6.75239
-6.75487
-6.75677
-6.75937
-6.7617
-6.76312
-6.76556
-6.76773
-6.76994
-6.77254
-6.77485
-6.77753
-6.77993
-6.78205
-6.78453
-6.78673
-6.78927
-6.79185
-6.79477
-6.7974
-6.79972
-6.8027
-6.80538
-6.80806
-6.8114
-6.81442
-6.81743
-6.81947
-6.82182
-6.82448
-6.82712
-6.82909
-6.83104
-6.83393
-6.83613
-6.83798
-6.84075
-6.84348
-6.84583
-6.8478
-6.84971
-6.85286
-6.85497
-6.85733
-6.85929
-6.86117
-6.86264
-6.86403
-6.86533
-6.86654
-6.86798
-6.869
-6.87024
-6.87106
-6.87242
-6.87335
-6.87287
-6.87358
-6.8745
-6.87498
-6.87535
-6.87559
-6.8754
-6.87541
-6.87497
-6.87442
-6.87439
-6.87457
-6.87463
-6.87425
-6.87375
-6.87248
-6.8711
-6.87025
-6.86895
-6.86787
-6.86635
-6.86473
-6.863
-6.86116
-6.85987
-6.85783
-6.85602
-6.85346
-6.85081
-6.84872
-6.84621
-6.84331
-6.84032
-6.83791
-6.83575
-6.83222
-6.82928
-6.82628
-6.82354
-6.82042
-6.81725
-6.81436
-6.81079
-6.80749
-6.80481
-6.8008
-6.79742
-6.79401
-6.79058
-6.78682
-6.78337
-6.77894
-6.77612
-6.77331
-6.76954
-6.7661
-6.76364
-6.7612
-6.75748
-6.75412
-6.7511
-6.74779
-6.74452
-6.74194
-6.7381
-6.73496
-6.73186
-6.72914
-6.72615
-6.7229
-6.71971
-6.71691
-6.71417
-6.71086
-6.70892
-6.70577
-6.70366
-6.70132
-6.70004
-6.69658
-6.69451
-6.69222
-6.69002
-6.68793
-6.68561
-6.68373
-6.68131
-6.67964
-6.67809
-6.67731
-6.67566
-6.67446
-6.67306
-6.6721
-6.67127
-6.6712
-6.67126
-6.67111
-6.67109
-6.67055
-6.67014
-6.67017
-6.67129
-6.6719
-6.67262
-6.67282
-6.67281
-6.67324
-6.67444
-6.67543
-6.67652
-6.67805
-6.67903
-6.68044
-6.68194
-6.68484
-6.68685
-6.68895
-6.69178
-6.69339
-6.69572
-6.69811
-6.70057
-6.70276
-6.705
-6.70793
-6.70994
-6.7123
-6.71469
-6.71743
-6.72051
-6.72296
-6.72573
-6.72883
-6.73224
-6.735
-6.73807
-6.74143
-6.74445
-6.74679
-6.74973
-6.75231
-6.75516
-6.75763
-6.76037
-6.76305
-6.76598
-6.76852
-6.77066
-6.77336
-6.77534
-6.77658
-6.77838
-6.78041
-6.78234
-6.78385
-6.78526
-6.78656
-6.78744
-6.78853
-6.78985
-6.79105
-6.79214
-6.7928
-6.79366
-6.79377
-6.79442
-6.79431
-6.79408
-6.7944
-6.79428
-6.79374
-6.79406
-6.79362
-6.79341
-6.79343
-6.79238
-6.79155
-6.79063
-6.78995
-6.78887
-6.78802
-6.78644
-6.78576
-6.78436
-6.78289
-6.78135
-6.77943
-6.77745
-6.77606
-6.77429
-6.7728
-6.7703
-6.76776
-6.76615
-6.76418
-6.76219
-6.76016
-6.75747
-6.7554
-6.75331
-6.75185
-6.74974
-6.74762
-6.74517
-6.74303
-6.74122
-6.73973
-6.73792
-6.73515
-6.73335
-6.73188
-6.72913
-6.72671
-6.72463
-6.72256
-6.72018
-6.71749
-6.71578
-6.71474
-6.71242
-6.71077
-6.70848
-6.70686
-6.70428
-6.7027
-6.70177
-6.6999
-6.69836
-6.69619
-6.69437
-6.69255
-6.69043
-6.68865
-6.68624
-6.68449
-6.68275
-6.68136
-6.67965
-6.67861
-6.67726
-6.6756
-6.67364
-6.67169
-6.66976
-6.66816
-6.66691
-6.66504
-6.66415
-6.66231
-6.66082
-6.65902
-6.65726
-6.65584
-6.65446
-6.6531
-6.65177
-6.64951
-6.64793
-6.64671
-6.64488
-6.64342
-6.642
-6.64192
-6.64125
-6.64063
-6.63942
-6.63891
-6.63814
-6.63743
-6.63678
-6.63588
-6.63635
-6.63526
-6.63491
-6.63462
-6.63345
-6.63365
-6.63361
-6.6343
-6.63443
-6.63465
-6.63495
-6.63632
-6.63745
-6.63802
-6.63868
-6.63943
-6.64059
-6.64151
-6.64285
-6.64394
-6.64544
-6.64638
-6.64772
-6.64914
-6.65063
-6.65219
-6.6535
-6.6552
-6.65632
-6.65749
-6.65937
-6.66129
-6.66229
-6.66496
-6.66701
-6.66876
-6.67217
-6.6743
-6.67646
-6.67829
-6.68079
-6.68296
-6.68449
-6.686
-6.6888
-6.69062
-6.69305
-6.69514
-6.69719
-6.69921
-6.70151
-6.70377
-6.70566
-6.70781
-6.70992
-6.71196
-6.71394
-6.71553
-6.71672
-6.71882
-6.71987
-6.72117
-6.72206
-6.72288
-6.72361
-6.72459
-6.72613
-6.72727
-6.72865
-6.72961
-6.7305
-6.73065
-6.73104
-6.73168
-6.73158
-6.7314
-6.73147
-6.73146
-6.73106
-6.7309
-6.73002
-6.72973
-6.72904
-6.72829
-6.72813
-6.72758
-6.72764
-6.72667
-6.72566
-6.72428
-6.72318
-6.72237
-6.72153
-6.72099
-6.7201
-6.71919
-6.71794
-6.717
-6.71605
-6.71477
-6.71318
-6.7132
-6.71226
-6.71166
-6.71075
-6.71018
-6.7093
-6.70845
-6.70731
-6.70652
-6.70576
-6.70472
-6.70404
-6.70341
-6.70282
-6.70227
-6.70113
-6.70069
-6.69998
-6.69932
-6.69936
-6.69946
-6.69896
-6.69853
-6.6988
-6.69849
-6.69856
-6.699
-6.70016
-6.70041
-6.70006
-6.69978
-6.7002
-6.70035
-6.70056
-6.70147
-6.70178
-6.7028
-6.70419
-6.70498
-6.70614
-6.70703
-6.70796
-6.70926
-6.71028
-6.71166
-6.7134
-6.71453
-6.71602
-6.71689
-6.7191
-6.71971
-6.72067
-6.72263
-6.72428
-6.72564
-6.72636
-6.72808
-6.73013
-6.73155
-6.7333
-6.73474
-6.73553
-6.7373
-6.73875
-6.74085
-6.74198
-6.74277
-6.74356
-6.74499
-6.74674
-6.74782
-6.74922
-6.7506
-6.75196
-6.75395
-6.75527
-6.75689
-6.75816
-6.75941
-6.76062
-6.76246
-6.76393
-6.76505
-6.76613
-6.7675
-6.76851
-6.7698
-6.77039
-6.77062
-6.77146
-6.77257
-6.77298
-6.77303
-6.77367
-6.77394
-6.77415
-6.77464
-6.7754
-6.77578
-6.77643
-6.77638
-6.7766
-6.77741
-6.77784
-6.77822
-6.77823
-6.77786
-6.77743
-6.77663
-6.77611
-6.77553
-6.77523
-6.77488
-6.77448
-6.77404
-6.77355
-6.77238
-6.77278
-6.77218
-6.77121
-6.77086
-6.76982
-6.76843
-6.76765
-6.76718
-6.76603
-6.76486
-6.76399
-6.7631
-6.76188
-6.76096
-6.76035
-6.75942
-6.75847
-6.75719
-6.75592
-6.75496
-6.75401
-6.75338
-6.75211
-6.75085
-6.75058
-6.74903
-6.74911
-6.74791
-6.74705
-6.74654
-6.74638
-6.74623
-6.74482
-6.74408
-6.74402
-6.74399
-6.74269
-6.7424
-6.74182
-6.74127
-6.74075
-6.74092
-6.74048
-6.73942
-6.73873
-6.73807
-6.73745
-6.73719
-6.73664
-6.73645
-6.73565
-6.73521
-6.7348
-6.73378
-6.73311
-6.73409
-6.73413
-6.73387
-6.73332
-6.73343
-6.73389
-6.73339
-6.73356
-6.73408
-6.73428
-6.73417
-6.73439
-6.73527
-6.73518
-6.73607
-6.73598
-6.73622
-6.73678
-6.73733
-6.73722
-6.73743
-6.73762
-6.73813
-6.73764
-6.73811
-6.73824
-6.73867
-6.73908
-6.73849
-6.73821
-6.73822
-6.73756
-6.73752
-6.73681
-6.73672
-6.73628
-6.73646
-6.735
-6.73416
-6.7333
-6.73306
-6.73312
-6.73251
-6.7322
-6.73123
-6.73056
-6.72923
-6.72853
-6.72782
-6.7271
-6.72637
-6.72595
-6.72553
-6.72576
-6.72501
-6.72556
-6.72611
-6.72634
-6.72658
-6.72586
-6.72548
-6.72511
-6.72476
-6.72442
-6.72443
-6.72414
-6.72388
-6.72397
-6.72344
-6.72424
-6.72379
-6.72401
-6.72396
-6.72362
-6.72494
-6.72533
-6.72577
-6.72626
-6.72647
-6.72705
-6.72736
-6.72772
-6.72813
-6.72827
-6.72878
-6.72901
-6.73027
-6.73126
-6.73165
-6.73273
-6.73419
-6.73473
-6.73563
-6.73626
-6.73758
-6.73894
-6.74001
-6.7408
-6.74163
-6.74314
-6.74436
-6.74593
-6.74655
-6.7485
-6.74949
-6.75084
-6.75187
-6.75292
-6.75463
-6.75635
-6.75743
-6.75851
-6.75959
-6.76068
-6.76176
-6.76283
-6.76455
-6.76625
-6.76698
-6.76834
-6.76935
-6.77068
-6.77231
-6.77327
-6.77518
-6.77609
-6.77601
-6.7772
-6.77901
-6.77982
-6.7806
-6.78167
-6.78336
-6.78469
-6.78632
-6.78694
-6.78817
-6.78872
-6.78989
-6.79069
-6.79179
-6.79253
-6.79356
-6.79423
-6.79487
-6.79548
-6.79703
-6.7979
-6.79842
-6.79956
-6.79938
-6.80014
-6.80023
-6.79965
-6.80001
-6.80035
-6.80099
-6.80161
-6.80189
-6.80214
-6.80173
-6.80259
-6.80247
-6.80232
-6.80249
-6.80231
-6.80245
-6.80256
-6.80267
-6.80243
-6.80218
-6.80224
-6.80164
-6.80135
-6.80202
-6.80235
-6.80267
-6.80233
-6.80295
-6.80193
-6.80154
-6.80179
-6.80203
-6.80192
-6.80148
-6.80198
-6.8015
-6.80165
-6.80146
-6.80157
-6.80134
-6.80076
-6.80049
-6.80052
-6.80053
-6.80019
-6.79982
-6.79911
-6.7987
-6.79859
-6.7978
-6.79764
-6.79681
-6.79627
-6.79507
-6.79448
-6.79387
-6.79323
-6.79257
-6.79221
-6.79117
-6.78979
