1.19955
1.19873
1.19786
1.19696
1.19604
1.19508
1.19409
1.19308
1.19204
1.19098
1.1899
1.18879
1.18767
1.18653
1.18536
1.18418
1.18299
1.18177
1.18054
1.1793
1.17804
1.17676
1.17547
1.17417
1.17284
1.1715
1.17015
1.16878
1.1674
1.166
1.16459
1.16316
1.16171
1.16025
1.15878
1.1573
1.1558
1.15429
1.15276
1.15123
1.14968
1.14813
1.14656
1.14499
1.14341
1.14183
1.14024
1.13865
1.13705
1.13546
1.13387
1.13228
1.1307
1.12912
1.12756
1.12601
1.12448
1.12296
1.12146
1.11999
1.11854
1.11712
1.11573
1.11437
1.11306
1.11178
1.11054
1.10935
1.10821
1.10713
1.10609
1.10512
1.1042
1.10335
1.10257
1.10185
1.10121
1.10063
1.10014
1.09972
1.09937
1.09911
1.09893
1.09883
1.09882
1.09889
1.09904
1.09928
1.0996
1.10001
1.10051
1.10109
1.10176
1.10252
1.10336
1.10429
1.1053
1.1064
1.10758
1.10884
1.11018
1.1116
1.1131
1.11467
1.11632
1.11803
1.11982
1.12168
1.1236
1.12559
1.12763
1.12974
1.13189
1.1341
1.13636
1.13867
1.14102
1.14341
1.14583
1.14829
1.15078
1.15329
1.15583
1.15838
1.16095
1.16354
1.16613
1.16872
1.17131
1.1739
1.17648
1.17905
1.18161
1.18415
1.18666
1.18915
1.19161
1.19404
1.19643
1.19879
1.2011
1.20338
1.20561
1.20779
1.20992
1.212
1.21403
1.216
1.21792
1.21978
1.22159
1.22335
1.22504
1.22668
1.22827
1.22979
1.23126
1.23268
1.23404
1.23534
1.2366
1.2378
1.23896
1.24007
1.24113
1.24215
1.24313
1.24407
1.24497
1.24583
1.24666
1.24746
1.24823
1.24897
1.24969
1.25038
1.25105
1.2517
1.25233
1.25294
1.25353
1.25411
1.25467
1.25522
1.25575
1.25627
1.25677
1.25725
1.25772
1.25818
1.25861
1.25903
1.25943
1.25981
1.26017
1.26051
1.26082
1.26111
1.26137
1.2616
1.26181
1.26198
1.26212
1.26223
1.26231
1.26234
1.26235
1.26231
1.26223
1.26212
1.26196
1.26177
1.26153
1.26126
1.26094
1.26058
1.26019
1.25975
1.25927
1.25876
1.2582
1.25762
1.25699
1.25634
1.25566
1.25494
1.2542
1.25343
1.25265
1.25184
1.25101
1.25016
1.2493
1.24842
1.24754
1.24665
1.24575
1.24485
1.24395
1.24305
1.24215
1.24126
1.24038
1.23952
1.23866
1.23782
1.237
1.23619
1.23541
1.23466
1.23392
1.23322
1.23254
1.23189
1.23127
1.23069
1.23013
1.22961
1.22912
1.22866
1.22824
1.22785
1.2275
1.22718
1.2269
1.22665
1.22644
1.22626
1.22612
1.22601
1.22594
1.2259
1.22589
1.22592
1.22597
1.22605
1.22617
1.22631
1.22648
1.22667
1.22689
1.22713
1.2274
1.22769
1.228
1.22833
1.22867
1.22904
1.22942
1.22982
1.23023
1.23066
1.2311
1.23155
1.23201
1.23248
1.23296
1.23344
1.23393
1.23443
1.23493
1.23544
1.23596
1.23647
1.23699
1.23752
1.23804
1.23857
1.23909
1.23961
1.24014
1.24066
1.24118
1.24169
1.2422
1.2427
1.24319
1.24368
1.24416
1.24464
1.2451
1.24555
1.24599
1.24641
1.24682
1.24721
1.24759
1.24795
1.24829
1.24861
1.24891
1.24919
1.24945
1.24968
1.24988
1.25006
1.2502
1.25032
1.2504
1.25045
1.25047
1.25045
1.25039
1.2503
1.25017
1.25
1.24978
1.24953
1.24923
1.2489
1.24852
1.2481
1.24764
1.24714
1.24659
1.246
1.24537
1.2447
1.24399
1.24323
1.24244
1.24161
1.24074
1.23984
1.2389
1.23792
1.23691
1.23587
1.23479
1.23369
1.23256
1.2314
1.23021
1.229
1.22776
1.22651
1.22523
1.22393
1.22262
1.22129
1.21995
1.2186
1.21723
1.21586
1.21448
1.21309
1.21169
1.21029
1.20889
1.20748
1.20608
1.20468
1.20328
1.20188
1.20049
1.1991
1.19772
1.19635
1.19499
1.19363
1.19229
1.19096
1.18965
1.18836
1.18707
1.18581
1.18456
1.18333
1.18212
1.18093
1.17976
1.17861
1.17748
1.17637
1.17529
1.17423
1.1732
1.17219
1.17121
1.17026
1.16933
1.16842
1.16755
1.16669
1.16587
1.16507
1.1643
1.16355
1.16283
1.16214
1.16147
1.16083
1.16021
1.15962
1.15905
1.1585
1.15797
1.15747
1.15699
1.15652
1.15608
1.15565
1.15524
1.15484
1.15446
1.15409
1.15373
1.15338
1.15303
1.15269
1.15236
1.15203
1.1517
1.15137
1.15104
1.15071
1.15038
1.15004
1.14969
1.14934
1.14897
1.1486
1.14821
1.14781
1.1474
1.14697
1.14653
1.14607
1.14559
1.14509
1.14458
1.14405
1.1435
1.14293
1.14234
1.14173
1.14111
1.14047
1.13981
1.13913
1.13844
1.13773
1.13701
1.13627
1.13552
1.13476
1.13399
1.13321
1.13242
1.13162
1.13082
1.13002
1.12922
1.12841
1.12761
1.1268
1.12601
1.12522
1.12444
1.12366
1.1229
1.12214
1.1214
1.12068
1.11997
1.11928
1.11861
1.11796
1.11733
1.11672
1.11614
1.11558
1.11504
1.11453
1.11405
1.11359
1.11316
1.11276
1.11238
1.11203
1.1117
1.11141
1.11113
1.11089
1.11066
1.11046
1.11028
1.11012
1.10998
1.10985
1.10975
1.10965
1.10957
1.1095
1.10943
1.10937
1.10931
1.10925
1.10919
1.10912
1.10904
1.10895
1.10885
1.10873
1.10859
1.10843
1.10824
1.10803
1.10778
1.1075
1.10719
1.10683
1.10644
1.10601
1.10553
1.10501
1.10444
1.10383
1.10317
1.10245
1.10169
1.10088
1.10002
1.09911
1.09815
1.09713
1.09607
1.09495
1.09379
1.09258
1.09132
1.09002
1.08868
1.0873
1.08589
1.08444
1.08296
1.08145
1.07991
1.07836
1.07679
1.0752
1.0736
1.072
1.07039
1.06879
1.06719
1.0656
1.06402
1.06247
1.06094
1.05943
1.05796
1.05653
1.05513
1.05379
1.05248
1.05124
1.05005
1.04892
1.04785
1.04685
1.04593
1.04507
1.0443
1.04361
1.043
1.04248
1.04205
1.04171
1.04147
1.04131
1.04126
1.04131
1.04146
1.04171
1.04206
1.04252
1.04309
1.04375
1.04453
1.04541
1.0464
1.0475
1.0487
1.05
1.05142
1.05294
1.05456
1.05629
1.05812
1.06005
1.06208
1.06421
1.06643
1.06875
1.07115
1.07364
1.07622
1.07888
1.08162
1.08444
1.08733
1.09029
1.09333
1.09642
1.09958
1.1028
1.10607
1.1094
1.11277
1.11618
1.11963
1.12312
1.12663
1.13018
1.13374
1.13732
1.14092
1.14452
1.14813
1.15174
1.15534
1.15893
1.16252
1.16608
1.16963
1.17315
1.17664
1.1801
1.18352
1.1869
1.19023
1.19352
1.19676
1.19993
1.20305
1.20611
1.2091
1.21202
1.21488
1.21765
1.22036
1.22298
1.22551
1.22797
1.23034
1.23261
1.2348
1.2369
1.2389
1.24081
1.24262
1.24434
1.24596
1.24749
1.24891
1.25024
1.25147
1.2526
1.25363
1.25456
1.2554
1.25614
1.25679
1.25734
1.2578
1.25817
1.25844
1.25863
1.25872
1.25873
1.25864
1.25848
1.25823
1.25789
1.25748
1.25698
1.25641
1.25577
1.25505
1.25427
1.25341
1.25249
1.2515
1.25044
1.24933
1.24815
1.24692
1.24563
1.24429
1.2429
1.24146
1.23997
1.23844
1.23687
1.23526
1.2336
1.23192
1.23019
1.22844
1.22665
1.22484
1.223
1.22114
1.21926
1.21737
1.21546
1.21353
1.2116
1.20966
1.20771
1.20575
1.2038
1.20186
1.19992
1.19799
1.19607
1.19417
1.19229
1.19043
1.18859
1.18679
1.18501
1.18327
1.18157
1.17991
1.1783
1.17673
1.17521
1.17375
1.17234
1.171
1.16971
1.16849
1.16734
1.16625
1.16524
1.16431
1.16345
1.16268
1.16198
1.16136
1.16083
1.16038
1.16001
1.15974
1.15954
1.15943
1.1594
1.15946
1.15959
1.1598
1.1601
1.16046
1.1609
1.16141
1.16199
1.16263
1.16333
1.16409
1.1649
1.16576
1.16666
1.16761
1.16859
1.16961
1.17066
1.17172
1.17281
1.17392
1.17503
1.17616
1.17728
1.17841
1.17953
1.18064
1.18175
1.18284
1.18391
1.18496
1.18599
1.18699
1.18797
1.18891
1.18982
1.1907
1.19154
1.19234
1.1931
1.19383
1.19452
1.19517
1.19578
1.19635
1.19688
1.19737
1.19783
1.19825
1.19863
1.19897
1.19928
1.19956
1.1998
1.2
1.20018
1.20033
1.20044
1.20053
1.20059
1.20062
1.20063
1.20062
1.20058
1.20052
1.20045
1.20035
1.20023
1.2001
1.19995
1.19978
1.19961
1.19941
1.19921
1.19899
1.19876
1.19851
1.19826
1.19799
1.19772
1.19744
1.19715
1.19684
1.19653
1.19622
1.19589
1.19556
1.19522
1.19487
1.19452
1.19417
1.1938
1.19344
1.19306
1.19269
1.1923
1.19192
1.19153
1.19115
1.19076
1.19037
1.18998
1.1896
1.18922
1.18884
1.18847
1.18811
1.18776
1.18741
1.18708
1.18676
1.18646
1.18617
1.1859
1.18564
1.18541
1.18521
1.18502
1.18487
1.18474
1.18464
1.18457
1.18454
1.18454
1.18458
1.18466
1.18478
1.18494
1.18514
1.18539
1.18569
1.18604
1.18643
1.18688
1.18738
1.18793
1.18853
1.18919
1.1899
1.19067
1.19149
1.19237
1.19331
1.19431
1.19536
1.19646
1.19763
1.19885
1.20012
1.20145
1.20283
1.20427
1.20576
1.20731
1.2089
1.21054
1.21224
1.21398
1.21577
1.21761
1.21949
1.22141
1.22338
1.22538
1.22742
1.2295
1.23161
1.23376
1.23593
1.23812
1.24035
1.2426
1.24486
1.24714
1.24944
1.25175
1.25407
1.25639
1.25872
1.26104
1.26336
1.26568
1.26798
1.27027
1.27254
1.27479
1.27701
1.27921
1.28138
1.28351
1.28559
1.28764
1.28963
1.29158
1.29347
1.2953
1.29706
1.29875
1.30038
1.30192
1.30339
1.30477
1.30606
1.30726
1.30836
1.30936
1.31026
1.31106
1.31174
1.3123
1.31275
1.31308
1.31328
1.31336
1.3133
1.31311
1.31278
1.31232
1.31171
1.31096
1.31006
1.30902
1.30783
1.30649
1.30499
1.30334
1.30153
1.29957
1.29746
1.29518
1.29275
1.29016
1.28742
1.28451
1.28145
1.27824
1.27487
1.27135
1.26769
1.26387
1.25991
1.2558
1.25155
1.24716
1.24264
1.23799
1.23321
1.22831
1.22328
1.21814
1.21289
1.20753
1.20207
1.19652
1.19087
1.18514
1.17933
1.17345
1.16751
1.16151
1.15545
1.14936
1.14323
1.13707
1.13088
1.12469
1.11849
1.11229
1.1061
1.09994
1.0938
1.0877
1.08164
1.07564
1.0697
1.06383
1.05804
1.05233
1.04673
1.04123
1.03584
1.03057
1.02543
1.02043
1.01557
1.01087
1.00633
1.00195
0.997744
0.993713
0.989866
0.986206
0.98274
0.979474
0.97641
0.973551
0.970902
0.968467
0.966248
0.964246
0.962462
0.960899
0.959557
0.958437
0.957539
0.956863
0.95641
0.956176
0.956162
0.956367
0.956787
0.957419
0.958261
0.959309
0.96056
0.962009
0.963654
0.965489
0.96751
0.969712
0.972092
0.974645
0.977365
0.980245
0.983281
0.986465
0.989794
0.993261
0.996862
1.00059
1.00444
1.00841
1.01248
1.01666
1.02093
1.0253
1.02974
1.03427
1.03886
1.04353
1.04825
1.05303
1.05786
1.06273
1.06765
1.07259
1.07756
1.08255
1.08756
1.09258
1.09761
1.10263
1.10765
1.11266
1.11766
1.12263
1.12758
1.1325
1.13738
1.14223
1.14704
1.1518
1.15651
1.16116
1.16576
1.17029
1.17476
1.17916
1.18348
1.18773
1.1919
1.19599
1.19999
1.20391
1.20774
1.21147
1.21511
1.21865
1.2221
1.22544
1.22868
1.23182
1.23485
1.23777
1.24059
1.24329
1.24589
1.24837
1.25073
1.25299
1.25512
1.25715
1.25906
1.26085
1.26253
1.26409
1.26554
1.26687
1.2681
1.26921
1.2702
1.27109
1.27186
1.27252
1.27308
1.27353
1.27387
1.27411
1.27425
1.27429
1.27423
1.27408
1.27383
1.2735
1.27307
1.27257
1.27198
1.27131
1.27056
1.26974
1.26885
1.26789
1.26687
1.26578
1.26463
1.26344
1.26219
1.26089
1.25955
1.25817
1.25675
1.2553
1.25383
1.25233
1.25081
1.24927
1.24772
1.24616
1.2446
1.24303
1.24147
1.23991
1.23836
1.23682
1.23529
1.23378
1.2323
1.23083
1.22939
1.22798
1.2266
1.22526
1.22395
1.22267
1.22144
1.22025
1.2191
1.21799
1.21693
1.21591
1.21494
1.21402
1.21314
1.21232
1.21154
1.2108
1.21012
1.20948
1.20889
1.20835
1.20785
1.2074
1.20699
1.20662
1.20629
1.206
1.20576
1.20555
1.20538
1.20525
1.20516
1.20509
1.20506
1.20506
1.20509
1.20514
1.20522
1.20532
1.20545
1.2056
1.20577
1.20596
1.20617
1.2064
1.20665
1.20692
1.2072
1.2075
1.20782
1.20815
1.20849
1.20885
1.20921
1.20959
1.20998
1.21038
1.21079
1.2112
1.21163
1.21206
1.2125
1.21295
1.2134
1.21386
1.21432
1.21479
1.21525
1.21572
1.21619
1.21666
1.21712
1.21759
1.21805
1.21851
1.21896
1.21941
1.21984
1.22027
1.22068
1.22109
1.22148
1.22185
1.22221
1.22256
1.22288
1.22318
1.22347
1.22373
1.22397
1.22419
1.22438
1.22455
1.2247
1.22481
1.2249
1.22496
1.225
1.22501
1.22499
1.22495
1.22487
1.22477
1.22464
1.22447
1.22428
1.22406
1.22381
1.22354
1.22323
1.2229
1.22253
1.22215
1.22173
1.22129
1.22081
1.22032
1.21979
1.21924
1.21866
1.21806
1.21744
1.21679
1.21611
1.21541
1.21469
1.21394
1.21317
1.21237
1.21155
1.21071
1.20985
1.20897
1.20807
1.20715
1.2062
1.20524
1.20426
1.20327
1.20225
1.20122
1.20018
1.19912
1.19805
1.19697
1.19588
1.19477
1.19366
1.19254
1.19142
1.19029
1.18915
1.18801
1.18687
1.18573
1.18459
1.18345
1.18232
1.18119
1.18007
1.17896
1.17786
1.17677
1.17569
1.17463
1.17358
1.17255
1.17153
1.17053
1.16955
1.16859
1.16765
1.16674
1.16584
1.16497
1.16412
1.1633
1.1625
1.16173
1.16098
1.16026
1.15957
1.15889
1.15824
1.15762
1.15702
1.15644
1.15589
1.15536
1.15486
1.15437
1.1539
1.15346
1.15303
1.15262
1.15223
1.15186
1.15151
1.15117
1.15085
1.15054
1.15025
1.14997
1.1497
1.14944
1.1492
1.14896
1.14873
1.14852
1.14831
1.14811
1.14792
1.14773
1.14756
1.14739
1.14722
1.14707
1.14692
1.14677
1.14663
1.1465
1.14637
1.14625
1.14614
1.14602
1.14591
1.14581
1.14571
1.14561
1.14552
1.14542
1.14533
1.14525
1.14516
1.14508
1.14499
1.14491
1.14483
1.14475
1.14466
1.14458
1.1445
1.14441
1.14432
1.14422
1.14412
1.14402
1.14391
1.1438
1.14368
1.14355
1.14342
1.14328
1.14314
1.14299
1.14283
1.14266
1.14249
1.1423
1.14211
1.1419
1.14169
1.14146
1.14123
1.14099
1.14073
1.14047
1.1402
1.13993
1.13964
1.13936
1.13907
1.13877
1.13848
1.13818
1.13788
1.13759
1.1373
1.13701
1.13673
1.13646
1.13621
1.13597
1.13574
1.13554
1.13536
1.1352
1.13506
1.13496
1.13488
1.13484
1.13483
1.13487
1.13495
1.13507
1.13523
1.13545
1.13571
1.13603
1.1364
1.13683
1.13732
1.13787
1.13847
1.13914
1.13987
1.14066
1.14151
1.14242
1.1434
1.14444
1.14554
1.1467
1.14793
1.14921
1.15055
1.15195
1.1534
1.15491
1.15646
1.15806
1.1597
1.16139
1.16311
1.16486
1.16666
1.16847
1.17032
1.17218
1.17406
1.17595
1.17786
1.17976
1.18167
1.18358
1.18548
1.18736
1.18924
1.19109
1.19292
1.19472
1.19649
1.19822
1.19992
1.20157
1.20318
1.20474
1.20625
1.2077
1.20909
1.21042
1.21168
1.21288
1.21401
1.21506
1.21605
1.21696
1.21779
1.21854
1.21921
1.2198
1.22031
1.22074
1.22108
1.22135
1.22153
1.22163
1.22164
1.22157
1.22143
1.2212
1.22089
1.22051
1.22005
1.21952
1.21891
1.21823
1.21749
1.21668
1.21581
1.21488
1.21389
1.21286
1.21177
1.21063
1.20945
1.20823
1.20697
1.20568
1.20436
1.20301
1.20163
1.20024
1.19883
1.19741
1.19599
1.19456
1.19313
1.1917
1.19028
1.18887
1.18747
1.1861
1.18474
1.1834
1.18209
1.18082
1.17957
1.17837
1.1772
1.17607
1.17499
1.17395
1.17296
1.17202
1.17112
1.17028
1.16949
1.16876
1.16808
1.16746
1.1669
1.16639
1.16594
1.16555
1.16522
1.16495
1.16473
1.16457
1.16447
1.16442
1.16442
1.16448
1.1646
1.16476
1.16497
1.16523
1.16554
1.16589
1.16629
1.16673
1.16721
1.16773
1.16829
1.16889
1.16952
1.17018
1.17087
1.17159
1.17234
1.17311
1.1739
1.17471
1.17555
1.1764
1.17727
1.17815
1.17905
1.17996
1.18087
1.1818
1.18274
1.18368
1.18462
1.18557
1.18652
1.18747
1.18842
1.18937
1.19031
1.19125
1.19219
1.19312
1.19405
1.19497
1.19587
1.19678
1.19767
1.19855
1.19943
1.20029
1.20114
1.20198
1.2028
1.20362
1.20442
1.20521
1.20599
1.20676
1.20751
1.20825
1.20898
1.20969
1.21038
1.21106
1.21173
1.21238
1.21302
1.21364
1.21424
1.21483
1.2154
1.21596
1.2165
1.21702
1.21753
1.21802
1.2185
1.21897
1.21941
1.21985
1.22027
1.22067
1.22106
1.22143
1.22179
1.22213
1.22247
1.22278
1.22309
1.22338
1.22366
1.22393
1.22419
1.22444
1.22468
1.2249
1.22512
1.22533
1.22553
1.22573
1.22591
1.22609
1.22626
1.22642
1.22658
1.22673
1.22687
1.22702
1.22716
1.22729
1.22742
1.22755
1.22768
1.2278
1.22791
1.22803
1.22814
1.22825
1.22836
1.22846
1.22855
1.22865
1.22873
1.22881
1.22888
1.22895
1.229
1.22905
1.22909
1.22911
1.22913
1.22913
1.22911
1.22908
1.22902
1.22895
1.22886
1.22875
1.22862
1.22846
1.22827
1.22806
1.22782
1.22755
1.22725
1.22692
1.22656
1.22616
1.22574
1.22528
1.22479
1.22426
1.2237
1.22311
1.22249
1.22183
1.22114
1.22043
1.21969
1.21892
1.21812
1.2173
1.21645
1.21559
1.2147
1.2138
1.21288
1.21196
1.21101
1.21007
1.20911
1.20815
1.20719
1.20623
1.20527
1.20431
1.20336
1.20242
1.20149
1.20057
1.19966
1.19876
1.19788
1.19702
1.19617
1.19534
1.19453
1.19373
1.19295
1.1922
1.19147
1.19076
1.19007
1.18939
1.18874
1.1881
1.18748
1.18688
1.1863
1.18573
1.18519
1.18466
1.18414
1.18364
1.18316
1.18269
1.18223
1.18179
1.18136
1.18094
1.18053
1.18014
1.17976
1.17939
1.17903
1.17869
1.17836
1.17803
1.17772
1.17742
1.17713
1.17686
1.17659
1.17634
1.1761
1.17587
1.17565
1.17545
1.17526
1.17508
1.17491
1.17475
1.1746
1.17446
1.17433
1.1742
1.17409
1.17398
1.17388
1.17379
1.1737
1.17362
1.17354
1.17347
1.1734
1.17333
1.17327
1.1732
1.17314
1.17307
1.173
1.17293
1.17285
1.17277
1.17268
1.17259
1.17249
1.17237
1.17225
1.17212
1.17197
1.17181
1.17164
1.17146
1.17126
1.17104
1.1708
1.17055
1.17027
1.16998
1.16966
1.16932
1.16896
1.16857
1.16816
1.16773
1.16727
1.16678
1.16627
1.16574
1.16517
1.16458
1.16397
1.16332
1.16266
1.16196
1.16123
1.16048
1.15971
1.1589
1.15807
1.15722
1.15635
1.15544
1.15452
1.15357
1.1526
1.15161
1.1506
1.14957
1.14852
1.14746
1.14638
1.14528
1.14418
1.14306
1.14193
1.1408
1.13965
1.1385
1.13735
1.13619
1.13503
1.13387
1.13271
1.13156
1.13041
1.12927
1.12813
1.12701
1.12589
1.12479
1.1237
1.12262
1.12156
1.12051
1.11949
1.11848
1.11749
1.11653
1.11558
1.11466
1.11377
1.11289
1.11204
1.11122
1.11041
1.10964
1.10889
1.10816
1.10746
1.10678
1.10613
1.1055
1.1049
1.10432
1.10376
1.10323
1.10272
1.10223
1.10177
1.10132
1.10089
1.10048
1.10009
1.09972
1.09937
1.09903
1.09872
1.09842
1.09813
1.09786
1.0976
1.09736
1.09713
1.09692
1.09672
1.09654
1.09637
1.09621
1.09607
1.09595
1.09584
1.09575
1.09567
1.09561
1.09557
1.09555
1.09555
1.09556
1.0956
1.09566
1.09575
1.09586
1.09599
1.09615
1.09634
1.09656
1.0968
1.09708
1.09739
1.09774
1.09812
1.09854
1.09899
1.09949
1.10002
1.1006
1.10122
1.10189
1.1026
1.10335
1.10416
1.10502
1.10592
1.10688
1.10788
1.10894
1.11005
1.11122
1.11243
1.1137
1.11503
1.1164
1.11784
1.11932
1.12086
1.12245
1.12409
1.12578
1.12753
1.12932
1.13116
1.13305
1.13498
1.13696
1.13898
1.14105
1.14316
1.14531
1.1475
1.14972
1.15197
1.15426
1.15658
1.15893
1.1613
1.1637
1.16611
1.16854
1.17099
1.17345
1.17592
1.1784
1.18088
1.18337
1.18585
1.18833
1.1908
1.19327
1.19572
1.19816
1.20057
1.20297
1.20534
1.20768
1.20999
1.21227
1.21451
1.21671
1.21886
1.22098
1.22304
1.22505
1.22701
1.22892
1.23076
1.23255
1.23427
1.23592
1.23751
1.23902
1.24047
1.24184
1.24313
1.24435
1.24549
1.24656
1.24754
1.24844
1.24926
1.25
1.25066
1.25123
1.25172
1.25212
1.25244
1.25268
1.25284
1.25291
1.25291
1.25282
1.25266
1.25241
1.2521
1.2517
1.25124
1.25071
1.2501
1.24944
1.2487
1.24791
1.24706
1.24616
1.2452
1.24419
1.24314
1.24204
1.2409
1.23972
1.2385
1.23726
1.23599
1.23469
1.23337
1.23204
1.23069
1.22933
1.22796
1.22658
1.22521
1.22383
1.22245
1.22109
1.21973
1.21839
1.21706
1.21574
1.21445
1.21318
1.21193
1.2107
1.2095
1.20833
1.20719
1.20608
1.205
1.20396
1.20295
1.20198
1.20104
1.20015
1.19929
1.19846
1.19768
1.19693
1.19622
1.19554
1.1949
1.1943
1.19373
1.19319
1.19268
1.19221
1.19176
1.19135
1.19096
1.19059
1.19025
1.18993
1.18963
1.18935
1.18909
1.18884
1.18861
1.18839
1.18818
1.18798
1.18779
1.1876
1.18741
1.18723
1.18705
1.18687
1.18668
1.1865
1.18631
1.18611
1.18591
1.18571
1.1855
1.18528
1.18506
1.18484
1.18461
1.18437
1.18414
1.18389
1.18365
1.18341
1.18317
1.18293
1.1827
1.18248
1.18227
1.18207
1.18188
1.18172
1.18157
1.18144
1.18134
1.18126
1.18122
1.18122
1.18126
1.18133
1.18146
1.18163
1.18185
1.18213
1.18246
1.18286
1.18332
1.18384
1.18444
1.18511
1.18586
1.18668
1.18758
1.18856
1.18962
1.19077
1.19199
1.1933
1.19469
1.19617
1.19772
1.19936
1.20107
1.20287
1.20475
1.2067
1.20872
1.21081
1.21297
1.21519
1.21747
1.21981
1.2222
1.22464
1.22712
1.22964
1.2322
1.23478
1.23739
1.24001
1.24265
1.24529
1.24794
1.25058
1.25322
1.25584
1.25844
1.26102
1.26356
1.26607
1.26854
1.27096
1.27334
1.27566
1.27793
1.28013
1.28226
1.28433
1.28632
1.28823
1.29006
1.29181
1.29348
1.29505
1.29654
1.29793
1.29922
1.30041
1.30151
1.3025
1.30339
1.30417
1.30485
1.30541
1.30588
1.30623
1.30647
1.30661
1.30663
1.30654
1.30635
1.30604
1.30562
1.30509
1.30446
1.30372
1.30287
1.30191
1.30084
1.29968
1.29841
1.29703
1.29556
1.29398
1.29231
1.29054
1.28867
1.28672
1.28467
1.28254
1.28032
1.27802
1.27563
1.27317
1.27064
1.26802
1.26534
1.2626
1.25979
1.25692
1.254
1.25102
1.248
1.24492
1.24181
1.23865
1.23546
1.23223
1.22897
1.2257
1.2224
1.21908
1.21575
1.21241
1.20906
1.20572
1.20238
1.19904
1.19571
1.1924
1.1891
1.18583
1.18258
1.17936
1.17618
1.17303
1.16992
1.16685
1.16383
1.16086
1.15794
1.15508
1.15228
1.14953
1.14685
1.14423
1.14168
1.1392
1.13679
1.13445
1.13218
1.12999
1.12787
1.12582
1.12385
1.12196
1.12014
1.1184
1.11673
1.11514
1.11363
1.11219
1.11082
1.10952
1.1083
1.10715
1.10606
1.10504
1.10409
1.1032
1.10238
1.10162
1.10091
1.10026
1.09967
1.09912
1.09863
1.09819
1.0978
1.09746
1.09716
1.0969
1.09669
1.09652
1.09639
1.09629
1.09623
1.09621
1.09622
1.09626
1.09634
1.09645
1.0966
1.09678
1.09698
1.09722
1.09749
1.0978
1.09813
1.0985
1.09889
1.09933
1.09979
1.10029
1.10082
1.10138
1.10198
1.10261
1.10328
1.10399
1.10473
1.1055
1.10632
1.10717
1.10805
1.10898
1.10994
1.11094
1.11198
1.11305
1.11416
1.11531
1.11649
1.11771
1.11896
1.12024
1.12155
1.12289
1.12426
1.12566
1.12708
1.12853
1.13
1.1315
1.13301
1.13454
1.13608
1.13764
1.13921
1.1408
1.14239
1.14399
1.1456
1.14721
1.14882
1.15042
1.15203
1.15363
1.15523
1.15682
1.1584
1.15997
1.16152
1.16307
1.16459
1.16611
1.1676
1.16908
1.17053
1.17197
1.17339
1.17478
1.17615
1.17749
1.17881
1.18011
1.18138
1.18262
1.18384
1.18503
1.18619
1.18732
1.18843
1.18951
1.19056
1.19159
1.19258
1.19354
1.19448
1.19538
1.19626
1.19711
1.19793
1.19872
1.19948
1.20021
1.2009
1.20157
1.2022
1.2028
1.20336
1.2039
1.2044
1.20486
1.2053
1.2057
1.20606
1.20639
1.20668
1.20694
1.20716
1.20735
1.20749
1.2076
1.20767
1.2077
1.2077
1.20765
1.20757
1.20745
1.20729
1.20709
1.20685
1.20658
1.20627
1.20592
1.20553
1.2051
1.20463
1.20413
1.20359
1.20302
1.20241
1.20176
1.20108
1.20036
1.19961
1.19882
1.198
1.19715
1.19627
1.19536
1.19441
1.19344
1.19244
1.19141
1.19036
1.18928
1.18818
1.18706
1.18592
1.18475
1.18357
1.18238
1.18117
1.17994
1.17871
1.17746
1.17621
1.17495
1.17369
1.17242
1.17116
1.1699
1.16864
1.16739
1.16615
1.16491
1.16369
1.16248
1.16128
1.16011
1.15895
1.15782
1.15671
1.15563
1.15457
1.15355
1.15256
1.1516
1.15068
1.1498
1.14895
1.14815
1.14739
1.14668
1.14601
1.14538
1.1448
1.14428
1.1438
1.14337
1.14299
1.14267
1.1424
1.14219
1.14202
1.14192
1.14186
1.14186
1.14191
1.14202
1.14218
1.1424
1.14267
1.14299
1.14336
1.14378
1.14426
1.14478
1.14534
1.14596
1.14662
1.14732
1.14807
1.14886
1.14968
1.15055
1.15145
1.15238
1.15335
1.15435
1.15538
1.15643
1.15752
1.15862
1.15976
1.16091
1.16208
1.16328
1.16449
1.16572
1.16696
1.16821
1.16947
1.17074
1.17202
1.1733
1.17458
1.17587
1.17715
1.17844
1.17971
1.18099
1.18225
1.18351
1.18475
1.18598
1.18719
1.18838
1.18956
1.19071
1.19185
1.19296
1.19404
1.1951
1.19613
1.19713
1.1981
1.19903
1.19993
1.20079
1.20162
1.2024
1.20315
1.20385
1.2045
1.20511
1.20567
1.20618
1.20664
1.20705
1.20741
1.20772
1.20797
1.20817
1.20831
1.20839
1.20841
1.20838
1.20828
1.20813
1.20791
1.20763
1.20729
1.20689
1.20643
1.20591
1.20532
1.20467
1.20396
1.20319
1.20236
1.20146
1.20051
1.19949
1.19842
1.19729
1.19609
1.19485
1.19355
1.19219
1.19079
1.18933
1.18782
1.18626
1.18465
1.183
1.18131
1.17957
1.17779
1.17598
1.17413
1.17225
1.17034
1.16839
1.16642
1.16443
1.1624
1.16036
1.15831
1.15623
1.15415
1.15205
1.14994
1.14782
1.1457
1.14358
1.14145
1.13933
1.13722
1.1351
1.133
1.1309
1.12882
1.12674
1.12468
1.12264
1.12061
1.11861
1.11662
1.11466
1.11272
1.1108
1.10891
1.10705
1.10521
1.10341
1.10163
1.09989
1.09818
1.09651
1.09487
1.09326
1.09169
1.09016
1.08867
1.08722
1.08581
1.08445
1.08313
1.08185
1.08061
1.07943
1.07829
1.0772
1.07615
1.07516
1.07422
1.07333
1.0725
1.07172
1.071
1.07033
1.06973
1.06919
1.06872
1.06831
1.06797
1.0677
1.06749
1.06736
1.06731
1.06733
1.06742
1.0676
1.06785
1.06819
1.06861
1.06911
1.0697
1.07038
1.07116
1.07202
1.07297
1.07402
1.07517
1.07641
1.07774
1.07918
1.08071
1.08234
1.08408
1.08591
1.08784
1.08987
1.092
1.09422
1.09655
1.09897
1.10149
1.1041
1.1068
1.10959
1.11248
1.11544
1.1185
1.12163
1.12485
1.12814
1.13151
1.13494
1.13845
1.14202
1.14565
1.14933
1.15307
1.15686
1.16069
1.16456
1.16847
1.17241
1.17638
1.18037
1.18439
1.18841
1.19245
1.19649
1.20053
1.20457
1.2086
1.21262
1.21661
1.22059
1.22454
1.22845
1.23233
1.23617
1.23996
1.24371
1.2474
1.25103
1.2546
1.25811
1.26155
1.26492
1.26821
1.27143
1.27456
1.27761
1.28058
1.28345
1.28623
1.28892
1.29151
1.294
1.29639
1.29867
1.30086
1.30293
1.30489
1.30675
1.30849
1.31012
1.31164
1.31305
1.31434
1.31552
1.31658
1.31753
1.31836
1.31907
1.31967
1.32016
1.32053
1.32079
1.32093
1.32097
1.32089
1.32071
1.32041
1.32001
1.3195
1.31888
1.31816
1.31734
1.31642
1.3154
1.31429
1.31308
1.31178
1.31039
1.30893
1.30738
1.30575
1.30404
1.30226
1.30041
1.2985
1.29652
1.29449
1.29241
1.29027
1.28809
1.28587
1.28361
1.28132
1.279
1.27666
1.2743
1.27192
1.26953
1.26714
1.26475
1.26236
1.25998
1.25761
1.25526
1.25293
1.25062
1.24835
1.24611
1.2439
1.24173
1.2396
1.23751
1.23547
1.23348
1.23153
1.22964
1.2278
1.22602
1.22428
1.2226
1.22097
1.2194
1.21787
1.2164
1.21498
1.2136
1.21227
1.21099
1.20974
1.20854
1.20737
1.20624
1.20514
1.20407
1.20303
1.20201
1.20101
1.20003
1.19907
1.19813
1.19719
1.19627
1.19536
1.19445
1.19355
1.19265
1.19175
1.19085
1.18995
1.18905
1.18814
1.18723
1.18632
1.1854
1.18448
1.18355
1.18262
1.18169
1.18075
1.17981
1.17886
1.17792
1.17697
1.17603
1.17509
1.17415
1.17322
1.1723
1.17139
1.17048
1.16959
1.16872
1.16786
1.16702
1.1662
1.16539
1.16462
1.16387
1.16314
1.16245
1.16179
1.16116
1.16056
1.16
1.15948
1.15899
1.15855
1.15814
1.15777
1.15745
1.15717
1.15693
1.15673
1.15658
1.15647
1.15641
1.15639
1.15642
1.15649
1.1566
1.15676
1.15696
1.15721
1.1575
1.15783
1.1582
1.15861
1.15906
1.15955
1.16008
1.16065
1.16125
1.16189
1.16256
1.16326
1.164
1.16476
1.16555
1.16636
1.16721
1.16808
1.16897
1.16988
1.17081
1.17177
1.17274
1.17373
1.17473
1.17575
1.17677
1.17781
1.17886
1.17991
1.18097
1.18203
1.18309
1.18416
1.18522
1.18628
1.18733
1.18837
1.18941
1.19043
1.19144
1.19243
1.1934
1.19435
1.19528
1.19618
1.19706
1.19791
1.19872
1.1995
1.20025
1.20095
1.20162
1.20225
1.20283
1.20336
1.20385
1.20429
1.20467
1.20501
1.20529
1.20551
1.20568
1.20579
1.20584
1.20584
1.20577
1.20564
1.20545
1.20521
1.2049
1.20453
1.20411
1.20363
1.20309
1.2025
1.20186
1.20117
1.20043
1.19965
1.19882
1.19795
1.19705
1.19611
1.19514
1.19414
1.19312
1.19207
1.191
1.18992
1.18882
1.18772
1.18661
1.1855
1.18439
1.18328
1.18219
1.18111
1.18004
1.179
1.17798
1.17699
1.17603
1.1751
1.17422
1.17337
1.17256
1.1718
1.17108
1.17042
1.16981
1.16926
1.16876
1.16833
1.16795
1.16764
1.16739
1.16721
1.16709
1.16704
1.16706
1.16715
1.16731
1.16753
1.16783
1.1682
1.16863
1.16914
1.16971
1.17035
1.17105
1.17182
1.17265
1.17354
1.1745
1.17551
1.17657
1.1777
1.17887
1.1801
1.18137
1.18269
1.18405
1.18544
1.18686
1.18832
1.1898
1.19131
1.19283
1.19438
1.19593
1.1975
1.19907
1.20064
1.20221
1.20377
1.20532
1.20686
1.20839
1.20989
1.21138
1.21283
1.21426
1.21565
1.217
1.21832
1.2196
1.22083
1.22202
1.22315
1.22424
1.22527
1.22624
1.22716
1.22801
1.22881
1.22954
1.23021
1.23082
1.23136
1.23183
1.23223
1.23256
1.23283
1.23303
1.23316
1.23322
1.23322
1.23314
1.23299
1.23278
1.2325
1.23216
1.23174
1.23127
1.23073
1.23012
1.22946
1.22873
1.22794
1.2271
1.2262
1.22524
1.22423
1.22316
1.22204
1.22087
1.21964
1.21837
1.21704
1.21567
1.21425
1.21279
1.21128
1.20973
1.20815
1.20652
1.20485
1.20315
1.20142
1.19965
1.19784
1.19601
1.19415
1.19227
1.19036
1.18844
1.18649
1.18452
1.18253
1.18053
1.17852
1.17649
1.17445
1.17241
1.17036
1.16831
1.16626
1.16421
1.16217
1.16013
1.1581
1.15608
1.15408
1.15209
1.15012
1.14817
1.14625
1.14435
1.14249
1.14065
1.13885
1.13708
1.13536
1.13368
1.13205
1.13047
1.12894
1.12746
1.12604
1.12467
1.12337
1.12213
1.12096
1.11985
1.11882
1.11786
1.11697
1.11616
1.11543
1.11477
1.11419
1.11369
1.11328
1.11294
1.11268
1.11251
1.11241
1.1124
1.11246
1.1126
1.11282
1.11311
1.11347
1.1139
1.1144
1.11495
1.11557
1.11624
1.11696
1.11773
1.11854
1.11939
1.12027
1.12118
1.12212
1.12308
1.12405
1.12504
1.12603
1.12702
1.12801
1.12899
1.12996
1.13092
1.13186
1.13277
1.13366
1.13453
1.13536
1.13616
1.13692
1.13764
1.13832
1.13896
1.13955
1.1401
1.1406
1.14105
1.14146
1.14182
1.14214
1.1424
1.14262
1.1428
1.14294
1.14303
1.14308
1.14309
1.14306
1.14299
1.14289
1.14276
1.1426
1.14241
1.1422
1.14196
1.1417
1.14142
1.14112
1.14082
1.1405
1.14017
1.13984
1.1395
1.13917
1.13884
1.13851
1.13819
1.13789
1.1376
1.13732
1.13706
1.13683
1.13662
1.13643
1.13628
1.13616
1.13606
1.13601
1.13598
1.136
1.13606
1.13616
1.13631
1.1365
1.13674
1.13702
1.13735
1.13773
1.13816
1.13863
1.13916
1.13973
1.14035
1.14103
1.14175
1.14252
1.14334
1.14421
1.14512
1.14608
1.14709
1.14815
1.14924
1.15039
1.15157
1.15279
1.15405
1.15535
1.15669
1.15805
1.15945
1.16088
1.16233
1.16382
1.16532
1.16686
1.16841
1.16997
1.17156
1.17315
1.17476
1.17638
1.17801
1.17965
1.18129
1.18293
1.18458
1.18623
1.18787
1.18951
1.19115
1.19277
1.19439
1.196
1.1976
1.19919
1.20077
1.20233
1.20389
1.20542
1.20695
1.20845
1.20994
1.21141
1.21286
1.21429
1.21571
1.2171
1.21848
1.21984
1.22118
1.2225
1.2238
1.22507
1.22633
1.22757
1.22878
1.22998
1.23116
1.23231
1.23345
1.23457
1.23566
1.23674
1.2378
1.23884
1.23985
1.24085
1.24182
1.24278
1.24371
1.24462
1.24551
1.24637
1.24722
1.24803
1.24883
1.24959
1.25033
1.25104
1.25172
1.25236
1.25298
1.25356
1.25411
1.25462
1.2551
1.25553
1.25593
1.25628
1.25659
1.25685
1.25706
1.25723
1.25734
1.25741
1.25741
1.25737
1.25727
1.25711
1.25688
1.2566
1.25626
1.25586
1.25539
1.25486
1.25426
1.25359
1.25286
1.25206
1.2512
1.25026
1.24927
1.24821
1.24708
1.24589
1.24463
1.24331
1.24193
1.24049
1.23898
1.23742
1.23581
1.23414
1.23242
1.23064
1.22883
1.22696
1.22506
1.22312
1.22114
1.21913
1.21709
1.21502
1.21294
1.21083
1.20871
1.20658
1.20444
1.2023
1.20015
1.19801
1.19588
1.19377
1.19167
1.18959
1.18753
1.18551
1.18351
1.18156
1.17964
1.17777
1.17595
1.17418
1.17247
1.17081
1.16922
1.16769
1.16623
1.16485
1.16354
1.16231
1.16117
1.1601
1.15912
1.15824
1.15744
1.15673
1.15612
1.15561
1.1552
1.15488
1.15467
1.15455
1.15453
1.15462
1.1548
1.15509
1.15547
1.15595
1.15653
1.15721
1.15797
1.15883
1.15977
1.16081
1.16192
1.16312
1.16439
1.16574
1.16715
1.16864
1.17018
1.17179
1.17345
1.17516
1.17692
1.17871
1.18054
1.1824
1.18429
1.18619
1.18811
1.19004
1.19197
1.19389
1.19581
1.19772
1.19961
1.20148
1.20332
1.20513
1.20689
1.20861
1.21028
1.2119
1.21345
1.21494
1.21636
1.21771
1.21898
1.22018
1.22129
1.22231
1.22324
1.22407
1.22481
1.22545
1.22599
1.22643
1.22676
1.22699
1.22711
1.22712
1.22703
1.22684
1.22654
1.22614
1.22563
1.22503
1.22433
1.22353
1.22265
1.22167
1.22061
1.21947
1.21826
1.21698
1.21563
1.21422
1.21276
1.21126
1.20971
1.20814
1.20653
1.2049
1.20327
1.20162
1.19998
1.19834
1.19672
1.19512
1.19355
1.19201
1.19051
1.18906
1.18765
1.1863
1.18501
1.18378
1.18263
1.18154
1.18053
1.17959
1.17874
1.17796
1.17727
1.17666
1.17613
1.17569
1.17533
1.17505
1.17484
1.17472
1.17467
1.1747
1.17479
1.17495
1.17518
1.17547
1.17581
1.17621
1.17665
1.17715
1.17769
1.17827
1.17889
1.17954
1.18021
1.18092
1.18164
1.18239
1.18315
1.18392
1.18471
1.1855
1.1863
1.18711
1.18791
1.18872
1.18952
1.19032
1.19112
1.1919
1.19268
1.19346
1.19422
1.19497
1.19571
1.19643
1.19715
1.19784
1.19852
1.19919
1.19984
1.20047
1.20108
1.20167
1.20224
1.20279
1.20332
1.20383
1.20431
1.20477
1.20521
1.20562
1.20601
1.20637
1.20671
1.20703
1.20731
1.20757
1.20781
1.20801
1.20818
1.20833
1.20845
1.20854
1.2086
1.20863
1.20864
1.20861
1.20856
1.20848
1.20838
1.20824
1.20808
1.2079
1.20769
1.20746
1.20721
1.20694
1.20664
1.20633
1.20601
1.20567
1.20531
1.20495
1.20457
1.20418
1.20379
1.20339
1.203
1.2026
1.2022
1.2018
1.20141
1.20102
1.20064
1.20027
1.1999
1.19955
1.1992
1.19886
1.19854
1.19822
1.19792
1.19763
1.19735
1.19709
1.19683
1.19658
1.19634
1.19611
1.19588
1.19566
1.19544
1.19522
1.19501
1.19479
1.19457
1.19435
1.19413
1.19389
1.19366
1.19341
1.19316
1.19289
1.19262
1.19233
1.19203
1.19171
1.19138
1.19103
1.19066
1.19027
1.18987
1.18944
1.189
1.18854
1.18806
1.18756
1.18705
1.18652
1.18598
1.18542
1.18485
1.18427
1.18367
1.18306
1.18244
1.18182
1.18118
1.18054
1.17989
1.17924
1.1786
1.17795
1.1773
1.17665
1.17601
1.17537
1.17474
1.17411
1.17349
1.17289
1.17229
1.17171
1.17114
1.17058
1.17004
1.16951
1.169
1.1685
1.16802
1.16756
1.16712
1.16669
1.16628
1.16589
1.16552
1.16516
1.16482
1.1645
1.1642
1.16391
1.16365
1.16339
1.16315
1.16293
1.16272
1.16252
1.16233
1.16215
1.16198
1.16182
1.16167
1.16152
1.16138
1.16125
1.16112
1.16099
1.16087
1.16074
1.16062
1.16049
1.16036
1.16023
1.1601
1.15996
1.15982
1.15967
1.15952
1.15936
1.15919
1.15901
1.15882
1.15863
1.15842
1.1582
1.15797
1.15773
1.15749
1.15723
1.15696
1.15668
1.15639
1.1561
1.15579
1.15548
1.15516
1.15484
1.15451
1.15417
1.15384
1.15349
1.15315
1.1528
1.15245
1.1521
1.15175
1.1514
1.15105
1.15071
1.15037
1.15004
1.14971
1.14939
1.14908
1.14878
1.14849
1.14821
1.14794
1.14768
1.14744
1.14721
1.14699
1.14679
1.14661
1.14644
1.14629
1.14615
1.14604
1.14594
1.14585
1.14578
1.14573
1.14569
1.14567
1.14566
1.14567
1.14569
1.14572
1.14577
1.14582
1.14589
1.14597
1.14605
1.14614
1.14624
1.14635
1.14645
1.14656
1.14668
1.14679
1.14691
1.14702
1.14714
1.14725
1.14735
1.14746
1.14756
1.14765
1.14774
1.14782
1.14788
1.14794
1.14799
1.14803
1.14806
1.14808
1.14809
1.14808
1.14806
1.14803
1.14799
1.14794
1.14788
1.1478
1.14772
1.14762
1.14751
1.14739
1.14726
1.14711
1.14696
1.1468
1.14663
1.14645
1.14626
1.14607
1.14587
1.14566
1.14544
1.14522
1.14499
1.14475
1.14451
1.14426
1.14401
1.14374
1.14348
1.14321
1.14293
1.14264
1.14235
1.14206
1.14176
1.14145
1.14114
1.14082
1.14049
1.14017
1.13983
1.1395
1.13916
1.13881
1.13846
1.13811
1.13776
1.1374
1.13704
1.13668
1.13632
1.13595
1.13559
1.13524
1.13488
1.13454
1.1342
1.13386
1.13354
1.13323
1.13293
1.13265
1.13238
1.13213
1.13191
1.1317
1.13152
1.13137
1.13124
1.13115
1.13108
1.13105
1.13105
1.1311
1.13117
1.13129
1.13145
1.13164
1.13188
1.13216
1.13249
1.13286
1.13327
1.13373
1.13423
1.13478
1.13537
1.136
1.13668
1.1374
1.13816
1.13896
1.1398
1.14068
1.14159
1.14254
1.14352
1.14453
1.14557
1.14663
1.14772
1.14882
1.14995
1.15108
1.15223
1.15338
1.15454
1.1557
1.15687
1.15803
1.15918
1.16033
1.16147
1.16259
1.16369
1.16478
1.16585
1.16688
1.1679
1.16888
1.16983
1.17075
1.17164
1.17248
1.1733
1.17407
1.1748
1.17549
1.17614
1.17675
1.17731
1.17783
1.17831
1.17874
1.17913
1.17947
1.17977
1.18002
1.18024
1.18042
1.18056
1.18065
1.18072
1.18074
1.18073
1.1807
1.18063
1.18053
1.18041
1.18027
1.1801
1.17991
1.17971
1.17949
1.17926
1.17902
1.17878
1.17853
1.17827
1.17802
1.17778
1.17754
1.17731
1.17709
1.17688
1.17669
1.17652
1.17637
1.17624
1.17614
1.17607
1.17603
1.17601
1.17603
1.17609
1.17618
1.17631
1.17648
1.17668
1.17693
1.17723
1.17757
1.17795
1.17838
1.17886
1.17938
1.17995
1.18056
1.18122
1.18193
1.18268
1.18348
1.18433
1.18522
1.18615
1.18713
1.18816
1.18922
1.19033
1.19147
1.19265
1.19387
1.19512
1.1964
1.19771
1.19905
1.20042
1.20181
1.20322
1.20465
1.2061
1.20757
1.20906
1.21055
1.21205
1.21356
1.21508
1.2166
1.21812
1.21963
1.22115
1.22266
1.22416
1.22566
1.22713
1.2286
1.23005
1.23148
1.23289
1.23428
1.23565
1.23699
1.2383
1.23958
1.24084
1.24206
1.24324
1.24439
1.24551
1.24658
1.24762
1.24861
1.24956
1.25047
1.25134
1.25216
1.25293
1.25366
1.25434
1.25497
1.25555
1.25608
1.25656
1.25698
1.25735
1.25767
1.25793
1.25814
1.25829
1.25839
1.25843
1.25842
1.25835
1.25822
1.25804
1.2578
1.25751
1.25716
1.25675
1.25629
1.25577
1.2552
1.25456
1.25387
1.25313
1.25233
1.25147
1.25056
1.2496
1.24858
1.24751
1.24638
1.24521
1.24398
1.24271
1.24138
1.24
1.23857
1.2371
1.23557
1.234
1.23238
1.23072
1.22901
1.22726
1.22547
1.22364
1.22177
1.21985
1.2179
1.2159
1.21387
1.21181
1.2097
1.20757
1.20539
1.20319
1.20095
1.19868
1.19637
1.19404
1.19168
1.18929
1.18687
1.18443
1.18196
1.17947
1.17695
1.17442
1.17186
1.16928
1.16669
1.16408
1.16145
1.15881
1.15616
1.15349
1.15082
1.14814
1.14545
1.14276
1.14006
1.13736
1.13467
1.13197
1.12928
1.1266
1.12393
1.12127
1.11862
1.11599
1.11338
1.11079
1.10822
1.10568
1.10317
1.1007
1.09826
1.09586
1.0935
1.09118
1.08892
1.0867
1.08453
1.08243
1.08038
1.0784
1.07649
1.07464
1.07288
1.07119
1.06958
1.06806
1.06662
1.06528
1.06403
1.06288
1.06183
1.06088
1.06004
1.0593
1.05868
1.05817
1.05778
1.0575
1.05735
1.05731
1.0574
1.05762
1.05795
1.05842
1.05902
1.05974
1.0606
1.06158
1.0627
1.06394
1.06532
1.06682
1.06844
1.0702
1.07207
1.07407
1.07619
1.07843
1.08078
1.08324
1.08581
1.08849
1.09127
1.09415
1.09713
1.1002
1.10337
1.10661
1.10994
1.11334
1.11682
1.12036
1.12397
1.12763
1.13135
1.13511
1.13892
1.14277
1.14665
1.15055
1.15448
1.15843
1.16239
1.16635
1.17032
1.17429
1.17824
1.18219
1.18612
1.19003
1.19391
1.19776
1.20157
1.20534
1.20907
1.21275
1.21637
1.21994
1.22345
1.22689
1.23026
1.23356
1.23679
1.23994
1.24301
1.24599
1.24888
1.25169
1.25441
1.25703
1.25955
1.26198
1.2643
1.26652
1.26864
1.27066
1.27256
1.27436
1.27606
1.27764
1.27911
1.28047
1.28172
1.28286
1.2839
1.28482
1.28563
1.28633
1.28692
1.28741
1.28778
1.28805
1.28822
1.28828
1.28824
1.2881
1.28786
1.28752
1.28708
1.28655
1.28592
1.28521
1.2844
1.28351
1.28253
1.28147
1.28033
1.27911
1.27782
1.27644
1.275
1.27348
1.2719
1.27026
1.26855
1.26678
1.26496
1.26308
1.26115
1.25917
1.25714
1.25507
1.25296
1.25081
1.24862
1.2464
1.24415
1.24187
1.23956
1.23722
1.23486
1.23248
1.23008
1.22766
1.22523
1.22279
1.22034
1.21787
1.2154
1.21293
1.21045
1.20797
1.20549
1.20301
1.20054
1.19807
1.19561
1.19316
1.19072
1.1883
1.18589
1.1835
1.18113
1.17878
1.17646
1.17416
1.17188
1.16964
1.16742
1.16524
1.16308
1.16096
1.15888
1.15684
1.15483
1.15286
1.15093
1.14905
1.14721
1.14541
1.14366
1.14195
1.14029
1.13868
1.13712
1.13562
1.13416
1.13276
1.13141
1.13011
1.12887
1.12768
1.12654
1.12546
1.12443
1.12346
1.12255
1.12169
1.12089
1.12015
1.11946
1.11883
1.11826
1.11774
1.11727
1.11687
1.11652
1.11623
1.11599
1.11581
1.11568
1.11561
1.11559
1.11563
1.11572
1.11586
1.11606
1.11631
1.11661
1.11697
1.11737
1.11783
1.11833
1.11889
1.1195
1.12015
1.12086
1.12161
1.12241
1.12326
1.12415
1.12509
1.12607
1.12709
1.12816
1.12926
1.13041
1.1316
1.13282
1.13408
1.13538
1.13671
1.13807
1.13947
1.14089
1.14234
1.14382
1.14532
1.14684
1.14839
1.14996
1.15154
1.15314
1.15475
1.15637
1.15801
1.15964
1.16129
1.16293
1.16458
1.16623
1.16788
1.16952
1.17115
1.17277
1.17437
1.17596
1.17754
1.17909
1.18063
1.18214
1.18363
1.18509
1.18652
1.18792
1.1893
1.19064
1.19195
1.19322
1.19446
1.19565
1.19681
1.19793
1.199
1.20004
1.20103
1.20199
1.2029
1.20376
1.20459
1.20537
1.2061
1.2068
1.20745
1.20806
1.20862
1.20915
1.20963
1.21007
1.21047
1.21084
1.21116
1.21145
1.2117
1.21191
1.21209
1.21223
1.21234
1.21242
1.21247
1.21248
1.21247
1.21243
1.21236
1.21226
1.21214
1.21199
1.21182
1.21163
1.21141
1.21117
1.21091
1.21063
1.21033
1.21001
1.20967
1.20932
1.20895
1.20857
1.20818
1.20777
1.20735
1.20691
1.20647
1.20601
1.20555
1.20508
1.20461
1.20413
1.20364
1.20316
1.20267
1.20219
1.2017
1.20122
1.20075
1.20028
1.19982
1.19937
1.19893
1.1985
1.19808
1.19768
1.1973
1.19693
1.19657
1.19624
1.19593
1.19564
1.19538
1.19513
1.19492
1.19473
1.19457
1.19444
1.19434
1.19427
1.19424
1.19424
1.19427
1.19433
1.19444
1.19457
1.19474
1.19495
1.19518
1.19546
1.19576
1.1961
1.19647
1.19688
1.19731
1.19778
1.19828
1.19881
1.19937
1.19996
1.20057
1.20121
1.20186
1.20254
1.20324
1.20396
1.20469
1.20544
1.20621
1.20698
1.20777
1.20856
1.20935
1.21014
1.21093
1.21172
1.2125
1.21327
1.21403
1.21477
1.2155
1.21622
1.21691
1.21758
1.21822
1.21883
1.21941
1.21996
1.22048
1.22096
1.2214
1.22179
1.22215
1.22246
1.22272
1.22294
1.2231
1.22322
1.22328
1.22329
1.22325
1.22314
1.22299
1.22277
1.2225
1.22217
1.22177
1.22132
1.2208
1.22022
1.21958
1.21888
1.21812
1.21729
1.21641
1.21546
1.21445
1.21338
1.21226
1.21107
1.20983
1.20853
1.20717
1.20576
1.2043
1.20279
1.20123
1.19962
1.19796
1.19626
1.19451
1.19273
1.1909
1.18903
1.18714
1.1852
1.18324
1.18126
1.17925
1.17721
1.17516
1.17309
1.171
1.1689
1.1668
1.16469
1.16258
1.16047
1.15836
1.15626
1.15417
1.15209
1.15003
1.14798
1.14596
1.14396
1.14199
1.14005
1.13815
1.13629
1.13447
1.13269
1.13096
1.12928
1.12764
1.12606
1.12454
1.12308
1.12167
1.12033
1.11905
1.11783
1.11668
1.1156
1.11459
1.11365
1.11279
1.11199
1.11128
1.11063
1.11006
1.10957
1.10915
1.10881
1.10855
1.10836
1.10824
1.1082
1.10823
1.10833
1.1085
1.10874
1.10905
1.10943
1.10987
1.11037
1.11093
1.11155
1.11222
1.11294
1.11372
1.11453
1.1154
1.1163
1.11725
1.11822
1.11923
1.12027
1.12133
1.12241
1.1235
1.12461
1.12573
1.12686
1.12799
1.12912
1.13025
1.13137
1.13248
1.13357
1.13464
1.13568
1.13671
1.1377
1.13866
1.13958
1.14046
1.1413
1.1421
1.14285
1.14355
1.14419
1.14478
1.14531
1.14578
1.14618
1.14653
1.1468
1.147
1.14714
1.14719
1.14718
1.1471
1.14693
1.14669
1.14638
1.14598
1.14551
