0.799799
0.799427
0.799012
0.798555
0.798057
0.797519
0.796941
0.796324
0.79567
0.794979
0.794253
0.793492
0.792695
0.791864
0.791
0.790105
0.789179
0.788222
0.787238
0.786227
0.78519
0.78413
0.783046
0.781941
0.780814
0.779669
0.778507
0.777329
0.776138
0.774937
0.773728
0.77251
0.771287
0.77006
0.768832
0.767605
0.766383
0.765167
0.76396
0.762765
0.761586
0.760424
0.759282
0.758161
0.757065
0.755997
0.754957
0.753951
0.752979
0.752046
0.751153
0.750303
0.749498
0.74874
0.748032
0.747375
0.746771
0.746222
0.745731
0.745298
0.744924
0.744611
0.744359
0.744171
0.744048
0.743991
0.744
0.744076
0.744219
0.744431
0.744711
0.745059
0.745476
0.745963
0.746518
0.747142
0.747834
0.748594
0.749422
0.750318
0.751281
0.75231
0.753405
0.754567
0.755793
0.757082
0.758434
0.759848
0.761323
0.762857
0.76445
0.7661
0.767807
0.769569
0.771385
0.773253
0.77517
0.777137
0.77915
0.781207
0.783308
0.785451
0.787632
0.78985
0.792104
0.79439
0.796706
0.799051
0.801422
0.803816
0.80623
0.808663
0.81111
0.813569
0.816037
0.818511
0.820988
0.823468
0.825944
0.828414
0.830875
0.833325
0.835761
0.83818
0.840579
0.842953
0.8453
0.847616
0.849901
0.85215
0.854361
0.856531
0.85866
0.860745
0.862783
0.864772
0.866711
0.868596
0.870426
0.872199
0.873913
0.875567
0.87716
0.878691
0.88016
0.881565
0.882904
0.884176
0.885382
0.88652
0.88759
0.888592
0.889525
0.890389
0.891184
0.89191
0.892568
0.893155
0.893672
0.894119
0.894496
0.894806
0.895045
0.895215
0.895315
0.895345
0.895308
0.895203
0.895029
0.894786
0.894476
0.894101
0.893659
0.89315
0.892576
0.891935
0.89123
0.890461
0.889629
0.888736
0.887783
0.886769
0.885698
0.884571
0.883389
0.882154
0.880869
0.879534
0.878152
0.876725
0.875255
0.873744
0.872194
0.870609
0.868991
0.867344
0.865671
0.863974
0.862255
0.860518
0.858765
0.856999
0.855223
0.85344
0.851653
0.849866
0.84808
0.846299
0.844527
0.842766
0.84102
0.839292
0.837583
0.835898
0.834238
0.832606
0.831004
0.829436
0.827904
0.826409
0.824955
0.823542
0.822174
0.820851
0.819576
0.818351
0.817176
0.816054
0.814984
0.813968
0.813008
0.812104
0.811256
0.810466
0.809732
0.809056
0.808438
0.807876
0.807372
0.806925
0.806534
0.806199
0.805918
0.80569
0.805513
0.805387
0.805311
0.805284
0.805302
0.805366
0.805472
0.80562
0.805807
0.806031
0.80629
0.806584
0.80691
0.807264
0.807644
0.80805
0.808478
0.808927
0.809393
0.809875
0.810372
0.81088
0.811396
0.811919
0.812445
0.812974
0.813504
0.814031
0.814554
0.81507
0.815578
0.816074
0.816559
0.817029
0.817483
0.81792
0.81834
0.818742
0.819123
0.819484
0.819823
0.820139
0.820431
0.820701
0.820946
0.821167
0.821363
0.821536
0.821684
0.821809
0.821911
0.821991
0.82205
0.822089
0.822108
0.822109
0.822092
0.822058
0.82201
0.821948
0.821873
0.821788
0.821693
0.821589
0.821478
0.821362
0.821242
0.82112
0.820996
0.820872
0.820749
0.82063
0.820514
0.820405
0.820302
0.820207
0.820121
0.820045
0.819979
0.819925
0.819881
0.819849
0.819831
0.819825
0.819832
0.819854
0.819889
0.819939
0.820001
0.820077
0.820167
0.820269
0.820382
0.820507
0.820642
0.820787
0.820941
0.821103
0.821272
0.821445
0.821623
0.821805
0.821988
0.822174
0.82236
0.822546
0.822732
0.822915
0.823095
0.823269
0.823437
0.823597
0.823748
0.823891
0.824023
0.824144
0.824253
0.824348
0.824429
0.824494
0.824545
0.824581
0.824601
0.824604
0.824591
0.82456
0.824511
0.824444
0.824361
0.824259
0.824138
0.824001
0.823847
0.823676
0.823488
0.823285
0.823068
0.822835
0.822588
0.822327
0.822053
0.821768
0.821472
0.821167
0.820851
0.820527
0.820195
0.819855
0.81951
0.81916
0.818807
0.818451
0.818094
0.817736
0.81738
0.817025
0.816674
0.816327
0.815985
0.81565
0.815324
0.815007
0.8147
0.814405
0.814122
0.813853
0.813599
0.81336
0.813138
0.812933
0.812746
0.812578
0.812429
0.8123
0.812191
0.812103
0.812036
0.811991
0.811968
0.811967
0.811988
0.812031
0.812095
0.812181
0.812288
0.812416
0.812565
0.812732
0.812918
0.813123
0.813345
0.813583
0.813838
0.814107
0.814392
0.814689
0.814998
0.815318
0.815646
0.815984
0.81633
0.816682
0.817039
0.817398
0.817759
0.81812
0.81848
0.818838
0.819193
0.819544
0.819891
0.82023
0.820561
0.820883
0.821195
0.821496
0.821783
0.822057
0.822315
0.822559
0.822787
0.822998
0.823192
0.823367
0.823525
0.823663
0.82378
0.823877
0.823952
0.824006
0.824037
0.824046
0.824031
0.823993
0.823932
0.823847
0.823737
0.823604
0.823446
0.823263
0.823056
0.822824
0.822567
0.822287
0.821984
0.821657
0.821305
0.820927
0.820526
0.820099
0.819647
0.819171
0.818669
0.818143
0.817595
0.817024
0.816429
0.81581
0.815167
0.814502
0.813814
0.813104
0.812373
0.81162
0.810844
0.810046
0.809227
0.808386
0.807525
0.806644
0.805743
0.804823
0.803885
0.80293
0.801959
0.80097
0.799967
0.798948
0.797916
0.79687
0.795812
0.794741
0.793658
0.792564
0.79146
0.790347
0.789225
0.788096
0.78696
0.78582
0.784675
0.783527
0.782377
0.781225
0.780073
0.778921
0.777772
0.776626
0.775484
0.774348
0.773219
0.772097
0.770985
0.769882
0.76879
0.767711
0.766646
0.765596
0.764561
0.763543
0.762543
0.761563
0.760603
0.759664
0.758747
0.757854
0.756985
0.756144
0.75533
0.754546
0.75379
0.753065
0.752372
0.751712
0.751084
0.750491
0.749932
0.749411
0.748928
0.748485
0.748081
0.747717
0.747393
0.747109
0.746868
0.74667
0.746513
0.7464
0.746329
0.746301
0.746317
0.746376
0.74648
0.746627
0.746818
0.747053
0.747333
0.747655
0.748021
0.748428
0.748877
0.749367
0.749899
0.750471
0.751082
0.751732
0.752419
0.753142
0.7539
0.754691
0.755516
0.756372
0.757258
0.758173
0.759116
0.760086
0.761079
0.762095
0.763133
0.764191
0.765267
0.766359
0.767465
0.768585
0.769717
0.770857
0.772006
0.773162
0.774322
0.775485
0.776649
0.777812
0.778972
0.780129
0.781279
0.782423
0.783559
0.784684
0.785798
0.7869
0.787987
0.789058
0.790111
0.791145
0.792159
0.793153
0.794125
0.795073
0.795999
0.796901
0.797777
0.798628
0.799452
0.800249
0.801019
0.801762
0.802478
0.803166
0.803827
0.80446
0.805067
0.805648
0.806202
0.806731
0.807236
0.807717
0.808174
0.808611
0.809026
0.809421
0.809796
0.810155
0.810497
0.810825
0.81114
0.811445
0.811739
0.812025
0.812305
0.81258
0.812853
0.813126
0.8134
0.813677
0.813957
0.814243
0.814534
0.814834
0.815144
0.815465
0.815798
0.816146
0.81651
0.816889
0.817284
0.817696
0.818126
0.818575
0.819045
0.819532
0.820038
0.820562
0.821103
0.821662
0.822237
0.822828
0.823433
0.824054
0.824686
0.82533
0.825982
0.826643
0.82731
0.827982
0.828657
0.829332
0.830005
0.830675
0.831339
0.831995
0.832643
0.833277
0.833896
0.834497
0.835078
0.835638
0.836172
0.836679
0.837157
0.837603
0.838015
0.838392
0.83873
0.839029
0.839285
0.839498
0.839666
0.839787
0.839858
0.83988
0.83985
0.839768
0.839632
0.839441
0.839193
0.838888
0.838524
0.838102
0.837621
0.837082
0.836482
0.835825
0.835108
0.834333
0.8335
0.832608
0.83166
0.830655
0.829595
0.828482
0.827315
0.826095
0.824824
0.823503
0.822134
0.82072
0.819263
0.817765
0.816228
0.814652
0.813041
0.811399
0.809727
0.808027
0.806303
0.804558
0.802794
0.801015
0.799224
0.797423
0.795617
0.793807
0.791999
0.790194
0.788397
0.78661
0.784839
0.783085
0.781352
0.779646
0.77797
0.776328
0.774722
0.773156
0.771632
0.770156
0.768729
0.767357
0.766041
0.764786
0.763593
0.762468
0.761412
0.760428
0.75952
0.758689
0.757938
0.75727
0.756687
0.756191
0.755783
0.755466
0.75524
0.755107
0.755067
0.755121
0.75527
0.755513
0.75585
0.756282
0.756807
0.757423
0.75813
0.758927
0.759811
0.760782
0.761837
0.762973
0.764189
0.76548
0.766845
0.768279
0.769781
0.771345
0.772968
0.774647
0.776378
0.778157
0.77998
0.781842
0.783738
0.785664
0.787614
0.789587
0.791576
0.793578
0.795588
0.797601
0.799614
0.801623
0.803624
0.805614
0.80759
0.809548
0.811482
0.813391
0.81527
0.817118
0.81893
0.820705
0.82244
0.824134
0.825784
0.827388
0.828943
0.830448
0.831901
0.833302
0.834648
0.835938
0.837171
0.838348
0.839467
0.840528
0.841529
0.842471
0.843353
0.844176
0.844939
0.845644
0.84629
0.846878
0.847409
0.847884
0.848304
0.848669
0.84898
0.849239
0.849447
0.849606
0.849716
0.849779
0.849796
0.849768
0.849698
0.849587
0.849436
0.849247
0.849023
0.848765
0.848474
0.848151
0.8478
0.847422
0.847019
0.846591
0.846141
0.84567
0.845179
0.844671
0.844147
0.843609
0.843058
0.842498
0.841929
0.841351
0.840766
0.840175
0.839581
0.838984
0.838386
0.837785
0.837184
0.836585
0.835988
0.835395
0.834804
0.834216
0.833632
0.833052
0.832478
0.831909
0.831346
0.830789
0.830238
0.829694
0.829158
0.828628
0.828104
0.827587
0.827077
0.826573
0.826077
0.825589
0.825107
0.824632
0.824164
0.823702
0.823247
0.8228
0.822358
0.821923
0.821495
0.821073
0.820659
0.820251
0.81985
0.819456
0.819069
0.818689
0.818316
0.817949
0.817589
0.817236
0.81689
0.81655
0.816217
0.815891
0.815573
0.81526
0.814954
0.814653
0.814358
0.814069
0.813786
0.813509
0.813237
0.812971
0.812709
0.812453
0.812203
0.811959
0.811721
0.811486
0.811257
0.811033
0.810812
0.810595
0.810381
0.810171
0.809964
0.80976
0.809559
0.809359
0.809163
0.808968
0.808777
0.808589
0.808403
0.808219
0.808038
0.807859
0.807682
0.807508
0.807338
0.807172
0.807009
0.80685
0.806696
0.806546
0.806401
0.806262
0.806128
0.806
0.805879
0.805764
0.805656
0.805556
0.805464
0.805381
0.805307
0.805242
0.805187
0.805142
0.805108
0.805086
0.805075
0.805076
0.80509
0.805116
0.805155
0.805206
0.805271
0.80535
0.805442
0.805548
0.805668
0.805804
0.805955
0.80612
0.806299
0.806492
0.806699
0.80692
0.807155
0.807403
0.807664
0.807938
0.808223
0.808519
0.808827
0.809145
0.809472
0.809809
0.810156
0.810511
0.810873
0.811243
0.811619
0.812
0.812385
0.812775
0.813168
0.813561
0.813955
0.814349
0.814739
0.815127
0.815512
0.815891
0.816266
0.816634
0.816994
0.817344
0.817685
0.818014
0.818332
0.818636
0.818927
0.819202
0.819462
0.819705
0.819932
0.820142
0.820332
0.820503
0.820654
0.820785
0.820895
0.820985
0.821053
0.8211
0.821126
0.821131
0.821115
0.821078
0.821019
0.820939
0.820838
0.820718
0.820577
0.820418
0.820241
0.820046
0.819835
0.819609
0.819369
0.819117
0.818853
0.818577
0.818292
0.817999
0.8177
0.817396
0.817089
0.816779
0.81647
0.816162
0.815859
0.81556
0.815268
0.814986
0.814715
0.814458
0.814216
0.813992
0.813787
0.813603
0.813442
0.813306
0.813195
0.813112
0.813059
0.813037
0.813047
0.813091
0.81317
0.813285
0.813438
0.813629
0.81386
0.814131
0.814444
0.814799
0.815196
0.815636
0.816119
0.816645
0.817213
0.817824
0.818477
0.819173
0.819911
0.82069
0.821509
0.822366
0.823259
0.824187
0.825151
0.826148
0.827175
0.828232
0.829316
0.830425
0.831557
0.832711
0.833884
0.835074
0.836277
0.837492
0.838719
0.839953
0.84119
0.84243
0.843668
0.844902
0.84613
0.847349
0.848555
0.849747
0.850922
0.852078
0.853211
0.854319
0.855399
0.856451
0.85747
0.858454
0.859401
0.860307
0.861171
0.861994
0.862771
0.863501
0.864181
0.864811
0.865389
0.865911
0.866379
0.866789
0.867141
0.867434
0.867666
0.867839
0.867953
0.868006
0.867998
0.86793
0.867801
0.86761
0.867357
0.867042
0.866667
0.866231
0.865736
0.865183
0.864573
0.863907
0.863187
0.862414
0.86159
0.860715
0.859792
0.858824
0.857811
0.856755
0.855658
0.854524
0.853354
0.85215
0.850916
0.849655
0.848369
0.847061
0.845733
0.844388
0.84303
0.841661
0.840284
0.838904
0.837522
0.836141
0.834762
0.833389
0.832023
0.830667
0.829325
0.827998
0.826688
0.825397
0.824127
0.82288
0.821659
0.820466
0.819302
0.818166
0.817059
0.815983
0.814938
0.813924
0.812942
0.811991
0.811073
0.810186
0.80933
0.808506
0.807712
0.806948
0.806213
0.805506
0.804828
0.804176
0.803549
0.802947
0.802369
0.801811
0.801273
0.800755
0.800254
0.79977
0.799301
0.798845
0.798402
0.79797
0.797548
0.797137
0.796735
0.796341
0.795952
0.795571
0.795195
0.794824
0.794458
0.794095
0.793736
0.79338
0.793027
0.792675
0.792326
0.791978
0.791633
0.79129
0.790948
0.790608
0.79027
0.789935
0.789603
0.789274
0.788948
0.788626
0.788306
0.787992
0.787682
0.787379
0.787082
0.786792
0.786507
0.78623
0.785959
0.785695
0.785441
0.785196
0.78496
0.784733
0.784516
0.784309
0.784112
0.783927
0.783752
0.783588
0.783434
0.78329
0.783157
0.783034
0.782922
0.78282
0.782729
0.782649
0.782579
0.78252
0.782472
0.782434
0.782407
0.78239
0.782382
0.782384
0.782393
0.782409
0.782432
0.782461
0.782495
0.782536
0.782582
0.782632
0.782686
0.782744
0.782805
0.782867
0.782932
0.782999
0.783067
0.783135
0.783202
0.783268
0.783332
0.783395
0.783458
0.783519
0.783578
0.783635
0.78369
0.783742
0.783792
0.78384
0.783886
0.783932
0.783977
0.784021
0.784065
0.784108
0.784152
0.784198
0.784246
0.784295
0.784348
0.784403
0.784463
0.784528
0.784598
0.784675
0.78476
0.784853
0.784955
0.785067
0.785189
0.785323
0.785468
0.785626
0.785798
0.785984
0.786184
0.786399
0.786629
0.786877
0.787142
0.787423
0.787721
0.788035
0.788367
0.788716
0.789083
0.789468
0.789871
0.790291
0.790729
0.791182
0.791651
0.792135
0.792634
0.793147
0.793675
0.794215
0.794768
0.795333
0.79591
0.796497
0.797094
0.797698
0.798311
0.79893
0.799556
0.800187
0.800822
0.801459
0.802098
0.802736
0.803374
0.804011
0.804645
0.805275
0.8059
0.806519
0.807131
0.807734
0.808329
0.808913
0.809484
0.810043
0.810588
0.811117
0.811632
0.812129
0.812609
0.813071
0.813513
0.813936
0.814337
0.814718
0.815076
0.815409
0.815718
0.816003
0.816263
0.816495
0.8167
0.816877
0.817024
0.81714
0.817226
0.817281
0.817305
0.817298
0.817258
0.817185
0.81708
0.816942
0.816771
0.816565
0.816326
0.816053
0.815747
0.815407
0.815035
0.81463
0.814192
0.813721
0.813219
0.812687
0.812124
0.811533
0.810912
0.810264
0.809589
0.808888
0.808162
0.807412
0.80664
0.805846
0.805033
0.804201
0.803353
0.80249
0.801613
0.800726
0.799828
0.798923
0.798013
0.7971
0.796186
0.795271
0.794359
0.793451
0.792548
0.791653
0.790766
0.789891
0.789027
0.788177
0.787343
0.786527
0.785731
0.784955
0.784202
0.783471
0.782765
0.782087
0.781435
0.780812
0.780218
0.779653
0.779119
0.778616
0.778145
0.777706
0.7773
0.776926
0.776585
0.776276
0.776
0.775756
0.775544
0.775364
0.775214
0.775094
0.775003
0.774941
0.774907
0.774898
0.774914
0.774953
0.775014
0.775097
0.775199
0.775321
0.775458
0.775611
0.775778
0.775959
0.776152
0.776353
0.776562
0.776776
0.776994
0.777215
0.777436
0.777657
0.777876
0.778091
0.778302
0.778505
0.778702
0.778891
0.779068
0.779235
0.779388
0.779528
0.779652
0.77976
0.779851
0.779923
0.779977
0.78001
0.780024
0.780017
0.779988
0.779938
0.779866
0.779772
0.779657
0.779519
0.779359
0.779177
0.778975
0.778753
0.77851
0.778248
0.777966
0.777665
0.777347
0.777012
0.776664
0.7763
0.775923
0.775533
0.775131
0.774719
0.774299
0.773871
0.773439
0.773001
0.772561
0.772121
0.771681
0.771243
0.770811
0.770384
0.769965
0.769555
0.769155
0.768767
0.768394
0.768038
0.7677
0.76738
0.76708
0.766802
0.766547
0.766317
0.766112
0.765934
0.765784
0.765664
0.765572
0.765512
0.765484
0.765489
0.765528
0.7656
0.765707
0.765849
0.766026
0.766239
0.766488
0.766773
0.767093
0.767448
0.76784
0.768267
0.768729
0.769225
0.769755
0.770319
0.770915
0.771544
0.772204
0.772896
0.773618
0.774369
0.775149
0.775956
0.77679
0.777648
0.77853
0.779435
0.78036
0.781306
0.782272
0.783254
0.784252
0.785264
0.78629
0.787327
0.788375
0.789432
0.790499
0.791572
0.792652
0.793735
0.794821
0.79591
0.797
0.79809
0.799179
0.800266
0.801349
0.802429
0.803503
0.804572
0.805635
0.80669
0.807736
0.808774
0.809801
0.810819
0.811827
0.812826
0.813813
0.814788
0.815752
0.816704
0.817644
0.818571
0.819485
0.820387
0.821276
0.822154
0.823018
0.82387
0.824709
0.825535
0.826349
0.82715
0.82794
0.828716
0.82948
0.830231
0.830969
0.831694
0.832407
0.833108
0.833797
0.834473
0.835137
0.835788
0.836426
0.837051
0.837663
0.838263
0.838849
0.839424
0.839986
0.840536
0.841073
0.841595
0.842105
0.8426
0.84308
0.843546
0.843997
0.844433
0.844854
0.84526
0.845652
0.846028
0.846389
0.846735
0.847067
0.847383
0.847685
0.847971
0.848243
0.8485
0.848742
0.848971
0.849188
0.849392
0.849585
0.849764
0.849932
0.850089
0.850234
0.850368
0.850492
0.850606
0.850711
0.850807
0.850896
0.850978
0.851053
0.851122
0.851184
0.851241
0.851294
0.851343
0.851389
0.851433
0.851475
0.851516
0.851556
0.851596
0.851636
0.851677
0.851718
0.85176
0.851803
0.851846
0.85189
0.851935
0.851981
0.852028
0.852076
0.852126
0.852175
0.852225
0.852276
0.852327
0.852378
0.852429
0.852479
0.852527
0.852573
0.852616
0.852655
0.852691
0.852722
0.852749
0.852771
0.852787
0.852798
0.852802
0.852799
0.852787
0.852766
0.852736
0.852697
0.852648
0.852588
0.852516
0.852433
0.852337
0.85223
0.852109
0.851976
0.851829
0.85167
0.851497
0.851311
0.851114
0.850903
0.850679
0.850443
0.850194
0.849934
0.849661
0.849377
0.849081
0.848775
0.848459
0.848133
0.847799
0.847457
0.847107
0.846752
0.846391
0.846028
0.845661
0.845292
0.844922
0.84455
0.844178
0.843805
0.843434
0.843063
0.842696
0.842331
0.841971
0.841616
0.841268
0.840926
0.840591
0.840263
0.839943
0.839631
0.839328
0.839035
0.838751
0.838478
0.838216
0.837965
0.837726
0.837499
0.837285
0.837085
0.836899
0.836726
0.836568
0.836425
0.836297
0.836184
0.836086
0.836004
0.835938
0.835889
0.835858
0.835842
0.835845
0.835866
0.835904
0.83596
0.836035
0.836128
0.836239
0.836368
0.836514
0.836678
0.836859
0.837055
0.837268
0.837496
0.837738
0.837994
0.838261
0.838541
0.83883
0.839127
0.839429
0.839737
0.840047
0.840358
0.840668
0.840973
0.841272
0.84156
0.841836
0.842096
0.842338
0.84256
0.842758
0.842928
0.843069
0.843178
0.843251
0.843285
0.843278
0.843229
0.843133
0.842989
0.842793
0.842544
0.84224
0.841879
0.841459
0.840979
0.840439
0.839838
0.839175
0.838448
0.837658
0.836803
0.835885
0.834903
0.833858
0.83275
0.831581
0.830351
0.829061
0.827714
0.826312
0.824856
0.823348
0.821791
0.820186
0.818537
0.816846
0.815115
0.813351
0.811556
0.809733
0.807885
0.806016
0.80413
0.802231
0.800324
0.798413
0.796503
0.794596
0.792699
0.790816
0.788951
0.787109
0.785292
0.783508
0.78176
0.780052
0.778387
0.776771
0.775208
0.773701
0.772254
0.770871
0.769556
0.768313
0.767143
0.76605
0.765037
0.764105
0.763257
0.762495
0.761818
0.761229
0.760728
0.760316
0.759994
0.759759
0.759613
0.759556
0.759585
0.759699
0.759896
0.760174
0.76053
0.760962
0.761466
0.762039
0.762677
0.763379
0.76414
0.764956
0.765822
0.766735
0.76769
0.768685
0.769713
0.770772
0.771856
0.77296
0.77408
0.775212
0.776353
0.777498
0.778643
0.779785
0.780921
0.782047
0.78316
0.784257
0.785336
0.786393
0.787428
0.788438
0.789421
0.790376
0.791303
0.792199
0.793064
0.793896
0.794696
0.795462
0.796195
0.796894
0.79756
0.798194
0.798793
0.79936
0.799896
0.800399
0.800872
0.801315
0.80173
0.802118
0.802478
0.802812
0.803121
0.803407
0.803669
0.803911
0.804133
0.804336
0.804522
0.804691
0.804843
0.804981
0.805104
0.805215
0.805314
0.805402
0.805481
0.805553
0.805616
0.805671
0.805719
0.805762
0.805799
0.805832
0.805861
0.805888
0.805913
0.805936
0.805959
0.805982
0.806005
0.806029
0.806054
0.806081
0.80611
0.806142
0.806178
0.806219
0.806265
0.806317
0.806375
0.80644
0.806514
0.806596
0.806686
0.806786
0.806896
0.807018
0.807151
0.807297
0.807458
0.807632
0.807819
0.808021
0.808238
0.80847
0.808718
0.808983
0.809263
0.80956
0.809873
0.810203
0.81055
0.810915
0.811297
0.811697
0.812113
0.812546
0.812996
0.813464
0.813947
0.814447
0.814962
0.815493
0.816039
0.816599
0.817172
0.817758
0.818356
0.818966
0.819587
0.820216
0.820854
0.821501
0.822157
0.822819
0.823488
0.824162
0.82484
0.825521
0.826203
0.826886
0.82757
0.828252
0.828931
0.829606
0.830276
0.83094
0.831597
0.832245
0.832883
0.833511
0.834128
0.834733
0.835323
0.835898
0.836456
0.836997
0.837519
0.838021
0.838502
0.838962
0.8394
0.839815
0.840206
0.840574
0.840917
0.841236
0.841529
0.841795
0.842033
0.842244
0.842428
0.842583
0.84271
0.84281
0.842882
0.842926
0.842941
0.842929
0.842889
0.842822
0.84273
0.842613
0.842472
0.842306
0.842116
0.841904
0.84167
0.841414
0.841139
0.840843
0.840528
0.840196
0.839848
0.839486
0.83911
0.83872
0.838317
0.837902
0.837477
0.837041
0.836597
0.836144
0.835683
0.835217
0.834745
0.834268
0.833787
0.833303
0.832816
0.832326
0.831834
0.831341
0.830846
0.830351
0.829855
0.829358
0.828861
0.828364
0.827868
0.82737
0.826872
0.826374
0.825875
0.825374
0.824873
0.824371
0.823868
0.823363
0.822855
0.822344
0.821831
0.821314
0.820794
0.820269
0.81974
0.819207
0.818669
0.818126
0.817576
0.817021
0.81646
0.815895
0.815324
0.814747
0.814162
0.81357
0.812971
0.812366
0.811753
0.811133
0.810507
0.809874
0.809234
0.808588
0.807934
0.807274
0.806606
0.805933
0.805254
0.804569
0.80388
0.803185
0.802486
0.801782
0.801074
0.800363
0.79965
0.798933
0.798214
0.797495
0.796775
0.796054
0.795333
0.794611
0.79389
0.793171
0.792452
0.791735
0.791021
0.790309
0.789601
0.788896
0.788195
0.787499
0.786808
0.786124
0.785446
0.784774
0.784108
0.78345
0.782799
0.782155
0.781519
0.780891
0.78027
0.779657
0.779053
0.778457
0.777871
0.777296
0.77673
0.776174
0.775628
0.775091
0.774564
0.774047
0.773541
0.773046
0.772563
0.772091
0.77163
0.771182
0.770748
0.770327
0.769918
0.769523
0.769141
0.768772
0.768415
0.768072
0.767743
0.767429
0.767127
0.76684
0.766568
0.766311
0.766068
0.76584
0.765627
0.76543
0.765248
0.76508
0.764928
0.764792
0.764671
0.764566
0.764475
0.764401
0.764341
0.764299
0.764273
0.764263
0.764269
0.764292
0.764332
0.764389
0.764463
0.764556
0.764666
0.764794
0.764939
0.765102
0.765282
0.76548
0.765696
0.76593
0.766181
0.766448
0.766733
0.767034
0.767353
0.767689
0.768043
0.768413
0.768802
0.769207
0.769629
0.770069
0.770525
0.770999
0.771488
0.771993
0.772514
0.773051
0.773603
0.774171
0.774754
0.775351
0.775962
0.776587
0.777224
0.777875
0.778537
0.779212
0.779899
0.780597
0.781303
0.782018
0.782742
0.783472
0.784209
0.784952
0.785699
0.786449
0.787202
0.787955
0.788707
0.789457
0.790204
0.790945
0.79168
0.792408
0.793125
0.793832
0.794526
0.795207
0.795872
0.796521
0.79715
0.797759
0.798346
0.79891
0.799448
0.79996
0.800442
0.800896
0.801318
0.801708
0.802065
0.802387
0.802675
0.802926
0.80314
0.803314
0.80345
0.803546
0.803601
0.803616
0.803589
0.803521
0.803411
0.80326
0.803069
0.802836
0.802563
0.802249
0.801897
0.801506
0.801077
0.800611
0.800108
0.799569
0.798996
0.798391
0.797753
0.797084
0.796385
0.795658
0.794906
0.794128
0.793326
0.792502
0.791658
0.790793
0.789911
0.789014
0.788102
0.787176
0.786238
0.785289
0.784331
0.783365
0.782394
0.781419
0.780441
0.779461
0.778481
0.777502
0.776526
0.775553
0.774586
0.773625
0.772671
0.771725
0.770789
0.769864
0.76895
0.768049
0.767162
0.766291
0.765437
0.764602
0.763785
0.762988
0.762212
0.761458
0.760728
0.760022
0.759342
0.758687
0.758059
0.757459
0.756889
0.756351
0.755845
0.755373
0.754936
0.754535
0.754169
0.753842
0.753553
0.753305
0.753097
0.752931
0.752808
0.75273
0.752698
0.752711
0.752772
0.75288
0.753037
0.753244
0.753502
0.75381
0.75417
0.754583
0.755047
0.755564
0.756135
0.756758
0.757434
0.758163
0.758945
0.75978
0.760666
0.761605
0.762595
0.763636
0.764727
0.765868
0.767057
0.768295
0.76958
0.770911
0.772286
0.773703
0.775163
0.776662
0.7782
0.779776
0.781386
0.783031
0.784707
0.786414
0.788149
0.78991
0.791695
0.793502
0.795329
0.797174
0.799035
0.80091
0.802796
0.804691
0.806593
0.808499
0.810408
0.812315
0.81422
0.816121
0.818015
0.819901
0.821776
0.823639
0.825488
0.827321
0.829137
0.830934
0.832709
0.834462
0.836191
0.837894
0.83957
0.841217
0.842834
0.844421
0.845977
0.847499
0.848986
0.850437
0.851851
0.853228
0.854567
0.855867
0.857126
0.858344
0.859519
0.86065
0.861736
0.862777
0.863772
0.864719
0.86562
0.866471
0.867272
0.868023
0.868722
0.86937
0.869966
0.870508
0.870997
0.87143
0.871809
0.872133
0.8724
0.872611
0.872763
0.872857
0.872893
0.872869
0.872786
0.872642
0.872439
0.872175
0.87185
0.871465
0.871019
0.870513
0.869947
0.869323
0.868639
0.867897
0.867098
0.866244
0.865336
0.864375
0.863362
0.862298
0.861186
0.860026
0.858822
0.857574
0.856285
0.854959
0.853597
0.852202
0.850778
0.849327
0.847852
0.846357
0.844845
0.84332
0.841786
0.840245
0.8387
0.837156
0.835617
0.834086
0.832567
0.831064
0.829581
0.828122
0.82669
0.825289
0.823924
0.822598
0.821313
0.820073
0.81888
0.817737
0.816647
0.815612
0.814635
0.813717
0.812862
0.812069
0.811342
0.810683
0.810093
0.809572
0.80912
0.808738
0.808427
0.808187
0.808018
0.807919
0.807889
0.807927
0.808032
0.808203
0.808439
0.808738
0.809097
0.809516
0.809992
0.810521
0.811104
0.811739
0.812421
0.813148
0.81392
0.814731
0.815578
0.816459
0.817372
0.818312
0.819275
0.820261
0.821266
0.822286
0.823319
0.824361
0.82541
0.826464
0.827518
0.82857
0.829618
0.830659
0.83169
0.832708
0.833712
0.8347
0.835669
0.836617
0.837542
0.838441
0.839313
0.840157
0.84097
0.841751
0.842498
0.84321
0.843886
0.844525
0.845126
0.845688
0.846209
0.846689
0.847127
0.847524
0.84788
0.848193
0.848463
0.84869
0.848873
0.849014
0.849112
0.849167
0.84918
0.849153
0.849084
0.848975
0.848828
0.848643
0.84842
0.84816
0.847864
0.847532
0.847166
0.846767
0.846335
0.845873
0.845381
0.84486
0.844313
0.84374
0.843143
0.842523
0.84188
0.841218
0.840535
0.839833
0.839113
0.838375
0.837623
0.836856
0.836075
0.835281
0.834474
0.833656
0.832827
0.831989
0.831142
0.830286
0.829422
0.82855
0.827673
0.826791
0.825902
0.825006
0.824105
0.823198
0.822284
0.821364
0.820438
0.819506
0.818567
0.817622
0.816671
0.815713
0.814748
0.813777
0.812798
0.811811
0.810817
0.809815
0.808805
0.807787
0.80676
0.805723
0.804676
0.803621
0.802555
0.80148
0.800395
0.7993
0.798195
0.79708
0.795954
0.794818
0.793673
0.792519
0.791356
0.790184
0.789004
0.787817
0.786624
0.785426
0.784222
0.783013
0.781801
0.780587
0.779372
0.778157
0.776944
0.775735
0.774531
0.773334
0.772145
0.770967
0.769801
0.76865
0.767515
0.7664
0.765306
0.764236
0.763192
0.762177
0.761191
0.760237
0.759319
0.758439
0.757598
0.7568
0.756046
0.75534
0.754683
0.754078
0.753527
0.753032
0.752594
0.752216
0.751899
0.751645
0.751455
0.75133
0.751271
0.75128
0.751357
0.751502
0.751715
0.751997
0.752345
0.752762
0.753244
0.753793
0.754406
0.755084
0.755823
0.756622
0.757479
0.758392
0.759359
0.760378
0.761446
0.762561
0.76372
0.764919
0.766156
0.767428
0.768731
0.770063
0.771421
0.772802
0.774202
0.775617
0.777044
0.778479
0.779921
0.781366
0.78281
0.784252
0.785687
0.787114
0.788531
0.789935
0.791322
0.792692
0.794042
0.795371
0.796676
0.797957
0.799212
0.800439
0.801635
0.802799
0.803932
0.805033
0.8061
0.807133
0.80813
0.80909
0.810015
0.810902
0.811752
0.812565
0.813341
0.814079
0.814779
0.815442
0.816068
0.816658
0.81721
0.817726
0.818205
0.818649
0.819058
0.819432
0.819772
0.820078
0.820353
0.820596
0.820808
0.820989
0.82114
0.821262
0.821356
0.821424
0.821465
0.82148
0.82147
0.821436
0.821379
0.8213
0.8212
0.821079
0.82094
0.820781
0.820605
0.820413
0.820205
0.819984
0.81975
0.819503
0.819244
0.818973
0.818692
0.818402
0.818104
0.817799
0.817488
0.817171
0.81685
0.816526
0.816199
0.815872
0.815544
0.815215
0.814887
0.814559
0.814233
0.81391
0.81359
0.813272
0.812959
0.81265
0.812346
0.812048
0.811755
0.811468
0.811188
0.810915
0.810649
0.81039
0.810138
0.809894
0.809658
0.809429
0.809209
0.808997
0.808794
0.808599
0.808411
0.808232
0.808061
0.807899
0.807744
0.807597
0.807458
0.807327
0.807203
0.807087
0.806979
0.806877
0.806781
0.806692
0.806608
0.80653
0.806457
0.80639
0.806326
0.806266
0.806209
0.806156
0.806107
0.80606
0.806017
0.805975
0.805935
0.805896
0.805858
0.805821
0.805783
0.805745
0.805706
0.805666
0.805624
0.80558
0.805534
0.805486
0.805435
0.805381
0.805324
0.805262
0.805195
0.805124
0.805046
0.804962
0.804872
0.804776
0.804673
0.804563
0.804447
0.804323
0.804191
0.804052
0.803905
0.803751
0.803588
0.803417
0.803238
0.803049
0.802852
0.802648
0.802435
0.802214
0.801983
0.801744
0.801496
0.80124
0.800976
0.800706
0.800428
0.800144
0.799853
0.799555
0.799251
0.798942
0.798629
0.79831
0.797988
0.797662
0.797333
0.797001
0.796667
0.796331
0.795995
0.795658
0.795322
0.794988
0.794656
0.794326
0.794
0.793679
0.793362
0.793051
0.792746
0.792448
0.792157
0.791875
0.791602
0.791338
0.791085
0.790844
0.790614
0.790396
0.790189
0.789995
0.789814
0.789645
0.789489
0.789347
0.789218
0.789104
0.789004
0.788919
0.788848
0.788793
0.788754
0.788728
0.788717
0.788721
0.78874
0.788773
0.78882
0.78888
0.788953
0.78904
0.789139
0.78925
0.789371
0.789504
0.789648
0.789802
0.789966
0.790138
0.790318
0.790506
0.790702
0.790903
0.79111
0.791322
0.791538
0.791757
0.79198
0.792205
0.792432
0.792659
0.792887
0.793114
0.793339
0.793564
0.793785
0.794003
0.794218
0.794428
0.794633
0.794833
0.795028
0.795216
0.795398
0.795574
0.795743
0.795904
0.796057
0.796202
0.796339
0.796468
0.796588
0.7967
0.796803
0.796899
0.796986
0.797066
0.79714
0.797206
0.797267
0.797322
0.797372
0.797417
0.797457
0.797495
0.797529
0.797561
0.797592
0.797624
0.797657
0.797691
0.797728
0.797768
0.797812
0.797862
0.797918
0.797981
0.798052
0.798132
0.798221
0.798321
0.798431
0.798554
0.798689
0.798839
0.799004
0.799183
0.799379
0.799591
0.799819
0.800064
0.800325
0.800604
0.800899
0.801209
0.801536
0.801878
0.802236
0.802609
0.802997
0.803399
0.803816
0.804245
0.804686
0.805138
0.8056
0.806071
0.80655
0.807036
0.807528
0.808023
0.80852
0.809019
0.809517
0.810015
0.810509
0.810999
0.811483
0.81196
0.812429
0.812888
0.813336
0.813774
0.814199
0.814608
0.815002
0.815378
0.815737
0.816077
0.816398
0.816697
0.816973
0.817227
0.817457
0.817663
0.817846
0.818004
0.818136
0.818241
0.81832
0.818373
0.818398
0.818396
0.818366
0.818306
0.818218
0.8181
0.817954
0.817778
0.817574
0.81734
0.817077
0.816787
0.816468
0.816124
0.815752
0.815355
0.81493
0.814479
0.814004
0.813504
0.812979
0.812431
0.811859
0.811264
0.810647
0.810009
0.80935
0.808671
0.807973
0.807257
0.806525
0.805776
0.805014
0.80424
0.803453
0.802654
0.801847
0.80103
0.800206
0.799377
0.798543
0.797706
0.796867
0.796027
0.795189
0.794353
0.79352
0.792692
0.791869
0.791055
0.79025
0.789455
0.788672
0.787902
0.787147
0.786407
0.785685
0.78498
0.784295
0.783629
0.782984
0.782362
0.781763
0.781188
0.780639
0.780116
0.77962
0.779152
0.778712
0.778303
0.777923
0.777575
0.777256
0.776969
0.776714
0.776491
0.776301
0.776142
0.776015
0.77592
0.775856
0.775824
0.775823
0.775852
0.775912
0.776002
0.776121
0.776268
0.776443
0.776644
0.77687
0.777122
0.777398
0.777698
0.778021
0.778364
0.778728
0.779113
0.779516
0.779937
0.780375
0.78083
0.781299
0.781784
0.782282
0.782794
0.783318
0.783853
0.784399
0.784955
0.78552
0.786095
0.786678
0.787268
0.787864
0.788467
0.789076
0.78969
0.790309
0.790932
0.79156
0.792193
0.792831
0.793472
0.794118
0.794766
0.795418
0.796072
0.796729
0.797389
0.798052
0.798717
0.799385
0.800056
0.800729
0.801405
0.802083
0.802762
0.803442
0.804124
0.804807
0.805492
0.806176
0.806862
0.807547
0.808232
0.808916
0.809599
0.810281
0.810962
0.811641
0.812316
0.812987
0.813654
0.814314
0.814969
0.815617
0.816259
0.816892
0.817515
0.818129
0.818732
0.819323
0.8199
0.820463
0.821012
0.821546
0.822063
0.822562
0.823043
0.823503
0.823943
0.824362
0.824758
0.825132
0.825481
0.825805
0.826104
0.826376
0.826621
0.826838
0.827026
0.827185
0.827314
0.827412
0.82748
0.827518
0.827524
0.827498
0.82744
0.82735
0.82723
0.827078
0.826897
0.826684
0.826441
0.826167
0.825863
0.82553
0.825166
0.824774
0.824353
0.823905
0.823429
0.822928
0.822401
0.821849
0.821272
0.820674
0.820053
0.81941
0.818747
0.818063
0.817359
0.816638
0.815901
0.815149
0.814381
0.8136
0.812805
0.811998
0.81118
0.810353
0.809518
0.808676
0.807826
0.806971
0.806112
0.805249
0.804384
0.803519
0.802654
0.801791
0.800932
0.800078
0.799232
0.798393
0.797564
0.796746
0.795942
0.795154
0.794382
0.793631
0.792901
0.792196
0.791518
0.790868
0.79025
0.789663
0.789112
0.788597
0.788123
0.787691
0.787305
0.786967
0.786678
0.78644
0.786257
0.786129
0.786058
0.786047
0.786095
0.786205
0.786378
0.786615
0.786914
0.787277
0.787705
0.788197
0.788754
0.789373
0.790054
0.790798
0.791601
0.792463
0.793382
0.794356
0.795384
0.796462
0.797588
0.798761
0.799977
0.801235
0.802532
0.803863
0.805228
0.806625
0.808051
0.809502
0.810974
0.812465
0.813973
0.815494
0.817027
0.818567
0.820115
0.821666
0.823218
0.82477
0.826321
0.827869
0.829411
0.830946
0.832474
0.833992
0.8355
0.836997
0.838481
0.839953
0.841411
0.842854
0.844283
0.845695
0.847091
0.848471
0.849834
0.851179
0.852507
0.853818
0.85511
0.856384
0.857641
0.858878
0.860097
0.861296
0.862476
0.863637
0.864777
0.865896
0.866995
0.868074
0.869132
0.870168
0.87118
0.872168
0.873132
0.874072
0.874986
0.875873
0.876733
0.877563
0.878363
0.879132
0.879868
0.880572
0.88124
0.881871
0.882465
0.883018
0.883529
0.883996
0.88442
0.884798
0.885128
0.885408
0.885638
0.885816
0.88594
0.886009
0.886019
0.88597
0.88586
0.885686
0.885448
0.885144
0.884773
0.884333
0.883823
0.883243
0.88259
0.881864
0.881065
0.880193
0.879246
0.878224
0.877128
0.875957
0.874709
0.873385
0.871987
0.870513
0.868964
0.867341
0.865647
0.86388
0.862043
0.860136
0.858163
0.856123
0.854019
0.851854
0.849629
0.847346
0.845009
0.842619
0.840182
0.837698
0.83517
0.832603
0.829998
0.827361
0.824694
0.822002
0.81929
0.81656
0.813816
0.811064
0.808308
0.805554
0.802804
0.800063
0.797336
0.794628
0.791942
0.789285
0.78666
0.784071
0.781522
0.779019
0.776566
0.774167
0.771825
0.769545
0.767332
0.765188
0.763118
0.761124
0.75921
0.757379
0.755634
0.753978
0.752415
0.750945
0.749571
0.748296
0.74712
0.746044
0.74507
0.744199
0.743432
0.742768
0.742209
0.741753
0.741399
0.741148
0.740998
0.74095
0.741001
0.741149
0.741394
0.741731
0.74216
0.742678
0.743284
0.743973
0.744744
0.745593
0.746516
0.74751
0.74857
0.749693
0.750876
0.752115
0.753405
0.754743
0.756125
0.757546
0.759002
0.760489
0.762003
0.763539
0.765092
0.766658
0.768234
0.769815
0.771398
0.772978
0.774552
0.776115
0.777665
0.779198
0.780711
0.782199
0.78366
0.785091
0.786488
0.787851
0.789175
0.79046
0.791704
0.792903
0.794056
0.795161
0.796216
0.79722
0.798173
0.799071
0.799915
0.800704
0.801437
0.802115
0.802736
0.803301
0.803809
0.804262
0.804658
0.804999
0.805285
0.805518
0.805697
0.805825
0.805902
0.805929
0.805908
0.805841
0.805729
0.805575
0.805381
0.805148
0.804878
0.804573
0.804235
0.803866
0.803468
0.803044
0.802596
0.802125
0.801634
0.801125
0.800601
0.800063
0.799514
0.798954
0.798388
0.797815
0.797238
0.796658
0.796078
0.795499
0.794922
0.794349
0.793781
0.793219
0.792663
0.792115
0.791576
0.791046
0.790527
0.79002
0.789525
0.789042
0.78857
0.78811
0.787662
0.787226
0.786803
0.78639
0.78599
0.785601
0.785223
0.784856
0.784501
0.784157
0.783824
0.783501
0.783188
0.782885
0.782593
0.782312
0.782039
0.781775
0.78152
0.781274
0.781037
0.780809
0.780591
0.780381
0.78018
0.779988
0.779805
0.779631
0.779467
0.779313
0.779169
0.779037
0.778915
0.778805
0.778708
0.778623
0.778551
0.778493
0.778448
0.778418
0.778404
0.778407
0.778426
0.778463
0.778518
0.778592
0.778688
0.778804
0.778944
0.779106
0.779291
0.779501
0.779737
0.779998
0.780287
0.780604
0.780951
0.781326
0.78173
0.782165
0.782633
0.783135
0.783669
0.784237
0.784839
0.785476
0.78615
0.78686
0.787606
0.788391
0.789213
0.790072
0.79097
0.791905
0.792879
0.793893
0.794947
0.79604
0.797173
0.798345
0.799559
0.800812
0.802105
0.803436
0.804807
0.806218
0.807667
0.809156
0.810684
0.812251
0.813855
0.815497
0.817178
0.818896
0.820651
0.822441
0.824266
0.826125
0.828018
0.829944
0.831902
0.83389
0.835908
0.837954
0.840027
0.842125
0.844248
0.846395
0.848564
0.850754
0.852962
0.855187
0.857426
0.859679
0.861945
0.86422
0.866503
0.868792
0.871085
0.873382
0.875678
0.877971
0.88026
0.88254
0.884812
0.887072
0.889319
0.89155
0.893762
0.895955
0.898126
0.900272
0.902389
0.904475
0.906528
0.908545
0.910525
0.912465
0.914362
0.916215
0.91802
0.919777
0.921484
0.923137
0.924736
0.926277
0.927759
0.92918
0.930539
0.931833
0.933061
0.934221
0.935313
0.936335
0.937284
0.938157
0.938954
0.939673
0.940315
0.940878
0.941359
0.941758
0.942074
0.942306
0.942452
0.942512
0.942485
0.94237
0.942169
0.94188
0.941501
0.941032
0.940472
0.939822
0.939081
0.93825
0.937327
0.936314
0.93521
0.934018
0.932738
0.931371
0.929916
0.928375
0.926748
0.925036
0.923241
0.921365
0.919409
0.917374
0.915264
0.91308
0.910824
0.908499
0.906107
0.90365
0.901131
0.898554
0.895922
0.893239
0.890507
0.88773
0.884909
0.88205
0.879155
0.876228
0.873272
0.87029
0.867287
0.864264
0.861225
0.858173
0.855111
0.852041
0.848966
0.845891
0.842817
0.839746
0.83668
0.833622
0.830573
0.827536
0.82451
0.821497
0.818498
0.815513
0.812543
0.809589
0.806651
0.803727
0.800819
0.797927
0.79505
0.792187
0.789339
0.786504
0.783683
0.780874
0.778078
0.775294
0.772522
0.769761
0.767011
0.764272
0.761544
0.758828
0.756122
0.753428
0.750746
0.748077
0.745421
0.74278
0.740156
0.737549
0.734963
0.732397
0.729857
0.727345
0.724861
0.72241
0.719992
0.717614
0.715276
0.712984
0.710741
0.708548
0.706412
0.704336
0.702324
0.700381
0.698511
0.696715
0.694999
0.693367
0.691821
0.690367
0.689006
0.687743
0.686582
0.685525
0.684575
0.683735
0.683008
0.682394
0.681896
0.681517
0.681257
0.681119
0.6811
0.681201
0.681422
0.681762
0.68222
0.682795
0.683485
0.684288
0.685201
0.686222
0.687349
0.688578
0.689905
0.691325
0.692834
0.694428
0.696102
0.697852
0.699674
0.701562
0.703512
0.705518
0.707575
0.709679
0.711825
0.714007
0.716221
0.718462
0.720725
0.723006
0.725302
0.727608
0.729919
0.732233
0.734547
0.736854
0.739152
0.741436
0.743706
0.745956
0.748185
0.75039
0.75257
0.754721
0.756843
0.758932
0.760988
0.763009
0.764994
0.766941
0.768849
0.770717
0.772544
0.774329
0.776073
0.777774
0.779432
0.781047
0.782621
0.78415
0.785636
0.787078
0.788477
0.789833
0.791146
0.792417
0.793646
0.794833
0.795979
0.797084
0.798148
0.799172
0.800156
0.801101
0.802008
0.802875
0.803705
0.804497
0.805252
0.805971
0.806654
0.807302
0.807915
0.808493
0.809039
0.809551
0.81003
0.810477
0.810892
0.811276
0.811629
0.811953
0.812248
0.812515
0.812753
0.812963
0.813147
0.813304
0.813434
0.813538
0.813615
0.813667
0.813693
0.813693
0.813668
0.813618
0.813542
0.813442
0.813318
0.813169
0.812997
0.8128
0.812581
0.812339
0.812074
0.811785
0.811473
0.811138
0.810781
0.8104
0.809999
0.809576
0.809132
0.808668
0.808185
0.807685
0.807168
0.806633
0.806083
0.805518
0.80494
0.804349
0.803748
0.803139
0.802521
0.801898
0.801269
0.800638
0.800007
0.799377
0.79875
0.798128
0.797513
0.796908
0.796317
0.795741
0.795184
0.794646
0.79413
0.793639
0.793174
0.792737
0.792332
0.791962
0.791627
0.791329
0.79107
0.790853
0.790679
0.790549
0.790464
0.790425
0.790433
0.790488
0.790592
0.790743
0.790942
0.791189
0.791481
0.79182
0.792203
0.792633
0.793105
0.793621
0.794177
0.794772
0.795404
0.796072
0.796773
0.797506
0.798269
0.799059
0.799876
0.800716
0.801578
0.80246
0.803359
0.804274
0.805202
0.806142
0.807093
0.808051
0.809016
0.809984
0.810956
0.811929
0.812902
0.813875
0.814846
0.815812
0.816774
0.817731
0.818683
0.819629
0.820568
0.821499
0.822422
0.823338
0.824246
0.825145
0.826035
0.826916
0.827789
0.828654
0.82951
0.830359
0.831201
0.832035
0.832862
0.833683
0.834496
0.835303
0.836103
0.836896
0.837682
0.838463
0.83924
0.840009
0.840772
0.841528
0.842279
0.843022
0.843758
0.844486
0.845207
0.845918
0.846621
0.847314
0.847997
0.848668
0.849329
0.849976
0.85061
0.851229
0.851834
0.852423
0.852996
0.853549
0.854081
0.854592
0.855081
0.855545
0.855983
0.856394
0.856777
0.857129
0.85745
0.85774
0.857996
0.858217
0.858401
0.858548
0.858657
0.858726
0.858754
0.85874
0.858683
0.858581
0.858434
0.858242
0.858003
0.857716
0.857381
0.856997
0.856564
0.856081
0.855548
0.854966
0.854333
0.853652
0.852919
0.852137
0.851304
0.850421
0.84949
0.84851
0.847481
0.846404
0.84528
0.844109
0.842894
0.841634
0.840331
0.838986
0.837601
0.836175
0.83471
0.833208
0.831672
0.830102
0.828501
0.826868
0.825207
0.823521
0.821812
0.82008
0.818328
0.816558
0.814773
0.812975
0.811165
0.809347
0.807522
0.805694
0.803863
0.802034
0.800208
0.798388
0.796576
0.794775
0.792988
0.791217
0.789466
0.787736
0.78603
0.784352
0.782704
0.781088
0.779509
0.777967
0.776465
0.775005
0.77359
0.77222
0.770899
0.769629
0.768411
0.767247
0.766139
0.765089
0.764097
0.763165
0.762295
0.761486
0.760741
0.760059
0.759443
0.758892
0.758407
0.757988
0.757636
0.757349
0.757128
0.756971
0.756878
0.756849
0.756884
0.756983
0.757142
0.757362
0.757641
0.757978
0.75837
0.758818
0.759318
0.75987
0.760472
0.761122
0.761818
0.76256
0.763343
0.764166
0.765028
0.765925
0.766857
0.767821
0.768814
0.769835
0.770881
0.771951
0.773041
0.77415
0.775276
0.776416
0.777571
0.778738
0.779916
0.781104
0.782298
0.783498
0.784702
0.785908
0.787114
0.78832
0.789525
0.790727
0.791925
0.793119
0.794308
0.795491
0.796669
0.797841
0.799005
0.800161
0.801309
0.80245
0.803582
0.804708
0.805826
0.806936
0.80804
0.809137
0.81023
0.811318
0.812403
0.813486
0.814566
0.815646
0.816726
0.817807
0.818891
0.819979
0.821073
0.822174
0.823285
0.824407
0.825543
0.826692
0.827856
0.829037
0.830237
0.831457
0.832697
0.833959
0.835243
0.836552
0.837884
0.839242
0.840624
0.842032
0.843465
0.844923
0.846407
0.847915
0.849446
0.851
0.852575
0.854171
0.855787
0.85742
0.859069
0.86073
0.862401
0.864081
0.865766
0.867452
0.869137
0.870818
0.872492
0.874154
0.875802
0.877431
0.879039
0.880622
0.882176
0.883697
0.885183
0.886629
0.888033
0.88939
0.890698
0.891953
0.893153
0.894296
0.895378
0.896397
0.897352
0.898238
0.899056
0.899801
0.900473
0.901071
0.901595
0.902041
0.90241
0.9027
0.902911
0.903042
0.903093
0.903065
0.902958
0.902772
0.902506
0.902162
0.90174
0.901242
0.900668
0.900021
0.899303
0.898514
0.897657
0.896732
0.895742
0.894689
0.893575
0.892401
0.891169
0.889883
0.888544
0.887154
0.885718
0.884237
0.882713
0.881151
0.879553
0.877921
0.876258
0.874569
0.872856
0.87112
0.869366
0.867595
0.865811
0.864016
0.862216
0.860413
0.858606
0.856801
0.854998
0.853202
0.851415
0.849639
0.847877
0.846133
0.844409
0.842708
0.841031
0.83938
0.837756
0.836163
0.834601
0.833074
0.831582
0.830128
0.828713
0.827336
0.825999
0.824704
0.823453
0.822245
0.821081
0.819962
0.818886
0.817855
0.816868
0.815924
0.815024
0.814166
0.813349
0.812574
0.811838
0.811141
0.810482
0.809859
0.809271
0.808716
0.808192
0.807697
0.80723
0.806788
0.806368
0.805969
0.805589
0.805224
0.804874
0.804536
0.804207
0.803886
0.803569
0.803255
0.802942
0.802629
0.802314
0.801994
0.801667
0.801332
0.800986
0.800629
0.800259
0.799875
0.799476
0.79906
0.798625
0.798171
0.797697
0.797202
0.796686
0.796148
0.795587
0.795003
0.794395
0.793762
0.793106
0.792426
0.791723
0.790996
0.790245
0.789472
0.788676
0.787858
0.787018
0.786159
0.78528
0.784383
0.783467
0.782535
0.781588
0.780627
0.779653
0.778668
0.777673
0.77667
0.775661
0.774648
0.773632
0.772616
0.771601
0.770589
0.769582
0.768582
0.767593
0.766615
0.76565
0.764701
0.763769
0.762857
0.761969
0.761103
0.760263
0.759451
0.758669
0.757919
0.757201
0.756517
0.75587
0.755261
0.754691
0.754161
0.753673
0.753228
0.752828
0.752472
0.752161
0.751897
0.75168
0.751511
0.75139
0.751318
0.751296
0.751324
0.7514
0.751525
0.751698
0.75192
0.75219
0.752509
0.752874
0.753286
0.753743
0.754245
0.754792
0.755383
0.756017
0.756693
0.75741
0.758167
0.758962
0.759795
0.760662
0.761565
0.7625
0.763468
0.764468
0.765498
0.766557
0.767643
0.768754
0.769891
0.77105
0.772231
0.773432
0.774652
0.77589
0.777145
0.778417
0.779703
0.781002
0.782313
0.783634
0.784965
0.786304
0.78765
0.789002
0.79036
0.791721
0.793085
0.794451
0.795816
0.797181
0.798544
0.799904
0.801261
0.802613
0.80396
0.8053
0.806631
0.807954
0.809266
0.810567
0.811856
0.813133
0.814394
0.81564
0.816869
0.818081
0.819275
0.820449
0.821604
0.822738
0.82385
0.824939
0.826002
0.827039
0.82805
0.829032
0.829986
0.83091
0.831803
0.832665
0.833493
0.834287
0.835045
0.835768
0.836453
0.837101
0.837711
0.838283
0.838816
0.839308
0.83976
0.840171
0.84054
0.840867
0.841151
0.841393
0.841591
0.841746
0.841858
0.841925
0.841949
0.84193
0.84187
0.841767
0.841622
0.841434
0.841202
0.840928
0.840611
0.840252
0.839853
0.839414
0.838934
0.838416
0.837858
0.837263
0.836632
0.835965
0.835262
0.834524
0.833753
0.832949
0.832113
0.831248
0.830354
0.829431
0.828483
0.827509
0.826512
0.825493
0.824453
0.823393
0.822316
0.821221
0.820112
0.81899
0.817857
0.816713
0.815563
0.814408
0.813249
0.812086
0.810922
0.809758
0.808597
0.807441
0.806293
0.805153
0.804024
0.802908
0.801806
0.80072
0.799651
0.798601
0.797572
0.796566
0.795584
0.794627
0.793698
0.792799
0.79193
0.791092
0.790289
0.78952
0.788788
0.788092
0.787434
0.786814
0.786234
0.785694
0.785194
0.784736
0.784319
0.783944
0.783611
0.783318
0.783067
0.782856
0.782686
0.782556
0.782465
0.782413
0.782399
0.782421
0.782478
0.782568
0.782691
0.782845
0.783029
0.783241
0.78348
0.783742
0.784026
0.784331
0.784654
0.784992
0.785344
0.785708
0.78608
0.786458
0.78684
0.787225
0.787609
0.78799
0.788366
0.788735
0.789096
0.789446
0.789781
0.790099
0.790399
0.790677
0.790933
0.791166
0.791373
0.791553
0.791704
0.791825
0.791914
0.791972
0.791996
0.791986
0.791942
0.791863
0.791748
0.791596
0.791407
0.791179
0.790915
0.790615
0.790278
0.789907
0.789502
0.789064
0.788591
0.788087
0.787551
0.786987
0.786395
0.785778
0.785136
0.784473
0.78379
0.78309
0.782375
0.781646
0.780906
0.780157
0.779401
0.778641
0.77788
0.777119
0.776361
0.77561
0.774866
0.774132
