-6.69727
-6.6977
-6.69746
-6.69653
-6.69622
-6.69523
-6.69422
-6.69253
-6.6905
-6.68909
-6.68767
-6.68654
-6.6854
-6.68391
-6.68241
-6.68153
-6.68032
-6.67877
-6.6772
-6.67626
-6.67531
-6.67402
-6.67271
-6.67139
-6.67005
-6.66935
-6.66798
-6.6666
-6.66552
-6.66443
-6.663
-6.66156
-6.66042
-6.6596
-6.65746
-6.65596
-6.65413
-6.65325
-6.65139
-6.6492
-6.64732
-6.64576
-6.64451
-6.64261
-6.64167
-6.63943
-6.63784
-6.63625
-6.63498
-6.63338
-6.63212
-6.63054
-6.62864
-6.62676
-6.62521
-6.62399
-6.6228
-6.62098
-6.61983
-6.61903
-6.61761
-6.61622
-6.61551
-6.61387
-6.61259
-6.61103
-6.60984
-6.60903
-6.60826
-6.60626
-6.60528
-6.60502
-6.60319
-6.60241
-6.60234
-6.60169
-6.60112
-6.60095
-6.6002
-6.60019
-6.60057
-6.59974
-6.59964
-6.59931
-6.59937
-6.59985
-6.60041
-6.60041
-6.60082
-6.601
-6.6019
-6.6016
-6.60236
-6.60256
-6.60316
-6.60417
-6.60462
-6.60613
-6.60739
-6.6084
-6.61015
-6.61197
-6.61289
-6.61454
-6.61626
-6.61772
-6.61958
-6.6215
-6.62349
-6.62553
-6.62763
-6.62882
-6.632
-6.63362
-6.63592
-6.63827
-6.64001
-6.64276
-6.6449
-6.64771
-6.65087
-6.65308
-6.65531
-6.65821
-6.66112
-6.66338
-6.6663
-6.66857
-6.67084
-6.67406
-6.67761
-6.68081
-6.68302
-6.68586
-6.68835
-6.69016
-6.69324
-6.69499
-6.69669
-6.69901
-6.70128
-6.70351
-6.70634
-6.7088
-6.71088
-6.71258
-6.71552
-6.71809
-6.72028
-6.72177
-6.72352
-6.72522
-6.72653
-6.72779
-6.729
-6.73079
-6.73156
-6.73324
-6.73455
-6.7358
-6.73733
-6.73816
-6.73927
-6.74033
-6.742
-6.7433
-6.74424
-6.74514
-6.74601
-6.74684
-6.74731
-6.74776
-6.74882
-6.74954
-6.74991
-6.75025
-6.7509
-6.7512
-6.75149
-6.75111
-6.75169
-6.75225
-6.75247
-6.75365
-6.75417
-6.75532
-6.75581
-6.75725
-6.75803
-6.75846
-6.7592
-6.76025
-6.76096
-6.76099
-6.76133
-6.76132
-6.76096
-6.76122
-6.7608
-6.76133
-6.76086
-6.76068
-6.76143
-6.76118
-6.76155
-6.76187
-6.76183
-6.76144
-6.76067
-6.7602
-6.76032
-6.75977
-6.76014
-6.7595
-6.75914
-6.75874
-6.7583
-6.75815
-6.75796
-6.75773
-6.75714
-6.75619
-6.75586
-6.75583
-6.75544
-6.75502
-6.75458
-6.75411
-6.75395
-6.7528
-6.75195
-6.75141
-6.75054
-6.749
-6.74844
-6.74786
-6.74664
-6.74574
-6.74516
-6.74427
-6.7437
-6.7425
-6.74195
-6.74142
-6.73993
-6.73911
-6.73766
-6.73623
-6.73547
-6.73409
-6.73306
-6.73271
-6.73174
-6.73047
-6.72956
-6.729
-6.72816
-6.7267
-6.72624
-6.72582
-6.72543
-6.72508
-6.72508
-6.7248
-6.72423
-6.72369
-6.72319
-6.72337
-6.72359
-6.72319
-6.72283
-6.72315
-6.72349
-6.72355
-6.72331
-6.72374
-6.72389
-6.72438
-6.72457
-6.72479
-6.72504
-6.7253
-6.72559
-6.7259
-6.72623
-6.72722
-6.72759
-6.72797
-6.72869
-6.72911
-6.72954
-6.72933
-6.73075
-6.73121
-6.73168
-6.73216
-6.73199
-6.73313
-6.73363
-6.73445
-6.73431
-6.73515
-6.73567
-6.73586
-6.73639
-6.73659
-6.73711
-6.73764
-6.73752
-6.73804
-6.73791
-6.73811
-6.73862
-6.73913
-6.73995
-6.74077
-6.74126
-6.74109
-6.74157
-6.74138
-6.74183
-6.74292
-6.74366
-6.74375
-6.74447
-6.74485
-6.74488
-6.7449
-6.74555
-6.74552
-6.74645
-6.74606
-6.74596
-6.74681
-6.74699
-6.74584
-6.74628
-6.74668
-6.74673
-6.74675
-6.74641
-6.74603
-6.74529
-6.74548
-6.74531
-6.7451
-6.74517
-6.74455
-6.74324
-6.74351
-6.74374
-6.74328
-6.7431
-6.74255
-6.74229
-6.74101
-6.74001
-6.73963
-6.73984
-6.73905
-6.73854
-6.73735
-6.73645
-6.73615
-6.73485
-6.73449
-6.73377
-6.7327
-6.73224
-6.73111
-6.73027
-6.72909
-6.72755
-6.72696
-6.72603
-6.72508
-6.72313
-6.72117
-6.71984
-6.71883
-6.71715
-6.71514
-6.71376
-6.71238
-6.71131
-6.70959
-6.70819
-6.70582
-6.70441
-6.70269
-6.70096
-6.69956
-6.69849
-6.69742
-6.69571
-6.694
-6.69296
-6.69159
-6.68992
-6.68825
-6.6866
-6.68561
-6.68464
-6.68368
-6.68274
-6.68149
-6.67961
-6.6784
-6.67689
-6.67572
-6.67457
-6.67344
-6.67168
-6.67093
-6.67019
-6.66916
-6.66848
-6.6675
-6.66654
-6.66561
-6.66471
-6.66383
-6.66233
-6.66151
-6.66038
-6.65929
-6.65887
-6.65782
-6.65777
-6.65743
-6.65679
-6.65552
-6.65525
-6.65468
-6.65414
-6.65329
-6.65214
-6.65263
-6.65249
-6.65204
-6.65193
-6.65152
-6.6508
-6.6501
-6.65005
-6.64936
-6.64836
-6.64802
-6.64865
-6.64832
-6.64831
-6.64766
-6.64798
-6.64798
-6.64797
-6.64764
-6.6473
-6.64695
-6.64627
-6.64591
-6.64586
-6.64514
-6.64377
-6.64336
-6.64261
-6.64184
-6.6417
-6.6422
-6.6417
-6.64087
-6.64001
-6.63946
-6.63824
-6.63733
-6.63608
-6.63513
-6.63513
-6.63447
-6.63412
-6.63408
-6.63337
-6.63265
-6.63159
-6.63116
-6.63007
-6.6293
-6.62852
-6.62773
-6.62694
-6.62711
-6.62598
-6.62485
-6.62469
-6.62292
-6.62147
-6.62067
-6.62053
-6.61975
-6.6193
-6.61853
-6.6181
-6.61801
-6.61761
-6.61755
-6.61654
-6.61554
-6.61521
-6.61491
-6.6143
-6.61371
-6.61251
-6.61197
-6.61114
-6.61033
-6.60987
-6.60944
-6.60904
-6.60866
-6.60799
-6.60766
-6.60736
-6.60677
-6.6062
-6.60597
-6.60642
-6.60559
-6.60511
-6.60464
-6.60419
-6.60376
-6.60367
-6.60423
-6.60416
-6.60377
-6.60306
-6.60333
-6.60359
-6.60353
-6.60314
-6.60306
-6.60361
-6.60384
-6.60404
-6.60423
-6.60406
-6.60388
-6.60366
-6.60342
-6.60281
-6.6025
-6.60215
-6.60143
-6.60164
-6.60052
-6.59903
-6.59781
-6.5972
-6.59621
-6.5968
-6.59668
-6.5962
-6.59501
-6.59442
-6.59281
-6.59115
-6.58976
-6.58865
-6.58684
-6.58595
-6.58469
-6.58372
-6.58238
-6.58165
-6.58055
-6.57975
-6.57795
-6.57611
-6.57523
-6.57399
-6.5721
-6.56986
-6.56827
-6.56666
-6.56538
-6.56378
-6.5625
-6.56123
-6.55966
-6.55745
-6.55463
-6.5528
-6.55036
-6.54925
-6.54753
-6.54618
-6.54585
-6.5446
-6.54406
-6.54261
-6.54122
-6.53989
-6.53897
-6.53844
-6.53799
-6.5373
-6.53604
-6.5352
-6.53444
-6.5341
-6.53386
-6.53371
-6.53398
-6.53435
-6.53417
-6.53475
-6.5351
-6.53523
-6.53645
-6.53744
-6.53724
-6.53813
-6.53911
-6.54053
-6.54173
-6.54239
-6.54445
-6.54565
-6.5476
-6.54965
-6.55116
-6.55309
-6.55512
-6.55725
-6.55882
-6.56114
-6.56354
-6.56635
-6.56926
-6.57256
-6.57498
-6.57812
-6.58134
-6.58365
-6.58734
-6.59076
-6.59456
-6.59746
-6.60073
-6.60438
-6.60775
-6.61051
-6.61396
-6.6181
-6.62259
-6.62613
-6.63002
-6.6336
-6.63752
-6.64112
-6.64505
-6.64866
-6.65227
-6.65586
-6.65944
-6.66301
-6.66623
-6.66975
-6.67357
-6.67735
-6.68045
-6.68318
-6.68652
-6.69013
-6.69336
-6.69622
-6.69966
-6.70304
-6.70538
-6.70798
-6.71148
-6.71426
-6.71696
-6.71926
-6.72147
-6.72425
-6.72662
-6.72922
-6.73173
-6.7335
-6.73551
-6.73741
-6.73988
-6.7416
-6.74289
-6.74409
-6.74552
-6.74685
-6.7484
-6.74888
-6.75023
-6.75149
-6.75233
-6.75307
-6.75307
-6.75395
-6.75376
-6.7538
-6.75376
-6.75394
-6.75468
-6.75468
-6.7546
-6.75411
-6.75354
-6.7532
-6.75311
-6.75262
-6.75172
-6.75108
-6.74971
-6.7486
-6.74839
-6.74747
-6.7468
-6.74607
-6.74496
-6.74476
-6.74352
-6.74224
-6.74057
-6.73918
-6.73806
-6.73722
-6.73634
-6.73476
-6.73315
-6.7315
-6.72916
-6.72744
-6.72601
-6.72422
-6.72306
-6.72219
-6.72033
-6.71846
-6.71624
-6.71465
-6.71273
-6.71079
-6.70885
-6.70657
-6.7043
-6.70267
-6.70105
-6.69943
-6.69783
-6.69591
-6.6953
-6.69407
-6.69318
-6.69167
-6.68954
-6.68744
-6.68538
-6.68335
-6.68169
-6.6804
-6.67883
-6.67732
-6.67585
-6.67477
-6.67342
-6.67181
-6.67091
-6.67008
-6.66868
-6.66702
-6.66641
-6.66588
-6.66542
-6.6644
-6.66346
-6.66325
-6.66313
-6.66341
-6.66378
-6.66326
-6.66347
-6.6628
-6.66285
-6.66266
-6.66255
-6.66284
-6.66256
-6.663
-6.66319
-6.66344
-6.66343
-6.66381
-6.66392
-6.66473
-6.66527
-6.66585
-6.6668
-6.66778
-6.66912
-6.67017
-6.67156
-6.67233
-6.67311
-6.67455
-6.67567
-6.6768
-6.67728
-6.67872
-6.68048
-6.68191
-6.68268
-6.68343
-6.68383
-6.68421
-6.68522
-6.68619
-6.68713
-6.68837
-6.68957
-6.69008
-6.69121
-6.691
-6.69173
-6.69177
-6.6921
-6.69303
-6.69392
-6.69413
-6.69462
-6.6954
-6.69582
-6.69556
-6.6959
-6.69621
-6.69616
-6.6964
-6.69726
-6.69678
-6.69725
-6.69704
-6.69745
-6.69784
-6.69722
-6.6982
-6.69884
-6.69848
-6.69875
-6.69867
-6.69857
-6.69813
-6.69735
-6.69623
-6.69607
-6.69589
-6.69634
-6.69549
-6.69495
-6.69407
-6.69382
-6.69292
-6.69298
-6.69335
-6.69307
-6.69278
-6.69345
-6.69314
-6.69282
-6.69314
-6.69281
-6.69215
-6.6918
-6.69178
-6.69077
-6.69041
-6.69004
-6.68999
-6.68929
-6.68891
-6.68852
-6.68781
-6.68743
-6.68671
-6.68568
-6.68594
-6.68523
-6.68453
-6.68415
-6.68411
-6.68374
-6.68307
-6.6824
-6.68271
-6.68142
-6.68079
-6.68083
-6.68088
-6.67998
-6.67975
-6.67954
-6.67904
-6.6792
-6.67907
-6.67962
-6.67923
-6.67887
-6.6792
-6.67859
-6.67867
-6.67911
-6.67927
-6.6798
-6.68167
-6.68229
-6.68232
-6.68304
-6.68251
-6.68333
-6.68453
-6.68578
-6.68514
-6.68618
-6.68759
-6.68809
-6.688
-6.68927
-6.68994
-6.69131
-6.69242
-6.69358
-6.6948
-6.69607
-6.69708
-6.69846
-6.69958
-6.70107
-6.70229
-6.70291
-6.70455
-6.70592
-6.70831
-6.70946
-6.71162
-6.71318
-6.7151
-6.71739
-6.71939
-6.72208
-6.72384
-6.72692
-6.72874
-6.73123
-6.73343
-6.73663
-6.73855
-6.74114
-6.74342
-6.74604
-6.74835
-6.75164
-6.75429
-6.75662
-6.75862
-6.76126
-6.7639
-6.7662
-6.76978
-6.77141
-6.77398
-6.77621
-6.77808
-6.78122
-6.78335
-6.78544
-6.7878
-6.78948
-6.79142
-6.79363
-6.79546
-6.79723
-6.79892
-6.7999
-6.80112
-6.80356
-6.80494
-6.80623
-6.8071
-6.80788
-6.80921
-6.81011
-6.8109
-6.81191
-6.81247
-6.81325
-6.81357
-6.81378
-6.81386
-6.8138
-6.81393
-6.81393
-6.81282
-6.81221
-6.81113
-6.81024
-6.80855
-6.80736
-6.80569
-6.80322
-6.80157
-6.79912
-6.79716
-6.79472
-6.79244
-6.79001
-6.7871
-6.78468
-6.78177
-6.77936
-6.77647
-6.77375
-6.77023
-6.76754
-6.76339
-6.75878
-6.75435
-6.74946
-6.74475
-6.7399
-6.73525
-6.73047
-6.72621
-6.72119
-6.71669
-6.71177
-6.70705
-6.70127
-6.69571
-6.69039
-6.68434
-6.67918
-6.67297
-6.66671
-6.66038
-6.65368
-6.64758
-6.64178
-6.63561
-6.62975
-6.62291
-6.61639
-6.60986
-6.60335
-6.59686
-6.59008
-6.58398
-6.57824
-6.57256
-6.5663
-6.56043
-6.55496
-6.54926
-6.54333
-6.53782
-6.53276
-6.52749
-6.52138
-6.5167
-6.5112
-6.50682
-6.50195
-6.49757
-6.49369
-6.48966
-6.48613
-6.48247
-6.48095
-6.47736
-6.4743
-6.47208
-6.46976
-6.46732
-6.46413
-6.46213
-6.46035
-6.45911
-6.45744
-6.45632
-6.45543
-6.45443
-6.45397
-6.45471
-6.45535
-6.45587
-6.45597
-6.45693
-6.45745
-6.45817
-6.46007
-6.46055
-6.46219
-6.46403
-6.4654
-6.46663
-6.46804
-6.47092
-6.47364
-6.47684
-6.47955
-6.48306
-6.48672
-6.49116
-6.49443
-6.49816
-6.50169
-6.50598
-6.51038
-6.51456
-6.51948
-6.52384
-6.52829
-6.53314
-6.53806
-6.54272
-6.54712
-6.55223
-6.55641
-6.56161
-6.56652
-6.57114
-6.57741
-6.58305
-6.58806
-6.5934
-6.59745
-6.60216
-6.6075
-6.61283
-6.61751
-6.62216
-6.6271
-6.63235
-6.63788
-6.6424
-6.64591
-6.65067
-6.65441
-6.65842
-6.66302
-6.6669
-6.67169
-6.67609
-6.68074
-6.68499
-6.68948
-6.69325
-6.6979
-6.70214
-6.70629
-6.7097
-6.71367
-6.71754
-6.72163
-6.7253
-6.72789
-6.73103
-6.73438
-6.73762
-6.74012
-6.7425
-6.74444
-6.74725
-6.74962
-6.75154
-6.75336
-6.75571
-6.75697
-6.75811
-6.75979
-6.76167
-6.76345
-6.76511
-6.76568
-6.76679
-6.76779
-6.769
-6.76977
-6.76978
-6.77034
-6.77046
-6.77081
-6.77105
-6.77119
-6.77025
-6.76987
-6.7694
-6.7698
-6.77011
-6.76936
-6.76853
-6.76826
-6.76792
-6.76685
-6.76603
-6.76481
-6.76385
-6.76315
-6.76207
-6.76092
-6.76005
-6.75912
-6.75782
-6.75616
-6.75478
-6.75304
-6.75288
-6.75205
-6.75023
-6.75
-6.74879
-6.74692
-6.74439
-6.74315
-6.74158
-6.74002
-6.73878
-6.73723
-6.73601
-6.73449
-6.73298
-6.73117
-6.72938
-6.72794
-6.7262
-6.72418
-6.72283
-6.7212
-6.72057
-6.71901
-6.71814
-6.71699
-6.71556
-6.71547
-6.71413
-6.71381
-6.71289
-6.71201
-6.71086
-6.71008
-6.71
-6.70964
-6.70868
-6.70776
-6.70722
-6.70704
-6.70627
-6.70618
-6.70613
-6.70613
-6.70617
-6.70527
-6.70539
-6.7049
-6.7038
-6.70306
-6.70299
-6.70264
-6.70231
-6.70169
-6.70207
-6.70215
-6.70225
-6.70238
-6.70252
-6.70334
-6.70321
-6.70374
-6.70332
-6.70357
-6.70384
-6.70413
-6.70443
-6.70474
-6.70475
-6.70509
-6.7061
-6.70646
-6.70684
-6.70723
-6.70763
-6.70804
-6.70878
-6.7092
-6.70996
-6.71105
-6.71182
-6.71195
-6.71208
-6.71319
-6.71333
-6.71347
-6.71362
-6.71376
-6.71423
-6.71373
-6.71419
-6.7153
-6.71608
-6.71653
-6.7173
-6.71774
-6.71881
-6.71826
-6.71898
-6.71938
-6.72007
-6.7214
-6.72142
-6.7211
-6.72108
-6.72072
-6.7213
-6.72219
-6.72241
-6.72293
-6.72309
-6.72356
-6.724
-6.72442
-6.72415
-6.72322
-6.7229
-6.72256
-6.72219
-6.72212
-6.72202
-6.72156
-6.72172
-6.72153
-6.72131
-6.72106
-6.72046
-6.72048
-6.72047
-6.72043
-6.72004
-6.72027
-6.72048
-6.72
-6.71983
-6.7193
-6.71778
-6.71785
-6.71725
-6.71695
-6.7163
-6.71595
-6.71525
-6.71452
-6.71345
-6.713
-6.71221
-6.7101
-6.70926
-6.70872
-6.70848
-6.70758
-6.70698
-6.70604
-6.70443
-6.70378
-6.70246
-6.70177
-6.70009
-6.69904
-6.69798
-6.69659
-6.69551
-6.69409
-6.69267
-6.69123
-6.68979
-6.68866
-6.68786
-6.68704
-6.68623
-6.68509
-6.68362
-6.68248
-6.68167
-6.68021
-6.67844
-6.67699
-6.67588
-6.67446
-6.67336
-6.67358
-6.6722
-6.67115
-6.67011
-6.66877
-6.6681
-6.6668
-6.66584
-6.66425
-6.66301
-6.66212
-6.66125
-6.66072
-6.65893
-6.65813
-6.65736
-6.65661
-6.65492
-6.6539
-6.65322
-6.6516
-6.65098
-6.64973
-6.6498
-6.64925
-6.64937
-6.64886
-6.64838
-6.64823
-6.64747
-6.64736
-6.6476
-6.64689
-6.64684
-6.64713
-6.64647
-6.6455
-6.64552
-6.64523
-6.64462
-6.64435
-6.6441
-6.64418
-6.64362
-6.64339
-6.64285
-6.64329
-6.64309
-6.64257
-6.64239
-6.64189
-6.64139
-6.64091
-6.64108
-6.64093
-6.64111
-6.64097
-6.64148
-6.642
-6.64253
-6.64209
-6.64198
-6.64154
-6.64144
-6.64198
-6.64221
-6.64244
-6.64235
-6.64193
-6.64185
-6.64176
-6.64168
-6.64159
-6.64183
-6.64143
-6.64232
-6.64159
-6.64151
-6.64142
-6.64166
-6.64157
-6.6418
-6.6417
-6.64095
-6.64116
-6.64105
-6.64092
-6.63983
-6.64099
-6.64021
-6.64071
-6.64024
-6.64008
-6.63959
-6.63941
-6.63923
-6.63903
-6.6385
-6.63829
-6.63839
-6.63815
-6.63824
-6.63798
-6.63772
-6.63713
-6.63718
-6.63722
-6.63596
-6.63534
-6.63505
-6.63475
-6.63445
-6.63448
-6.63386
-6.63325
-6.63296
-6.63236
-6.63274
-6.63281
-6.63289
-6.63331
-6.63246
-6.63195
-6.63147
-6.63166
-6.63155
-6.63148
-6.63111
-6.63175
-6.63082
-6.63122
-6.63134
-6.63086
-6.63172
-6.63166
-6.63166
-6.63171
-6.63149
-6.63197
-6.6322
-6.6328
-6.63411
-6.63517
-6.63628
-6.63713
-6.63772
-6.63903
-6.64039
-6.64246
-6.64427
-6.64647
-6.6471
-6.64942
-6.65146
-6.65324
-6.65474
-6.65597
-6.6579
-6.65954
-6.6609
-6.66262
-6.66535
-6.66779
-6.66928
-6.6708
-6.67299
-6.67455
-6.67644
-6.67834
-6.68025
-6.68248
-6.68439
-6.68596
-6.68688
-6.6894
-6.69093
-6.69308
-6.69488
-6.69568
-6.69742
-6.69847
-6.6998
-6.70076
-6.70232
-6.70382
-6.7056
-6.70764
-6.70832
-6.70959
-6.71078
-6.71191
-6.71361
-6.71492
-6.7155
-6.71666
-6.71709
-6.71744
-6.71771
-6.71822
-6.71897
-6.71931
-6.71958
-6.71911
-6.71953
-6.7189
-6.71883
-6.71933
-6.7191
-6.71815
-6.71809
-6.71795
-6.71774
-6.71778
-6.71711
-6.71668
-6.71555
-6.71371
-6.71375
-6.71277
-6.71205
-6.71096
-6.71015
-6.70864
-6.70807
-6.70681
-6.70552
-6.70387
-6.70285
-6.70147
-6.70008
-6.69867
-6.69725
-6.69777
-6.69569
-6.69491
-6.69413
-6.69238
-6.69065
-6.68893
-6.68723
-6.68619
-6.68518
-6.6842
-6.68195
-6.68103
-6.68015
-6.6793
-6.67818
-6.67709
-6.67605
-6.67474
-6.67315
-6.67258
-6.67238
-6.67127
-6.66989
-6.66824
-6.66794
-6.6677
-6.6672
-6.66545
-6.66539
-6.66473
-6.66446
-6.66392
-6.66408
-6.66398
-6.66426
-6.66426
-6.66432
-6.66411
-6.66427
-6.66449
-6.66572
-6.66635
-6.66703
-6.66742
-6.66786
-6.66899
-6.66984
-6.6704
-6.67002
-6.67065
-6.67099
-6.672
-6.67305
-6.67347
-6.67456
-6.67471
-6.67585
-6.67733
-6.67818
-6.6784
-6.67831
-6.67856
-6.6798
-6.68039
-6.68164
-6.68225
-6.6832
-6.68414
-6.68542
-6.68637
-6.68699
-6.68794
-6.68889
-6.68983
-6.69013
-6.69074
-6.69167
-6.6926
-6.69351
-6.69442
-6.69597
-6.69686
-6.6984
-6.69959
-6.70013
-6.70131
-6.70182
-6.70265
-6.70411
-6.70426
-6.7057
-6.70583
-6.70693
-6.70736
-6.70712
-6.70817
-6.70824
-6.70893
-6.70961
-6.71028
-6.71093
-6.71157
-6.71251
-6.71409
-6.71435
-6.7146
-6.7158
-6.71634
-6.71751
-6.71802
-6.71819
-6.71835
-6.71849
-6.71829
-6.71775
-6.71817
-6.71889
-6.71896
-6.71933
-6.72001
-6.72003
-6.72004
-6.72036
-6.72034
-6.72031
-6.72027
-6.72086
-6.72112
-6.7204
-6.72063
-6.72086
-6.7214
-6.72161
-6.72214
-6.72201
-6.72219
-6.72302
-6.72351
-6.72335
-6.72351
-6.7243
-6.7251
-6.72394
-6.72344
-6.72292
-6.72338
-6.72383
-6.72428
-6.72343
-6.72387
-6.72463
-6.72475
-6.7255
-6.72528
-6.72539
-6.72581
-6.72622
-6.72631
-6.72703
-6.72743
-6.72717
-6.7269
-6.72727
-6.72731
-6.72766
-6.72735
-6.72767
-6.72798
-6.72827
-6.72854
-6.72847
-6.72806
-6.72795
-6.72814
-6.72766
-6.72747
-6.72726
-6.72702
-6.72642
-6.7258
-6.72547
-6.72446
-6.72439
-6.72396
-6.7235
-6.72236
-6.72184
-6.72096
-6.72004
-6.71942
-6.71909
-6.7184
-6.71833
-6.71759
-6.71682
-6.71634
-6.71584
-6.71403
-6.71316
-6.71228
-6.71138
-6.71143
-6.7105
-6.70989
-6.70894
-6.70798
-6.7067
-6.70638
-6.70574
-6.70381
-6.70286
-6.70126
-6.70032
-6.70004
-6.69912
-6.69821
-6.69796
-6.6974
-6.69589
-6.69536
-6.69421
-6.6934
-6.69325
-6.6915
-6.69107
-6.68969
-6.68898
-6.68893
-6.68762
-6.68696
-6.68632
-6.68473
-6.68446
-6.68355
-6.68363
-6.68309
-6.68256
-6.68204
-6.68122
-6.68106
-6.68026
-6.67884
-6.67904
-6.67893
-6.67884
-6.67843
-6.67804
-6.67798
-6.67696
-6.67693
-6.67626
-6.67593
-6.67496
-6.67465
-6.67402
-6.67374
-6.67346
-6.67319
-6.67294
-6.6727
-6.6728
-6.67258
-6.67173
-6.67186
-6.67168
-6.67086
-6.6707
-6.67056
-6.67041
-6.67061
-6.67048
-6.66907
-6.66897
-6.66887
-6.66877
-6.66869
-6.66828
-6.66853
-6.66781
-6.66806
-6.66767
-6.66761
-6.66754
-6.6678
-6.66773
-6.66831
-6.66824
-6.66849
-6.66808
-6.66832
-6.66855
-6.66877
-6.66898
-6.66983
-6.66969
-6.66955
-6.66907
-6.67019
-6.67065
-6.67045
-6.67024
-6.67065
-6.67136
-6.67076
-6.67014
-6.66918
-6.67013
-6.66977
-6.66939
-6.66833
-6.66757
-6.66776
-6.6676
-6.66773
-6.6672
-6.66599
-6.6654
-6.66511
-6.66479
-6.66347
-6.66277
-6.66172
-6.66033
-6.65987
-6.65842
-6.65727
-6.65577
-6.65489
-6.65399
-6.65306
-6.65244
-6.65115
-6.64983
-6.64915
-6.64812
-6.64739
-6.646
-6.6459
-6.6448
-6.6437
-6.64323
-6.64177
-6.64031
-6.63884
-6.63834
-6.63751
-6.63603
-6.63422
-6.63274
-6.63093
-6.62978
-6.62928
-6.62814
-6.62733
-6.62588
-6.62476
-6.62333
-6.62192
-6.62052
-6.61913
-6.61809
-6.61674
-6.6154
-6.61409
-6.61313
-6.61251
-6.61191
-6.61037
-6.60917
-6.608
-6.60652
-6.60572
-6.60559
-6.60549
-6.60509
-6.60406
-6.60338
-6.60273
-6.60178
-6.60053
-6.59995
-6.59939
-6.59983
-6.599
-6.59786
-6.59739
-6.59727
-6.59749
-6.59676
-6.59669
-6.59665
-6.59629
-6.59563
-6.59532
-6.59502
-6.59473
-6.59478
-6.59453
-6.59461
-6.59438
-6.59417
-6.59365
-6.59346
-6.59329
-6.59249
-6.593
-6.59287
-6.59341
-6.59332
-6.59356
-6.59351
-6.59282
-6.5928
-6.59312
-6.59281
-6.59317
-6.59291
-6.59267
-6.59246
-6.59292
-6.59308
-6.59294
-6.59316
-6.5934
-6.59368
-6.59335
-6.59369
-6.59407
-6.59449
-6.59462
-6.59544
-6.59565
-6.59655
-6.5962
-6.59687
-6.59758
-6.59833
-6.59946
-6.60032
-6.60155
-6.60218
-6.60351
-6.60392
-6.60471
-6.60555
-6.60709
-6.60933
-6.61065
-6.61203
-6.61314
-6.61462
-6.61584
-6.61678
-6.61875
-6.62012
-6.62251
-6.6243
-6.62646
-6.629
-6.63093
-6.63291
-6.63493
-6.63733
-6.63879
-6.64159
-6.64345
-6.646
-6.64825
-6.65054
-6.65189
-6.65456
-6.65693
-6.65932
-6.66206
-6.66514
-6.66824
-6.6707
-6.67381
-6.67629
-6.6791
-6.68191
-6.68374
-6.6859
-6.68935
-6.69149
-6.69459
-6.69767
-6.70073
-6.70248
-6.70518
-6.70752
-6.71015
-6.71211
-6.71467
-6.71655
-6.71903
-6.72082
-6.7232
-6.72554
-6.72782
-6.73005
-6.73222
-6.73368
-6.73573
-6.73738
-6.73929
-6.74048
-6.74193
-6.7433
-6.74459
-6.74549
-6.74695
-6.74769
-6.74868
-6.74893
-6.74943
-6.74984
-6.7505
-6.75075
-6.75091
-6.75164
-6.75228
-6.75285
-6.753
-6.75308
-6.75275
-6.75299
-6.75282
-6.75291
-6.75324
-6.75317
-6.75303
-6.75282
-6.75157
-6.75058
-6.74984
-6.74873
-6.7482
-6.74794
-6.74763
-6.74662
-6.74557
-6.74479
-6.74398
-6.74247
-6.74126
-6.74066
-6.74004
-6.73874
-6.73743
-6.73609
-6.73506
-6.73338
-6.73233
-6.73096
-6.72893
-6.72756
-6.72586
-6.72416
-6.72281
-6.72179
-6.72078
-6.71915
-6.71753
-6.71625
-6.715
-6.71345
-6.71161
-6.71011
-6.70897
-6.70721
-6.70581
-6.70444
-6.70311
-6.70214
-6.70153
-6.70063
-6.69977
-6.6996
-6.69913
-6.69806
-6.69638
-6.69603
-6.69571
-6.69575
-6.69421
-6.69367
-6.69252
-6.6914
-6.69063
-6.69021
-6.68917
-6.68848
-6.68782
-6.68718
-6.68655
-6.68595
-6.68601
-6.68544
-6.68618
-6.68661
-6.68672
-6.68587
-6.686
-6.68646
-6.68595
-6.68512
-6.68494
-6.68476
-6.68458
-6.68439
-6.68388
-6.68336
-6.68284
-6.68231
-6.68307
-6.68221
-6.68199
-6.68209
-6.68153
-6.68097
-6.68106
-6.68049
-6.68057
-6.68001
-6.68041
-6.67985
-6.67898
-6.67875
-6.67854
-6.67867
-6.67816
-6.67767
-6.67752
-6.67771
-6.67794
-6.67851
-6.67944
-6.67976
-6.6798
-6.68052
-6.68032
-6.68049
-6.68039
-6.68099
-6.68229
-6.68237
-6.6825
-6.68335
-6.68428
-6.68592
-6.68602
-6.68684
-6.68709
-6.6884
-6.68913
-6.69028
-6.6915
-6.69248
-6.69388
-6.69535
-6.69626
-6.69854
-6.70026
-6.70206
-6.70393
-6.70621
-6.70758
-6.70935
-6.71151
-6.71373
-6.71633
-6.71964
-6.72139
-6.72415
-6.72534
-6.72818
-6.72977
-6.73235
-6.73463
-6.73758
-6.74022
-6.74254
-6.74357
-6.74621
-6.74885
-6.75147
-6.75375
-6.75665
-6.75887
-6.76138
-6.7645
-6.76724
-6.77027
-6.77259
-6.77421
-6.77641
-6.77919
-6.7819
-6.78357
-6.78548
-6.78731
-6.78842
-6.79041
-6.79198
-6.79314
-6.79486
-6.7955
-6.7967
-6.79811
-6.7991
-6.80032
-6.8011
-6.80178
-6.80234
-6.80248
-6.80413
-6.80405
-6.80386
-6.80453
-6.80445
-6.80425
-6.80297
-6.80352
-6.8017
-6.80139
-6.8
-6.79915
-6.79851
-6.79777
-6.79693
-6.79598
-6.79461
-6.79378
-6.79188
-6.79021
-6.78844
-6.78657
-6.78462
-6.78257
-6.77979
-6.77692
-6.77429
-6.77191
-6.76978
-6.76724
-6.76463
-6.76097
-6.75855
-6.75704
-6.75417
-6.7519
-6.74827
-6.74557
-6.74282
-6.74002
-6.73719
-6.73432
-6.73142
-6.72849
-6.72553
-6.72223
-6.71956
-6.71655
-6.71321
-6.7089
-6.70588
-6.70253
-6.69952
-6.69587
-6.69256
-6.68829
-6.68501
-6.68209
-6.67952
-6.67666
-6.67286
-6.6691
-6.66636
-6.66366
-6.66004
-6.65842
-6.65524
-6.65211
-6.64937
-6.64701
-6.64439
-6.64184
-6.63903
-6.63662
-6.63428
-6.63201
-6.63014
-6.6277
-6.625
-6.62303
-6.62114
-6.61964
-6.61661
-6.61462
-6.6127
-6.61119
-6.60975
-6.60838
-6.60676
-6.60424
-6.60309
-6.60168
-6.60131
-6.60101
-6.60044
-6.5993
-6.59821
-6.5975
-6.59685
-6.59594
-6.59604
-6.59588
-6.59543
-6.59472
-6.59405
-6.59408
-6.59447
-6.59361
-6.59312
-6.59298
-6.59256
-6.5925
-6.59377
-6.59346
-6.59351
-6.59391
-6.5937
-6.59449
-6.59467
-6.59488
-6.59511
-6.59538
-6.59569
-6.5957
-6.59639
-6.59711
-6.59754
-6.59768
-6.59882
-6.59935
-6.5996
-6.6002
-6.60148
-6.60247
-6.60317
-6.60359
-6.60404
-6.60583
-6.60635
-6.60756
-6.60881
-6.60945
-6.61045
-6.61181
-6.61289
-6.614
-6.61514
-6.61697
-6.61754
-6.61912
-6.6204
-6.62236
-6.6237
-6.62507
-6.62549
-6.62724
-6.62837
-6.62952
-6.63133
-6.63381
-6.63534
-6.63689
-6.63877
-6.63905
-6.64096
-6.64287
-6.6448
-6.6464
-6.64866
-6.65092
-6.65155
-6.65348
-6.65541
-6.65636
-6.65763
-6.65888
-6.66013
-6.66136
-6.6629
-6.66411
-6.66562
-6.66776
-6.66924
-6.6694
-6.67116
-6.6729
-6.67397
-6.67566
-6.677
-6.67833
-6.67897
-6.68024
-6.68181
-6.68302
-6.68454
-6.68538
-6.68684
-6.68794
-6.6887
-6.6891
-6.6898
-6.69079
-6.69176
-6.69302
-6.69457
-6.69545
-6.69597
-6.69647
-6.69693
-6.69834
-6.69939
-6.69976
-6.70043
-6.70041
-6.70133
-6.7019
-6.70211
-6.70229
-6.70275
-6.70319
-6.70359
-6.70395
-6.7046
-6.7049
-6.70515
-6.70505
-6.70556
-6.70538
-6.70517
-6.70556
-6.70527
-6.70526
-6.70522
-6.70578
-6.70534
-6.70518
-6.70465
-6.70442
-6.70479
-6.7048
-6.70478
-6.70439
-6.70396
-6.70447
-6.70332
-6.7031
-6.7022
-6.70192
-6.70095
-6.70059
-6.69955
-6.69847
-6.69769
-6.69622
-6.69537
-6.69416
-6.69292
-6.69198
-6.69101
-6.69001
-6.68898
-6.68793
-6.68685
-6.68607
-6.68527
-6.68381
-6.68264
-6.68146
-6.67994
-6.67873
-6.67751
-6.67595
-6.67502
-6.67345
-6.67381
-6.67255
-6.67128
-6.67067
-6.67005
-6.66847
-6.66722
-6.66597
-6.66506
-6.66384
-6.66263
-6.66176
-6.66026
-6.65878
-6.65765
-6.65654
-6.6561
-6.65472
-6.65402
-6.65238
-6.6511
-6.64986
-6.64865
-6.64813
-6.64733
-6.64657
-6.64585
-6.64518
-6.64456
-6.64398
-6.64345
-6.64297
-6.6419
-6.64152
-6.6412
-6.64093
-6.64104
-6.6412
-6.64077
-6.63974
-6.63942
-6.63947
-6.63958
-6.63974
-6.63996
-6.63958
-6.6399
-6.64027
-6.6407
-6.64117
-6.64201
-6.64226
-6.64222
-6.64289
-6.64391
-6.64498
-6.6461
-6.6466
-6.64714
-6.64804
-6.64897
-6.64962
-6.65062
-6.65132
-6.65302
-6.65411
-6.65489
-6.6557
-6.65653
-6.65706
-6.6589
-6.66011
-6.66199
-6.66355
-6.66513
-6.66606
-6.66733
-6.66829
-6.66957
-6.6715
-6.67343
-6.67472
-6.67535
-6.67696
-6.6779
-6.67884
-6.6801
-6.68134
-6.68225
-6.68378
-6.68563
-6.6868
-6.68763
-6.68844
-6.6889
-6.69064
-6.6917
-6.69337
-6.6947
-6.69567
-6.6966
-6.69653
-6.69771
-6.69854
-6.69868
-6.69877
-6.69947
-6.70045
-6.70106
-6.7013
-6.70181
-6.70259
-6.70301
-6.70239
-6.70335
-6.7036
-6.70412
-6.70393
-6.70466
-6.70501
-6.70498
-6.70423
-6.70408
-6.70354
-6.70358
-6.70324
-6.70187
-6.70141
-6.70089
-6.69998
-6.7003
-6.69991
-6.69849
-6.69701
-6.69612
-6.69549
-6.69415
-6.69372
-6.69259
-6.69107
-6.69048
-6.6895
-6.68815
-6.68706
-6.68528
-6.68377
-6.68221
-6.68158
-6.67992
-6.67823
-6.67584
-6.67407
-6.67225
-6.66976
-6.66787
-6.66596
-6.66402
-6.66237
-6.66037
-6.65803
-6.65567
-6.65361
-6.65024
-6.64783
-6.64541
-6.6433
-6.64086
-6.63971
-6.63758
-6.63514
-6.63334
-6.63155
-6.62976
-6.62765
-6.62588
-6.62347
-6.62139
-6.61933
-6.61761
-6.61559
-6.61358
-6.61095
-6.60866
-6.60639
-6.60415
-6.60226
-6.60008
-6.59889
-6.59741
-6.59531
-6.59357
-6.59251
-6.59019
-6.58887
-6.58759
-6.58602
-6.58384
-6.58203
-6.5809
-6.57949
-6.5778
-6.57616
-6.57358
-6.57267
-6.57149
-6.57067
-6.56958
-6.56886
-6.56787
-6.56758
-6.56669
-6.56585
-6.56475
-6.56403
-6.56336
-6.56308
-6.56352
-6.56304
-6.56199
-6.56197
-6.56137
-6.56117
-6.56104
-6.56034
-6.56035
-6.56013
-6.56095
-6.56055
-6.56089
-6.56131
-6.56181
-6.56176
-6.56309
-6.56418
-6.56472
-6.56632
-6.56705
-6.56819
-6.56911
-6.57045
-6.57253
-6.57406
-6.57602
-6.57807
-6.5799
-6.58216
-6.58451
-6.58664
-6.58919
-6.59087
-6.59361
-6.59613
-6.59874
-6.60112
-6.60424
-6.60744
-6.61074
-6.61444
-6.61757
-6.62014
-6.62376
-6.62809
-6.63153
-6.63504
-6.63828
-6.64159
-6.64592
-6.64966
-6.65345
-6.65631
-6.66083
-6.66409
-6.66771
-6.672
-6.67599
-6.68033
-6.68435
-6.68774
-6.69114
-6.69518
-6.69922
-6.70357
-6.70759
-6.71191
-6.71686
-6.72113
-6.72504
-6.72925
-6.73308
-6.7372
-6.74127
-6.74464
-6.74924
-6.75282
-6.756
-6.75944
-6.76249
-6.76546
-6.76932
-6.7731
-6.7768
-6.77976
-6.78296
-6.78574
-6.78842
-6.79069
-6.79318
-6.7959
-6.79883
-6.80101
-6.80309
-6.80505
-6.80658
-6.80865
-6.80996
-6.81148
-6.81256
-6.81353
-6.8147
-6.81609
-6.81703
-6.81754
-6.81858
-6.81918
-6.82031
-6.82069
-6.82159
-6.82206
-6.82177
-6.82202
-6.82119
-6.82057
-6.82016
-6.81997
-6.81968
-6.81929
-6.81814
-6.8169
-6.81588
-6.81379
-6.81226
-6.81161
-6.8112
-6.80973
-6.80785
-6.80655
-6.80452
-6.80209
-6.79992
-6.79833
-6.79538
-6.79335
-6.79126
-6.78881
-6.7863
-6.7844
-6.78214
-6.7792
-6.77688
-6.77519
-6.77283
-6.7711
-6.76871
-6.76664
-6.76392
-6.76089
-6.75915
-6.75678
-6.75411
-6.7521
-6.74947
-6.74785
-6.7456
-6.74339
-6.74122
-6.7391
-6.73701
-6.73529
-6.73362
-6.73168
-6.72946
-6.72795
-6.72648
-6.72507
-6.72372
-6.72176
-6.72019
-6.71834
-6.71752
-6.71577
-6.71407
-6.71307
-6.71146
-6.70989
-6.70868
-6.70817
-6.70671
-6.70593
-6.70519
-6.70382
-6.70312
-6.70245
-6.7018
-6.69987
-6.6986
-6.69734
-6.69674
-6.69583
-6.69525
-6.69467
-6.69377
-6.69255
-6.69197
-6.69075
-6.68952
-6.68797
-6.68705
-6.68711
-6.68684
-6.68689
-6.68564
-6.68471
-6.68378
-6.68284
-6.68189
-6.68128
-6.68001
-6.67874
-6.67747
-6.67653
-6.67527
-6.67402
-6.6718
-6.67121
-6.66998
-6.66974
-6.66887
-6.66801
-6.66781
-6.66699
-6.66619
-6.66509
-6.66466
-6.66329
-6.66259
-6.66193
-6.66098
-6.66006
-6.6595
-6.65865
-6.65849
-6.65772
-6.65666
-6.65662
-6.6563
-6.65634
-6.65642
-6.65623
-6.65608
-6.65629
-6.65623
-6.65621
-6.65656
-6.65631
-6.65675
-6.65691
-6.65711
-6.65735
-6.65764
-6.65797
-6.65899
-6.6594
-6.66018
-6.66002
-6.66023
-6.66047
-6.66107
-6.66236
-6.66271
-6.66308
-6.66414
-6.66458
-6.66472
-6.66521
-6.66606
-6.6666
-6.66782
-6.66808
-6.66902
-6.66997
-6.67094
-6.67258
-6.67358
-6.67492
-6.67563
-6.67634
-6.67836
-6.67973
-6.68046
-6.68153
-6.68194
-6.68268
-6.68277
-6.68383
-6.68456
-6.68496
-6.68632
-6.68669
-6.68705
-6.68804
-6.68934
-6.69061
-6.69154
-6.6918
-6.69235
-6.6932
-6.69401
-6.69447
-6.69489
-6.6956
-6.69724
-6.69721
-6.69747
-6.69866
-6.69914
-6.69925
-6.69964
-6.69998
-6.70026
-6.7008
-6.70097
-6.70173
-6.70211
-6.7021
-6.70203
-6.7019
-6.70074
-6.7005
-6.70019
-6.69983
-6.69973
-6.69957
-6.69806
-6.69747
-6.69651
-6.69581
-6.69507
-6.69461
-6.69443
-6.69324
-6.69299
-6.69205
-6.69173
-6.69105
-6.69002
-6.68832
-6.68661
-6.68585
-6.68443
-6.68333
-6.68222
-6.68078
-6.67935
-6.67825
-6.6778
-6.67672
-6.6763
-6.67526
-6.67456
-6.67389
-6.67358
-6.67233
-6.67112
-6.67027
-6.66946
-6.66773
-6.66669
-6.66732
-6.66704
-6.66584
-6.66502
-6.66426
-6.66356
-6.66324
-6.66235
-6.66152
-6.6614
-6.66136
-6.66138
-6.66146
-6.66194
-6.66249
-6.66279
-6.66348
-6.66359
-6.6641
-6.66434
-6.66433
-6.66471
-6.66516
-6.66599
-6.66656
-6.66784
-6.66917
-6.67024
-6.67201
-6.67286
-6.67442
-6.67536
-6.677
-6.67836
-6.67975
-6.68118
-6.68263
-6.68379
-6.6853
-6.68683
-6.68805
-6.6896
-6.69117
-6.69273
-6.69463
-6.69652
-6.69809
-6.69964
-6.70086
-6.70271
-6.70486
-6.70602
-6.70747
-6.70858
-6.70997
-6.71132
-6.71232
-6.71392
-6.7158
-6.71698
-6.71812
-6.71888
-6.71959
-6.72056
-6.72148
-6.72266
-6.72378
-6.72451
-6.72486
-6.72481
-6.726
-6.72647
-6.72752
-6.72786
-6.72683
-6.72703
-6.72684
-6.72722
-6.72754
-6.72811
-6.72829
-6.72807
-6.72779
-6.72712
-6.72703
-6.72623
-6.72569
-6.72476
-6.72442
-6.72499
-6.72356
-6.72174
-6.72149
-6.72085
-6.71952
-6.71877
-6.71797
-6.71712
-6.7159
-6.71462
-6.7133
-6.7116
-6.71051
-6.70807
-6.70721
-6.70567
-6.70473
-6.70343
-6.70176
-6.70006
-6.69832
-6.69655
-6.69443
-6.69259
-6.69106
-6.68821
-6.6863
-6.68405
-6.68177
-6.68045
-6.67846
-6.67582
-6.6738
-6.67178
-6.66974
-6.66737
-6.665
-6.66263
-6.6609
-6.65917
-6.65745
-6.65574
-6.65273
-6.65136
-6.64903
-6.64769
-6.64573
-6.64345
-6.64153
-6.63964
-6.63777
-6.63593
-6.63413
-6.63237
-6.63032
-6.62832
-6.62668
-6.62575
-6.62422
-6.62274
-6.62164
-6.61995
-6.6193
-6.61774
-6.61689
-6.61578
-6.61443
-6.61346
-6.61225
-6.61144
-6.61103
-6.61167
-6.61109
-6.61059
-6.60985
-6.60919
-6.60861
-6.60811
-6.60801
-6.60897
-6.60903
-6.60885
-6.60907
-6.60903
-6.61037
-6.61112
-6.61194
-6.6125
-6.61344
-6.61379
-6.61483
-6.6156
-6.61673
-6.6179
-6.61879
-6.61905
-6.61966
-6.62127
-6.62225
-6.62323
-6.6239
-6.62489
-6.62556
-6.62686
-6.62816
-6.62944
-6.62941
-6.63032
-6.63089
-6.63175
-6.63259
-6.63306
-6.63317
-6.63422
-6.6349
-6.63651
-6.6371
-6.63765
-6.6388
-6.63958
-6.64031
-6.64099
-6.64131
-6.64125
-6.64082
-6.641
-6.63984
-6.63993
-6.6403
-6.63999
-6.63931
-6.63957
-6.63915
-6.63869
-6.63853
-6.63867
-6.63845
-6.63853
-6.63827
-6.63832
-6.6377
-6.63739
-6.63772
-6.6374
-6.63707
-6.63673
-6.63672
-6.63639
-6.63509
-6.63477
-6.63479
-6.63482
-6.6339
-6.63331
-6.6334
-6.63287
-6.63269
-6.63253
-6.63208
-6.63232
-6.63258
-6.63159
-6.63193
-6.63166
-6.63242
-6.63289
-6.6334
-6.63364
-6.63457
-6.6349
-6.63592
-6.63538
-6.63585
-6.6367
-6.6376
-6.63822
-6.63889
-6.63929
-6.64039
-6.64088
-6.64175
-6.64234
-6.64266
-6.64334
-6.6444
-6.6455
-6.64664
-6.64717
-6.64807
-6.64901
-6.65031
-6.65196
-6.65268
-6.65408
-6.65519
-6.65632
-6.65813
-6.65931
-6.66084
-6.66271
-6.66428
-6.66619
-6.66746
-6.66907
-6.67134
-6.67232
-6.67428
-6.67592
-6.67757
-6.67889
-6.68021
-6.68186
-6.6835
-6.68513
-6.68644
-6.68838
-6.69128
-6.69386
-6.69512
-6.69637
-6.69697
-6.6982
-6.70071
-6.7019
-6.70373
-6.70587
-6.70766
-6.70911
-6.7099
-6.71099
-6.71174
-6.71377
-6.71545
-6.71679
-6.71811
-6.72005
-6.72198
-6.72323
-6.72415
-6.72504
-6.72591
-6.72773
-6.72922
-6.73035
-6.73179
-6.73289
-6.73429
-6.736
-6.73671
-6.73773
-6.73905
-6.74002
-6.74
-6.74126
-6.74217
-6.74273
-6.74231
-6.74315
-6.74364
-6.74476
-6.7452
-6.74594
-6.74665
-6.74733
-6.74862
-6.74924
-6.7495
-6.75005
-6.75056
-6.75103
-6.75212
-6.75283
-6.75351
-6.75382
-6.75408
-6.75397
-6.75414
-6.75458
-6.75431
-6.75368
-6.75331
-6.75353
-6.75401
-6.75412
-6.75384
-6.7535
-6.75245
-6.75198
-6.75144
-6.75052
-6.74953
-6.74912
-6.748
-6.74746
-6.74718
-6.7465
-6.74577
-6.74496
-6.7428
-6.74187
-6.74055
-6.73852
-6.73707
-6.73589
-6.73466
-6.73304
-6.73105
-6.72997
-6.72885
-6.72703
-6.72517
-6.72326
-6.72164
-6.71902
-6.71701
-6.71465
-6.71226
-6.71017
-6.70936
-6.70756
-6.70543
-6.70297
-6.7005
-6.69868
-6.69622
-6.69311
-6.69132
-6.68922
-6.68746
-6.68541
-6.68371
-6.68139
-6.67943
-6.67719
-6.67597
-6.67382
-6.67205
-6.67034
-6.66868
-6.66709
-6.66492
-6.66346
-6.66208
-6.66142
-6.65987
-6.65872
-6.65765
-6.65603
-6.65482
-6.65337
-6.65267
-6.65206
-6.65284
-6.65307
-6.65243
-6.65222
-6.65242
-6.65273
-6.65282
-6.65268
-6.65264
-6.65302
-6.65415
-6.65505
-6.6554
-6.65617
-6.65703
-6.65797
-6.65836
-6.65882
-6.66067
-6.66064
-6.66199
-6.66373
-6.66489
-6.66612
-6.66772
-6.66906
-6.67012
-6.67188
-6.67432
-6.67648
-6.67834
-6.68022
-6.6818
-6.68404
-6.68597
-6.68758
-6.68983
-6.69272
-6.69463
-6.6962
-6.69807
-6.70023
-6.70171
-6.70348
-6.70552
-6.70687
-6.70848
-6.71036
-6.71218
-6.71392
-6.71527
-6.71719
-6.71839
-6.7195
-6.72052
-6.72145
-6.72228
-6.72237
-6.72301
-6.7229
-6.72367
-6.72367
-6.72358
-6.72337
-6.72307
-6.7233
-6.72278
-6.72378
-6.72338
-6.72255
-6.72194
-6.72124
-6.72045
-6.72021
-6.71891
-6.71785
-6.71639
-6.71485
-6.71292
-6.71189
-6.71016
-6.7087
-6.70655
-6.70501
-6.7031
-6.70182
-6.69955
-6.69759
-6.69659
-6.6943
-6.69266
-6.69104
-6.68944
-6.68754
-6.68633
-6.68515
-6.68369
-6.68229
-6.68029
-6.67933
-6.6781
-6.67694
-6.67553
-6.67452
-6.67358
-6.67273
-6.67195
-6.67158
-6.67162
-6.67077
-6.67033
-6.67029
-6.66936
-6.66884
-6.66904
-6.66899
-6.66836
-6.66814
-6.66862
-6.66885
-6.66913
-6.66915
-6.66923
-6.67097
-6.67179
-6.67233
-6.67259
-6.67385
-6.67483
-6.67486
-6.67621
-6.67693
-6.678
-6.67876
-6.67954
-6.68032
-6.68176
-6.68224
-6.68337
-6.68418
-6.68466
-6.68546
-6.68691
-6.68738
-6.68817
-6.68863
-6.6894
-6.69048
-6.69123
-6.69165
-6.69238
-6.69341
-6.69443
-6.69544
-6.69675
-6.69707
-6.69803
-6.69864
-6.69955
-6.6998
-6.70164
-6.70185
-6.70236
-6.70252
-6.70298
-6.70342
-6.70351
-6.7039
-6.70426
-6.70427
-6.70459
-6.70488
-6.70546
-6.70602
-6.70622
-6.70672
-6.70751
-6.70828
-6.70805
-6.70811
-6.70846
-6.70879
-6.70812
-6.70904
-6.70928
-6.70918
-6.70969
-6.70986
-6.70967
-6.70946
-6.70956
-6.70898
-6.70871
-6.70809
-6.70843
-6.7081
-6.70776
-6.70773
-6.70736
-6.70731
-6.70628
-6.70621
-6.70549
-6.70542
-6.70404
-6.70462
-6.7039
-6.70286
-6.70247
-6.70338
-6.70301
-6.702
-6.70164
-6.7013
-6.70128
-6.70063
-6.70064
-6.70099
-6.70134
-6.70074
-6.70048
-6.69989
-6.69932
-6.69908
-6.69917
-6.69895
-6.6984
-6.69753
-6.69764
-6.69742
-6.69688
-6.69634
-6.6958
-6.69589
-6.69631
-6.69575
-6.6955
-6.69428
-6.69337
-6.69277
-6.69151
-6.69088
-6.68992
-6.68991
-6.68923
-6.68887
-6.6888
-6.6884
-6.6883
-6.68818
-6.68707
-6.68594
-6.68609
-6.68526
-6.68408
-6.68386
-6.68266
-6.68241
-6.68182
-6.68123
-6.68062
-6.68
-6.67938
-6.67874
-6.6781
-6.67745
-6.67648
-6.67518
-6.67453
-6.67453
-6.67389
-6.67389
-6.67325
-6.67262
-6.67167
-6.67138
-6.67077
-6.66985
-6.67024
-6.66967
-6.66911
-6.66889
-6.66836
-6.66752
-6.6667
-6.66655
-6.66609
-6.665
-6.66425
-6.66384
-6.66345
-6.6634
-6.66239
-6.66076
-6.66044
-6.66014
-6.65985
-6.66088
-6.66095
-6.66071
-6.66049
-6.66027
-6.66007
-6.65956
-6.6597
-6.65986
-6.66002
-6.66052
-6.66037
-6.66056
-6.6601
-6.6603
-6.65985
-6.65972
-6.65927
-6.65915
-6.65805
-6.6576
-6.65747
-6.65766
-6.65784
-6.65803
-6.65885
-6.65805
-6.65789
-6.65772
-6.65819
-6.658
-6.6578
-6.65759
-6.65705
-6.65682
-6.65626
-6.65602
-6.65608
-6.65581
-6.65489
-6.65525
-6.65495
-6.65465
-6.65433
-6.65402
-6.65337
-6.65174
-6.65173
-6.65139
-6.65202
-6.65103
-6.651
-6.6513
-6.65127
-6.6506
-6.64928
-6.64925
-6.64826
-6.64825
-6.64727
-6.64694
-6.64662
-6.64599
-6.64536
-6.64507
-6.64479
-6.64517
-6.64523
-6.64532
-6.64509
-6.64487
-6.64402
-6.64513
-6.64561
-6.64514
-6.645
-6.64488
-6.64576
-6.64567
-6.64528
-6.64523
-6.64519
-6.64517
-6.64354
-6.64323
-6.64325
-6.64328
-6.64332
-6.64338
-6.6428
-6.6432
-6.64296
-6.64273
-6.64283
-6.64293
-6.64271
-6.6438
-6.64391
-6.64435
-6.64414
-6.64426
-6.64502
-6.64513
-6.64523
-6.64469
-6.64447
-6.64521
-6.6453
-6.64537
-6.64544
-6.6455
-6.64587
-6.64688
-6.64659
-6.64661
-6.64629
-6.64629
-6.64595
-6.64527
-6.64555
-6.6455
-6.64544
-6.64569
-6.64528
-6.64518
-6.64442
-6.64462
-6.64417
-6.64338
-6.64322
-6.64371
-6.64354
-6.64239
-6.64252
-6.64233
-6.64245
-6.64257
-6.64235
-6.64245
-6.64255
-6.64231
-6.64239
-6.64214
-6.64253
-6.64227
-6.64168
-6.64173
-6.64113
-6.64085
-6.64023
-6.63994
-6.63964
-6.63965
-6.63966
-6.63935
-6.63773
-6.63707
-6.63674
-6.63608
-6.63574
-6.6354
-6.63505
-6.63405
-6.63272
-6.63236
-6.63168
-6.63067
-6.63031
-6.62995
-6.63024
-6.6302
-6.62985
-6.62918
-6.62884
-6.6285
-6.62818
-6.62689
-6.62595
-6.62567
-6.6254
-6.62516
-6.62525
-6.62634
-6.62649
-6.62666
-6.62653
-6.62708
-6.62637
-6.62666
-6.62699
-6.62671
-6.62743
-6.62755
-6.62738
-6.62758
-6.62749
-6.6281
-6.6281
-6.62879
-6.62855
-6.62966
-6.63049
-6.63103
-6.63195
-6.63194
-6.63229
-6.63269
-6.63377
-6.63457
-6.63541
-6.63629
-6.6372
-6.6388
-6.63848
-6.63982
-6.64086
-6.64225
-6.64333
-6.64444
-6.64523
-6.64605
-6.64752
-6.64867
-6.64951
-6.65067
-6.65151
-6.65235
-6.65285
-6.65335
-6.65449
-6.65464
-6.65607
-6.65651
-6.6579
-6.65926
-6.6606
-6.66125
-6.66221
-6.6628
-6.66401
-6.66421
-6.66502
-6.66612
-6.66685
-6.66819
-6.66852
-6.67042
-6.67098
-6.67118
-6.67165
-6.67241
-6.6728
-6.67346
-6.67376
-6.67337
-6.67326
-6.67279
-6.67293
-6.67335
-6.67309
-6.67311
-6.67278
-6.67242
-6.67235
-6.6729
-6.67246
-6.67231
-6.67215
-6.67196
-6.67143
-6.67057
-6.67034
-6.67042
-6.67018
-6.66993
-6.67
-6.6691
-6.66885
-6.66894
-6.66935
-6.66913
-6.6686
-6.66841
-6.66759
-6.66744
-6.66731
-6.66754
-6.66747
-6.66742
-6.66806
-6.66775
-6.66684
-6.66725
-6.66738
-6.66787
-6.66808
-6.66833
-6.6683
-6.66864
-6.66935
-6.66978
-6.66993
-6.67013
-6.67037
-6.67099
-6.67165
-6.67267
-6.67375
-6.67423
-6.67475
-6.67661
-6.67755
-6.67918
-6.68053
-6.68224
-6.68367
-6.68448
-6.68567
-6.68721
-6.68878
-6.69006
-6.69169
-6.69401
-6.6957
-6.69741
-6.69883
-6.70058
-6.70236
-6.70415
-6.70596
-6.70713
-6.70831
-6.70982
-6.71166
-6.71318
-6.7147
-6.71654
-6.71838
-6.71989
-6.72204
-6.72386
-6.72469
-6.72615
-6.72728
-6.72936
-6.73077
-6.73216
-6.73287
-6.73324
-6.73521
-6.73681
-6.73839
-6.73961
-6.7408
-6.74163
-6.74274
-6.74382
-6.74485
-6.74617
-6.74744
-6.74835
-6.74825
-6.74907
-6.74952
-6.75057
-6.75092
-6.75156
-6.75278
-6.75364
-6.75444
-6.75486
-6.7562
-6.75685
-6.75743
-6.75764
-6.75747
-6.75692
-6.75728
-6.75727
-6.75623
-6.75578
-6.75592
-6.75503
-6.75474
-6.75471
-6.75398
-6.75352
-6.75268
-6.75243
-6.75179
-6.75111
-6.75101
-6.75021
-6.74903
-6.74779
-6.74683
-6.74516
-6.74442
-6.74329
-6.74212
-6.74024
-6.73929
-6.73829
-6.73659
-6.73516
-6.73433
-6.73281
-6.73091
-6.72897
-6.72731
-6.72463
-6.7232
-6.72173
-6.71925
-6.71705
-6.71514
-6.71319
-6.71119
-6.70949
-6.70677
-6.70435
-6.70286
-6.70004
-6.69848
-6.69624
-6.69397
-6.69102
-6.68868
-6.68632
-6.68393
-6.68119
-6.67875
-6.67596
-6.67411
-6.67159
-6.66938
-6.66715
-6.66392
-6.661
-6.65872
-6.65674
-6.65377
-6.65112
-6.64846
-6.64546
-6.6431
-6.64041
-6.63804
-6.63632
-6.63362
-6.6306
-6.62823
-6.62457
-6.62156
-6.61889
-6.61623
-6.61359
-6.61096
-6.60834
-6.6064
-6.60415
-6.60162
-6.59878
-6.59566
-6.59257
-6.59017
-6.58814
-6.58582
-6.58355
-6.58166
-6.57885
-6.57739
-6.57534
-6.57304
-6.57048
-6.56896
-6.56686
-6.5655
-6.56389
-6.56269
-6.56061
-6.55927
-6.5577
-6.55654
-6.55581
-6.55519
-6.55402
-6.55297
-6.55202
-6.55151
-6.55144
-6.55116
-6.55133
-6.55097
-6.55139
-6.5516
-6.55194
-6.55273
-6.55332
-6.55502
-6.5562
-6.55719
-6.5583
-6.55955
-6.56157
-6.56275
-6.56437
-6.56612
-6.56865
-6.57162
-6.57374
-6.5763
-6.57865
-6.58079
-6.58336
-6.58604
-6.58914
-6.59202
-6.595
-6.5971
-6.60124
-6.60449
-6.60749
-6.61089
-6.61404
-6.61759
-6.62119
-6.62518
-6.62955
-6.63364
-6.63744
-6.64064
-6.64485
-6.6494
-6.65333
-6.65825
-6.66188
-6.66585
-6.67046
-6.67411
-6.67742
-6.68072
-6.68529
-6.6892
-6.69276
-6.69661
-6.70042
-6.70419
-6.70824
-6.7116
-6.71555
-6.71976
-6.72294
-6.72606
-6.72911
-6.73144
-6.73402
-6.73717
-6.74024
-6.74419
-6.74806
-6.75054
-6.75326
-6.7562
-6.75905
-6.76083
-6.76348
-6.7657
-6.7675
-6.76983
-6.77239
-6.77419
-6.77556
-6.77714
-6.77861
-6.77933
-6.78058
-6.78172
-6.7821
-6.7827
-6.78319
-6.78454
-6.78545
-6.78561
-6.78599
-6.78593
-6.78642
-6.78714
-6.7871
-6.78728
-6.78736
-6.78766
-6.78755
-6.7854
-6.78445
-6.78341
-6.78228
-6.78107
-6.78041
-6.77903
-6.77821
-6.77634
-6.77505
-6.77432
-6.77288
-6.77169
-6.77043
-6.76878
-6.76675
-6.76563
-6.76413
-6.76193
-6.75967
-6.75737
-6.75534
-6.7536
-6.75117
-6.74999
-6.7478
-6.74428
-6.74236
-6.7404
-6.73776
-6.73542
-6.73306
-6.73198
-6.72926
-6.72684
-6.72311
-6.72035
-6.71821
-6.71607
-6.71328
-6.7108
-6.708
-6.7052
-6.70272
-6.70024
-6.69744
-6.69498
-6.69284
-6.69104
-6.6886
-6.68585
-6.68345
-6.68138
-6.67901
-6.67666
-6.67401
-6.67203
-6.66879
-6.66687
-6.66432
-6.66311
-6.66096
-6.65884
-6.65676
-6.65471
-6.65238
-6.65073
-6.64816
-6.64595
-6.64443
-6.64264
-6.64056
-6.63918
-6.6372
-6.63591
-6.63435
-6.63317
-6.63236
-6.63063
-6.62961
-6.62799
-6.62707
-6.62588
-6.62506
-6.62431
-6.62328
-6.62231
-6.6214
-6.62086
-6.62071
-6.62029
-6.6196
-6.6193
-6.6184
-6.61853
-6.61806
-6.61798
-6.61796
-6.61799
-6.61775
-6.61725
-6.61744
-6.61737
-6.61768
-6.61804
-6.6191
-6.61827
-6.61847
-6.61872
-6.61935
-6.61905
-6.61946
-6.61894
-6.61945
-6.62001
-6.62061
-6.62127
-6.62197
-6.62305
-6.62385
-6.62437
-6.62527
-6.6262
-6.62686
-6.62788
-6.62863
-6.63038
-6.63153
-6.63304
-6.63459
-6.63617
-6.63747
-6.6388
-6.64016
-6.64123
-6.64298
-6.64475
-6.64623
-6.64708
-6.64893
-6.65048
-6.65108
-6.65298
-6.6549
-6.65554
-6.65684
-6.6588
-6.66011
-6.6624
-6.66405
-6.66602
-6.668
-6.67094
-6.67193
-6.67356
-6.67518
-6.67646
-6.67741
-6.67866
-6.68151
-6.68304
-6.68391
-6.68604
-6.6875
-6.68829
-6.68937
-6.68945
-6.69144
-6.69275
-6.69402
-6.69525
-6.6958
-6.69696
-6.6984
-6.69948
-6.70019
-6.70119
-6.70214
-6.7024
-6.70327
-6.70312
-6.7039
-6.70464
-6.70533
-6.70566
-6.70627
-6.70683
-6.70703
-6.70784
-6.70828
-6.70869
-6.70905
-6.70808
-6.70836
-6.70829
-6.7085
-6.70836
-6.70818
-6.70829
-6.70804
-6.70841
-6.70843
-6.70809
-6.70837
-6.7083
-6.70756
-6.70711
-6.70729
-6.7068
-6.70692
-6.70735
-6.70614
-6.7062
-6.70495
-6.70433
-6.70401
-6.70368
-6.70365
-6.70393
-6.70387
-6.70347
-6.70404
-6.70362
-6.70286
-6.70274
-6.70228
-6.70214
-6.702
-6.7012
-6.70136
-6.70088
-6.70105
-6.70056
-6.69975
-6.69959
-6.69911
-6.69896
-6.69849
-6.69836
-6.69758
-6.69747
-6.69671
-6.69694
-6.69589
-6.69615
-6.69578
-6.69543
-6.6951
-6.69414
-6.69385
-6.69391
-6.69334
-6.69378
-6.69359
-6.6931
-6.69233
-6.69223
-6.69183
-6.69147
-6.69147
-6.69086
-6.68995
-6.69006
-6.69019
-6.69068
-6.69121
-6.69145
-6.6914
-6.6917
-6.69172
-6.69209
-6.69282
-6.69261
-6.69243
-6.69293
-6.69314
-6.69305
-6.69363
-6.69425
-6.69488
-6.69586
-6.69654
-6.69692
-6.69796
-6.69999
-6.70009
-6.70183
-6.70228
-6.70338
-6.7045
-6.70497
-6.70544
-6.7059
-6.70766
-6.70876
-6.70921
-6.70997
-6.70975
-6.71015
-6.71119
-6.71253
-6.7132
-6.71449
-6.71575
-6.71601
-6.71656
-6.7174
-6.71788
-6.71864
-6.71904
-6.71907
-6.72002
-6.71996
-6.72018
-6.7197
-6.72014
-6.7202
-6.71989
-6.72049
-6.72039
-6.72055
-6.71969
-6.71909
-6.71844
-6.71901
-6.71856
-6.71804
-6.71779
-6.71682
-6.71677
-6.71601
-6.71551
-6.71462
-6.71335
-6.71267
-6.7116
-6.71047
-6.70961
-6.70869
-6.70706
-6.70506
-6.70268
-6.70154
-6.70003
-6.69912
-6.69783
-6.6965
-6.69415
-6.69208
-6.69029
-6.68814
-6.68628
-6.68502
-6.68342
-6.68243
-6.68044
-6.67875
-6.67639
-6.67531
-6.67292
-6.67083
-6.66873
-6.66631
-6.66452
-6.66209
-6.65933
-6.65689
-6.65447
-6.6527
-6.65062
-6.64856
-6.64652
-6.64417
-6.64185
-6.63988
-6.63891
-6.63701
-6.63579
-6.63397
-6.63187
-6.63014
-6.62813
-6.62617
-6.62492
-6.62469
-6.62355
-6.62182
-6.62048
-6.6192
-6.61798
-6.61683
-6.61543
-6.61409
-6.61315
-6.61326
-6.61279
-6.61207
-6.61175
-6.61183
-6.61198
-6.61124
-6.61025
-6.61031
-6.6098
-6.60968
-6.60964
-6.60902
-6.60913
-6.60833
-6.60792
-6.60823
-6.6086
-6.6084
-6.60922
-6.61043
-6.6104
-6.61075
-6.61147
-6.6116
-6.61274
-6.61425
-6.61483
-6.61545
-6.61643
-6.61711
-6.61815
-6.61986
-6.62094
-6.62203
-6.62347
-6.62459
-6.62604
-6.62717
-6.6283
-6.62911
-6.63023
-6.63101
-6.6321
-6.63317
-6.63422
-6.63492
-6.63591
-6.63687
-6.63747
-6.63867
-6.63887
-6.63966
-6.64041
-6.64176
-6.64175
-6.64267
-6.64255
-6.64431
-6.64407
-6.64441
-6.64469
-6.64489
-6.64502
-6.64541
-6.64539
-6.64531
-6.64515
-6.64426
-6.64394
-6.64322
-6.64275
-6.64252
