7.13986
7.14274
7.14368
7.1462
7.15168
7.15589
7.16165
7.16613
7.17425
7.18178
7.19083
7.2021
7.21274
7.22418
7.2364
7.24797
7.2596
7.2741
7.28936
7.30467
7.32423
7.3417
7.35989
7.37809
7.3984
7.41941
7.43827
7.45921
7.48081
7.50306
7.52665
7.55087
7.57568
7.6025
7.62989
7.65642
7.68419
7.71317
7.74265
7.77049
7.79947
7.82817
7.85868
7.88885
7.92007
7.95019
7.98128
8.00909
8.04063
8.07306
8.10562
8.13828
8.1703
8.20305
8.23579
8.26705
8.29893
8.32924
8.36078
8.39209
8.42171
8.45173
8.48138
8.51204
8.54295
8.57196
8.59973
8.62621
8.6556
8.68221
8.70741
8.73258
8.75626
8.77983
8.80255
8.82297
8.84247
8.86174
8.88073
8.89802
8.91499
8.9302
8.94506
8.95953
8.9715
8.98236
8.9928
9.00282
9.01101
9.01948
9.0254
9.0316
9.03598
9.03783
9.03857
9.03965
9.03753
9.03578
9.03299
9.0292
9.02373
9.0173
9.00995
9.00313
8.99404
8.98483
8.97483
8.96409
8.95122
8.93911
8.92424
8.91161
8.89773
8.88264
8.86709
8.85183
8.83689
8.82162
8.80535
8.78671
8.76999
8.75168
8.73466
8.71825
8.7025
8.68674
8.66958
8.65319
8.63619
8.61931
8.60047
8.58464
8.56831
8.54941
8.535
8.5209
8.50499
8.48872
8.47422
8.45939
8.44426
8.43096
8.41809
8.40496
8.393
8.38221
8.3719
8.36137
8.35275
8.34464
8.33703
8.32992
8.32404
8.31655
8.30888
8.30312
8.29718
8.29245
8.28822
8.28308
8.27984
8.27639
8.27411
8.2716
8.27026
8.26866
8.26679
8.26464
8.26503
8.26723
8.26699
8.26713
8.26692
8.26917
8.27245
8.27605
8.27854
8.28132
8.28437
8.28837
8.29191
8.29497
8.29823
8.3038
8.30813
8.31193
8.31516
8.32064
8.32554
8.32985
8.33565
8.34012
8.34608
8.35209
8.35744
8.36282
8.36753
8.37296
8.37839
8.38383
8.38996
8.39396
8.39936
8.40613
8.41216
8.41886
8.42411
8.42932
8.43376
8.43887
8.44463
8.44892
8.45245
8.45733
8.46356
8.46833
8.47374
8.47909
8.48227
8.4875
8.49127
8.4964
8.50078
8.5051
8.51009
8.51362
8.51781
8.52267
8.52679
8.53088
8.53564
8.53967
8.54368
8.54625
8.55092
8.55416
8.55668
8.5592
8.5624
8.56561
8.5681
8.57272
8.57662
8.58124
8.58585
8.58977
8.59298
8.59832
8.60224
8.60547
8.6094
8.61334
8.61729
8.62124
8.62589
8.63125
8.6352
8.64266
8.64658
8.64978
8.65508
8.65824
8.66136
8.66516
8.66821
8.67193
8.67488
8.67989
8.68483
8.689
8.69237
8.69566
8.69743
8.70051
8.70418
8.70702
8.71044
8.71372
8.71755
8.72122
8.72332
8.72594
8.72908
8.72921
8.73055
8.73168
8.73329
8.73468
8.73513
8.73534
8.73318
8.73217
8.73161
8.73007
8.72968
8.729
8.72734
8.72469
8.72175
8.71992
8.7171
8.71257
8.71056
8.70542
8.70281
8.69848
8.69315
8.68822
8.683
8.6782
8.67239
8.6663
8.65992
8.65468
8.64635
8.63845
8.63171
8.6247
8.61604
8.60925
8.5994
8.59215
8.58256
8.57488
8.56558
8.5568
8.54642
8.53729
8.52658
8.51501
8.50682
8.49567
8.48581
8.47442
8.46363
8.45275
8.44178
8.42932
8.41891
8.40772
8.39579
8.38593
8.37391
8.36258
8.35052
8.33915
8.32849
8.31572
8.30366
8.29091
8.2803
8.26831
8.25706
8.24656
8.2347
8.2236
8.21398
8.20088
8.18998
8.17844
8.16839
8.15701
8.14854
8.13805
8.12693
8.11592
8.10641
8.09701
8.08772
8.07853
8.06946
8.05909
8.05095
8.04223
8.0301
8.02163
8.01187
8.00084
7.99278
7.98485
7.97777
7.96944
7.96056
7.95325
7.94611
7.93844
7.93095
7.92365
7.91654
7.90963
7.90292
7.89714
7.89087
7.88483
7.87973
7.87416
7.86885
7.8638
7.85901
7.8538
7.85098
7.84494
7.8413
7.83586
7.83427
7.83017
7.82783
7.82512
7.82417
7.82499
7.82335
7.82137
7.82259
7.82278
7.82335
7.82643
7.82779
7.82884
7.83241
7.83497
7.83794
7.84202
7.8458
7.84999
7.85529
7.86029
7.8657
7.87221
7.87771
7.88361
7.8913
7.89726
7.90571
7.91242
7.92091
7.92904
7.93683
7.94707
7.95693
7.96854
7.97976
7.99128
8.00241
8.01452
8.02692
8.03748
8.04758
8.05934
8.07275
8.08639
8.09955
8.11291
8.12649
8.14025
8.15349
8.16902
8.184
8.19773
8.2116
8.22702
8.23975
8.25401
8.26979
8.28638
8.30096
8.31491
8.33107
8.3473
8.36289
8.37926
8.39567
8.41073
8.42654
8.44238
8.45756
8.47417
8.4901
8.50746
8.52342
8.53939
8.55536
8.56991
8.58657
8.60251
8.61772
8.63362
8.64948
8.66672
8.68322
8.69755
8.71253
8.72815
8.74301
8.75991
8.77533
8.79065
8.80589
8.82031
8.83533
8.85094
8.86643
8.88107
8.89628
8.91063
8.9227
8.93671
8.94983
8.96416
8.97618
8.98939
9.00096
9.0137
9.0262
9.03773
9.0497
9.06138
9.07346
9.08524
9.0967
9.10783
9.11861
9.12762
9.13626
9.14452
9.15309
9.16127
9.16974
9.17779
9.18399
9.19046
9.19718
9.20275
9.20784
9.21247
9.21521
9.21959
9.22136
9.22476
9.22695
9.22865
9.22914
9.22913
9.22862
9.2269
9.22468
9.22336
9.22156
9.21855
9.21647
9.2132
9.20874
9.20452
9.19984
9.1947
9.18981
9.18308
9.17802
9.17113
9.16453
9.15753
9.14943
9.14094
9.13279
9.12427
9.1154
9.10478
9.09242
9.08116
9.071
9.06054
9.0491
9.03738
9.02399
9.01106
8.9993
8.9873
8.97368
8.96126
8.94793
8.93583
8.92001
8.90755
8.8921
8.88002
8.86568
8.8512
8.8366
8.82328
8.81056
8.79631
8.78268
8.76612
8.75231
8.737
8.7195
8.70335
8.68855
8.673
8.65669
8.64105
8.62467
8.60897
8.59324
8.5775
8.56175
8.5467
8.53165
8.5159
8.50017
8.48376
8.46807
8.45171
8.4368
8.42052
8.40499
8.39093
8.37693
8.36087
8.34488
8.32966
8.31665
8.30372
8.28946
8.27317
8.25839
8.24229
8.22771
8.21323
8.19744
8.18247
8.16902
8.15497
8.14104
8.12792
8.11351
8.09921
8.08574
8.07239
8.05845
8.04533
8.03304
8.01945
8.00527
7.9912
7.98007
7.96765
7.95462
7.94242
7.93034
7.91766
7.90509
7.89334
7.881
7.86878
7.85667
7.8454
7.83284
7.82252
7.81305
7.803
7.79381
7.78195
7.77166
7.76155
7.75161
7.74186
7.73373
7.72369
7.71458
7.70642
7.69851
7.69087
7.68352
7.67575
7.66972
7.6626
7.65584
7.64944
7.64413
7.6371
7.63119
7.62642
7.6214
7.61755
7.61559
7.61272
7.61037
7.60854
7.60514
7.60442
7.60426
7.6054
7.60501
7.60662
7.60885
7.61099
7.61446
7.61714
7.62187
7.62794
7.63324
7.64129
7.64856
7.65576
7.66288
7.67133
7.68039
7.69148
7.70176
7.71332
7.72546
7.73605
7.75001
7.76379
7.7781
7.79291
7.8075
7.82325
7.83945
7.85607
7.87167
7.88695
7.90469
7.92417
7.94184
7.96191
7.98081
7.99923
8.01927
8.03806
8.05771
8.07748
8.09663
8.11796
8.13721
8.15718
8.17713
8.19703
8.21828
8.23803
8.25695
8.27644
8.29575
8.31629
8.33521
8.35389
8.37303
8.39048
8.40834
8.4273
8.44451
8.4635
8.47931
8.49827
8.51402
8.52937
8.54361
8.56026
8.57507
8.58803
8.60126
8.61546
8.62779
8.64179
8.65181
8.66349
8.674
8.68124
8.69084
8.70211
8.71222
8.72048
8.729
8.73568
8.74123
8.74776
8.75389
8.7589
8.76281
8.76986
8.77442
8.77861
8.78174
8.78663
8.79119
8.79402
8.79652
8.79873
8.79994
8.80086
8.80081
8.80049
8.80133
8.80194
8.80231
8.80458
8.80664
8.80566
8.8052
8.80527
8.80446
8.80489
8.80517
8.80459
8.80105
8.79807
8.79638
8.79387
8.79266
8.79064
8.78923
8.78702
8.78542
8.78304
8.78059
8.77947
8.77758
8.77493
8.77221
8.77086
8.76876
8.76591
8.7602
8.75657
8.75503
8.75205
8.74906
8.74676
8.74374
8.74001
8.73699
8.73327
8.73097
8.72939
8.72641
8.72487
8.72124
8.71764
8.71408
8.71057
8.70711
8.7037
8.70106
8.69637
8.69386
8.69213
8.68978
8.68752
8.68464
8.68256
8.67987
8.6773
8.67483
8.67318
8.67236
8.67096
8.66897
8.6671
8.66678
8.66587
8.66439
8.66446
8.66396
8.6636
8.66478
8.6654
8.66545
8.66493
8.66524
8.66569
8.66557
8.66698
8.66782
8.66807
8.66985
8.67105
8.67236
8.67378
8.67601
8.67764
8.67936
8.68046
8.68236
8.68503
8.68778
8.68918
8.68992
8.69354
8.6965
8.69738
8.69971
8.70276
8.70513
8.7075
8.71059
8.7158
8.71887
8.72121
8.72354
8.72654
8.73021
8.73383
8.73599
8.7381
8.74085
8.74212
8.74401
8.74583
8.74968
8.75061
8.75355
8.75569
8.75631
8.75822
8.75932
8.7617
8.76255
8.76256
8.76386
8.76501
8.76462
8.7648
8.76412
8.764
8.76374
8.76332
8.76134
8.76061
8.75973
8.75869
8.7582
8.75613
8.75391
8.75222
8.75108
8.74907
8.7469
8.74456
8.74134
8.73655
8.733
8.72858
8.72611
8.72277
8.71927
8.71419
8.71177
8.70778
8.70292
8.6986
8.69412
8.68595
8.67975
8.67409
8.66898
8.66301
8.65759
8.65062
8.6442
8.63763
8.63303
8.6283
8.6213
8.61487
8.60759
8.60018
8.59334
8.58426
8.57716
8.56993
8.56117
8.55229
8.54469
8.53769
8.53198
8.52333
8.51457
8.50499
8.49601
8.48693
8.47916
8.47128
8.46261
8.45384
8.44427
8.43462
8.42559
8.41788
8.40799
8.39943
8.39009
8.38069
8.37123
8.361
8.35142
8.34179
8.33353
8.32311
8.31407
8.30428
8.29447
8.28464
8.27479
8.26493
8.25507
8.24381
8.23256
8.22132
8.21011
8.19963
8.1892
8.18023
8.16919
8.15892
8.14732
8.1372
8.12787
8.11865
8.10954
8.10125
8.09378
8.08504
8.07715
8.07012
8.06255
8.05514
8.04579
8.03805
8.03262
8.02598
8.01814
8.01335
8.00737
8.00023
7.99475
7.98881
7.98243
7.97773
7.9719
7.96776
7.96392
7.96178
7.95641
7.95277
7.94943
7.94641
7.94512
7.94345
7.94211
7.93898
7.93689
7.93655
7.93655
7.93689
7.93687
7.93649
7.93574
7.93604
7.93668
7.93907
7.94109
7.94417
7.94687
7.94991
7.95399
7.96051
7.96384
7.9689
7.97357
7.98067
7.98597
7.99158
7.99749
8.00229
8.00808
8.01486
8.02192
8.02926
8.03473
8.04329
8.05139
8.05973
8.06902
8.07853
8.08756
8.09609
8.10482
8.11303
8.12355
8.13282
8.14437
8.15324
8.16508
8.17634
8.18701
8.19989
8.21287
8.22381
8.23411
8.24376
8.25487
8.26601
8.27929
8.29046
8.30091
8.31205
8.32315
8.33421
8.34521
8.35543
8.36414
8.37699
8.38902
8.39809
8.40984
8.42073
8.43004
8.43987
8.4495
8.45964
8.46886
8.47714
8.48589
8.49439
8.50122
8.50849
8.51619
8.5236
8.53142
8.53824
8.54686
8.55306
8.55964
8.56449
8.56971
8.57391
8.57989
8.58483
8.58873
8.59088
8.59341
8.59631
8.59818
8.60255
8.60378
8.6061
8.606
8.607
8.6077
8.6067
8.60754
8.6074
8.6077
8.60705
8.60616
8.60574
8.60441
8.60357
8.60255
8.60064
8.59858
8.59566
8.5919
8.58873
8.58546
8.58422
8.58008
8.5773
8.57378
8.57094
8.5681
8.56527
8.56247
8.55971
8.55631
8.5544
8.55258
8.55016
8.54857
8.54642
8.54582
8.54469
8.54232
8.54156
8.5396
8.53856
8.53775
8.53719
8.53759
8.53754
8.53706
8.53757
8.53836
8.53946
8.54156
8.54044
8.54317
8.54903
8.55239
8.55396
8.55726
8.56019
8.56274
8.56703
8.57165
8.5773
8.58257
8.58816
8.59408
8.6003
8.60612
8.61365
8.62006
8.62605
8.63302
8.64025
8.64844
8.65688
8.66768
8.67799
8.68709
8.69639
8.70587
8.71693
8.72744
8.73808
8.74885
8.75902
8.76857
8.77961
8.79211
8.80112
8.81085
8.8227
8.83313
8.84281
8.85314
8.86341
8.87358
8.88222
8.89144
8.90192
8.91083
8.92025
8.92946
8.93705
8.9458
8.95428
8.9632
8.97252
8.98012
8.98739
8.99432
9.00089
9.00778
9.01287
9.01897
9.02536
9.02991
9.03473
9.03909
9.04087
9.04289
9.04584
9.04689
9.04815
9.04892
9.04848
9.04824
9.04819
9.04693
9.04587
9.04287
9.04078
9.03748
9.03226
9.02724
9.02244
9.01644
9.01066
9.00512
8.997
8.99195
8.98503
8.97698
8.96991
8.96173
8.95104
8.94208
8.93204
8.92094
8.91163
8.89987
8.88639
8.87404
8.85929
8.84641
8.83328
8.81923
8.80639
8.79336
8.78088
8.76754
8.75478
8.73908
8.7261
8.71235
8.69643
8.68258
8.66942
8.65555
8.64168
8.62785
8.61335
8.59962
8.58597
8.57311
8.55966
8.54561
8.5317
8.51934
8.50502
8.49229
8.47973
8.46807
8.45521
8.44255
8.43153
8.42003
8.41018
8.39917
8.3884
8.3779
8.36766
8.35699
8.348
8.33788
8.32874
8.31918
8.31061
8.30162
8.29433
8.28734
8.27922
8.27281
8.26599
8.25805
8.25181
8.24586
8.23949
8.23341
8.22832
8.2235
8.21826
8.21329
8.20859
8.20274
8.19998
8.1989
8.19735
8.19324
8.19148
8.18997
8.1894
8.18765
8.18683
8.18764
8.18513
8.18425
8.18357
8.18309
8.18352
8.18412
8.1835
8.18305
8.18348
8.18266
8.18411
8.18501
8.18605
8.1844
8.1857
8.18714
8.18798
8.18894
8.19071
8.19116
8.19453
8.19586
8.19797
8.19944
8.20308
8.20608
8.20841
8.20937
8.21176
8.21276
8.21449
8.21692
8.22077
8.22248
8.22559
8.22796
8.22959
8.23259
8.23554
8.23772
8.24054
8.24257
8.24452
8.24637
8.24813
8.25048
8.25272
8.25413
8.25399
8.25514
8.25614
8.257
8.25842
8.26038
8.26077
8.26099
8.26035
8.26094
8.26065
8.26018
8.25953
8.2594
8.25909
8.2586
8.25722
8.25495
8.2532
8.25128
8.24988
8.24759
8.24443
8.2418
8.2397
8.23673
8.23219
8.2296
8.22686
8.22185
8.21811
8.21423
8.20952
8.20538
8.20042
8.19535
8.19017
8.18489
8.18092
8.17688
8.17346
8.16785
8.16006
8.15363
8.14786
8.14347
8.13763
8.13249
8.12734
8.12219
8.11847
8.11335
8.10968
8.10463
8.09963
8.0954
8.09053
8.08644
8.08244
8.07853
8.07402
8.07032
8.06675
8.06188
8.05856
8.05468
8.04954
8.04738
8.04326
8.03932
8.03626
8.03338
8.03
8.02681
8.02382
8.02175
8.01989
8.01753
8.0161
8.01348
8.01321
8.01176
8.01055
8.01099
8.00955
8.01118
8.01376
8.01658
8.01754
8.01734
8.0188
8.02051
8.02177
8.024
8.02718
8.02991
8.03077
8.034
8.03678
8.0405
8.04447
8.0494
8.05456
8.05997
8.06561
8.07148
8.07688
8.08108
8.08692
8.09368
8.09853
8.10358
8.11024
8.1171
8.12626
8.13419
8.14159
8.14986
8.15828
8.16757
8.17488
8.18374
8.19132
8.20043
8.21035
8.21896
8.22766
8.23503
8.24318
8.25139
8.25965
8.26937
8.27912
8.28819
8.29726
8.30564
8.31471
8.32447
8.33349
8.34248
8.35283
8.36171
8.37053
8.37856
8.38651
8.39366
8.40282
8.41187
8.42079
8.42888
8.43755
8.44395
8.45161
8.45841
8.46646
8.47363
8.47993
8.48746
8.49551
8.49985
8.50823
8.5143
8.52088
8.52796
8.53274
8.53801
8.54238
8.54514
8.5491
8.55357
8.55643
8.5605
8.56507
8.56803
8.5715
8.5769
8.57998
8.58288
8.58629
8.58882
8.59117
8.59334
8.59605
8.59718
8.60025
8.60105
8.60098
8.60076
8.6018
8.6027
8.60276
8.60268
8.60319
8.60286
8.60453
8.60539
8.60543
8.60607
8.6045
8.60495
8.60602
8.60489
8.60227
8.60169
8.60174
8.60102
8.59953
8.6008
8.59918
8.59822
8.59792
8.59686
8.59575
8.59459
8.5941
8.59357
8.59299
8.59097
8.58961
8.58892
8.58819
8.58601
8.58449
8.58294
8.58135
8.57971
8.57875
8.57632
8.57385
8.57134
8.5716
8.56828
8.56632
8.5643
8.56223
8.56011
8.55863
8.55639
8.55338
8.55313
8.54786
8.54465
8.54349
8.54155
8.53812
8.53604
8.53317
8.53093
8.52862
8.52694
8.52448
8.52124
8.51862
8.51592
8.51245
8.50891
8.5053
8.50163
8.50142
8.49478
8.49021
8.48487
8.47947
8.47544
8.47207
8.46725
8.46309
8.45961
8.4554
8.45187
8.44761
8.44335
8.4405
8.43623
8.43268
8.42773
8.4235
8.41931
8.41515
8.41032
8.40554
8.40223
8.39827
8.39439
8.39129
8.38757
8.38464
8.3804
8.37768
8.37365
8.37187
8.3688
8.36586
8.36306
8.3597
8.35791
8.35556
8.35338
8.35207
8.35164
8.34927
8.3492
8.34791
8.3461
8.3466
8.34518
8.34326
8.34366
8.34568
8.34579
8.34612
8.34526
8.34744
8.34842
8.34962
8.35105
8.35481
8.35739
8.35948
8.3632
8.36574
8.3692
8.37217
8.37536
8.37876
8.38167
8.38408
8.3874
8.39162
8.39534
8.39996
8.40478
8.41047
8.41423
8.41957
8.42508
8.43147
8.438
8.44399
8.45012
8.45568
8.46138
8.4679
8.47453
8.48057
8.486
8.49151
8.49923
8.50702
8.51487
8.52137
8.52933
8.53661
8.54462
8.55194
8.55856
8.56729
8.5746
8.58188
8.58913
8.59633
8.60347
8.60984
8.61683
8.62303
8.62913
8.63582
8.64379
8.65022
8.6572
8.66262
8.66928
8.67293
8.67922
8.68319
8.68765
8.69189
8.69731
8.70179
8.70603
8.71071
8.71514
8.71999
8.72243
8.7253
8.72857
8.73154
8.7342
8.73654
8.73856
8.74025
8.74161
8.74121
8.74047
8.73938
8.73936
8.73758
8.73615
8.73438
8.73155
8.72626
8.72343
8.72026
8.71745
8.71359
8.71081
8.70627
8.70212
8.69763
8.69353
8.68771
8.68158
8.67304
8.66562
8.65862
8.64995
8.64313
8.63466
8.62594
8.61771
8.60997
8.60133
8.59109
8.58139
8.57223
8.56222
8.55208
8.54183
8.53149
8.52247
8.51267
8.50354
8.49225
8.48306
8.47246
8.46258
8.45202
8.44364
8.43461
8.42425
8.4147
8.40526
8.39595
8.38678
8.37778
8.36966
8.36032
8.35188
8.34366
8.33427
8.32794
8.32046
8.31466
8.30774
8.30252
8.29618
8.29017
8.28306
8.27841
8.27268
8.26872
8.26441
8.25975
8.25688
8.25509
8.25226
8.24911
8.24847
8.24609
8.24552
8.24251
8.24342
8.24402
8.24289
8.24428
8.24534
8.2475
8.24864
8.25086
8.25346
8.25785
8.2612
8.26562
8.26969
8.27552
8.28099
8.28539
8.29152
8.29586
8.30192
8.30757
8.31493
8.32117
8.32908
8.33726
8.34428
8.35155
8.35904
8.36817
8.3768
8.38563
8.39394
8.40243
8.41249
8.4227
8.43164
8.43929
8.4513
8.462
8.47138
8.48155
8.49109
8.49999
8.51035
8.52146
8.5319
8.54306
8.55353
8.5633
8.57376
8.58421
8.59604
8.60572
8.61677
8.62705
8.63728
8.64743
8.65679
8.66607
8.67667
8.68646
8.69756
8.70854
8.71729
8.72662
8.7344
8.74417
8.7552
8.76326
8.77258
8.78104
8.78863
8.79676
8.8026
8.81037
8.81797
8.8268
8.83402
8.84105
8.84718
8.85381
8.86023
8.86645
8.87457
8.88106
8.88663
8.89267
8.89849
8.90266
8.90731
8.91313
8.91589
8.91912
8.9221
8.92554
8.93015
8.9338
8.93649
8.93893
8.94112
8.94377
8.94404
8.94546
8.94663
8.94825
8.94892
8.94792
8.94878
8.94728
8.94694
8.94564
8.94552
8.94516
8.94385
8.94232
8.93984
8.93715
8.93495
8.93112
8.9278
8.92568
8.92479
8.92017
8.91608
8.91323
8.90951
8.90562
8.90088
8.8967
8.89309
8.88865
8.88338
8.87871
8.87322
8.86693
8.86196
8.85761
8.85319
8.84728
8.84203
8.83601
8.82995
8.82456
8.81914
8.81299
8.80611
8.79992
8.79513
8.78892
8.78271
8.77651
8.77102
8.76554
8.76008
8.75393
8.74922
8.74312
8.73776
8.73101
8.7257
8.72114
8.7159
8.71141
8.70625
8.70041
8.69533
8.69169
8.68527
8.681
8.67678
8.6733
8.66774
8.66293
8.65887
8.65273
8.64663
8.6434
8.63809
8.63212
8.6276
8.62242
8.61799
8.6136
8.61067
8.60637
8.60353
8.60003
8.59587
8.58965
8.58558
8.58086
8.5762
8.5723
8.56916
8.56537
8.56093
8.55727
8.55437
8.55084
8.54808
8.54469
8.54279
8.53884
8.53567
8.534
8.5317
8.52948
8.52664
8.52389
8.52121
8.51862
8.51471
8.51229
8.51139
8.50916
8.50702
8.50569
8.50303
8.50047
8.4987
8.49702
8.49685
8.49534
8.49322
8.4933
8.49204
8.49016
8.48907
8.48875
8.4885
8.48761
8.48679
8.48602
8.48531
8.48465
8.48334
8.48277
8.48295
8.48245
8.48199
8.48296
8.48113
8.48002
8.47892
8.47783
8.47603
8.47634
8.47383
8.47412
8.47297
8.47322
8.47274
8.47293
8.47167
8.47108
8.47115
8.47117
8.47184
8.47175
8.4716
8.47068
8.46899
8.46865
8.46612
8.46563
8.46365
8.4623
8.46087
8.45936
8.45918
8.45751
8.45645
8.4539
8.45196
8.44924
8.44786
8.44427
8.4406
8.43826
8.43586
8.43267
8.42941
8.42609
8.42199
8.41924
8.41573
8.41357
8.41066
8.40912
8.40542
8.40311
8.40006
8.39629
8.39322
8.38943
8.38635
8.384
8.38165
8.37863
8.37635
8.37412
8.37052
8.3684
8.36493
8.36154
8.35824
8.35574
8.35265
8.35037
8.34821
8.34548
8.34501
8.34326
8.34168
8.33955
8.33829
8.33863
8.33703
8.33562
8.33512
8.33412
8.33332
8.33275
8.33168
8.33296
8.33377
8.33481
8.33609
8.33761
8.33866
8.34067
8.34222
8.34472
8.34678
8.34978
8.35375
8.35726
8.36102
8.36503
8.36858
8.37519
8.37922
8.3842
8.3887
8.39485
8.40124
8.40714
8.41467
8.42101
8.42756
8.43431
8.44126
8.44769
8.45431
8.46181
8.46949
8.47944
8.48742
8.49556
8.50384
8.51225
8.52148
8.53083
8.54028
8.54983
8.55804
8.56704
8.5761
8.58592
8.59579
8.60429
8.61422
8.62346
8.63341
8.64265
8.65117
8.66106
8.67021
8.67931
8.68764
8.69731
8.70618
8.71496
8.72433
8.73216
8.74128
8.74883
8.75552
8.76416
8.76979
8.77663
8.78327
8.79039
8.79657
8.80251
8.80961
8.81572
8.82156
8.82711
8.83165
8.83586
8.84187
8.84683
8.85003
8.85357
8.85604
8.85882
8.85981
8.86109
8.86549
8.86593
8.86665
8.86763
8.86747
8.86756
8.86436
8.86351
8.86079
8.85758
8.8546
8.85042
8.84646
8.84271
8.83635
8.8302
8.82426
8.81923
8.8123
8.80416
8.79484
8.78714
8.77896
8.77031
8.76119
8.74949
8.73733
8.72543
8.7138
8.70174
8.68926
8.67568
8.66311
8.64875
8.63474
8.62038
8.60639
8.59138
8.57608
8.55979
8.54395
8.52645
8.51084
8.49504
8.47905
8.4629
8.4452
8.42808
8.41086
8.39498
8.37834
8.36096
8.34429
8.32621
8.30817
8.2902
8.2723
8.25521
8.23825
8.22214
8.20337
8.18691
8.17278
8.15746
8.14169
8.12547
8.11025
8.09463
8.08004
8.06579
8.05049
8.03626
8.02243
8.009
7.99669
7.98412
7.9734
7.96314
7.95334
7.94473
7.9352
7.92546
7.91765
7.90964
7.90146
7.89451
7.88739
7.88152
7.8762
7.87143
7.86722
7.86216
7.85907
7.85655
7.85459
7.85391
7.85238
7.85424
7.85525
7.85612
7.85755
7.86024
7.86207
7.86515
7.86878
7.87296
7.87837
7.88503
7.89079
7.89778
7.90527
7.91327
7.92246
7.93003
7.93877
7.95009
7.95975
7.97127
7.9804
7.99278
8.00346
8.01383
8.0253
8.03786
8.05079
8.06478
8.07841
8.09308
8.10736
8.12123
8.13752
8.15408
8.1702
8.18516
8.20106
8.21789
8.23281
8.25074
8.26956
8.28713
8.30415
8.31918
8.33857
8.35383
8.3713
8.38814
8.40646
8.4227
8.43968
8.45739
8.47509
8.49208
8.51115
8.52947
8.54843
8.56591
8.58541
8.60339
8.61984
8.63827
8.65584
8.67254
8.68763
8.70394
8.72074
8.73589
8.7515
8.76685
8.78122
8.79529
8.80976
8.82602
8.83911
8.85185
8.86421
8.87619
8.88918
8.90034
8.91108
8.92207
8.93261
8.94338
8.95297
8.96277
8.97065
8.97942
8.98484
8.99253
8.99897
9.00556
9.01229
9.01703
9.0219
9.02547
9.02987
9.03225
9.03261
9.03449
9.03505
9.035
9.03575
9.03447
9.03258
9.02938
9.02628
9.02046
9.01545
9.01126
9.00577
8.99899
8.99164
8.98583
8.97876
8.96972
8.96084
8.95144
8.94151
8.93179
8.92158
8.91159
8.90043
8.88811
8.87535
8.86147
8.8486
8.83534
8.82029
8.80701
8.79055
8.77519
8.75811
8.74286
8.72664
8.71016
8.69205
8.67513
8.65731
8.64003
8.62188
8.60359
8.58659
8.56878
8.5516
8.53365
8.51706
8.49974
8.47958
8.46155
8.44354
8.42699
8.40909
8.39056
8.37142
8.35309
8.33701
8.32108
8.30319
8.28619
8.27009
8.2556
8.23923
8.2231
8.20581
8.1902
8.17417
8.15914
8.14514
8.13005
8.11602
8.10305
8.08833
8.07328
8.06004
8.04861
8.03831
8.02703
8.01549
8.0044
7.99589
7.98644
7.97817
7.9697
7.9596
7.95142
7.94446
7.93874
7.93142
7.92534
7.91981
7.91764
7.9139
7.91072
7.90881
7.90745
7.90595
7.90502
7.90323
7.90484
7.90418
7.90338
7.90455
7.90627
7.90997
7.91421
7.9183
7.92293
7.92739
7.93238
7.93929
7.94531
7.95042
7.95814
7.96634
7.9736
7.98203
7.99231
8.00373
8.01345
8.02286
8.03408
8.04496
8.05619
8.06989
8.08391
8.09611
8.11072
8.12489
8.13861
8.15256
8.16744
8.1818
8.19634
8.21033
8.22445
8.2401
8.25373
8.27026
8.28755
8.30205
8.31868
8.33319
8.34769
8.36285
8.37867
8.39371
8.40935
8.4249
8.44103
8.4556
8.47073
8.48429
8.49837
8.51155
8.52523
8.5387
8.55335
8.56635
8.5791
8.59231
8.60454
8.61579
8.62748
8.63817
8.64928
8.66222
8.67274
8.68368
8.69431
8.70463
8.71324
8.72225
8.72813
8.73723
8.74533
8.75382
8.76131
8.76991
8.77539
8.78128
8.78829
8.79361
8.80075
8.80621
8.80999
8.81349
8.81814
8.82323
8.82595
8.83054
8.83488
8.83757
8.84144
8.84366
8.84708
8.84887
8.85256
8.85392
8.85649
8.85745
8.85893
8.86092
8.86202
8.86295
8.86299
8.86286
8.86257
8.86212
8.86221
8.86215
8.86124
8.86159
8.86109
8.85975
8.85968
8.85806
8.85702
8.85515
8.85315
8.85314
8.85301
8.85206
8.85098
8.84838
8.84778
8.84778
8.84342
8.84177
8.83931
8.83745
8.83478
8.8313
8.82842
8.82332
8.82094
8.81776
8.81519
8.81181
8.80834
8.80548
8.8004
8.79664
8.79208
8.78743
8.7841
8.77997
8.77364
8.77075
8.76706
8.76046
8.75519
8.74983
8.7451
8.73958
8.7347
8.72832
8.72399
8.71818
8.71301
8.70636
8.70176
8.69639
8.69238
8.68689
8.68206
8.67648
8.67013
8.66445
8.66014
8.65437
8.64856
8.64414
8.63826
8.63237
8.62786
8.62191
8.61666
8.6107
8.60401
8.59661
8.58992
8.58535
8.57795
8.57268
8.56601
8.56077
8.55766
8.55104
8.54374
8.53788
8.53134
8.52484
8.51767
8.51125
8.50628
8.50207
8.4965
8.49027
8.48479
8.47938
8.47474
8.47015
8.46422
8.45836
8.45468
8.44825
8.44401
8.43986
8.43648
8.43107
8.42574
8.41909
8.41394
8.41029
8.40532
8.40187
8.39781
8.39173
8.38788
8.38484
8.3812
8.37697
8.37356
8.37028
8.36782
8.36478
8.36117
8.3584
8.35646
8.35397
8.3509
8.34869
8.34591
8.34328
8.34222
8.34061
8.33986
8.33786
8.33673
8.33648
8.33498
8.33577
8.33462
8.33434
8.33354
8.33503
8.33459
8.33715
8.33778
8.3386
8.34031
8.3408
8.34077
8.34234
8.3434
8.34746
8.3496
8.35193
8.35514
8.35784
8.36143
8.3652
8.36775
8.36978
8.3741
8.37647
8.38256
8.38598
8.38958
8.39476
8.40009
8.40488
8.41053
8.41773
8.42226
8.42834
8.43314
8.43877
8.44524
8.45183
8.45712
8.46322
8.47084
8.47714
8.48283
8.4886
8.49515
8.50248
8.50918
8.51522
8.52202
8.52816
8.53504
8.54196
8.5489
8.55585
8.56353
8.5698
8.57748
8.58444
8.59139
8.59832
8.60522
8.61209
8.61891
8.62428
8.63312
8.63978
8.64636
8.65287
8.6593
8.66635
8.6726
8.67804
8.68409
8.68931
8.69512
8.70081
8.70496
8.71109
8.71708
8.7201
8.72438
8.7285
8.73246
8.73697
8.74131
8.74689
8.74805
8.75327
8.75619
8.75963
8.76429
8.76735
8.77022
8.77501
8.77748
8.78118
8.78326
8.78514
8.78682
8.78831
8.79031
8.79139
8.79158
8.79157
8.79066
8.78884
8.78896
8.78959
8.78721
8.78817
8.78824
8.78884
8.78856
8.7867
8.78466
8.78387
8.78363
8.7804
8.77914
8.77702
8.77405
8.77093
8.76697
8.76359
8.76218
8.75924
8.75688
8.75441
8.75182
8.74912
8.74491
8.74059
8.73617
8.73235
8.72915
8.72515
8.72247
8.7183
8.71405
8.71043
8.70604
8.70158
8.69634
8.69175
8.6871
8.6831
8.67763
8.67353
8.66796
8.66305
8.65739
8.6524
8.64666
8.6423
8.63579
8.63065
8.62549
8.621
8.61579
8.61055
8.60459
8.5979
8.5912
8.58589
8.57986
8.57382
8.56848
8.56173
8.55709
8.55103
8.54499
8.54035
8.53573
8.53111
8.5265
8.52261
8.51803
8.51277
8.50682
8.50161
8.49642
8.49126
8.48754
8.48245
8.47739
8.47027
8.46459
8.45968
8.45551
8.4507
8.44595
8.44126
8.43734
8.4328
8.42974
8.42676
8.42174
8.4154
8.41268
8.40865
8.40472
8.4009
8.3972
8.39503
8.39228
8.38755
8.38507
8.38203
8.37985
8.37853
8.37526
8.37215
8.36922
8.36718
8.36745
8.3658
8.36434
8.3624
8.36137
8.36127
8.3607
8.35824
8.35813
8.35827
8.35867
8.36002
8.36306
8.36282
8.36428
8.36601
8.36873
8.37102
8.37361
8.3772
8.37966
8.38313
8.3876
8.39095
8.3939
8.39786
8.40282
8.40879
8.41435
8.4188
8.42496
8.4314
8.43813
8.44586
8.45315
8.46002
8.46927
8.47807
8.48572
8.49362
8.50317
8.51082
8.52011
8.52962
8.54003
8.54993
8.56002
8.56956
8.57997
8.59053
8.5998
8.6106
8.62221
8.6332
8.64497
8.65538
8.66724
8.67772
8.68891
8.7008
8.71195
8.72236
8.73411
8.74578
8.75666
8.76671
8.77875
8.78922
8.79952
8.81035
8.81956
8.82925
8.83799
8.84789
8.8568
8.86471
8.87231
8.88028
8.88933
8.8959
8.9035
8.9093
8.91329
8.91897
8.92492
8.92972
8.93407
8.93795
8.94277
8.9471
8.9474
8.94932
8.95143
8.95232
8.95198
8.95252
8.95183
8.9492
8.94744
8.94514
8.94231
8.93824
8.93364
8.92921
8.92425
8.91807
8.91207
8.90555
8.89853
8.89243
8.88583
8.87734
8.87119
8.86176
8.85188
8.84225
8.83149
8.8196
8.8073
8.79601
8.78151
8.76945
8.75562
8.74356
8.72905
8.71421
8.70048
8.68715
8.67072
8.65825
8.6427
8.62691
8.61019
8.59255
8.57682
8.55878
8.54128
8.52433
8.50582
8.48859
8.47195
8.45591
8.43908
8.42075
8.40377
8.38533
8.36686
8.34907
8.33198
8.31418
8.29923
8.28147
8.26236
8.24471
8.22643
8.20823
8.18943
8.17286
8.15641
8.13798
8.11971
8.10159
8.08366
8.06662
8.05048
8.03457
8.01817
8.00414
7.98824
7.97332
7.95867
7.94431
7.93096
7.91793
7.9031
7.89003
7.878
7.86563
7.85221
7.84269
7.83144
7.81988
7.80944
7.7987
7.79051
7.78063
7.77259
7.7636
7.75435
7.74697
7.74077
7.73433
7.72837
7.72219
7.71719
7.71339
7.70938
7.70587
7.70356
7.70035
7.69763
7.69613
7.69443
7.69393
7.69395
7.69447
7.69549
7.69631
7.69834
7.70157
7.70671
7.71093
7.71281
7.718
7.72297
7.72841
7.73573
7.7414
7.74752
7.75551
7.76394
7.7728
7.78138
7.78967
7.79907
7.80887
7.81834
7.82748
7.8391
7.84896
7.85985
7.87249
7.88403
7.89517
7.908
7.9211
7.93446
7.94736
7.9612
7.97595
7.9902
8.0025
8.01567
8.0311
8.04666
8.06303
8.07877
8.09389
8.10906
8.12497
8.13947
8.15538
8.17126
8.18709
8.20286
8.21783
8.232
8.24885
8.26345
8.27858
8.29211
8.30685
8.32136
8.33633
8.34822
8.35982
8.37395
8.38846
8.40122
8.41364
8.42568
8.43593
8.4479
8.45664
8.46637
8.47637
8.48452
8.49362
8.50226
8.51185
8.51884
8.52395
8.53068
8.53623
8.54199
8.54727
8.55135
8.55565
8.55877
8.56141
8.56499
8.56669
8.56793
8.56943
8.56837
8.56759
8.5678
8.56691
8.56633
8.56467
8.56194
8.55746
8.55406
8.55176
8.54775
8.54347
8.53894
8.53346
8.52846
8.52398
8.51931
8.51449
8.51094
8.50655
8.50207
8.4982
8.49145
8.48535
8.47922
8.47307
8.46693
8.46223
8.45686
8.45295
8.44629
8.44323
8.43887
8.43249
8.42906
8.42436
8.42051
8.41682
8.41259
8.40924
8.40395
8.40027
8.3968
8.39423
8.39187
8.38761
8.38569
8.38329
8.38112
8.37847
8.37676
8.37599
8.37333
8.37372
8.37363
8.37307
8.37273
8.37262
8.37273
8.37235
8.37217
8.37292
8.37456
8.37499
8.37632
8.37711
8.37879
8.38062
8.38262
8.38617
8.38775
8.38875
8.39057
8.39391
8.39666
8.39949
8.4017
8.4054
8.40916
8.41226
8.4147
8.41787
8.42036
8.42356
8.42747
8.42995
8.43169
8.43623
8.43932
8.44235
8.44533
8.44753
8.45036
8.45239
8.45433
8.45617
8.46002
8.46092
8.46381
8.46587
8.4685
8.46957
8.47192
8.4734
8.47474
8.4752
8.4741
8.47494
8.47491
8.47471
8.47575
8.4745
8.47379
8.47362
8.47328
8.47348
8.47281
8.46986
8.46675
8.4656
8.46359
8.46426
8.46336
8.46164
8.46048
8.4585
8.45571
8.4528
8.4498
8.44812
8.44495
8.44382
8.44123
8.43788
8.4352
8.43179
8.42836
8.42282
8.4201
8.41811
8.41685
8.41423
8.41308
8.40988
8.40676
8.40585
8.40363
8.40083
8.39956
8.39561
8.39533
8.3938
8.39384
8.39265
8.39094
8.38942
8.3888
8.38839
8.3889
8.38962
8.39057
8.38963
8.39032
8.39054
8.3917
8.39308
8.3954
8.39796
8.39933
8.40093
8.40347
8.40763
8.4106
8.41236
8.41645
8.41931
8.42237
8.42561
8.42901
8.43329
8.43771
8.44158
8.44557
8.45039
8.45743
8.46456
8.47106
8.47693
8.48286
8.48812
8.49412
8.50014
8.50475
8.51077
8.51606
8.52203
8.52653
8.53027
8.53536
8.54106
8.54526
8.55006
8.55615
8.56211
8.56653
8.57009
8.57421
8.57817
8.58125
8.58486
8.58758
8.59082
8.59387
8.59671
8.60076
8.60319
8.60542
8.60743
8.60923
8.61011
8.61219
8.61406
8.615
8.61432
8.61485
8.61375
8.61386
8.61517
8.61416
8.61367
8.61299
8.6107
8.60965
8.60843
8.60633
8.60406
8.60306
8.60049
8.59919
8.59706
8.59551
8.59526
8.59206
8.58947
8.5875
8.58332
8.5833
8.58179
8.57951
8.57507
8.57199
8.56957
8.56642
8.56395
8.56147
8.55757
8.55507
8.55329
8.55011
8.54837
8.54524
8.54214
8.53766
8.53534
8.53237
8.52874
8.52659
8.52309
8.52037
8.51632
8.51446
8.51199
8.50819
8.5066
8.50441
8.50161
8.50032
8.49703
8.49667
8.49572
8.49277
8.49206
8.49077
8.48961
8.48788
8.48699
8.48694
8.48703
8.48584
8.48551
8.48533
8.48671
8.48612
8.4864
8.48753
8.48882
8.48957
8.48978
8.49086
8.4928
8.49351
8.49509
8.49613
8.49806
8.49944
8.50101
8.50274
8.50677
8.51096
8.51321
8.51562
8.5182
8.52237
8.5274
8.53048
8.53514
8.53995
8.54422
8.54934
8.55462
8.56075
8.56561
8.57202
8.57645
8.58171
8.58709
8.5926
8.59751
8.60393
8.60975
8.61637
8.62096
8.62633
8.6339
8.64012
8.64639
8.65343
8.6591
8.6648
8.67195
8.67982
8.68559
8.69066
8.69784
8.7036
8.70935
8.71577
8.72216
8.72781
8.73412
8.74037
8.74727
8.75409
8.76014
8.76751
8.77339
8.77775
8.78484
8.79041
8.79517
8.80051
8.80502
8.81011
8.81506
8.82129
8.82667
8.8312
8.83557
8.83908
8.84314
8.84634
8.85148
8.85504
8.85701
8.86022
8.86395
8.8668
8.86947
8.87053
8.87142
8.87353
8.87616
8.87861
8.88016
8.88153
8.88201
8.88301
8.88242
8.88305
8.8835
8.88377
8.88386
8.88235
8.88138
8.88235
8.88244
8.88237
8.88214
8.88104
8.8805
8.87909
8.87755
8.87727
8.87474
8.87278
8.8707
8.86708
8.86618
8.86305
8.86052
8.86001
8.85729
8.85519
8.8523
8.84864
8.8435
8.84112
8.83728
8.8348
8.83088
8.82763
8.82294
8.81965
8.81563
8.81161
8.80829
8.80356
8.79814
8.79554
8.79297
8.79112
8.78789
8.78539
8.78292
8.78049
8.77809
8.77502
8.772
8.76902
8.76609
8.7639
8.76105
8.75824
8.75336
8.75062
8.74863
8.74596
8.7426
8.73998
8.73738
8.73409
8.73151
8.72893
8.72494
8.72305
8.71762
8.71428
8.7109
8.70889
8.70683
8.70401
8.699
8.69532
8.69156
8.68913
8.68659
8.68394
8.67906
8.67546
8.67315
8.66929
8.66457
8.6604
8.65678
8.65088
8.64551
8.64137
8.63634
8.63113
8.62572
8.62013
8.61363
8.60694
8.60005
8.59509
8.5871
8.58174
8.57547
8.5676
8.56025
8.55413
8.54642
8.53712
8.53048
8.52367
8.51459
8.50606
8.4974
8.48789
8.47967
8.46922
8.46008
8.45084
8.44081
8.43071
8.41913
8.40891
8.39794
8.38835
8.37873
8.36982
8.35949
8.34988
8.33888
8.32933
8.32053
8.31178
8.3024
8.29309
8.28387
8.27475
8.26644
8.25825
8.25089
8.24226
8.23377
8.22544
8.21727
8.20857
8.20216
8.19382
8.18637
8.17983
8.17208
8.16736
8.16144
8.15573
8.14813
8.14146
8.13714
8.13163
8.12636
8.12133
8.11513
8.11057
8.10767
8.1043
8.10117
8.09546
8.09209
8.08826
8.08607
8.082
8.07885
8.07593
8.07253
8.07146
8.07201
8.06993
8.06877
8.0671
8.06561
8.06572
8.0653
8.06434
8.06354
8.0636
8.06381
8.06416
8.06393
8.06241
8.06312
8.06535
8.06627
8.06727
8.06765
8.07092
8.07143
8.07269
8.07401
8.07889
8.08026
8.07954
8.08096
8.08309
8.08381
8.08523
8.08665
8.08875
8.09083
8.0936
8.09632
8.09478
8.09673
8.09722
8.09909
8.0995
8.10268
8.10299
8.10255
8.10276
8.10292
8.10375
8.10453
8.10457
8.10527
8.10664
8.10798
8.10789
8.10919
8.11047
8.11033
8.11019
8.11218
8.11347
8.11267
8.11189
8.11326
8.11327
8.11475
8.11559
8.11721
8.1175
8.11859
8.11907
8.11967
8.12109
8.12265
8.12434
8.12758
8.13028
8.13173
8.13406
8.13656
8.13855
8.14143
8.14451
8.1485
8.15057
8.15355
8.15817
8.16159
8.16594
8.1705
8.17529
8.18101
8.18694
8.19167
8.19875
8.20533
8.21284
8.21914
8.22495
8.23025
8.23716
8.24567
8.25225
8.26112
8.26945
8.27724
8.28659
8.29467
8.30288
8.31192
8.32037
8.33103
8.33967
8.34698
8.35577
8.36532
8.37421
8.38243
8.39208
8.40175
8.41211
8.42176
8.43068
8.43816
8.4477
8.45578
8.46521
8.47455
8.4838
8.49365
8.50199
8.51021
8.51831
8.52697
8.53479
8.54105
8.54785
8.55732
8.56519
8.57077
8.5804
8.58631
8.59061
8.59683
8.60355
8.60866
8.61356
8.61896
8.62344
8.62841
8.63317
8.63772
8.64204
8.64686
8.65004
8.65513
8.65719
8.66044
8.66208
8.66492
8.66827
8.67142
8.67296
8.67501
8.67758
8.67926
8.68147
8.68281
8.68327
8.68428
8.68583
8.68512
8.68426
8.68538
8.68495
8.68511
8.68657
8.6858
8.68422
8.68467
8.68574
8.68531
8.68481
8.68495
8.68575
8.68438
8.68367
8.68293
8.68217
8.68281
8.68202
8.68194
8.68116
8.67969
8.67823
8.67822
8.67612
8.67478
8.6756
8.67577
8.6753
8.6749
8.67458
8.67293
8.67208
8.67273
8.67278
8.67293
8.67389
8.67286
8.67406
8.67538
8.67542
8.67488
8.67518
8.67702
8.67831
8.67973
8.68272
8.68584
8.687
8.68901
8.69046
8.69419
8.69664
8.69925
8.702
8.70489
8.70793
8.7104
8.71371
8.71786
8.72144
8.72513
8.72966
8.7343
8.73763
8.74248
8.74673
8.75247
8.75688
8.76066
8.76592
8.77053
8.77589
8.78199
8.78741
8.79285
8.79829
8.80301
8.80631
8.8117
8.81563
8.81952
8.82404
8.82778
8.83072
8.83427
8.83911
8.84241
8.84557
8.85068
8.85139
8.85545
8.8586
8.86154
8.86286
8.86676
8.86619
8.86747
8.86991
8.87207
8.87394
8.87481
8.87539
8.87565
8.8756
8.87521
8.8745
8.87274
8.87204
8.87171
8.87102
8.87068
8.86646
8.86329
8.86048
8.85731
8.85237
8.84709
8.84287
8.83759
8.83269
8.82675
8.81836
8.81106
8.80416
8.79766
8.78946
8.78097
8.77292
8.76461
8.75604
8.74723
8.7389
8.72965
8.71808
8.70632
8.69651
8.68653
8.67642
8.66687
8.65439
8.64463
8.63479
8.62416
8.61419
8.60276
8.59131
8.58055
8.56979
8.55834
8.54763
8.53695
8.52492
8.51508
8.50461
8.49636
8.4861
8.47595
8.46453
8.45396
8.44425
8.43259
8.42323
8.41334
8.40437
8.3956
8.38845
8.38012
8.37202
8.36486
8.35795
8.35059
8.3463
8.33733
8.33076
8.32304
8.31631
8.31056
8.3044
8.29782
8.29294
8.28835
8.28335
8.27936
8.27637
8.27297
8.26987
8.26636
8.26315
8.25953
8.2569
8.25457
8.25181
8.25147
8.2507
8.25092
8.25142
8.25078
8.25182
8.25384
8.254
8.25512
8.25791
8.25953
8.2621
8.2642
8.26723
8.27049
8.27396
8.27764
8.28081
8.28348
8.28633
8.29147
8.29538
8.29875
8.30156
8.30663
8.31255
8.31789
8.32264
8.32609
8.33034
8.33539
8.34194
8.34714
8.3524
8.35772
8.36238
8.36848
8.37319
8.37933
8.38548
8.39163
8.39777
8.40035
8.40572
8.41107
8.41566
8.42161
8.42679
8.43262
8.43767
8.44264
8.44824
8.45234
8.45565
8.45957
8.4641
8.46924
8.47357
8.47921
8.48263
8.48665
8.48987
8.49369
8.49811
8.50102
8.50454
8.50796
8.5113
8.51454
8.51912
8.5215
8.52452
8.52747
8.52966
8.53321
8.53601
8.53877
8.54078
8.54419
8.54757
8.54952
8.55146
8.55481
8.55816
8.56081
8.56206
8.56545
8.56815
8.57088
8.57434
8.57925
8.58207
8.58281
8.5857
8.58862
8.59229
8.59246
8.59548
8.59994
8.60373
8.60613
8.60925
8.61381
8.61697
8.62084
8.6247
8.62786
8.631
8.63341
8.63579
8.63955
8.64255
8.6455
8.64839
8.65049
8.65462
8.65584
8.65906
8.66147
8.66375
8.6659
8.66578
8.66763
8.67002
8.67224
8.67427
8.67541
8.67636
8.6778
8.67904
8.67864
8.67943
8.67928
8.67961
8.67898
8.67741
8.67629
8.67352
8.67189
8.66931
8.66718
8.66549
8.66213
8.65923
8.65536
8.65053
8.64827
8.64364
8.63876
8.63293
8.62828
8.6248
8.62039
8.61577
8.60951
8.60376
8.59923
8.59238
8.58535
8.57815
8.5722
8.56468
8.55842
8.5499
8.54338
8.53674
8.53
8.52246
8.51553
8.50713
8.49936
8.49155
8.4844
8.47652
8.47074
8.46424
8.45633
8.44844
8.44057
8.43203
8.42354
8.41722
8.40884
8.39984
8.39233
8.38562
8.37831
8.37252
8.36262
8.35568
8.35028
8.34363
8.33642
8.32938
8.32251
8.31652
8.30931
8.3037
8.29829
8.29239
8.2874
8.28333
8.27737
8.27305
8.26967
8.26652
8.26291
8.25884
8.25502
8.25286
8.25025
8.24789
8.24791
8.24606
8.24376
8.24385
8.24278
8.24057
8.23933
8.23975
8.24044
8.23926
8.23976
8.24192
8.24292
8.24416
8.24565
8.24739
8.24865
8.25014
8.25256
8.25309
8.25666
8.26044
8.26443
8.2672
8.27158
8.27614
8.28018
8.28298
8.28947
8.2954
8.30008
8.3049
8.30985
8.31352
8.318
8.3233
8.328
8.3342
8.33907
8.34543
8.35186
8.35765
8.36278
8.36796
8.37388
8.38123
8.38789
8.39457
8.40125
8.40722
8.41319
8.42054
8.42576
8.43164
8.43749
8.444
8.44905
8.45546
8.46109
8.46808
8.47287
8.47687
8.4822
8.48816
8.49331
8.49697
8.50122
8.50679
8.51155
8.51619
8.52143
8.52656
8.53086
8.53434
8.53841
8.54094
8.54476
8.54985
8.55271
8.55613
8.55943
8.56259
8.56633
8.57065
8.57342
8.57677
8.57928
8.58095
8.58321
8.58463
8.58733
8.58779
8.59025
8.59257
8.59407
8.59616
8.59883
8.59855
8.59887
8.59907
8.60057
8.60267
8.60254
8.60371
8.60337
8.60293
8.60379
8.60315
8.60383
8.60371
8.6035
8.60321
8.60425
8.60238
8.60185
8.60054
8.59916
8.59842
8.5962
8.59462
8.59299
8.592
8.59096
8.58987
8.59014
8.59108
8.58984
8.58857
8.58726
8.5852
8.58311
8.58028
8.57953
8.57733
8.57581
8.57426
8.57409
8.57108
8.56944
8.56778
8.5668
8.5658
8.56407
8.5602
8.56053
8.55801
8.55688
8.55502
8.55172
8.55052
8.54999
8.54731
8.54461
8.54329
8.54193
8.53843
8.53631
8.53274
8.53055
8.52903
8.52606
8.52305
8.5207
8.51832
8.51659
8.51271
8.51019
8.50621
8.50359
8.50092
8.4982
8.49471
8.49259
8.48899
8.48746
8.48376
8.48142
8.47761
8.47586
8.47264
8.46866
8.46675
8.46477
8.46274
8.45925
8.45569
8.45209
8.44843
8.44471
8.44095
8.43854
8.43396
8.43003
8.42535
8.42061
8.41724
8.41311
8.40964
8.40542
8.40256
8.39966
8.3953
8.38949
8.38505
8.37987
8.37536
8.37152
8.36623
8.36232
8.35697
8.353
8.3476
8.34217
8.33671
8.33264
8.32856
8.32446
8.31963
8.3155
8.31064
8.30508
8.30091
8.29533
8.29115
8.28627
8.28068
8.2744
8.26882
8.26467
8.25771
8.25146
8.24594
8.24115
8.23708
8.23305
8.22764
8.22226
8.21621
8.21161
8.20636
8.20115
8.19741
8.19442
8.19008
8.1865
8.18157
8.17883
8.17475
8.17002
8.16467
8.1608
8.15559
8.15188
8.14825
8.14471
8.13984
8.13506
8.13178
8.1286
8.12762
8.12462
8.12313
8.11961
8.1176
8.11497
8.11315
8.11143
8.1091
8.10686
8.10472
8.10127
8.09932
8.09818
8.09713
8.09476
8.09319
8.091
8.08961
8.08972
8.08921
8.08737
8.08632
8.08253
8.08164
8.08366
8.08363
8.08297
8.0831
8.08048
8.07865
8.0783
8.07803
8.07712
8.07558
8.07481
8.07482
8.07631
8.07505
8.07669
8.07627
8.07735
8.07849
8.07901
8.08031
8.08097
8.08384
8.08466
8.08627
8.08866
8.09113
8.09086
8.09137
8.09408
8.09335
8.09481
8.09636
8.09869
8.0997
8.10079
8.10338
8.10605
8.10598
8.10952
8.11174
8.11686
8.11924
8.121
8.12284
8.12758
8.12958
8.13236
8.13452
8.13816
8.14047
8.14285
8.14742
8.15065
8.15396
8.15734
8.1629
8.16571
8.16858
8.17223
8.17664
8.18182
8.18705
8.19235
8.19699
8.20099
8.20433
8.20843
8.21257
8.21748
8.22102
8.2232
8.22754
8.23052
8.23424
8.23872
8.24325
8.24781
8.25314
8.25709
8.26108
8.26582
8.2713
8.27683
8.28097
8.28658
8.2908
8.29577
8.30149
8.30723
8.31159
8.3174
8.32112
8.32769
8.33216
8.33878
8.34401
8.34856
8.35454
8.35913
8.36374
8.36765
8.37368
8.38043
8.38435
8.38898
8.39431
8.39963
8.40423
8.41023
8.4162
8.42144
8.42736
8.43465
8.44049
8.44486
8.4499
8.45487
8.4612
8.46534
8.47083
8.47553
8.48016
8.484
8.48705
8.49213
8.49641
8.5013
8.50539
8.51009
8.51468
8.51988
8.52215
8.52643
8.52989
8.53466
8.53791
8.54035
8.54269
8.54632
8.54915
8.55118
8.5531
8.55493
8.55737
8.55902
8.56058
8.56276
8.56558
8.56692
8.56819
8.56941
8.57128
8.5731
8.57347
8.57593
8.57836
8.57937
8.58107
8.58206
8.58446
8.58829
8.5886
8.59035
8.59142
8.59323
8.59438
8.59699
8.59825
8.60027
8.60236
8.60452
8.60676
8.60837
8.60935
8.61112
8.61297
8.61703
8.61976
8.62117
8.62337
8.62566
8.62733
8.63191
8.63656
8.63847
8.64187
8.64463
8.64746
8.65035
8.6533
8.65841
8.66286
8.66806
8.67187
8.675
8.67886
8.68272
8.68658
8.69114
8.69569
8.70091
8.70468
8.70842
8.7114
8.71503
8.71789
8.72139
8.72551
8.72814
8.73278
8.73592
8.73895
8.74116
8.74396
8.74735
8.7499
8.75374
8.75603
8.75818
8.7602
8.76066
8.76168
8.76397
8.7654
8.7674
8.76925
8.77025
8.77111
8.77184
8.77242
8.77216
8.77388
8.77688
8.77623
8.77687
8.7781
8.77639
8.77599
8.7769
8.77559
8.77419
8.77412
