1.2006
1.20186
1.20308
1.20428
1.20543
1.20654
1.2076
1.20862
1.20958
1.21049
1.21133
1.2121
1.21281
1.21344
1.21399
1.21446
1.21485
1.21515
1.21536
1.21548
1.2155
1.21542
1.21524
1.21495
1.21456
1.21406
1.21344
1.21272
1.21188
1.21092
1.20985
1.20866
1.20736
1.20594
1.20441
1.20276
1.20099
1.19912
1.19714
1.19505
1.19286
1.19057
1.1882
1.18573
1.18318
1.18056
1.17787
1.17512
1.17232
1.16948
1.1666
1.16369
1.16077
1.15785
1.15493
1.15202
1.14914
1.1463
1.14351
1.14078
1.13812
1.13553
1.13305
1.13066
1.12838
1.12623
1.12421
1.12233
1.12059
1.11901
1.11759
1.11634
1.11526
1.11436
1.11364
1.1131
1.11275
1.11259
1.11261
1.11282
1.11321
1.11379
1.11454
1.11547
1.11657
1.11784
1.11927
1.12085
1.12258
1.12444
1.12644
1.12856
1.13079
1.13313
1.13557
1.13809
1.14069
1.14336
1.14608
1.14886
1.15167
1.15452
1.1574
1.16029
1.16318
1.16608
1.16896
1.17183
1.17467
1.17749
1.18027
1.183
1.18569
1.18833
1.1909
1.19342
1.19587
1.19825
1.20057
1.2028
1.20497
1.20705
1.20905
1.21097
1.21281
1.21455
1.21621
1.21778
1.21925
1.22064
1.22194
1.22314
1.22425
1.22527
1.22619
1.22702
1.22775
1.22839
1.22894
1.22939
1.22975
1.23001
1.23019
1.23027
1.23026
1.23017
1.22999
1.22972
1.22937
1.22893
1.22842
1.22782
1.22715
1.22641
1.22559
1.22471
1.22376
1.22274
1.22167
1.22053
1.21934
1.2181
1.21681
1.21547
1.2141
1.21269
1.21124
1.20976
1.20825
1.20671
1.20516
1.20357
1.20198
1.20036
1.19874
1.1971
1.19546
1.19381
1.19215
1.19049
1.18883
1.18717
1.18551
1.18385
1.1822
1.18055
1.1789
1.17725
1.17561
1.17397
1.17234
1.17071
1.16908
1.16746
1.16584
1.16423
1.16261
1.161
1.15938
1.15776
1.15614
1.15452
1.1529
1.15127
1.14963
1.14799
1.14634
1.14468
1.14301
1.14133
1.13963
1.13793
1.13621
1.13448
1.13274
1.13098
1.12921
1.12743
1.12563
1.12382
1.12199
1.12015
1.11829
1.11642
1.11453
1.11264
1.11073
1.10881
1.10688
1.10494
1.10299
1.10103
1.09907
1.0971
1.09512
1.09315
1.09117
1.0892
1.08722
1.08526
1.0833
1.08136
1.07942
1.0775
1.07559
1.0737
1.07183
1.06998
1.06815
1.06635
1.06458
1.06285
1.06115
1.05948
1.05786
1.05628
1.05475
1.05326
1.05183
1.05046
1.04914
1.04789
1.0467
1.04557
1.04452
1.04354
1.04263
1.0418
1.04105
1.04039
1.03981
1.03932
1.03892
1.03861
1.0384
1.03829
1.03827
1.03835
1.03854
1.03883
1.03923
1.03973
1.04034
1.04106
1.04189
1.04283
1.04387
1.04503
1.04629
1.04767
1.04915
1.05073
1.05242
1.05421
1.0561
1.05808
1.06017
1.06234
1.06461
1.06696
1.0694
1.07192
1.07451
1.07717
1.07991
1.08271
1.08556
1.08848
1.09145
1.09446
1.09751
1.1006
1.10373
1.10688
1.11005
1.11325
1.11646
1.11967
1.12289
1.12611
1.12932
1.13253
1.13571
1.13888
1.14203
1.14515
1.14823
1.15129
1.1543
1.15728
1.16021
1.16309
1.16592
1.16869
1.17141
1.17407
1.17667
1.1792
1.18167
1.18407
1.18641
1.18867
1.19086
1.19298
1.19503
1.197
1.1989
1.20072
1.20246
1.20413
1.20573
1.20725
1.20869
1.21006
1.21136
1.21258
1.21373
1.2148
1.21581
1.21674
1.2176
1.21839
1.21912
1.21978
1.22038
1.22091
1.22137
1.22178
1.22212
1.22241
1.22264
1.22281
1.22293
1.22299
1.22299
1.22295
1.22285
1.2227
1.2225
1.22226
1.22196
1.22162
1.22124
1.22081
1.22033
1.21982
1.21926
1.21866
1.21802
1.21734
1.21662
1.21586
1.21507
1.21424
1.21337
1.21246
1.21152
1.21055
1.20955
1.20851
1.20744
1.20634
1.20521
1.20405
1.20287
1.20166
1.20042
1.19916
1.19788
1.19657
1.19525
1.1939
1.19254
1.19115
1.18976
1.18834
1.18691
1.18548
1.18403
1.18257
1.18111
1.17963
1.17816
1.17667
1.17519
1.17371
1.17223
1.17076
1.16928
1.16782
1.16636
1.16491
1.16347
1.16204
1.16062
1.15922
1.15783
1.15646
1.15511
1.15377
1.15246
1.15117
1.14991
1.14867
1.14745
1.14627
1.14511
1.14399
1.14289
1.14183
1.1408
1.1398
1.13884
1.13791
1.13703
1.13618
1.13537
1.13461
1.13388
1.1332
1.13256
1.13196
1.13141
1.13091
1.13045
1.13003
1.12967
1.12935
1.12907
1.12885
1.12867
1.12854
1.12846
1.12843
1.12845
1.12851
1.12862
1.12877
1.12897
1.12922
1.12951
1.12985
1.13023
1.13065
1.13112
1.13162
1.13217
1.13276
1.13338
1.13405
1.13474
1.13548
1.13624
1.13704
1.13787
1.13873
1.13962
1.14054
1.14148
1.14245
1.14345
1.14446
1.1455
1.14656
1.14763
1.14872
1.14983
1.15096
1.1521
1.15325
1.15441
1.15558
1.15676
1.15794
1.15913
1.16032
1.16151
1.1627
1.1639
1.16509
1.16627
1.16745
1.16862
1.16977
1.17092
1.17205
1.17317
1.17427
1.17535
1.1764
1.17743
1.17843
1.1794
1.18034
1.18125
1.18212
1.18295
1.18374
1.1845
1.1852
1.18587
1.18648
1.18705
1.18757
1.18804
1.18845
1.18881
1.18912
1.18936
1.18955
1.18968
1.18975
1.18976
1.18971
1.18959
1.18941
1.18916
1.18886
1.18849
1.18805
1.18756
1.187
1.18638
1.18571
1.18497
1.18417
1.18331
1.1824
1.18143
1.1804
1.17932
1.17819
1.17701
1.17577
1.17449
1.17316
1.17179
1.17037
1.16891
1.16741
1.16587
1.1643
1.16269
1.16105
1.15938
1.15768
1.15595
1.1542
1.15242
1.15062
1.14881
1.14698
1.14513
1.14327
1.14139
1.13951
1.13762
1.13572
1.13382
1.13191
1.13
1.12809
1.12618
1.12427
1.12236
1.12045
1.11855
1.11666
1.11477
1.11289
1.11102
1.10916
1.1073
1.10546
1.10363
1.10181
1.1
1.09821
1.09643
1.09465
1.09289
1.09114
1.08941
1.08768
1.08596
1.08426
1.08257
1.08088
1.07921
1.07755
1.07591
1.07427
1.07264
1.07103
1.06943
1.06784
1.06626
1.0647
1.06315
1.06161
1.06009
1.05859
1.05709
1.05561
1.05415
1.0527
1.05127
1.04986
1.04847
1.0471
1.04575
1.04442
1.04311
1.04183
1.04058
1.03935
1.03815
1.03698
1.03585
1.03474
1.03368
1.03264
1.03165
1.03069
1.02977
1.0289
1.02806
1.02727
1.02653
1.02583
1.02519
1.02459
1.02404
1.02354
1.0231
1.02271
1.02238
1.0221
1.02188
1.02172
1.02161
1.02157
1.02158
1.02166
1.0218
1.022
1.02226
1.02258
1.02297
1.02341
1.02392
1.02449
1.02512
1.02581
1.02657
1.02738
1.02826
1.02919
1.03019
1.03124
1.03235
1.03352
1.03476
1.03605
1.03739
1.0388
1.04026
1.04178
1.04336
1.04499
1.04669
1.04844
1.05024
1.0521
1.05402
1.056
1.05802
1.06011
1.06224
1.06444
1.06669
1.069
1.07136
1.07377
1.07624
1.07876
1.08134
1.08397
1.08665
1.08938
1.09216
1.095
1.09789
1.10082
1.10381
1.10684
1.10992
1.11305
1.11623
1.11944
1.1227
1.12601
1.12935
1.13272
1.13613
1.13958
1.14306
1.14656
1.1501
1.15365
1.15723
1.16083
1.16445
1.16809
1.17173
1.17538
1.17904
1.18271
1.18637
1.19003
1.19368
1.19732
1.20094
1.20455
1.20814
1.2117
1.21523
1.21873
1.2222
1.22563
1.22902
1.23236
1.23565
1.23889
1.24207
1.24519
1.24825
1.25125
1.25418
1.25704
1.25983
1.26253
1.26516
1.26771
1.27016
1.27253
1.27481
1.277
1.2791
1.28109
1.28299
1.28479
1.28649
1.28809
1.28958
1.29096
1.29224
1.29341
1.29447
1.29542
1.29626
1.29699
1.2976
1.2981
1.29849
1.29876
1.29892
1.29896
1.29889
1.29871
1.29841
1.298
1.29748
1.29684
1.29609
1.29523
1.29426
1.29319
1.292
1.29071
1.28932
1.28782
1.28621
1.28451
1.2827
1.28079
1.27879
1.27669
1.2745
1.27223
1.26986
1.26741
1.26487
1.26225
1.25956
1.25678
1.25394
1.25102
1.24804
1.24499
1.24188
1.23872
1.23549
1.23222
1.2289
1.22553
1.22212
1.21867
1.21519
1.21167
1.20813
1.20456
1.20098
1.19738
1.19376
1.19014
1.18652
1.18289
1.17927
1.17566
1.17206
1.16848
1.16491
1.16138
1.15787
1.15439
1.15095
1.14755
1.1442
1.14091
1.13766
1.13447
1.13134
1.12828
1.12529
1.12237
1.11952
1.11676
1.11407
1.11147
1.10895
1.10652
1.10419
1.10194
1.09979
1.09774
1.09579
1.09394
1.09218
1.09053
1.08899
1.08754
1.0862
1.08496
1.08381
1.08277
1.08184
1.081
1.08026
1.07961
1.07906
1.07861
1.07824
1.07796
1.07777
1.07766
1.07762
1.07767
1.07779
1.07798
1.07824
1.07857
1.07896
1.0794
1.0799
1.08045
1.08105
1.08168
1.08236
1.08307
1.08381
1.08457
1.08536
1.08617
1.08699
1.08782
1.08865
1.08949
1.09033
1.09116
1.09199
1.0928
1.0936
1.09438
1.09513
1.09586
1.09657
1.09724
1.09788
1.09848
1.09904
1.09956
1.10004
1.10048
1.10086
1.1012
1.10149
1.10173
1.10192
1.10205
1.10213
1.10215
1.10212
1.10204
1.1019
1.10171
1.10146
1.10116
1.1008
1.1004
1.09994
1.09943
1.09887
1.09826
1.09761
1.09691
1.09617
1.09538
1.09456
1.0937
1.0928
1.09187
1.09092
1.08993
1.08892
1.08789
1.08683
1.08576
1.08467
1.08357
1.08246
1.08134
1.08022
1.07909
1.07797
1.07685
1.07574
1.07464
1.07356
1.07249
1.07144
1.07041
1.06941
1.06843
1.06748
1.06656
1.06568
1.06483
1.06403
1.06326
1.06253
1.06185
1.0612
1.06061
1.06006
1.05956
1.05911
1.05872
1.05837
1.05808
1.05784
1.05765
1.05751
1.05743
1.0574
1.05743
1.0575
1.05763
1.05782
1.05805
1.05834
1.05867
1.05906
1.05949
1.05998
1.06051
1.06108
1.0617
1.06236
1.06307
1.06382
1.06461
1.06544
1.0663
1.0672
1.06814
1.06911
1.07012
1.07116
1.07223
1.07333
1.07446
1.07562
1.0768
1.07802
1.07925
1.08052
1.08181
1.08312
1.08445
1.08581
1.08718
1.08858
1.09
1.09144
1.0929
1.09438
1.09588
1.09739
1.09892
1.10047
1.10204
1.10363
1.10523
1.10685
1.10848
1.11013
1.1118
1.11348
1.11517
1.11688
1.1186
1.12034
1.12208
1.12384
1.12561
1.12739
1.12917
1.13097
1.13277
1.13457
1.13638
1.1382
1.14001
1.14182
1.14364
1.14544
1.14725
1.14904
1.15083
1.1526
1.15436
1.15611
1.15784
1.15955
1.16123
1.16289
1.16453
1.16613
1.16771
1.16925
1.17075
1.17222
1.17365
1.17503
1.17637
1.17767
1.17891
1.18011
1.18125
1.18234
1.18337
1.18435
1.18528
1.18614
1.18695
1.1877
1.18838
1.18901
1.18957
1.19007
1.19052
1.1909
1.19122
1.19149
1.1917
1.19185
1.19195
1.192
1.192
1.19195
1.19185
1.19171
1.19152
1.1913
1.19104
1.19074
1.19042
1.19006
1.18968
1.18927
1.18884
1.1884
1.18795
1.18749
1.18701
1.18654
1.18606
1.18558
1.18511
1.18464
1.18418
1.18373
1.18329
1.18286
1.18245
1.18205
1.18168
1.18132
1.18098
1.18066
1.18036
1.18008
1.17982
1.17959
1.17938
1.17919
1.17902
1.17887
1.17874
1.17862
1.17853
1.17845
1.17838
1.17832
1.17828
1.17825
1.17822
1.1782
1.17819
1.17818
1.17817
1.17816
1.17815
1.17813
1.17811
1.17808
1.17804
1.17799
1.17792
1.17785
1.17775
1.17764
1.17751
1.17737
1.1772
1.17701
1.1768
1.17657
1.17631
1.17603
1.17573
1.17539
1.17504
1.17465
1.17425
1.17381
1.17335
1.17287
1.17236
1.17182
1.17125
1.17067
1.17006
1.16942
1.16876
1.16808
1.16739
1.16667
1.16593
1.16517
1.1644
1.16361
1.16281
1.162
1.16117
1.16033
1.15948
1.15863
1.15777
1.1569
1.15603
1.15517
1.1543
1.15343
1.15257
1.15171
1.15087
1.15003
1.14921
1.1484
1.1476
1.14683
1.14607
1.14534
1.14463
1.14394
1.14329
1.14266
1.14207
1.1415
1.14096
1.14046
1.14
1.13958
1.13919
1.13885
1.13855
1.13829
1.13807
1.1379
1.13777
1.13769
1.13766
1.13767
1.13774
1.13785
1.13801
1.13822
1.13847
1.13878
1.13913
1.13953
1.13997
1.14046
1.14099
1.14156
1.14218
1.14284
1.14354
1.14427
1.14504
1.14585
1.14669
1.14756
1.14846
1.14939
1.15034
1.15132
1.15232
1.15334
1.15437
1.15542
1.15648
1.15754
1.15861
1.15969
1.16076
1.16183
1.1629
1.16395
1.165
1.16603
1.16704
1.16803
1.169
1.16995
1.17087
1.17176
1.17261
1.17343
1.17422
1.17496
1.17566
1.17632
1.17693
1.17749
1.17801
1.17847
1.17888
1.17923
1.17954
1.17978
1.17997
1.1801
1.18017
1.18019
1.18014
1.18004
1.17988
1.17967
1.17939
1.17906
1.17868
1.17824
1.17775
1.17721
1.17661
1.17597
1.17528
1.17455
1.17377
1.17295
1.17209
1.17119
1.17025
1.16929
1.16829
1.16726
1.1662
1.16512
1.16402
1.1629
1.16176
1.1606
1.15944
1.15826
1.15707
1.15587
1.15467
1.15347
1.15226
1.15106
1.14986
1.14866
1.14747
1.14629
1.14511
1.14395
1.1428
1.14166
1.14053
1.13942
1.13833
1.13725
1.13619
1.13515
1.13413
1.13313
1.13214
1.13118
1.13023
1.12931
1.1284
1.12751
1.12665
1.1258
1.12497
1.12417
1.12338
1.12261
1.12186
1.12113
1.12041
1.11972
1.11904
1.11838
1.11774
1.11712
1.11652
1.11593
1.11536
1.11481
1.11427
1.11375
1.11325
1.11276
1.11228
1.11183
1.11138
1.11096
1.11054
1.11015
1.10977
1.10941
1.10906
1.10873
1.10841
1.10812
1.10783
1.10757
1.10732
1.10709
1.10687
1.10667
1.10649
1.10632
1.10617
1.10604
1.10593
1.10583
1.10576
1.1057
1.10567
1.10565
1.10565
1.10567
1.10572
1.10578
1.10586
1.10596
1.10608
1.10623
1.1064
1.10658
1.10679
1.10703
1.10728
1.10756
1.10786
1.10818
1.10853
1.1089
1.1093
1.10972
1.11017
1.11064
1.11115
1.11168
1.11225
1.11284
1.11346
1.11412
1.11481
1.11554
1.11629
1.11709
1.11791
1.11878
1.11969
1.12063
1.12162
1.12264
1.12371
1.12481
1.12596
1.12715
1.12838
1.12965
1.13096
1.13231
1.13371
1.13514
1.13662
1.13814
1.13969
1.14129
1.14292
1.14459
1.14629
1.14803
1.14981
1.15161
1.15345
1.15532
1.15721
1.15912
1.16106
1.16301
1.16499
1.16697
1.16897
1.17099
1.17301
1.17503
1.17706
1.17909
1.18112
1.18314
1.18516
1.18717
1.18917
1.19115
1.19312
1.19507
1.197
1.19891
1.20079
1.20264
1.20446
1.20625
1.20801
1.20973
1.21141
1.21305
1.21466
1.21621
1.21772
1.21918
1.22059
1.22195
1.22326
1.2245
1.2257
1.22683
1.22789
1.2289
1.22984
1.23071
1.23151
1.23224
1.2329
1.23348
1.23399
1.23443
1.23478
1.23505
1.23525
1.23535
1.23538
1.23531
1.23516
1.23493
1.2346
1.23419
1.23368
1.23309
1.2324
1.23163
1.23077
1.22982
1.22878
1.22765
1.22643
1.22512
1.22373
1.22225
1.22069
1.21904
1.21731
1.21549
1.2136
1.21163
1.20958
1.20746
1.20527
1.203
1.20068
1.19828
1.19583
1.19331
1.19074
1.18811
1.18543
1.1827
1.17993
1.17711
1.17425
1.17136
1.16842
1.16546
1.16247
1.15945
1.15641
1.15335
1.15028
1.14719
1.1441
1.141
1.1379
1.13479
1.1317
1.12861
1.12554
1.12248
1.11944
1.11641
1.11342
1.11045
1.10751
1.1046
1.10173
1.09891
1.09612
1.09338
1.09069
1.08806
1.08548
1.08296
1.0805
1.0781
1.07578
1.07352
1.07134
1.06922
1.06719
1.06523
1.06336
1.06157
1.05986
1.05824
1.05671
1.05527
1.05392
1.05267
1.05152
1.05046
1.04949
1.04863
1.04787
1.0472
1.04664
1.04618
1.04582
1.04556
1.0454
1.04534
1.04539
1.04553
1.04577
1.04611
1.04654
1.04707
1.04769
1.0484
1.04921
1.0501
1.05107
1.05213
1.05326
1.05447
1.05575
1.0571
1.05852
1.06
1.06153
1.06312
1.06476
1.06644
1.06816
1.06991
1.0717
1.07351
1.07534
1.07719
1.07905
1.08091
1.08277
1.08463
1.08648
1.08831
1.09013
1.09192
1.09369
1.09542
1.09712
1.09877
1.10038
1.10195
1.10346
1.10492
1.10631
1.10765
1.10893
1.11014
1.11128
1.11235
1.11335
1.11428
1.11513
1.11591
1.11661
1.11724
1.11779
1.11826
1.11865
1.11897
1.11921
1.11938
1.11947
1.11949
1.11943
1.11931
1.11912
1.11885
1.11853
1.11814
1.11769
1.11718
1.11661
1.11599
1.11532
1.11459
1.11382
1.11301
1.11215
1.11126
1.11034
1.10938
1.1084
1.10739
1.10636
1.10532
1.10426
1.10319
1.10211
1.10104
1.09996
1.09888
1.09782
1.09676
1.09573
1.09471
1.09371
1.09275
1.09181
1.0909
1.09003
1.0892
1.08842
1.08768
1.08699
1.08635
1.08577
1.08524
1.08477
1.08437
1.08403
1.08375
1.08354
1.0834
1.08332
1.08331
1.08338
1.08351
1.08371
1.08398
1.08433
1.08474
1.08522
1.08577
1.0864
1.08708
1.08784
1.08867
1.08955
1.09051
1.09152
1.0926
1.09374
1.09493
1.09618
1.09748
1.09883
1.10023
1.10168
1.10317
1.10471
1.1063
1.10792
1.10958
1.11128
1.11301
1.11478
1.11658
1.11841
1.12026
1.12214
1.12404
1.12596
1.12791
1.12987
1.13184
1.13383
1.13584
1.13785
1.13988
1.14191
1.14396
1.14601
1.14806
1.15012
1.15219
1.15425
1.15632
1.15839
1.16046
1.16253
1.1646
1.16667
1.16873
1.1708
1.17286
1.17492
1.17698
1.17904
1.18109
1.18314
1.18519
1.18723
1.18927
1.19131
1.19334
1.19538
1.19741
1.19944
1.20146
1.20349
1.20551
1.20752
1.20954
1.21155
1.21355
1.21555
1.21755
1.21955
1.22154
1.22352
1.2255
1.22747
1.22943
1.23139
1.23334
1.23528
1.2372
1.23912
1.24103
1.24292
1.2448
1.24666
1.2485
1.25033
1.25214
1.25392
1.25569
1.25743
1.25916
1.26086
1.26253
1.26419
1.26581
1.26742
1.26899
1.27053
1.27204
1.27352
1.27497
1.27638
1.27776
1.2791
1.28041
1.28168
1.28291
1.2841
1.28526
1.28637
1.28744
1.28848
1.28947
1.29043
1.29134
1.2922
1.29303
1.29381
1.29456
1.29526
1.29592
1.29653
1.2971
1.29763
1.29811
1.29855
1.29895
1.2993
1.29961
1.29987
1.30009
1.30026
1.30039
1.30047
1.30052
1.30051
1.30046
1.30037
1.30024
1.30006
1.29983
1.29957
1.29926
1.29891
1.29851
1.29808
1.29759
1.29707
1.2965
1.29589
1.29523
1.29454
1.2938
1.29301
1.29219
1.29133
1.29042
1.28948
1.28849
1.28746
1.2864
1.28529
1.28414
1.28295
1.28171
1.28044
1.27913
1.27778
1.27639
1.27497
1.27351
1.27201
1.27048
1.26891
1.26731
1.26568
1.26401
1.26232
1.26059
1.25883
1.25704
1.25522
1.25338
1.25151
1.24962
1.24771
1.24577
1.2438
1.24182
1.23982
1.2378
1.23576
1.2337
1.23163
1.22954
1.22743
1.22531
1.22318
1.22104
1.21888
1.2167
1.21452
1.21232
1.21011
1.2079
1.20567
1.20344
1.2012
1.19894
1.19667
1.1944
1.19211
1.18981
1.18751
1.18519
1.18286
1.18052
1.17817
1.1758
1.17343
1.17104
1.16865
1.16623
1.16381
1.16137
1.15891
1.15644
1.15396
1.15146
1.14894
1.1464
1.14385
1.14127
1.13868
1.13607
1.13343
1.13078
1.1281
1.12541
1.12269
1.11995
1.11719
1.11442
1.11162
1.1088
1.10597
1.10312
1.10025
1.09736
1.09446
1.09154
1.08861
1.08568
1.08273
1.07977
1.07681
1.07385
1.07088
1.06792
1.06496
1.06201
1.05907
1.05613
1.05322
1.05032
1.04745
1.04459
1.04177
1.03898
1.03623
1.03351
1.03084
1.02821
1.02564
1.02312
1.02066
1.01825
1.01592
1.01366
1.01146
1.00935
1.00732
1.00537
1.0035
1.00173
1.00006
0.998477
0.996998
0.995622
0.994352
0.993188
0.992135
0.991193
0.990365
0.989651
0.989053
0.988572
0.988209
0.987965
0.98784
0.987834
0.987947
0.988179
0.988528
0.988995
0.989579
0.990278
0.991091
0.992014
0.993046
0.994186
0.995431
0.996777
0.998221
0.99976
1.00139
1.00311
1.00491
1.00678
1.00873
1.01075
1.01284
1.01499
1.01719
1.01944
1.02173
1.02407
1.02644
1.02884
1.03127
1.03371
1.03617
1.03864
1.0411
1.04357
1.04603
1.04847
1.0509
1.0533
1.05568
1.05802
1.06033
1.06259
1.06481
1.06698
1.06909
1.07114
1.07313
1.07505
1.0769
1.07868
1.08038
1.08201
1.08355
1.08501
1.08638
1.08767
1.08887
1.08997
1.09099
1.09191
1.09273
1.09347
1.09411
1.09466
1.09511
1.09547
1.09573
1.09591
1.096
1.09599
1.0959
1.09573
1.09546
1.09512
1.09469
1.09419
1.09361
1.09295
1.09223
1.09144
1.09058
1.08967
1.08869
1.08765
1.08657
1.08543
1.08425
1.08303
1.08177
1.08048
1.07915
1.0778
1.07642
1.07502
1.0736
1.07218
1.07074
1.0693
1.06785
1.06641
1.06497
1.06354
1.06213
1.06073
1.05935
1.05799
1.05666
1.05536
1.05408
1.05285
1.05165
1.05049
1.04938
1.04832
1.04731
1.04635
1.04545
1.04461
1.04382
1.0431
1.04244
1.04184
1.04131
1.04086
1.04047
1.04015
1.03991
1.03974
1.03964
1.03962
1.03968
1.03981
1.04002
1.0403
1.04066
1.0411
1.04162
1.04221
1.04288
1.04362
1.04444
1.04534
1.04631
1.04735
1.04846
1.04964
1.05089
1.05221
1.0536
1.05504
1.05656
1.05813
1.05976
1.06145
1.06319
1.06499
1.06684
1.06874
1.07068
1.07267
1.0747
1.07677
1.07888
1.08103
1.08321
1.08542
1.08766
1.08993
1.09222
1.09453
1.09687
1.09922
1.10158
1.10396
1.10634
1.10874
1.11113
1.11354
1.11594
1.11833
1.12073
1.12311
1.1255
1.12787
1.13023
1.13257
1.1349
1.13721
1.1395
1.14176
1.144
1.14621
1.1484
1.15056
1.15268
1.15477
1.15683
1.15885
1.16083
1.16277
1.16467
1.16653
1.16835
1.17013
1.17186
1.17354
1.17518
1.17676
1.17831
1.1798
1.18124
1.18263
1.18398
1.18527
1.18652
1.18771
1.18886
1.18996
1.19101
1.19201
1.19296
1.19388
1.19474
1.19556
1.19634
1.19707
1.19777
1.19842
1.19904
1.19963
1.20018
1.20069
1.20118
1.20164
1.20208
1.20249
1.20288
1.20325
1.20361
1.20394
1.20426
1.20458
1.20488
1.20517
1.20546
1.20573
1.20601
1.20628
1.20656
1.20683
1.20711
1.20738
1.20767
1.20795
1.20825
1.20854
1.20885
1.20916
1.20947
1.20979
1.21012
1.21045
1.21079
1.21114
1.21149
1.21184
1.2122
1.21257
1.21293
1.2133
1.21367
1.21403
1.2144
1.21477
1.21513
1.21549
1.21585
1.21621
1.21656
1.2169
1.21723
1.21756
1.21788
1.21819
1.21849
1.21878
1.21905
1.21932
1.21956
1.2198
1.22002
1.22023
1.22042
1.22059
1.22075
1.22089
1.22102
1.22114
1.22123
1.22131
1.22137
1.22142
1.22145
1.22146
1.22146
1.22144
1.2214
1.22135
1.22127
1.22119
1.22108
1.22096
1.22082
1.22066
1.22049
1.2203
1.22009
1.21987
1.21963
1.21937
1.21909
1.21879
1.21848
1.21814
1.21778
1.2174
1.217
1.21657
1.21612
1.21565
1.21515
1.21463
1.21408
1.21351
1.21291
1.21229
1.21163
1.21095
1.21024
1.20949
1.20872
1.20791
1.20707
1.20619
1.20529
1.20434
1.20336
1.20235
1.2013
1.20021
1.19908
1.19792
1.19672
1.19548
1.1942
1.19289
1.19154
1.19015
1.18873
1.18728
1.18579
1.18427
1.18272
1.18114
1.17953
1.17789
1.17622
1.17453
1.17282
1.17108
1.16932
1.16755
1.16576
1.16395
1.16213
1.16031
1.15848
1.15664
1.1548
1.15297
1.15113
1.1493
1.14748
1.14566
1.14386
1.14208
1.14031
1.13856
1.13683
1.13513
1.13346
1.13181
1.13019
1.12861
1.12706
1.12555
1.12408
1.12265
1.12126
1.11992
1.11863
1.11738
1.11618
1.11503
1.11392
1.11288
1.11188
1.11093
1.11004
1.10921
1.10842
1.10769
1.10701
1.10639
1.10583
1.10532
1.10485
1.10444
1.10408
1.10377
1.10351
1.1033
1.10313
1.10302
1.10294
1.10291
1.10292
1.10297
1.10305
1.10318
1.10334
1.10353
1.10376
1.10402
1.10431
1.10463
1.10498
1.10536
1.10576
1.10619
1.10665
1.10713
1.10764
1.10817
1.10872
1.1093
1.10991
1.11054
1.11119
1.11186
1.11256
1.11328
1.11403
1.1148
1.11561
1.11643
1.11729
1.11817
1.11908
1.12002
1.12099
1.12198
1.123
1.12406
1.12514
1.12625
1.1274
1.12857
1.12978
1.13101
1.13227
1.13356
1.13488
1.13622
1.1376
1.13899
1.14042
1.14186
1.14333
1.14482
1.14633
1.14786
1.14941
1.15097
1.15253
1.15411
1.15569
1.15727
1.15886
1.16044
1.16202
1.1636
1.16516
1.16672
1.16826
1.16979
1.17129
1.17277
1.17422
1.17565
1.17704
1.1784
1.17973
1.18102
1.18226
1.18346
1.18462
1.18573
1.18678
1.18779
1.18874
1.18964
1.19048
1.19125
1.19197
1.19262
1.19322
1.19375
1.19421
1.19461
1.19494
1.19521
1.1954
1.19553
1.1956
1.19559
1.19552
1.19538
1.19518
1.19491
1.19457
1.19418
1.19372
1.1932
1.19262
1.19198
1.19128
1.19053
1.18973
1.18887
1.18797
1.18702
1.18602
1.18498
1.1839
1.18279
1.18164
1.18046
1.17925
1.17802
1.17676
1.17548
1.17419
1.17289
1.17158
1.17026
1.16893
1.16761
1.16629
1.16497
1.16367
1.16238
1.1611
1.15984
1.1586
1.15739
1.15621
1.15506
1.15394
1.15286
1.15182
1.15082
1.14987
1.14896
1.1481
1.14729
1.14654
1.14583
1.14519
1.1446
1.14407
1.1436
1.14319
1.14284
1.14255
1.14233
1.14216
1.14207
1.14203
1.14206
1.14215
1.1423
1.1425
1.14277
1.1431
1.14348
1.14391
1.1444
1.14494
1.14554
1.14617
1.14686
1.14758
1.14835
1.14915
1.14999
1.15085
1.15175
1.15268
1.15363
1.1546
1.15558
1.15659
1.1576
1.15862
1.15965
1.16068
1.16171
1.16273
1.16376
1.16477
1.16576
1.16675
1.16771
1.16865
1.16956
1.17045
1.17131
1.17213
1.17292
1.17367
1.17438
1.17505
1.17568
1.17625
1.17678
1.17726
1.17769
1.17805
1.17837
1.17862
1.17882
1.17896
1.17903
1.17904
1.17899
1.17887
1.17869
1.17844
1.17813
1.17775
1.1773
1.17678
1.1762
1.17555
1.17483
1.17405
1.17319
1.17227
1.17129
1.17023
1.16911
1.16792
1.16667
1.16535
1.16397
1.16252
1.16102
1.15945
1.15783
1.15614
1.1544
1.15261
1.15076
1.14885
1.1469
1.1449
1.14285
1.14076
1.13862
1.13645
1.13423
1.13197
1.12967
1.12735
1.12499
1.1226
1.12018
1.11773
1.11526
1.11276
1.11025
1.10771
1.10517
1.10261
1.10003
1.09746
1.09488
1.0923
1.08973
1.08716
1.0846
1.08205
1.07951
1.077
1.0745
1.07204
1.0696
1.06719
1.06482
1.06249
1.06021
1.05798
1.0558
1.05368
1.05161
1.04961
1.04768
1.04582
1.04404
1.04234
1.04072
1.03919
1.03775
1.03641
1.03517
1.03402
1.03299
1.03206
1.03124
1.03053
1.02994
1.02947
1.02911
1.02888
1.02877
1.02878
1.02891
1.02917
1.02955
1.03005
1.03068
1.03143
1.0323
1.03328
1.03438
1.0356
1.03693
1.03836
1.03991
1.04155
1.0433
1.04514
1.04707
1.04908
1.05118
1.05336
1.05561
1.05793
1.0603
1.06274
1.06522
1.06775
1.07032
1.07293
1.07556
1.07821
1.08089
1.08357
1.08626
1.08895
1.09164
1.09432
1.09698
1.09962
1.10223
1.10481
1.10736
1.10987
1.11234
1.11476
1.11713
1.11945
1.12171
1.12391
1.12604
1.12812
1.13012
1.13205
1.13391
1.13569
1.1374
1.13903
1.14058
1.14205
1.14344
1.14475
1.14598
1.14713
1.1482
1.14918
1.15009
1.15091
1.15165
1.15231
1.1529
1.15341
1.15384
1.1542
1.15449
1.15472
1.15487
1.15496
1.15498
1.15495
1.15485
1.15469
1.15449
1.15423
1.15392
1.15356
1.15317
1.15273
1.15224
1.15172
1.15117
1.15058
1.14997
1.14932
1.14866
1.14797
1.14726
1.14653
1.14578
1.14502
1.14425
1.14347
1.14268
1.14188
1.14108
1.14028
1.13948
1.13868
1.13788
1.13709
1.13631
1.13553
1.13476
1.134
1.13325
1.13251
1.13178
1.13107
1.13036
1.12968
1.12901
1.12835
1.12772
1.12711
1.12651
1.12594
1.12539
1.12486
1.12435
1.12387
1.12341
1.12297
1.12255
1.12216
1.1218
1.12146
1.12114
1.12084
1.12058
1.12033
1.12011
1.11991
1.11973
1.11957
1.11943
1.11931
1.1192
1.1191
1.11902
1.11895
1.11889
1.11883
1.11878
1.11873
1.11868
1.11863
1.11857
1.11851
1.11843
1.11835
1.11825
1.11814
1.11801
1.11786
1.11769
1.1175
1.11729
1.11705
1.11679
1.1165
1.11619
1.11584
1.11547
1.11507
1.11464
1.11418
1.11368
1.11316
1.1126
1.11202
1.11141
1.11076
1.1101
1.1094
1.10869
1.10795
1.10719
1.10641
1.10561
1.10481
1.10399
1.10316
1.10233
1.10149
1.10065
1.09982
1.09899
1.09816
1.09735
1.09655
1.09577
1.09501
1.09427
1.09355
1.09287
1.09221
1.09158
1.091
1.09045
1.08994
1.08948
1.08907
1.0887
1.08839
1.08814
1.08794
1.0878
1.08773
1.08772
1.08777
1.08789
1.08808
1.08834
1.08867
1.08907
1.08955
1.0901
1.09072
1.09143
1.09221
1.09306
1.09399
1.095
1.09608
1.09725
1.09848
1.0998
1.1012
1.10267
1.10422
1.10584
1.10754
1.10932
1.11116
1.11308
1.11508
1.11714
1.11927
1.12147
1.12373
1.12606
1.12845
1.13091
1.13343
1.13601
1.13865
1.14134
1.14409
1.14689
1.14973
1.15263
1.15557
1.15855
1.16158
1.16464
1.16773
1.17086
1.17401
1.17719
1.1804
1.18362
1.18685
1.1901
1.19336
1.19662
1.19989
1.20315
1.2064
1.20964
1.21286
1.21607
1.21925
1.2224
1.22552
1.2286
1.23164
1.23463
1.23757
1.24046
1.2433
1.24607
1.24878
1.25142
1.25399
1.25648
1.25889
1.26122
1.26347
1.26563
1.2677
1.26968
1.27156
1.27334
1.27502
1.2766
1.27807
1.27945
1.28071
1.28187
1.28292
1.28386
1.28469
1.28542
1.28603
1.28654
1.28694
1.28724
1.28742
1.28751
1.28748
1.28736
1.28713
1.2868
1.28638
1.28586
1.28524
1.28454
1.28374
1.28286
1.2819
1.28085
1.27973
1.27853
1.27726
1.27591
1.27451
1.27304
1.2715
1.26992
1.26828
1.26659
1.26486
1.26308
1.26127
1.25942
1.25753
1.25561
1.25366
1.25169
1.2497
1.24769
1.24567
1.24363
1.24157
1.23951
1.23744
1.23536
1.23328
1.2312
1.22912
1.22703
1.22495
1.22287
1.2208
1.21873
1.21667
1.21461
1.21256
1.21052
1.20848
1.20645
1.20443
1.20242
1.20042
1.19842
1.19643
1.19444
1.19247
1.19049
1.18852
1.18656
1.1846
1.18264
1.18068
1.17872
1.17675
1.17479
1.17282
1.17084
1.16887
1.16688
1.16489
1.16289
1.16088
1.15886
1.15684
1.1548
1.15275
1.15069
1.14862
1.14654
1.14445
1.14235
1.14023
1.1381
1.13596
1.1338
1.13163
1.12946
1.12727
1.12507
1.12286
1.12064
1.11841
1.11618
1.11393
1.11169
1.10943
1.10718
1.10492
1.10266
1.10039
1.09813
1.09587
1.09362
1.09137
1.08913
1.0869
1.08468
1.08247
1.08028
1.07811
1.07596
1.07383
1.07172
1.06965
1.06759
1.06557
1.06358
1.06162
1.05969
1.0578
1.05595
1.05414
1.05237
1.05065
1.04897
1.04734
1.04576
1.04422
1.04275
1.04132
1.03996
1.03865
1.0374
1.03621
1.03508
1.03401
1.033
1.03206
1.03118
1.03037
1.02962
1.02894
1.02832
1.02778
1.0273
1.02688
1.02654
1.02626
1.02605
1.02591
1.02583
1.02582
1.02588
1.02601
1.0262
1.02645
1.02677
1.02716
1.02761
1.02812
1.02869
1.02933
1.03003
1.03079
1.03161
1.03249
1.03343
1.03442
1.03548
1.03659
1.03776
1.03899
1.04026
1.04159
1.04298
1.04441
1.0459
1.04743
1.04901
1.05064
1.05232
1.05404
1.0558
1.0576
1.05945
1.06133
1.06326
1.06522
1.06722
1.06925
1.07131
1.0734
1.07553
1.07767
1.07985
1.08204
1.08426
1.0865
1.08876
1.09104
1.09333
1.09563
1.09794
1.10025
1.10257
1.10488
1.1072
1.10951
1.11182
1.11411
1.11639
1.11866
1.12091
1.12314
1.12535
1.12753
1.12968
1.1318
1.13389
1.13594
1.13794
1.13991
1.14183
1.1437
1.14553
1.1473
1.14902
1.15068
1.15228
1.15382
1.1553
1.15671
1.15806
1.15934
1.16055
1.16169
1.16276
1.16375
1.16468
1.16553
1.16631
1.16701
1.16763
1.16819
1.16866
1.16907
1.16939
1.16965
1.16983
1.16993
1.16997
1.16993
1.16983
1.16966
1.16942
1.16911
1.16875
1.16832
1.16784
1.16729
1.16669
1.16604
1.16534
1.16459
1.16379
1.16295
1.16207
1.16115
1.16019
1.1592
1.15819
1.15714
1.15607
1.15499
1.15388
1.15277
1.15164
1.15051
1.14937
1.14823
1.1471
1.14597
1.14486
1.14376
1.14268
1.14162
1.14059
1.13958
1.13861
1.13767
1.13676
1.1359
1.13509
1.13432
1.1336
1.13294
1.13234
1.1318
1.13131
1.1309
1.13055
1.13026
1.13005
1.12991
1.12984
1.12984
1.12993
1.13009
1.13034
1.13066
1.13106
1.13154
1.1321
1.13275
1.13347
1.13428
1.13516
1.13612
1.13715
1.13827
1.13945
1.14071
1.14204
1.14343
1.14489
1.14642
1.148
1.14965
1.15135
1.1531
1.15491
1.15675
1.15864
1.16057
1.16254
1.16453
1.16656
1.16861
1.17068
1.17277
1.17487
1.17698
1.17909
1.18121
1.18333
1.18544
1.18754
1.18963
1.19171
1.19377
1.19581
1.19782
1.1998
1.20176
1.20368
1.20556
1.20741
1.20921
1.21097
1.21269
1.21436
1.21598
1.21754
1.21905
1.22051
1.22191
1.22325
1.22454
1.22576
1.22693
1.22803
1.22907
1.23005
1.23097
1.23182
1.23262
1.23335
1.23402
1.23462
1.23517
1.23566
1.23609
1.23646
1.23677
1.23703
1.23723
1.23737
1.23747
1.23751
1.23749
1.23744
1.23733
1.23717
1.23696
1.23671
1.23641
1.23607
1.23568
1.23525
1.23477
1.23426
1.2337
1.23311
1.23247
1.23179
1.23108
1.23032
1.22953
1.2287
1.22783
1.22692
1.22598
1.22499
1.22397
1.22291
1.22181
1.22067
1.21949
1.21826
1.217
1.2157
1.21435
1.21296
1.21153
1.21005
1.20853
1.20697
1.20537
1.20372
1.20203
1.20029
1.19851
1.19668
1.19481
1.19289
1.19093
1.18893
1.18688
1.18479
1.18265
1.18048
1.17827
1.17601
1.17372
1.17139
1.16903
1.16663
1.16421
1.16175
1.15927
1.15676
1.15424
1.15169
1.14913
1.14655
1.14396
1.14136
1.13876
1.13616
1.13356
1.13096
1.12837
1.1258
1.12324
1.1207
1.11819
1.1157
1.11324
1.11082
1.10844
1.1061
1.1038
1.10156
1.09936
1.09723
1.09515
1.09314
1.0912
1.08933
1.08753
1.08581
1.08417
1.08261
1.08113
1.07974
1.07844
1.07723
1.07611
1.07509
1.07416
1.07333
1.07259
1.07195
1.07141
1.07097
1.07062
1.07037
1.07021
1.07015
1.07019
1.07032
1.07053
1.07084
1.07123
1.07171
1.07226
1.0729
1.07361
1.0744
1.07525
1.07617
1.07716
1.07821
1.07931
1.08047
1.08168
1.08293
1.08423
1.08557
1.08695
1.08835
1.08979
1.09125
1.09273
1.09424
1.09575
1.09728
1.09882
1.10036
1.10191
1.10346
1.105
1.10654
1.10807
1.10959
1.1111
1.1126
1.11407
1.11553
1.11697
1.11839
1.11978
1.12115
1.1225
1.12381
1.1251
1.12636
1.12759
1.12879
1.12995
1.13109
1.1322
1.13327
1.13431
1.13532
1.1363
1.13725
1.13817
1.13906
1.13992
1.14075
1.14155
1.14232
1.14307
1.14379
1.14449
1.14516
1.1458
1.14643
1.14703
1.1476
1.14816
1.1487
1.14922
1.14972
1.1502
1.15066
1.1511
1.15153
1.15194
1.15234
1.15272
1.15308
1.15343
1.15377
1.15409
1.1544
1.15469
1.15497
1.15524
1.15549
1.15573
1.15595
1.15616
1.15636
1.15654
1.1567
1.15685
1.15698
1.1571
1.1572
1.15728
1.15735
1.15739
1.15742
1.15743
1.15742
1.15739
1.15735
1.15728
1.15719
1.15708
1.15695
1.1568
1.15663
1.15644
1.15623
1.156
1.15576
1.15549
1.1552
1.1549
1.15457
1.15423
1.15387
1.1535
1.15311
1.15271
1.1523
1.15187
1.15144
1.15099
1.15053
1.15006
1.14959
1.14911
1.14862
1.14814
1.14764
1.14715
1.14666
1.14617
1.14568
1.14519
1.14472
1.14424
1.14378
1.14333
1.14289
1.14246
1.14205
1.14165
1.14126
1.14089
1.14054
1.14021
1.13991
1.13962
1.13935
1.13911
1.13889
1.1387
1.13853
1.13839
1.13828
1.13819
1.13813
1.1381
1.1381
1.13813
1.13819
1.13828
1.1384
1.13855
1.13873
1.13894
1.13919
1.13946
1.13977
1.14011
1.14049
1.1409
1.14135
1.14183
1.14234
1.14289
1.14346
1.14407
1.14472
1.14539
1.1461
1.14684
1.14761
1.14842
1.14925
1.15012
1.15101
1.15193
1.15287
1.15384
1.15483
1.15585
1.15688
1.15793
1.159
1.16009
1.16119
1.16231
1.16343
1.16457
1.16571
1.16686
1.16801
1.16917
1.17032
1.17148
1.17263
1.17377
1.17491
1.17603
1.17714
1.17824
1.17932
1.18038
1.18142
1.18245
1.18345
1.18442
1.18538
1.1863
1.18719
1.18806
1.18889
1.18969
1.19046
1.19119
1.19188
1.19254
1.19316
1.19374
1.19427
1.19477
1.19521
1.19562
1.19598
1.1963
1.19656
1.19678
1.19695
1.19706
1.19712
1.19713
1.19707
1.19696
1.19679
1.19656
1.19626
1.19589
1.19545
1.19495
1.19436
1.1937
1.19296
1.19214
1.19124
1.19024
1.18916
1.18799
1.18673
1.18538
1.18393
1.18238
1.18074
1.17899
1.17715
1.17522
1.17318
1.17105
1.16882
1.16649
1.16408
1.16157
1.15897
1.15628
1.15351
1.15066
1.14774
1.14474
1.14167
1.13854
1.13535
1.13211
1.12881
1.12548
1.12212
1.11872
1.11529
1.11185
1.10839
1.10492
1.10146
1.098
1.09455
1.09113
1.08773
1.08436
1.08102
1.07773
1.07449
1.0713
1.06817
1.0651
1.0621
1.05918
1.05633
1.05356
1.05087
1.04827
1.04576
1.04334
1.04101
1.03879
1.03666
1.03462
1.03269
1.03086
1.02913
1.02751
1.02598
1.02455
1.02323
1.022
1.02087
1.01984
1.0189
1.01806
1.01731
1.01665
1.01608
1.01559
1.01518
1.01486
1.01461
1.01443
1.01433
1.0143
1.01433
1.01442
1.01458
1.01479
1.01505
1.01536
1.01573
1.01613
1.01658
1.01707
1.0176
1.01816
1.01875
1.01937
1.02001
1.02068
1.02138
1.02209
1.02282
1.02357
1.02434
1.02512
1.02591
1.02671
1.02753
1.02835
1.02918
1.03003
1.03087
1.03173
1.03259
1.03346
1.03434
1.03522
1.03611
1.03701
1.03792
1.03884
1.03976
1.0407
1.04165
1.0426
1.04358
1.04456
1.04556
1.04658
1.04762
1.04867
1.04974
1.05084
1.05195
1.05309
1.05426
1.05545
1.05667
1.05791
1.05919
1.06049
1.06182
1.06319
1.06459
1.06602
1.06748
1.06898
1.07051
1.07208
1.07368
1.07532
1.077
1.07871
1.08046
1.08225
1.08408
1.08595
1.08786
1.08981
1.0918
1.09382
1.09589
1.09799
1.10014
1.10232
1.10454
1.1068
1.1091
1.11144
1.11381
1.11623
1.11867
1.12116
1.12368
1.12623
1.12882
1.13143
1.13408
1.13675
1.13945
1.14218
1.14493
1.1477
1.1505
1.15331
1.15613
1.15898
1.16183
1.16469
1.16756
1.17044
1.17333
1.17622
1.17911
1.182
1.18489
1.18777
1.19065
1.19351
1.19637
1.19921
1.20203
1.20484
1.20763
1.21039
1.21314
1.21586
1.21856
1.22123
1.22388
1.2265
1.2291
1.23167
1.23421
1.23672
1.2392
1.24166
1.24408
1.24647
1.24884
1.25117
1.25347
1.25574
1.25798
1.26019
1.26238
1.26452
1.26664
1.26873
1.27079
1.27282
1.27483
1.2768
1.27874
1.28066
1.28254
1.28439
1.28621
1.288
1.28976
1.29148
1.29317
1.29483
1.29646
1.29805
1.2996
1.30112
1.3026
1.30404
1.30545
1.30682
1.30815
1.30943
1.31068
1.31188
1.31304
1.31416
1.31523
1.31625
1.31722
1.31814
1.31902
1.31984
1.32061
1.32133
1.32199
1.3226
1.32315
1.32364
1.32407
1.32444
1.32475
1.325
1.32518
1.32531
1.32536
1.32535
1.32527
1.32513
1.32492
1.32463
1.32428
1.32386
1.32337
1.32282
1.32218
1.32148
1.32071
1.31986
1.31895
1.31796
1.3169
1.31576
1.31456
1.31328
1.31193
1.31051
1.30902
1.30746
1.30583
1.30414
1.30237
1.30054
1.29864
1.29667
1.29464
1.29254
1.29038
1.28815
1.28586
1.28351
1.28111
1.27864
1.27611
1.27353
1.2709
1.26821
1.26547
1.26269
1.25985
1.25697
1.25405
1.25108
1.24807
1.24503
1.24194
1.23883
1.23568
1.2325
1.22929
1.22606
1.2228
1.21952
1.21623
1.21291
1.20957
1.20623
1.20287
1.1995
1.19612
1.19275
1.18937
1.18599
1.18261
1.17923
1.17586
1.1725
1.16914
1.1658
1.16247
1.15916
1.15587
1.15259
1.14933
1.1461
1.14289
1.1397
1.13654
1.13341
1.1303
1.12723
1.12418
1.12117
1.11819
1.11524
1.11233
1.10945
1.10661
1.1038
1.10103
1.09829
1.09559
1.09293
1.0903
1.08771
1.08515
1.08263
1.08015
1.0777
1.07528
1.0729
1.07055
1.06824
1.06596
1.06372
1.06151
1.05934
1.0572
1.05509
1.05301
1.05097
1.04896
1.04698
1.04504
1.04313
1.04125
1.0394
1.03759
1.03582
1.03408
1.03238
1.03072
1.0291
1.02751
1.02597
1.02447
1.02302
1.02161
1.02025
1.01894
1.01768
1.01648
1.01533
1.01425
1.01322
1.01225
1.01135
1.01051
1.00974
1.00904
1.0084
1.00784
1.00736
1.00694
1.00661
1.00635
1.00617
1.00607
1.00605
1.0061
1.00623
1.00644
1.00673
1.00709
1.00753
1.00805
1.00863
1.00929
1.01002
1.01082
1.01169
1.01262
1.01361
1.01465
1.01576
1.01692
1.01813
1.01938
1.02069
1.02204
1.02342
1.02485
1.02631
1.02779
1.02931
1.03086
1.03242
1.034
1.0356
1.03721
1.03883
1.04046
1.04209
1.04372
1.04535
1.04697
1.04858
1.05019
1.05178
1.05336
1.05491
1.05645
1.05797
1.05947
1.06094
1.06238
1.06379
1.06518
1.06653
1.06785
1.06913
1.07037
1.07158
1.07274
1.07387
1.07495
1.07598
1.07698
1.07792
1.07882
1.07968
1.08048
1.08124
1.08194
1.0826
1.08321
1.08377
1.08428
1.08475
1.08516
1.08552
1.08584
1.08611
1.08634
1.08651
1.08665
1.08674
1.08678
1.08678
1.08674
1.08666
1.08655
1.08639
1.0862
1.08598
1.08572
1.08543
1.08512
1.08477
1.08441
1.08401
1.0836
1.08317
1.08272
1.08226
1.08178
1.0813
1.0808
1.0803
1.07979
1.07927
1.07876
1.07824
1.07773
1.07722
1.07672
1.07623
1.07574
1.07528
1.07482
1.07439
1.07397
1.07357
1.07319
1.07284
1.0725
1.0722
1.07193
1.07168
1.07146
1.07128
1.07114
1.07102
1.07095
1.07091
1.07091
1.07095
1.07103
1.07115
1.07132
1.07153
1.07179
1.07209
1.07244
1.07284
1.07329
1.07378
1.07433
1.07492
1.07557
1.07627
1.07702
1.07782
1.07867
1.07958
1.08054
1.08155
1.08261
1.08372
1.08489
1.08611
1.08739
1.08871
1.09009
1.09151
1.09299
1.09452
1.09609
1.09772
1.09939
1.10111
1.10288
1.10469
1.10655
1.10846
1.1104
1.11239
1.11442
1.11649
1.1186
1.12075
1.12293
1.12514
1.12739
1.12968
1.13199
1.13433
1.1367
1.13909
1.14151
1.14395
1.14642
1.1489
1.15141
1.15393
1.15646
1.15901
1.16158
1.16415
1.16673
1.16933
1.17192
1.17453
1.17714
1.17975
1.18236
1.18497
1.18758
1.19019
1.1928
1.1954
1.19799
1.20057
1.20314
1.2057
1.20825
1.21079
1.21332
1.21582
1.21832
1.22079
1.22325
1.2257
1.22812
1.23052
1.23291
1.23527
1.23761
1.23993
1.24222
1.24449
1.24674
1.24896
1.25115
1.25332
1.25546
1.25757
1.25966
1.26172
1.26375
1.26575
1.26771
1.26965
1.27155
1.27342
1.27525
1.27705
1.27881
1.28054
1.28222
1.28388
1.28549
1.28707
1.2886
1.2901
1.29157
1.29299
1.29437
1.29571
1.29701
1.29826
1.29947
1.30063
1.30174
1.3028
1.30382
1.3048
1.30572
1.3066
1.30742
1.30819
1.30891
1.30958
1.3102
1.31076
1.31127
1.31172
1.31211
1.31246
1.31274
1.31297
1.31315
1.31327
1.31333
1.31333
1.31327
1.31316
1.31299
1.31275
1.31246
1.31212
1.31171
1.31124
1.31072
1.31014
1.3095
1.3088
1.30804
1.30723
1.30636
1.30544
1.30446
1.30342
1.30233
1.30118
1.29998
1.29872
1.29742
1.29606
1.29465
1.29319
1.29168
1.29012
1.28851
1.28686
1.28515
1.2834
1.28161
1.27977
1.27788
1.27595
1.27398
1.27197
1.26991
1.26781
1.26567
1.2635
1.26128
1.25903
1.25674
1.25442
1.25206
1.24967
1.24725
1.24479
1.2423
1.23978
1.23723
1.23465
1.23204
1.22941
1.22675
1.22406
1.22136
1.21863
1.21588
1.21311
1.21032
1.20751
1.20469
1.20186
1.19901
1.19615
1.19329
1.19042
1.18755
1.18467
1.18179
1.17891
1.17604
1.17317
1.17031
1.16745
1.16461
1.16178
1.15897
1.15617
1.15339
1.15064
1.14791
1.14521
1.14254
1.13991
1.13731
1.13475
1.13223
1.12975
1.12732
1.12493
1.1226
1.12032
1.1181
1.11593
1.11382
1.11178
1.1098
1.10789
1.10604
1.10427
1.10257
1.10095
1.09941
1.09794
1.09656
1.09526
1.09405
1.09292
1.09187
1.09092
1.09005
1.08927
1.08858
1.08798
1.08747
1.08705
1.08672
1.08648
1.08633
1.08626
1.08629
1.0864
1.0866
1.08688
1.08725
1.08769
1.08822
1.08882
1.08949
1.09024
1.09105
1.09193
1.09288
1.09388
1.09494
1.09606
1.09722
1.09844
1.0997
1.10099
1.10233
1.10369
1.10509
1.1065
1.10794
1.10939
1.11086
1.11234
1.11382
1.1153
1.11678
1.11825
1.1197
1.12114
1.12256
1.12396
1.12534
1.12668
1.12799
1.12927
1.13051
1.13171
1.13286
1.13397
1.13503
1.13604
1.137
1.1379
1.13875
1.13954
1.14027
1.14094
1.14156
1.14211
1.1426
1.14303
1.1434
1.14371
1.14396
1.14415
1.14428
1.14436
1.14437
1.14433
1.14423
1.14408
1.14388
1.14362
1.14332
1.14297
1.14258
1.14214
1.14166
1.14114
1.14059
1.14
1.13938
1.13874
1.13807
1.13737
1.13666
1.13593
1.13519
1.13443
1.13367
1.1329
1.13212
1.13135
1.13058
1.12981
1.12905
1.1283
1.12756
1.12683
1.12613
1.12544
1.12477
1.12413
1.12352
1.12293
1.12237
1.12184
1.12135
1.12088
1.12045
1.12006
1.1197
1.11938
1.11909
1.11885
1.11864
1.11847
1.11833
1.11823
1.11817
1.11815
1.11816
1.1182
1.11828
1.11839
1.11853
1.1187
1.1189
1.11913
1.11937
1.11965
1.11994
1.12025
1.12058
1.12092
1.12127
1.12164
1.12201
1.12239
1.12277
1.12315
1.12354
1.12392
1.1243
1.12467
1.12503
1.12538
1.12572
1.12605
1.12636
1.12665
1.12692
1.12717
1.1274
1.12761
1.12779
1.12795
1.12808
1.12819
1.12827
1.12831
1.12834
1.12833
1.12829
1.12823
1.12813
1.12801
1.12786
1.12768
1.12747
1.12724
1.12698
1.1267
1.12639
1.12606
1.12571
1.12535
1.12496
1.12456
1.12415
1.12372
1.12328
1.12284
1.12239
1.12193
1.12148
1.12102
1.12057
1.12012
1.11968
1.11924
1.11882
1.11842
1.11802
1.11765
1.1173
1.11697
1.11667
1.11639
1.11615
1.11593
1.11574
1.11559
1.11547
1.11538
1.11533
1.11532
1.11534
1.1154
1.1155
1.11564
1.11582
1.11603
1.11629
1.11659
1.11692
1.11729
1.11769
1.11813
1.1186
1.11909
1.11961
1.12016
1.12073
1.12132
1.12193
1.12256
1.1232
1.12385
1.12451
1.12518
1.12584
1.12652
1.12718
1.12785
1.1285
1.12915
1.12978
1.1304
1.131
1.13158
1.13214
1.13267
1.13317
1.13365
1.13409
1.13451
1.13488
1.13522
1.13553
1.1358
1.13602
1.13621
1.13635
1.13646
1.13652
1.13653
1.13651
1.13644
1.13632
1.13616
1.13596
1.13572
1.13543
1.1351
1.13473
1.13431
1.13386
1.13336
1.13282
1.13225
1.13164
1.13099
1.13031
1.12959
1.12884
1.12807
1.12726
1.12643
