-7.0995
-7.09864
-7.09892
-7.09872
-7.0974
-7.09691
-7.09595
-7.09581
-7.09423
-7.09317
-7.09163
-7.08931
-7.08749
-7.08554
-7.08345
-7.08188
-7.0805
-7.07801
-7.0754
-7.07297
-7.06879
-7.06578
-7.06264
-7.0597
-7.05598
-7.05214
-7.04947
-7.04603
-7.04247
-7.03879
-7.03468
-7.03044
-7.0261
-7.021
-7.01579
-7.01113
-7.00604
-7.00053
-6.99492
-6.9902
-6.98507
-6.98018
-6.97457
-6.9692
-6.96345
-6.95828
-6.95273
-6.94875
-6.94311
-6.93711
-6.93107
-6.92502
-6.91927
-6.91318
-6.90709
-6.90166
-6.89591
-6.89083
-6.88514
-6.87948
-6.87452
-6.86928
-6.86411
-6.85837
-6.85237
-6.84712
-6.84228
-6.83787
-6.83195
-6.82713
-6.82276
-6.8182
-6.8141
-6.80983
-6.80572
-6.80242
-6.79929
-6.79601
-6.79259
-6.78967
-6.78663
-6.7841
-6.78145
-6.77867
-6.77675
-6.77504
-6.77321
-6.77127
-6.76987
-6.76803
-6.76705
-6.76564
-6.76476
-6.76473
-6.76492
-6.76466
-6.76557
-6.76603
-6.76668
-6.76753
-6.76887
-6.7704
-6.7721
-6.77331
-6.77533
-6.77718
-6.77918
-6.78131
-6.78422
-6.7866
-6.79007
-6.79235
-6.79506
-6.79818
-6.80138
-6.80433
-6.80702
-6.80978
-6.8129
-6.81704
-6.82024
-6.82412
-6.82736
-6.83029
-6.83291
-6.83552
-6.83876
-6.84167
-6.84487
-6.84805
-6.85216
-6.85494
-6.85799
-6.86229
-6.86459
-6.86683
-6.86998
-6.87337
-6.87605
-6.87898
-6.88214
-6.88458
-6.88693
-6.88951
-6.89168
-6.89343
-6.89509
-6.89698
-6.89812
-6.89916
-6.9001
-6.90095
-6.90137
-6.90266
-6.90418
-6.90495
-6.90595
-6.90652
-6.907
-6.90803
-6.90832
-6.90884
-6.90894
-6.90928
-6.90921
-6.90938
-6.90979
-6.91045
-6.91005
-6.90894
-6.90905
-6.90909
-6.90938
-6.90865
-6.90753
-6.90636
-6.90578
-6.90514
-6.90446
-6.90341
-6.90265
-6.90217
-6.90165
-6.90013
-6.89924
-6.89863
-6.89833
-6.89704
-6.89605
-6.89537
-6.89403
-6.89333
-6.89198
-6.89061
-6.88957
-6.88853
-6.88781
-6.88677
-6.88573
-6.8847
-6.88335
-6.88298
-6.88197
-6.88033
-6.87902
-6.8774
-6.87644
-6.87549
-6.87488
-6.87396
-6.87273
-6.87216
-6.87193
-6.87107
-6.86958
-6.86875
-6.86761
-6.86648
-6.86634
-6.86525
-6.86482
-6.86375
-6.86302
-6.8623
-6.86127
-6.86089
-6.8602
-6.8592
-6.85853
-6.85787
-6.8569
-6.85625
-6.85561
-6.85562
-6.85467
-6.85437
-6.85439
-6.85442
-6.85412
-6.85383
-6.85386
-6.85292
-6.8523
-6.85136
-6.85042
-6.8498
-6.8495
-6.84823
-6.84761
-6.8473
-6.84667
-6.84604
-6.84541
-6.84477
-6.8438
-6.84251
-6.84187
-6.8396
-6.83896
-6.83864
-6.83735
-6.83703
-6.83671
-6.83607
-6.83577
-6.83514
-6.83484
-6.83358
-6.83233
-6.83142
-6.83084
-6.83028
-6.83038
-6.82984
-6.82901
-6.82851
-6.82772
-6.82694
-6.82587
-6.82483
-6.82446
-6.8238
-6.82284
-6.82322
-6.82298
-6.82278
-6.82229
-6.82184
-6.82176
-6.82172
-6.8227
-6.82308
-6.82318
-6.82365
-6.82352
-6.82344
-6.82373
-6.8244
-6.82512
-6.82525
-6.82575
-6.82695
-6.82692
-6.82823
-6.8283
-6.82907
-6.83023
-6.83111
-6.83204
-6.8327
-6.83374
-6.83483
-6.83597
-6.83651
-6.8384
-6.84001
-6.84101
-6.84206
-6.84381
-6.84462
-6.84677
-6.84767
-6.84957
-6.85054
-6.8522
-6.85356
-6.8556
-6.85702
-6.85911
-6.86155
-6.8624
-6.86457
-6.8661
-6.86831
-6.8702
-6.87211
-6.87403
-6.8766
-6.87822
-6.88016
-6.88244
-6.88375
-6.88603
-6.88799
-6.89027
-6.89223
-6.89386
-6.89646
-6.89873
-6.90132
-6.90293
-6.90518
-6.9071
-6.90868
-6.9109
-6.91278
-6.914
-6.91682
-6.91866
-6.92081
-6.92229
-6.9244
-6.9252
-6.92696
-6.92902
-6.93106
-6.93244
-6.9338
-6.93513
-6.93645
-6.93775
-6.93967
-6.94061
-6.94184
-6.94468
-6.94587
-6.94769
-6.95014
-6.95127
-6.95237
-6.95313
-6.95451
-6.95619
-6.95719
-6.95816
-6.95943
-6.96068
-6.96189
-6.96306
-6.96421
-6.96532
-6.96607
-6.96711
-6.96811
-6.96875
-6.96968
-6.97056
-6.9714
-6.97219
-6.97326
-6.97332
-6.97494
-6.97555
-6.97707
-6.97692
-6.97801
-6.9784
-6.97905
-6.979
-6.97823
-6.97871
-6.97944
-6.97881
-6.97876
-6.97865
-6.9775
-6.97726
-6.97727
-6.97624
-6.97578
-6.97525
-6.97433
-6.97367
-6.97293
-6.9718
-6.97092
-6.96997
-6.96862
-6.96786
-6.96702
-6.96547
-6.96482
-6.96314
-6.96237
-6.96088
-6.95966
-6.9587
-6.95671
-6.95499
-6.95257
-6.95041
-6.94821
-6.94627
-6.94396
-6.94161
-6.94018
-6.93903
-6.93719
-6.93467
-6.93211
-6.92984
-6.92753
-6.92519
-6.92281
-6.92074
-6.91766
-6.91488
-6.91272
-6.91054
-6.90769
-6.90612
-6.90388
-6.90097
-6.89772
-6.89543
-6.89345
-6.89049
-6.88751
-6.88485
-6.88185
-6.87885
-6.87648
-6.87378
-6.87108
-6.8687
-6.86566
-6.86294
-6.85957
-6.85685
-6.85413
-6.8514
-6.84933
-6.84628
-6.84356
-6.84116
-6.83845
-6.83574
-6.83238
-6.82936
-6.82731
-6.82495
-6.82227
-6.81992
-6.81661
-6.81397
-6.81133
-6.80871
-6.80643
-6.80384
-6.80094
-6.79807
-6.79553
-6.7927
-6.79021
-6.78872
-6.78629
-6.78422
-6.78152
-6.77984
-6.77754
-6.77592
-6.7737
-6.77151
-6.7697
-6.76761
-6.76556
-6.76324
-6.76098
-6.75877
-6.75662
-6.75453
-6.75315
-6.75183
-6.75058
-6.74907
-6.74764
-6.74595
-6.74434
-6.74346
-6.74233
-6.74096
-6.73999
-6.7391
-6.7383
-6.73823
-6.73727
-6.73738
-6.7366
-6.73623
-6.73595
-6.73609
-6.73632
-6.73663
-6.73737
-6.73819
-6.73846
-6.73881
-6.73958
-6.73979
-6.7404
-6.74143
-6.74221
-6.74308
-6.74403
-6.74474
-6.74617
-6.7467
-6.74796
-6.74897
-6.75005
-6.75152
-6.75306
-6.75434
-6.75569
-6.75709
-6.75921
-6.76202
-6.76424
-6.76587
-6.76755
-6.7696
-6.77169
-6.77448
-6.77698
-6.77888
-6.78082
-6.78343
-6.78544
-6.7878
-6.78954
-6.79294
-6.79474
-6.79787
-6.7994
-6.80192
-6.80447
-6.80704
-6.80897
-6.81061
-6.8129
-6.81489
-6.81818
-6.82019
-6.82286
-6.82652
-6.82953
-6.83191
-6.83461
-6.83765
-6.84036
-6.8434
-6.84612
-6.84885
-6.85157
-6.8543
-6.8567
-6.8591
-6.86181
-6.86453
-6.86756
-6.87027
-6.87329
-6.87565
-6.87866
-6.88133
-6.88334
-6.88534
-6.88831
-6.89126
-6.89387
-6.8955
-6.89711
-6.89936
-6.90256
-6.90509
-6.90826
-6.91076
-6.91325
-6.91637
-6.91914
-6.92125
-6.92366
-6.92606
-6.92811
-6.9308
-6.93347
-6.93579
-6.93809
-6.9407
-6.94296
-6.94489
-6.94744
-6.95031
-6.95315
-6.95469
-6.95685
-6.95933
-6.96146
-6.96358
-6.96601
-6.96843
-6.9705
-6.97289
-6.97526
-6.97762
-6.97964
-6.98229
-6.98395
-6.98527
-6.9869
-6.98818
-6.99074
-6.99263
-6.9945
-6.99634
-6.99815
-6.99929
-7.00137
-7.00309
-7.00445
-7.00577
-7.00704
-7.00828
-7.00978
-7.01059
-7.01199
-7.01333
-7.0146
-7.01549
-7.01728
-7.01868
-7.01968
-7.02092
-7.02175
-7.02185
-7.02251
-7.02308
-7.02355
-7.0249
-7.02517
-7.02534
-7.02508
-7.02568
-7.02552
-7.02525
-7.02519
-7.02469
-7.02472
-7.02399
-7.02281
-7.02216
-7.02042
-7.01921
-7.0182
-7.0174
-7.01616
-7.0148
-7.01267
-7.01109
-7.00906
-7.00693
-7.00566
-7.003
-7.00055
-6.99801
-6.99537
-6.99296
-6.99013
-6.98722
-6.98423
-6.98181
-6.97964
-6.97644
-6.97252
-6.96951
-6.96548
-6.96204
-6.95889
-6.95504
-6.95181
-6.94823
-6.94462
-6.94131
-6.93702
-6.93369
-6.93003
-6.92638
-6.92273
-6.91844
-6.91482
-6.91154
-6.90796
-6.90441
-6.90025
-6.89677
-6.89333
-6.88961
-6.88659
-6.8833
-6.87942
-6.87624
-6.87216
-6.86944
-6.86516
-6.86225
-6.85942
-6.85698
-6.85332
-6.85039
-6.84818
-6.84572
-6.8427
-6.84041
-6.83723
-6.83575
-6.83338
-6.83142
-6.83083
-6.82903
-6.82634
-6.82406
-6.8225
-6.8207
-6.81962
-6.81895
-6.8177
-6.81652
-6.81573
-6.81535
-6.81341
-6.81251
-6.81167
-6.81122
-6.80986
-6.80856
-6.80796
-6.80741
-6.80692
-6.8068
-6.80673
-6.80702
-6.80737
-6.8071
-6.80688
-6.8067
-6.80558
-6.8045
-6.80475
-6.80471
-6.80437
-6.80439
-6.80379
-6.80321
-6.80299
-6.80408
-6.80487
-6.80504
-6.80555
-6.80544
-6.80566
-6.80558
-6.80583
-6.80578
-6.80607
-6.80637
-6.80604
-6.80605
-6.80639
-6.80674
-6.80646
-6.80651
-6.80689
-6.80857
-6.8093
-6.80906
-6.80947
-6.80989
-6.80999
-6.81042
-6.81118
-6.81162
-6.81238
-6.81249
-6.81229
-6.81273
-6.81252
-6.81329
-6.81405
-6.81481
-6.81556
-6.81631
-6.81705
-6.81746
-6.81884
-6.81924
-6.8193
-6.81967
-6.82004
-6.82071
-6.82105
-6.8217
-6.82233
-6.82294
-6.82321
-6.82314
-6.82338
-6.82392
-6.82444
-6.82429
-6.82445
-6.82491
-6.8247
-6.8248
-6.82487
-6.82427
-6.82398
-6.82398
-6.82429
-6.82425
-6.82419
-6.82443
-6.82401
-6.82389
-6.82407
-6.82359
-6.82341
-6.82321
-6.82299
-6.82243
-6.82218
-6.82191
-6.82195
-6.82166
-6.82103
-6.82039
-6.82038
-6.8207
-6.81971
-6.81904
-6.81933
-6.81897
-6.81829
-6.81793
-6.81756
-6.81688
-6.81522
-6.81455
-6.81419
-6.81385
-6.81319
-6.81221
-6.81124
-6.81094
-6.81064
-6.81003
-6.81008
-6.80983
-6.80959
-6.80839
-6.80851
-6.80768
-6.8072
-6.80738
-6.80694
-6.80684
-6.80612
-6.80607
-6.80637
-6.80604
-6.80574
-6.80612
-6.8062
-6.80662
-6.80675
-6.80691
-6.8071
-6.80796
-6.8082
-6.80847
-6.80876
-6.80877
-6.80945
-6.81016
-6.81057
-6.81069
-6.81116
-6.81166
-6.81219
-6.81307
-6.81463
-6.81557
-6.81687
-6.81722
-6.81793
-6.81866
-6.82007
-6.82021
-6.82103
-6.8222
-6.82308
-6.82398
-6.82653
-6.82813
-6.82944
-6.83046
-6.83182
-6.83288
-6.83462
-6.83606
-6.83752
-6.83804
-6.83858
-6.84011
-6.84135
-6.84293
-6.84453
-6.84584
-6.84813
-6.84948
-6.85085
-6.85289
-6.85494
-6.85637
-6.8575
-6.85799
-6.8598
-6.86163
-6.8638
-6.86567
-6.86755
-6.8688
-6.87007
-6.87168
-6.87331
-6.87528
-6.87725
-6.87892
-6.87996
-6.88198
-6.88336
-6.88508
-6.88681
-6.88856
-6.89063
-6.89239
-6.89416
-6.89529
-6.8974
-6.89886
-6.90066
-6.90246
-6.90427
-6.90608
-6.90789
-6.9097
-6.91215
-6.91461
-6.91706
-6.91951
-6.92163
-6.92375
-6.9252
-6.92762
-6.92971
-6.93243
-6.93449
-6.93621
-6.93791
-6.93959
-6.94093
-6.94192
-6.94354
-6.9448
-6.94572
-6.94693
-6.94811
-6.95022
-6.95166
-6.95209
-6.95313
-6.95478
-6.9551
-6.95602
-6.95754
-6.95837
-6.95948
-6.96087
-6.96156
-6.96284
-6.96343
-6.96396
-6.96379
-6.96518
-6.96587
-6.96651
-6.96708
-6.96695
-6.96709
-6.96716
-6.96815
-6.96875
-6.96864
-6.96847
-6.96823
-6.96826
-6.96854
-6.96909
-6.96925
-6.96935
-6.96874
-6.96839
-6.96765
-6.96718
-6.96664
-6.96572
-6.96377
-6.96337
-6.96227
-6.96144
-6.95957
-6.95862
-6.95761
-6.95654
-6.95607
-6.95522
-6.95399
-6.95271
-6.95138
-6.95098
-6.94923
-6.94776
-6.94624
-6.94436
-6.94243
-6.94079
-6.93943
-6.93803
-6.93692
-6.9348
-6.9333
-6.9308
-6.92957
-6.92701
-6.92476
-6.92281
-6.91987
-6.91691
-6.9149
-6.91321
-6.91183
-6.9098
-6.90776
-6.90474
-6.90269
-6.90097
-6.89892
-6.89689
-6.89486
-6.89283
-6.89115
-6.89013
-6.88719
-6.88459
-6.88331
-6.88076
-6.87857
-6.87706
-6.87526
-6.87349
-6.87144
-6.86975
-6.86843
-6.86683
-6.86528
-6.86442
-6.86329
-6.86188
-6.86054
-6.85892
-6.85768
-6.85553
-6.85441
-6.85303
-6.85235
-6.85141
-6.85086
-6.8494
-6.84833
-6.84764
-6.84767
-6.84743
-6.84693
-6.84682
-6.84547
-6.84548
-6.8449
-6.84535
-6.84522
-6.84513
-6.84575
-6.84546
-6.84553
-6.84534
-6.84551
-6.84573
-6.84567
-6.84597
-6.84599
-6.84604
-6.84645
-6.84689
-6.84768
-6.84881
-6.84965
-6.8505
-6.8504
-6.85161
-6.85218
-6.85308
-6.85366
-6.85424
-6.85481
-6.85538
-6.85594
-6.85681
-6.85702
-6.8572
-6.85769
-6.85783
-6.85827
-6.85803
-6.85808
-6.85874
-6.85872
-6.85931
-6.85952
-6.85969
-6.85981
-6.85956
-6.85958
-6.85987
-6.85979
-6.85964
-6.85944
-6.85885
-6.85983
-6.85912
-6.85706
-6.85623
-6.85631
-6.85568
-6.85531
-6.8552
-6.85438
-6.85349
-6.85222
-6.8512
-6.85012
-6.84898
-6.84778
-6.84684
-6.8452
-6.84415
-6.84337
-6.84221
-6.84099
-6.83941
-6.83777
-6.83512
-6.83275
-6.83098
-6.82918
-6.82733
-6.82481
-6.82258
-6.82033
-6.81805
-6.81606
-6.81439
-6.81205
-6.80905
-6.80767
-6.80595
-6.80326
-6.80122
-6.79951
-6.79749
-6.79547
-6.79347
-6.79214
-6.79051
-6.78826
-6.78668
-6.78482
-6.78299
-6.78185
-6.78011
-6.77842
-6.77646
-6.77422
-6.7727
-6.77123
-6.76983
-6.76849
-6.76691
-6.76604
-6.76461
-6.76292
-6.76197
-6.76077
-6.75966
-6.75961
-6.75933
-6.75849
-6.75839
-6.75805
-6.75781
-6.75799
-6.75795
-6.75767
-6.75782
-6.75774
-6.7584
-6.75851
-6.75905
-6.76033
-6.76137
-6.76219
-6.76343
-6.76443
-6.7652
-6.76703
-6.76732
-6.76835
-6.76978
-6.77065
-6.77192
-6.77423
-6.77565
-6.77746
-6.77966
-6.78095
-6.78327
-6.7863
-6.78874
-6.79219
-6.79473
-6.79731
-6.80026
-6.80259
-6.80496
-6.80704
-6.80947
-6.8116
-6.81504
-6.81721
-6.81972
-6.8232
-6.82572
-6.82792
-6.83044
-6.83297
-6.83548
-6.83831
-6.8408
-6.84328
-6.84541
-6.84785
-6.85059
-6.8533
-6.85534
-6.85832
-6.86061
-6.86288
-6.86478
-6.86729
-6.86976
-6.87154
-6.8736
-6.87497
-6.87694
-6.87886
-6.88073
-6.88255
-6.88465
-6.88604
-6.88803
-6.88965
-6.89154
-6.89304
-6.89483
-6.8959
-6.89693
-6.89855
-6.89947
-6.90065
-6.90244
-6.90352
-6.90454
-6.90584
-6.90709
-6.90796
-6.90878
-6.90987
-6.91092
-6.91192
-6.91352
-6.91377
-6.91333
-6.91317
-6.91426
-6.91434
-6.91438
-6.91405
-6.91432
-6.91423
-6.91346
-6.91427
-6.91439
-6.91448
-6.91453
-6.91422
-6.91388
-6.91416
-6.91441
-6.9143
-6.91482
-6.91434
-6.91415
-6.91394
-6.915
-6.91475
-6.91447
-6.9145
-6.91451
-6.91417
-6.91447
-6.91346
-6.91341
-6.91302
-6.91295
-6.91189
-6.91115
-6.91073
-6.91095
-6.91052
-6.91074
-6.91063
-6.91019
-6.90911
-6.90901
-6.90826
-6.90784
-6.90776
-6.90703
-6.90631
-6.90593
-6.90524
-6.90489
-6.90456
-6.90424
-6.90394
-6.90334
-6.90276
-6.90253
-6.90297
-6.90279
-6.90263
-6.9025
-6.90208
-6.90136
-6.90132
-6.90131
-6.90165
-6.90138
-6.90147
-6.90159
-6.90174
-6.9016
-6.9015
-6.90143
-6.90172
-6.90237
-6.90272
-6.90311
-6.9032
-6.90366
-6.90446
-6.90498
-6.9052
-6.90578
-6.90704
-6.90735
-6.90769
-6.90903
-6.90974
-6.91048
-6.91157
-6.91235
-6.91348
-6.91463
-6.9158
-6.91698
-6.91754
-6.91811
-6.91836
-6.91961
-6.92183
-6.92342
-6.92469
-6.92532
-6.9266
-6.92756
-6.92851
-6.92947
-6.92977
-6.93072
-6.93101
-6.93195
-6.93287
-6.93345
-6.93434
-6.9349
-6.93543
-6.93595
-6.93677
-6.93725
-6.9377
-6.93878
-6.93918
-6.93988
-6.9412
-6.94119
-6.94212
-6.94303
-6.94357
-6.94408
-6.94487
-6.94563
-6.94634
-6.9467
-6.94702
-6.94762
-6.94786
-6.9487
-6.94853
-6.94896
-6.94935
-6.94905
-6.94967
-6.94895
-6.94787
-6.94674
-6.94654
-6.94693
-6.94664
-6.94629
-6.94623
-6.94579
-6.94498
-6.94445
-6.94484
-6.94422
-6.94388
-6.94317
-6.94241
-6.94128
-6.94011
-6.9389
-6.93764
-6.93634
-6.93532
-6.93491
-6.93381
-6.93235
-6.93183
-6.93126
-6.93002
-6.92873
-6.92645
-6.92477
-6.9234
-6.92166
-6.9199
-6.91779
-6.91662
-6.91478
-6.91357
-6.91168
-6.90946
-6.90786
-6.90625
-6.90527
-6.90395
-6.90263
-6.90129
-6.8993
-6.89731
-6.89564
-6.89396
-6.89262
-6.89095
-6.88896
-6.8873
-6.88565
-6.88336
-6.88173
-6.88011
-6.87884
-6.87758
-6.87666
-6.87479
-6.87295
-6.87113
-6.86966
-6.8679
-6.86713
-6.86575
-6.86472
-6.86308
-6.86179
-6.86086
-6.85932
-6.85749
-6.85732
-6.85524
-6.85417
-6.85282
-6.85118
-6.85055
-6.84964
-6.84909
-6.84922
-6.84875
-6.84799
-6.84792
-6.84723
-6.84627
-6.84599
-6.84542
-6.84392
-6.84343
-6.84297
-6.84222
-6.84184
-6.84148
-6.84116
-6.84055
-6.84061
-6.83974
-6.83987
-6.84036
-6.84087
-6.84077
-6.84069
-6.84096
-6.84126
-6.84125
-6.8416
-6.84099
-6.84073
-6.84082
-6.8406
-6.84137
-6.84118
-6.84069
-6.84118
-6.84234
-6.84254
-6.84243
-6.84266
-6.84322
-6.8425
-6.84308
-6.84335
-6.84331
-6.84359
-6.84389
-6.8442
-6.84418
-6.84418
-6.84418
-6.84484
-6.84518
-6.84521
-6.84524
-6.84592
-6.84629
-6.84667
-6.84705
-6.84744
-6.84752
-6.84825
-6.84899
-6.84973
-6.84919
-6.85029
-6.85074
-6.8512
-6.85168
-6.85216
-6.85234
-6.85284
-6.85369
-6.85325
-6.85509
-6.85597
-6.8559
-6.85617
-6.85709
-6.85739
-6.85802
-6.85834
-6.85868
-6.85871
-6.85908
-6.85979
-6.86019
-6.86061
-6.86136
-6.86213
-6.86291
-6.8637
-6.86289
-6.86501
-6.86616
-6.86766
-6.86916
-6.87002
-6.87057
-6.87178
-6.87267
-6.87324
-6.87414
-6.87472
-6.87562
-6.87653
-6.87679
-6.8777
-6.87828
-6.87951
-6.88041
-6.8813
-6.88219
-6.88339
-6.88458
-6.88511
-6.88596
-6.88679
-6.88728
-6.88808
-6.88853
-6.88962
-6.89003
-6.89107
-6.89111
-6.89178
-6.89242
-6.89303
-6.89394
-6.89417
-6.89469
-6.89518
-6.89531
-6.89508
-6.89579
-6.8955
-6.89581
-6.89641
-6.896
-6.89653
-6.89733
-6.89713
-6.89624
-6.89628
-6.89627
-6.89687
-6.89614
-6.896
-6.89582
-6.8956
-6.89437
-6.89373
-6.89338
-6.89233
-6.89189
-6.89108
-6.89055
-6.88998
-6.88937
-6.88903
-6.88898
-6.88856
-6.88779
-6.88729
-6.88643
-6.88553
-6.88428
-6.88396
-6.88295
-6.88192
-6.88052
-6.8791
-6.87796
-6.8768
-6.87593
-6.87503
-6.87378
-6.87252
-6.87155
-6.87088
-6.8702
-6.86852
-6.86683
-6.86512
-6.86405
-6.86232
-6.86091
-6.85916
-6.85773
-6.85663
-6.85455
-6.85311
-6.85168
-6.85025
-6.84883
-6.84742
-6.84634
-6.84495
-6.84389
-6.84285
-6.84151
-6.83954
-6.83825
-6.83665
-6.83573
-6.8342
-6.83399
-6.83252
-6.83206
-6.83131
-6.8306
-6.82929
-6.82834
-6.82744
-6.82626
-6.82513
-6.82372
-6.82334
-6.82269
-6.82177
-6.82091
-6.8201
-6.81936
-6.81867
-6.81804
-6.81748
-6.81763
-6.81784
-6.81812
-6.81782
-6.81823
-6.81838
-6.8186
-6.81921
-6.82085
-6.82127
-6.82175
-6.82197
-6.82258
-6.82261
-6.82335
-6.82383
-6.82437
-6.82465
-6.82564
-6.82669
-6.82877
-6.83025
-6.83146
-6.83338
-6.83437
-6.83605
-6.83779
-6.83924
-6.84041
-6.84195
-6.84416
-6.84609
-6.84773
-6.84972
-6.85173
-6.85377
-6.85583
-6.85725
-6.85902
-6.86047
-6.86291
-6.86437
-6.86649
-6.86828
-6.87039
-6.87152
-6.87296
-6.87504
-6.87677
-6.87849
-6.88018
-6.88185
-6.88348
-6.88477
-6.88666
-6.8882
-6.88969
-6.89179
-6.89255
-6.89391
-6.89457
-6.89583
-6.89639
-6.89754
-6.89863
-6.9003
-6.90095
-6.90218
-6.9027
-6.90347
-6.9045
-6.90482
-6.90474
-6.90524
-6.90599
-6.9057
-6.90631
-6.9062
-6.90732
-6.90674
-6.90642
-6.90699
-6.90652
-6.90631
-6.90569
-6.90566
-6.90523
-6.90473
-6.90351
-6.90287
-6.90184
-6.90107
-6.89958
-6.89836
-6.89772
-6.89637
-6.89594
-6.8948
-6.89393
-6.89236
-6.89138
-6.88971
-6.88799
-6.88687
-6.88571
-6.88451
-6.88262
-6.88101
-6.87937
-6.87802
-6.87664
-6.87458
-6.87249
-6.87103
-6.8702
-6.8674
-6.86523
-6.86369
-6.86182
-6.86026
-6.85901
-6.8571
-6.85487
-6.85295
-6.8507
-6.84878
-6.84718
-6.84526
-6.84334
-6.84079
-6.8392
-6.83699
-6.8351
-6.83323
-6.83138
-6.82986
-6.82836
-6.82623
-6.82444
-6.82203
-6.81964
-6.81824
-6.81654
-6.81551
-6.81354
-6.81094
-6.80967
-6.80778
-6.80624
-6.80505
-6.80358
-6.8031
-6.80169
-6.8003
-6.79831
-6.79699
-6.79571
-6.79479
-6.79359
-6.79242
-6.79128
-6.78922
-6.78784
-6.78683
-6.78553
-6.78428
-6.78372
-6.78287
-6.78142
-6.78131
-6.78092
-6.78058
-6.77996
-6.77873
-6.77788
-6.77739
-6.77695
-6.77656
-6.77589
-6.77624
-6.77599
-6.77578
-6.7753
-6.77519
-6.77578
-6.77543
-6.77611
-6.77619
-6.77664
-6.77648
-6.77637
-6.77663
-6.77694
-6.77761
-6.77832
-6.77874
-6.77985
-6.78068
-6.7809
-6.7805
-6.78176
-6.78273
-6.78309
-6.78379
-6.78453
-6.78562
-6.78641
-6.7869
-6.78774
-6.78893
-6.7898
-6.79103
-6.79259
-6.79352
-6.79415
-6.79479
-6.79608
-6.79706
-6.79838
-6.7997
-6.8007
-6.8017
-6.80304
-6.80469
-6.80603
-6.80672
-6.80806
-6.80939
-6.81072
-6.81173
-6.81273
-6.81373
-6.81505
-6.81571
-6.81701
-6.81799
-6.8196
-6.82056
-6.82119
-6.82213
-6.82275
-6.82367
-6.82492
-6.82583
-6.82609
-6.82763
-6.8282
-6.82875
-6.82898
-6.83017
-6.83103
-6.83155
-6.83304
-6.83452
-6.8347
-6.83584
-6.8373
-6.8381
-6.83922
-6.84
-6.84078
-6.8409
-6.84166
-6.84177
-6.84219
-6.84292
-6.84462
-6.84534
-6.84638
-6.84741
-6.8481
-6.84846
-6.84913
-6.85012
-6.85077
-6.85108
-6.85171
-6.852
-6.8526
-6.85254
-6.85344
-6.854
-6.85389
-6.8541
-6.85429
-6.85479
-6.85528
-6.85575
-6.85621
-6.8573
-6.85773
-6.85749
-6.85788
-6.85825
-6.85828
-6.85895
-6.85959
-6.8599
-6.86019
-6.85982
-6.86007
-6.86064
-6.86022
-6.86043
-6.86095
-6.86114
-6.86098
-6.86082
-6.86096
-6.8611
-6.86122
-6.86134
-6.86145
-6.86187
-6.86196
-6.86172
-6.8618
-6.86187
-6.86129
-6.86201
-6.86239
-6.86278
-6.86317
-6.86388
-6.86362
-6.86466
-6.86441
-6.86481
-6.86457
-6.86466
-6.86443
-6.86486
-6.86497
-6.86477
-6.86458
-6.86407
-6.8639
-6.86375
-6.86393
-6.86444
-6.86432
-6.86519
-6.86511
-6.86568
-6.86595
-6.86623
-6.86653
-6.8662
-6.86653
-6.86656
-6.86726
-6.86764
-6.86837
-6.86847
-6.86955
-6.87065
-6.87112
-6.8716
-6.87242
-6.87325
-6.8741
-6.87529
-6.87584
-6.87672
-6.87697
-6.87756
-6.8775
-6.87843
-6.87871
-6.87933
-6.88027
-6.88089
-6.88183
-6.88245
-6.88275
-6.88304
-6.88365
-6.88393
-6.8842
-6.88511
-6.88536
-6.88625
-6.88712
-6.88797
-6.88848
-6.8893
-6.88976
-6.89021
-6.89095
-6.89069
-6.89106
-6.89139
-6.89202
-6.89229
-6.89188
-6.89241
-6.8929
-6.89302
-6.89343
-6.8938
-6.89413
-6.89474
-6.89434
-6.89421
-6.89404
-6.89382
-6.89356
-6.89357
-6.89321
-6.89313
-6.89268
-6.8925
-6.89194
-6.89102
-6.89037
-6.88967
-6.88893
-6.88846
-6.88665
-6.88608
-6.88515
-6.8845
-6.88316
-6.88176
-6.88065
-6.87885
-6.87766
-6.87642
-6.87514
-6.87383
-6.8728
-6.87173
-6.87031
-6.86885
-6.8664
-6.86488
-6.86333
-6.86176
-6.86016
-6.85821
-6.85624
-6.85425
-6.85224
-6.85086
-6.84915
-6.84742
-6.84535
-6.84328
-6.84184
-6.83975
-6.83798
-6.83588
-6.83411
-6.83266
-6.83057
-6.82881
-6.82705
-6.82563
-6.82358
-6.82186
-6.82016
-6.81816
-6.81682
-6.81486
-6.81358
-6.81264
-6.81077
-6.81022
-6.80906
-6.80794
-6.80653
-6.80549
-6.8045
-6.8029
-6.80168
-6.8005
-6.79938
-6.79864
-6.79796
-6.79637
-6.79516
-6.79467
-6.79392
-6.79356
-6.79295
-6.79306
-6.79292
-6.79125
-6.79127
-6.79104
-6.79058
-6.79052
-6.79023
-6.79131
-6.79119
-6.79181
-6.79251
-6.79298
-6.79387
-6.79453
-6.79496
-6.79645
-6.79771
-6.79875
-6.79923
-6.80045
-6.80209
-6.80415
-6.80533
-6.8066
-6.80796
-6.80941
-6.81192
-6.81452
-6.81688
-6.819
-6.8212
-6.82348
-6.82617
-6.82828
-6.83112
-6.8337
-6.83635
-6.83873
-6.84151
-6.84434
-6.84754
-6.85048
-6.85411
-6.85681
-6.85956
-6.86233
-6.86515
-6.86864
-6.87182
-6.87504
-6.87761
-6.88053
-6.88378
-6.8867
-6.89027
-6.89384
-6.89739
-6.90094
-6.90414
-6.90732
-6.91014
-6.91424
-6.91733
-6.91941
-6.92209
-6.92506
-6.9283
-6.93116
-6.93429
-6.93704
-6.93973
-6.94299
-6.94586
-6.94867
-6.95139
-6.95372
-6.95628
-6.95812
-6.95988
-6.96154
-6.9628
-6.96461
-6.96666
-6.96796
-6.96949
-6.97124
-6.97258
-6.97414
-6.97527
-6.97631
-6.97724
-6.97807
-6.97945
-6.98007
-6.98059
-6.981
-6.98099
-6.98152
-6.98065
-6.98032
-6.98021
-6.98001
-6.97937
-6.97929
-6.97878
-6.97816
-6.97745
-6.97632
-6.97476
-6.97376
-6.97234
-6.97082
-6.96921
-6.96719
-6.96605
-6.96451
-6.9619
-6.96019
-6.95774
-6.95651
-6.95391
-6.95221
-6.95075
-6.9489
-6.94666
-6.94434
-6.94164
-6.9392
-6.93638
-6.93382
-6.93153
-6.92821
-6.92484
-6.92175
-6.91926
-6.9164
-6.91318
-6.91089
-6.90728
-6.9033
-6.89994
-6.89688
-6.89477
-6.89069
-6.88853
-6.88538
-6.88254
-6.87904
-6.87651
-6.87364
-6.87045
-6.86725
-6.86438
-6.86054
-6.85704
-6.85322
-6.85006
-6.84594
-6.84249
-6.83971
-6.83598
-6.8326
-6.82957
-6.82723
-6.82427
-6.82102
-6.81846
-6.81563
-6.81283
-6.81041
-6.80804
-6.8054
-6.80185
-6.79966
-6.79752
-6.79546
-6.79346
-6.79089
-6.78904
-6.78726
-6.78524
-6.78331
-6.78113
-6.77936
-6.77736
-6.7761
-6.77428
-6.77386
-6.77224
-6.77104
-6.76962
-6.76798
-6.76709
-6.76599
-6.76531
-6.76409
-6.76363
-6.76392
-6.76336
-6.76323
-6.76321
-6.76266
-6.76287
-6.76318
-6.76393
-6.76447
-6.76609
-6.76717
-6.76771
-6.76868
-6.77008
-6.77158
-6.77222
-6.77328
-6.7751
-6.77669
-6.77837
-6.78015
-6.7817
-6.78333
-6.78473
-6.78654
-6.78875
-6.79104
-6.79373
-6.79585
-6.79804
-6.80094
-6.80293
-6.80628
-6.80904
-6.81251
-6.81505
-6.81797
-6.82093
-6.82458
-6.82762
-6.83102
-6.83413
-6.83758
-6.84107
-6.84392
-6.84712
-6.85001
-6.85323
-6.85582
-6.85873
-6.86294
-6.86618
-6.86941
-6.87198
-6.8752
-6.87872
-6.88255
-6.88604
-6.88853
-6.891
-6.8944
-6.89746
-6.90015
-6.90217
-6.90511
-6.90801
-6.91151
-6.91432
-6.9174
-6.92011
-6.92243
-6.92535
-6.92788
-6.93002
-6.93307
-6.93637
-6.93896
-6.94083
-6.9423
-6.94434
-6.94663
-6.94883
-6.94998
-6.9517
-6.953
-6.95454
-6.95696
-6.95865
-6.95992
-6.96077
-6.9625
-6.96381
-6.96502
-6.96484
-6.96553
-6.96612
-6.96629
-6.96636
-6.96665
-6.96684
-6.96758
-6.96692
-6.96745
-6.96821
-6.96822
-6.96813
-6.96729
-6.96635
-6.96564
-6.96483
-6.96425
-6.96356
-6.96214
-6.96128
-6.96097
-6.9596
-6.95814
-6.95725
-6.95595
-6.95392
-6.95149
-6.94995
-6.94867
-6.94667
-6.94493
-6.94313
-6.94029
-6.9374
-6.93542
-6.93242
-6.92969
-6.92725
-6.92476
-6.92191
-6.91935
-6.91676
-6.91447
-6.91215
-6.90917
-6.90714
-6.9038
-6.90013
-6.89776
-6.89441
-6.89204
-6.88967
-6.88698
-6.88399
-6.88133
-6.87837
-6.87543
-6.87219
-6.86963
-6.86677
-6.86459
-6.86212
-6.86001
-6.85762
-6.85527
-6.85232
-6.85005
-6.84784
-6.84535
-6.84323
-6.84149
-6.83947
-6.83783
-6.83592
-6.8331
-6.8313
-6.82923
-6.82721
-6.82526
-6.824
-6.82247
-6.8223
-6.82057
-6.81921
-6.81758
-6.81633
-6.81448
-6.81399
-6.81322
-6.81186
-6.81119
-6.80961
-6.80872
-6.80852
-6.80837
-6.80762
-6.80659
-6.80658
-6.80564
-6.80474
-6.80453
-6.80371
-6.80358
-6.80284
-6.80278
-6.80179
-6.8018
-6.80119
-6.80127
-6.80106
-6.80055
-6.8004
-6.80027
-6.8005
-6.80075
-6.80103
-6.80134
-6.80135
-6.80138
-6.80176
-6.80151
-6.80161
-6.80206
-6.80188
-6.80237
-6.80255
-6.80308
-6.80363
-6.80322
-6.80284
-6.8028
-6.80277
-6.80342
-6.80311
-6.80249
-6.80383
-6.8039
-6.80431
-6.80442
-6.80486
-6.80564
-6.80612
-6.80758
-6.80777
-6.80829
-6.80851
-6.80907
-6.80964
-6.8099
-6.81115
-6.81177
-6.81273
-6.81371
-6.81405
-6.81473
-6.8164
-6.81647
-6.81687
-6.81859
-6.81967
-6.82077
-6.82156
-6.82269
-6.82351
-6.82499
-6.82551
-6.82669
-6.82756
-6.82908
-6.82965
-6.83056
-6.83082
-6.83175
-6.83236
-6.8333
-6.83458
-6.83554
-6.83586
-6.83684
-6.83783
-6.83817
-6.83917
-6.84018
-6.84054
-6.84156
-6.84225
-6.84327
-6.84462
-6.84629
-6.84764
-6.84802
-6.84969
-6.8504
-6.85175
-6.85245
-6.85217
-6.85352
-6.85518
-6.8562
-6.85753
-6.85885
-6.8605
-6.86181
-6.86247
-6.86279
-6.86376
-6.86504
-6.866
-6.86694
-6.86754
-6.86814
-6.86938
-6.8706
-6.87084
-6.87237
-6.87291
-6.87344
-6.87364
-6.87479
-6.87593
-6.8777
-6.87881
-6.87926
-6.88035
-6.88076
-6.88149
-6.88317
-6.88386
-6.88421
-6.88487
-6.88583
-6.88645
-6.88704
-6.8873
-6.88785
-6.88871
-6.88922
-6.88939
-6.88985
-6.89062
-6.89103
-6.89175
-6.89244
-6.89246
-6.89277
-6.89273
-6.89332
-6.89355
-6.89342
-6.89392
-6.89342
-6.89385
-6.89394
-6.89431
-6.89369
-6.894
-6.89299
-6.89292
-6.89281
-6.89235
-6.8925
-6.89294
-6.8927
-6.89276
-6.89148
-6.89114
-6.89077
-6.89005
-6.88961
-6.88882
-6.88799
-6.88778
-6.88786
-6.88694
-6.88696
-6.88532
-6.88496
-6.88456
-6.88348
-6.88237
-6.88157
-6.8804
-6.87857
-6.878
-6.87677
-6.87615
-6.87519
-6.87388
-6.87254
-6.87184
-6.87079
-6.86907
-6.86799
-6.86721
-6.86641
-6.86528
-6.86381
-6.86265
-6.8618
-6.86061
-6.85975
-6.85855
-6.85734
-6.85613
-6.85492
-6.85337
-6.85248
-6.85093
-6.84971
-6.84849
-6.84727
-6.84606
-6.84484
-6.84364
-6.84308
-6.84092
-6.83974
-6.83857
-6.83742
-6.83627
-6.83482
-6.83371
-6.83293
-6.83185
-6.83111
-6.83007
-6.82905
-6.82869
-6.82739
-6.82611
-6.82616
-6.82558
-6.82502
-6.8245
-6.82368
-6.82288
-6.82147
-6.82203
-6.82068
-6.82034
-6.8197
-6.81845
-6.81788
-6.81734
-6.81586
-6.81539
-6.8143
-6.8139
-6.81353
-6.81319
-6.81289
-6.8123
-6.81207
-6.81219
-6.81235
-6.81287
-6.81374
-6.81368
-6.81333
-6.8143
-6.81369
-6.81343
-6.81288
-6.81268
-6.81316
-6.81367
-6.81357
-6.81316
-6.81408
-6.81405
-6.81437
-6.81504
-6.81574
-6.81678
-6.81752
-6.81731
-6.81778
-6.81794
-6.81811
-6.81831
-6.81853
-6.81941
-6.82031
-6.82122
-6.82183
-6.82214
-6.82278
-6.82279
-6.82347
-6.82415
-6.82453
-6.82524
-6.82596
-6.82702
-6.82776
-6.82851
-6.82895
-6.83005
-6.8305
-6.83162
-6.83242
-6.83354
-6.83436
-6.8355
-6.836
-6.83748
-6.83832
-6.83916
-6.83969
-6.84054
-6.8414
-6.84259
-6.8441
-6.84562
-6.8465
-6.8477
-6.84891
-6.8498
-6.85133
-6.8519
-6.85312
-6.85434
-6.85491
-6.85548
-6.85605
-6.85663
-6.85688
-6.85745
-6.85834
-6.85956
-6.86045
-6.86134
-6.86223
-6.86246
-6.86334
-6.86422
-6.86606
-6.86725
-6.86811
-6.86864
-6.86949
-6.87033
-6.87116
-6.87166
-6.87247
-6.87262
-6.87276
-6.87387
-6.8756
-6.87571
-6.87645
-6.87718
-6.87789
-6.87858
-6.8786
-6.87893
-6.88021
-6.8805
-6.88109
-6.88133
-6.88122
-6.88206
-6.88287
-6.88365
-6.88408
-6.8835
-6.88386
-6.88419
-6.88481
-6.88507
-6.88496
-6.88514
-6.88626
-6.88636
-6.88642
-6.88643
-6.88608
-6.88503
-6.88556
-6.88539
-6.88517
-6.88458
-6.88426
-6.88389
-6.88315
-6.883
-6.88247
-6.88157
-6.88126
-6.88122
-6.8808
-6.88001
-6.87883
-6.87793
-6.87762
-6.8766
-6.87554
-6.87442
-6.87293
-6.8717
-6.87076
-6.86879
-6.86709
-6.866
-6.86486
-6.86303
-6.86213
-6.86054
-6.85891
-6.85692
-6.85522
-6.85348
-6.85203
-6.85023
-6.84839
-6.84719
-6.84531
-6.84309
-6.84117
-6.83891
-6.83729
-6.83502
-6.83338
-6.83142
-6.82914
-6.82718
-6.82555
-6.82329
-6.82104
-6.81913
-6.81756
-6.81505
-6.8132
-6.81139
-6.80929
-6.80787
-6.80616
-6.80483
-6.80289
-6.80133
-6.80015
-6.79902
-6.79762
-6.79564
-6.7947
-6.79318
-6.79238
-6.7923
-6.79133
-6.79011
-6.7893
-6.78857
-6.78793
-6.78672
-6.78561
-6.7862
-6.78592
-6.78541
-6.78532
-6.78564
-6.78542
-6.78561
-6.78655
-6.78694
-6.78743
-6.78802
-6.78903
-6.79013
-6.79101
-6.79198
-6.79338
-6.79454
-6.7958
-6.79715
-6.79794
-6.79881
-6.80043
-6.80083
-6.80261
-6.80448
-6.80609
-6.80811
-6.81053
-6.81302
-6.81493
-6.81821
-6.82026
-6.82302
-6.82487
-6.82774
-6.83068
-6.83302
-6.83509
-6.8385
-6.84002
-6.84288
-6.84578
-6.84904
-6.85266
-6.85534
-6.85903
-6.86242
-6.86552
-6.86928
-6.87242
-6.87525
-6.87777
-6.88064
-6.88416
-6.88704
-6.89058
-6.89412
-6.89734
-6.90023
-6.90344
-6.90535
-6.90856
-6.91239
-6.91557
-6.91906
-6.92253
-6.9263
-6.92908
-6.93183
-6.93553
-6.9392
-6.94284
-6.94644
-6.94969
-6.95257
-6.95541
-6.95854
-6.96064
-6.96367
-6.96633
-6.96893
-6.97148
-6.97365
-6.97576
-6.97879
-6.9811
-6.98302
-6.98521
-6.98797
-6.98905
-6.99103
-6.99325
-6.99508
-6.99716
-6.99819
-7.00011
-7.0013
-7.00306
-7.00506
-7.00633
-7.00719
-7.00828
-7.00929
-7.01053
-7.01136
-7.01178
-7.01243
-7.01299
-7.01314
-7.01384
-7.01445
-7.01465
-7.01507
-7.01508
-7.015
-7.01483
-7.01456
-7.01453
-7.01408
-7.01321
-7.01161
-7.01057
-7.01073
-7.00951
-7.00853
-7.00745
-7.00565
-7.00473
-7.00373
-7.002
-7.00018
-6.99829
-6.99665
-6.99525
-6.99345
-6.99158
-6.98997
-6.98861
-6.98622
-6.98473
-6.98286
-6.98028
-6.97829
-6.97657
-6.97415
-6.97168
-6.96916
-6.96693
-6.96432
-6.96135
-6.95867
-6.95692
-6.95483
-6.95174
-6.94862
-6.94516
-6.94201
-6.93917
-6.93631
-6.93313
-6.93059
-6.92741
-6.92424
-6.92107
-6.91791
-6.9151
-6.91262
-6.90888
-6.90614
-6.9031
-6.90075
-6.89778
-6.89486
-6.89166
-6.88981
-6.88801
-6.88497
-6.88167
-6.87908
-6.87656
-6.8741
-6.87237
-6.86974
-6.86849
-6.86667
-6.8646
-6.86327
-6.86138
-6.85958
-6.85721
-6.85591
-6.85535
-6.85391
-6.85289
-6.85163
-6.85047
-6.84973
-6.84875
-6.84819
-6.84771
-6.84669
-6.84639
-6.84619
-6.84575
-6.84636
-6.84673
-6.84653
-6.84673
-6.84668
-6.84703
-6.84776
-6.84921
-6.85008
-6.85035
-6.85133
-6.85236
-6.85344
-6.85488
-6.85604
-6.85691
-6.85782
-6.85875
-6.85906
-6.85972
-6.86039
-6.86075
-6.86242
-6.86378
-6.86513
-6.86649
-6.86784
-6.86854
-6.86956
-6.86991
-6.87154
-6.87154
-6.87216
-6.87373
-6.87398
-6.87485
-6.87536
-6.87584
-6.87661
-6.87702
-6.87836
-6.87902
-6.87964
-6.87989
-6.8801
-6.88123
-6.88136
-6.88175
-6.88211
-6.88274
-6.883
-6.88289
-6.88371
-6.88319
-6.88294
-6.88298
-6.88297
-6.88292
-6.88282
-6.883
-6.88315
-6.88293
-6.88234
-6.88237
-6.88203
-6.88199
-6.88159
-6.88115
-6.88069
-6.87955
-6.87936
-6.87946
-6.87922
-6.87831
-6.87771
-6.87708
-6.87677
-6.8758
-6.87481
-6.87414
-6.87378
-6.8731
-6.87274
-6.87205
-6.87104
-6.87069
-6.87067
-6.86935
-6.8687
-6.86806
-6.86743
-6.86714
-6.86654
-6.86629
-6.86605
-6.86584
-6.86468
-6.86484
-6.86406
-6.86362
-6.86289
-6.86284
-6.86217
-6.86186
-6.86157
-6.86165
-6.8624
-6.86222
-6.8624
-6.86262
-6.86222
-6.86282
-6.86314
-6.86317
-6.86323
-6.86301
-6.86314
-6.86428
-6.86545
-6.86568
-6.86627
-6.8656
-6.8656
-6.86596
-6.86602
-6.86643
-6.86719
-6.86797
-6.86877
-6.86894
-6.86978
-6.86967
-6.87021
-6.8711
-6.87166
-6.87256
-6.87346
-6.87534
-6.87592
-6.87618
-6.87611
-6.87668
-6.87659
-6.87746
-6.87832
-6.87819
-6.87869
-6.87949
-6.87962
-6.88102
-6.88078
-6.88115
-6.88084
-6.88115
-6.88174
-6.8823
-6.8825
-6.88266
-6.88245
-6.8822
-6.88191
-6.88255
-6.88249
-6.88271
-6.88257
-6.88238
-6.88182
-6.88122
-6.88122
-6.88117
-6.88076
-6.87966
-6.87916
-6.87926
-6.87836
-6.87807
-6.87773
-6.87736
-6.87696
-6.87621
-6.87542
-6.87492
-6.87441
-6.87354
-6.87168
-6.8698
-6.86823
-6.86698
-6.8657
-6.86475
-6.86346
-6.86217
-6.86152
-6.86023
-6.85926
-6.85798
-6.85735
-6.85705
-6.85612
-6.85488
-6.85431
-6.85343
-6.85193
-6.85045
-6.84965
-6.84919
-6.84844
-6.84772
-6.84736
-6.8467
-6.84641
-6.84582
-6.84527
-6.84477
-6.84365
-6.84322
-6.84282
-6.84247
-6.84215
-6.8422
-6.84164
-6.84112
-6.84097
-6.8415
-6.84143
-6.84204
-6.84204
-6.84143
-6.84183
-6.84195
-6.8421
-6.84293
-6.84315
-6.8434
-6.84401
-6.84465
-6.84466
-6.84536
-6.84543
-6.84585
-6.84597
-6.84546
-6.84627
-6.84677
-6.84696
-6.84815
-6.8474
-6.84731
-6.84756
-6.84879
-6.84938
-6.84966
-6.85026
-6.85054
-6.85083
-6.85176
-6.85205
-6.85201
-6.85261
-6.85256
-6.85316
-6.85375
-6.85498
-6.85523
-6.8558
-6.85668
-6.8569
-6.85776
-6.85828
-6.85943
-6.8596
-6.86007
-6.86118
-6.8613
-6.86172
-6.86245
-6.86252
-6.86353
-6.86324
-6.86324
-6.8642
-6.86416
-6.86442
-6.86467
-6.86521
-6.8654
-6.86525
-6.86507
-6.86552
-6.86561
-6.86568
-6.86508
-6.86542
-6.86541
-6.86505
-6.86466
-6.86457
-6.86478
-6.86463
-6.86412
-6.86424
-6.864
-6.86406
-6.86376
-6.86375
-6.86371
-6.86365
-6.86258
-6.86148
-6.86132
-6.86114
-6.86092
-6.86003
-6.85878
-6.85848
-6.8575
-6.85649
-6.85578
-6.85471
-6.85362
-6.85218
-6.85136
-6.84987
-6.84932
-6.84843
-6.84752
-6.84658
-6.84595
-6.84465
-6.84366
-6.84233
-6.84196
-6.84124
-6.83955
-6.83848
-6.83741
-6.83601
-6.83524
-6.83447
-6.83304
-6.83129
-6.83051
-6.83005
-6.82862
-6.82784
-6.82706
-6.82597
-6.82488
-6.82412
-6.82305
-6.82199
-6.82062
-6.81926
-6.81824
-6.81658
-6.81559
-6.81527
-6.81367
-6.81273
-6.81214
-6.81125
-6.81071
-6.80986
-6.80904
-6.8076
-6.80651
-6.80577
-6.80505
-6.80469
-6.80404
-6.80374
-6.80249
-6.80193
-6.80204
-6.80155
-6.80076
-6.80033
-6.79993
-6.80022
-6.80053
-6.80024
-6.79965
-6.7991
-6.79891
-6.79875
-6.79894
-6.79885
-6.79943
-6.7994
-6.79941
-6.79945
-6.79952
-6.80026
-6.80072
-6.80024
-6.80012
-6.80002
-6.79995
-6.80024
-6.80022
-6.80056
-6.80092
-6.80066
-6.8014
-6.80183
-6.80228
-6.8034
-6.80325
-6.80408
-6.80461
-6.80419
-6.80475
-6.805
-6.80559
-6.80651
-6.80809
-6.80838
-6.80933
-6.80963
-6.81059
-6.81122
-6.81251
-6.81314
-6.8141
-6.81505
-6.81568
-6.81696
-6.81855
-6.81884
-6.81912
-6.81907
-6.81966
-6.81992
-6.82017
-6.82041
-6.82063
-6.82117
-6.8217
-6.82221
-6.82271
-6.82288
-6.82335
-6.82382
-6.82524
-6.82568
-6.82579
-6.82621
-6.82695
-6.82735
-6.82775
-6.82846
-6.82885
-6.82923
-6.83026
-6.83031
-6.83199
-6.83269
-6.83341
-6.83347
-6.83355
-6.83396
-6.83535
-6.83611
-6.83688
-6.83702
-6.83718
-6.83736
-6.83853
-6.83908
-6.839
-6.8396
-6.84055
-6.8412
-6.84156
-6.84293
-6.844
-6.84446
-6.84528
-6.84613
-6.84703
-6.84796
-6.84925
-6.85058
-6.85195
-6.85238
-6.85415
-6.85467
-6.85554
-6.85711
-6.85838
-6.85905
-6.8604
-6.86243
-6.8632
-6.864
-6.8658
-6.86731
-6.86885
-6.87074
-6.87201
-6.87427
-6.8759
-6.87756
-6.87955
-6.88156
-6.88423
-6.88626
-6.88863
-6.89035
-6.89208
-6.89349
-6.89555
-6.89728
-6.89965
-6.90137
-6.90277
-6.90415
-6.90584
-6.90751
-6.90917
-6.91081
-6.91211
-6.91339
-6.91431
-6.91586
-6.91738
-6.91887
-6.92033
-6.92207
-6.92282
-6.9245
-6.92581
-6.92677
-6.92833
-6.92856
-6.92939
-6.93018
-6.93191
-6.93326
-6.9336
-6.93454
-6.93544
-6.93628
-6.93773
-6.93849
-6.93855
-6.93888
-6.93918
-6.94071
-6.94124
-6.94204
-6.94214
-6.94318
-6.94384
-6.94446
-6.94537
-6.94526
-6.94446
-6.94491
-6.94501
-6.94539
-6.94573
-6.94539
-6.94534
-6.94558
-6.94579
-6.94565
-6.94548
-6.94528
-6.94538
-6.9461
-6.94583
-6.94489
-6.94459
-6.94426
-6.94425
-6.94292
-6.94289
-6.94252
-6.94214
-6.94014
-6.93975
-6.94033
-6.93994
-6.93922
-6.93915
-6.93876
-6.93838
-6.93767
-6.93697
-6.93595
-6.93494
-6.93589
-6.93522
-6.93521
-6.93457
-6.93458
-6.9333
-6.93334
-6.93371
-6.93377
-6.93384
-6.93359
-6.93336
-6.93347
-6.93325
-6.93273
-6.93221
-6.93235
-6.93184
-6.93134
-6.9315
-6.93165
-6.93084
-6.93035
-6.93083
-6.93131
-6.93081
-6.93095
-6.93043
-6.93023
-6.92969
-6.92979
-6.92954
-6.9296
-6.92964
-6.92934
-6.92901
-6.92865
-6.92762
-6.92689
-6.92678
-6.9263
-6.9258
-6.92558
-6.925
-6.92438
-6.92341
-6.92337
-6.92296
-6.92187
-6.92138
-6.92053
-6.91963
-6.91869
-6.91739
-6.91605
-6.91532
-6.91357
-6.91211
-6.91028
-6.90906
-6.90812
-6.90747
-6.90614
-6.90412
-6.90304
-6.90095
-6.89916
-6.89765
-6.89548
-6.89392
-6.89234
-6.89042
-6.8888
-6.88619
-6.88453
-6.88351
-6.88182
-6.87981
-6.87811
-6.87673
-6.8747
-6.87266
-6.87031
-6.86828
-6.86659
-6.86555
-6.86355
-6.86221
-6.86024
-6.85828
-6.85635
-6.85411
-6.85254
-6.851
-6.84949
-6.84767
-6.84622
-6.84544
-6.84437
-6.84203
-6.84039
-6.83975
-6.83721
-6.83632
-6.83613
-6.835
-6.83359
-6.83287
-6.8322
-6.83124
-6.83065
-6.82978
-6.82895
-6.82817
-6.82743
-6.82641
-6.82608
-6.82483
-6.82492
-6.8244
-6.82457
-6.82413
-6.82341
-6.82274
-6.82275
-6.82248
-6.82192
-6.82172
-6.82123
-6.82111
-6.82134
-6.82128
-6.82093
-6.82158
-6.82226
-6.822
-6.82242
-6.82253
-6.82202
-6.82251
-6.82334
-6.82322
-6.82279
-6.82303
-6.82328
-6.82322
-6.82285
-6.82346
-6.82376
-6.82406
-6.82437
-6.82404
-6.82435
-6.82434
-6.82465
-6.82529
-6.82592
-6.8259
-6.82684
-6.82746
-6.82709
-6.82703
-6.82728
-6.82752
-6.82775
-6.8286
-6.82912
-6.82897
-6.82912
-6.82925
-6.82903
-6.82976
-6.8295
-6.82921
-6.82955
-6.83018
-6.83046
-6.83007
-6.82997
-6.82984
-6.82903
-6.8282
-6.8283
-6.82805
-6.8281
-6.82714
-6.8268
-6.82642
-6.82602
-6.82558
-6.82511
-6.82494
-6.82442
-6.82354
-6.82296
-6.82235
-6.82139
-6.82041
-6.82004
-6.81901
-6.81828
-6.81688
-6.81611
-6.81564
-6.81451
-6.81369
-6.81253
-6.81104
-6.80986
-6.80868
-6.80749
-6.80662
-6.8064
-6.80522
-6.80468
-6.80414
-6.8033
-6.80278
-6.80261
-6.80212
-6.80101
-6.80056
-6.80014
-6.79878
-6.79938
-6.7984
-6.79778
-6.7972
-6.7973
-6.79615
-6.79698
-6.79689
-6.7962
-6.79556
-6.79497
-6.79476
-6.7946
-6.7945
-6.79445
-6.79447
-6.79455
-6.79501
-6.79489
-6.79451
-6.7942
-6.79363
-6.79474
-6.79528
-6.79555
-6.79589
-6.79695
-6.79806
-6.7986
-6.79952
-6.80019
-6.80124
-6.80332
-6.80481
-6.80603
-6.80699
-6.80865
-6.81036
-6.8118
-6.81329
-6.81482
-6.8164
-6.8177
-6.81935
-6.82202
-6.82472
-6.82648
-6.82827
-6.83009
-6.8316
-6.83443
-6.83599
-6.83755
-6.83946
-6.84105
-6.84329
-6.84553
-6.84746
-6.84938
-6.85162
-6.85353
-6.85543
-6.85797
-6.85952
-6.86139
-6.86226
-6.86408
-6.86588
-6.8683
-6.87037
-6.87208
-6.87474
-6.87639
-6.87832
-6.8799
-6.88143
-6.88228
-6.88373
-6.88514
-6.88618
-6.88718
-6.88845
-6.88837
-6.89052
-6.89164
-6.89337
-6.89471
-6.89568
-6.89692
-6.89843
-6.89924
-6.89999
-6.90102
-6.90166
-6.90193
-6.90246
-6.90294
-6.90369
-6.90438
-6.90535
-6.90594
-6.90648
-6.90729
-6.90708
-6.90714
-6.90682
-6.90645
-6.90669
-6.90623
-6.90539
-6.90548
-6.9052
-6.90423
-6.90387
-6.90313
-6.90268
-6.90187
-6.90102
-6.90013
-6.8992
-6.89856
-6.89822
-6.89784
-6.89646
-6.8957
-6.89523
-6.89506
-6.8939
-6.89239
-6.89119
-6.89029
-6.89002
-6.88941
-6.88847
-6.88686
-6.8859
-6.88492
-6.88394
-6.88328
-6.88197
-6.88131
-6.88
-6.87869
-6.87739
-6.87609
-6.87643
-6.87548
-6.87453
-6.87393
-6.87269
-6.8718
-6.87059
-6.86973
-6.86889
-6.86774
-6.86726
-6.86712
-6.86669
-6.86595
-6.86491
-6.86422
-6.8629
-6.86258
-6.86196
-6.86168
-6.8611
-6.86023
-6.86003
-6.85952
-6.85903
-6.85857
-6.85812
-6.85705
-6.85697
-6.85657
-6.8562
-6.85615
-6.85548
-6.85513
-6.8548
-6.85479
-6.85415
-6.85351
-6.85352
-6.85353
-6.8529
-6.85226
-6.85195
-6.85228
-6.85164
-6.85131
-6.85098
-6.85032
-6.849
-6.84864
-6.84925
-6.84888
-6.84849
-6.84778
-6.84867
-6.84827
-6.8472
-6.84645
-6.84634
-6.8459
-6.84481
-6.84435
-6.84357
-6.84278
-6.84232
-6.84185
-6.84171
-6.84157
-6.84078
-6.84033
-6.83988
-6.83943
-6.83932
-6.83825
-6.8385
-6.83778
-6.83741
-6.83706
-6.83673
-6.8374
-6.83711
-6.83654
-6.83599
-6.83547
-6.83531
-6.83519
-6.83477
-6.83439
-6.8347
-6.83439
-6.83445
-6.83423
-6.83438
-6.83489
-6.83512
-6.83604
-6.83636
-6.83705
-6.83746
-6.83759
-6.83842
-6.83896
-6.83988
-6.84116
-6.84119
-6.84225
-6.84334
-6.84481
-6.84566
-6.84591
-6.84653
-6.84719
-6.84853
-6.84958
-6.85002
-6.85146
-6.85294
-6.85444
-6.85533
-6.85689
-6.85784
-6.85977
-6.86076
-6.86177
-6.86279
-6.86415
-6.86521
-6.86692
-6.86832
-6.86973
-6.87082
-6.87223
-6.87268
-6.87345
-6.87486
-6.87627
-6.87768
-6.8794
-6.88111
-6.88183
-6.88352
-6.88551
-6.88684
-6.88783
-6.88912
-6.88974
-6.89228
-6.8935
-6.89404
-6.89521
-6.89666
-6.89809
-6.89948
-6.90052
-6.90217
-6.90313
-6.90406
-6.90527
-6.90611
-6.9066
-6.90801
-6.90873
-6.90909
-6.9094
-6.90998
-6.91085
-6.91167
-6.9118
-6.9122
-6.91256
-6.9119
-6.91216
-6.9127
-6.91222
-6.91234
-6.91306
-6.9134
-6.91305
-6.91265
-6.91318
-6.91301
-6.91215
-6.91189
-6.91158
-6.91123
-6.91084
-6.91072
-6.91057
-6.91005
-6.91046
-6.90954
-6.90858
-6.90758
-6.90719
-6.90612
-6.90502
-6.90421
-6.90402
-6.90218
-6.90064
-6.89971
-6.89877
-6.89779
-6.89745
-6.89676
-6.89573
-6.89501
-6.89362
-6.89287
-6.89145
-6.89003
-6.88892
-6.88812
-6.88732
-6.88619
-6.88441
-6.88295
-6.88149
-6.88003
-6.8789
-6.87777
-6.876
-6.87521
-6.8741
-6.873
-6.87159
-6.87084
-6.86945
-6.86839
-6.8667
-6.866
-6.86564
-6.86466
-6.86336
-6.8624
-6.86211
-6.86152
-6.8603
-6.85942
-6.85857
-6.85741
-6.85627
-6.85548
-6.85504
-6.85429
-6.85422
-6.85352
-6.8522
-6.85188
-6.85125
-6.85065
-6.85008
-6.84921
-6.84804
-6.84754
-6.84674
-6.84628
-6.84618
-6.84577
-6.84571
-6.84503
-6.84534
-6.8447
-6.84409
-6.84382
-6.84325
-6.84237
-6.84282
-6.84296
-6.84312
-6.84265
-6.84188
-6.8421
-6.84169
-6.84195
-6.84223
-6.84187
-6.84219
-6.84187
-6.84189
-6.84192
-6.84198
-6.84139
-6.84212
-6.84221
-6.84264
-6.84308
-6.8432
-6.84399
-6.84446
-6.84495
-6.84511
-6.84529
-6.84547
-6.84502
-6.84424
-6.84445
-6.84466
-6.84488
-6.84542
-6.84597
-6.84685
-6.84677
-6.84734
-6.84758
-6.84784
-6.84744
-6.84835
-6.84862
-6.84888
-6.84883
-6.84878
-6.84906
-6.85031
-6.84962
-6.85024
-6.85021
-6.85051
-6.85145
-6.85144
-6.8511
-6.85174
-6.85238
-6.85238
-6.85238
-6.85337
-6.8537
-6.8547
-6.85505
-6.85508
-6.85577
-6.85646
-6.85684
-6.85723
-6.8573
-6.85834
-6.85875
-6.85982
-6.86025
-6.86069
-6.86114
-6.86192
-6.86207
-6.86288
-6.86272
-6.86355
-6.86374
-6.86458
-6.86447
-6.86502
-6.86589
-6.86581
-6.86574
-6.86568
-6.86627
-6.86688
-6.8675
-6.86812
-6.86876
-6.8694
-6.86941
-6.8704
-6.87107
-6.87208
-6.87309
-6.87347
-6.87418
-6.87458
-6.87531
-6.8754
-6.8755
-6.87625
-6.87766
-6.87843
-6.87952
-6.8803
-6.88076
-6.88188
-6.88235
-6.88347
-6.88396
-6.88509
-6.88623
-6.88737
-6.88787
-6.88837
-6.88887
-6.8897
-6.89021
-6.89104
-6.8922
-6.89271
-6.89387
-6.89438
-6.89521
-6.89637
-6.89785
-6.89901
-6.89951
-6.90131
-6.90278
-6.90393
-6.90474
-6.90523
-6.90571
-6.90683
-6.90795
-6.90938
-6.91016
-6.91125
-6.91233
-6.91275
-6.91284
-6.91357
-6.91396
-6.91499
-6.91503
-6.91571
-6.9167
-6.918
-6.91863
-6.91991
-6.92051
-6.92111
-6.92169
-6.92289
-6.92409
-6.92462
-6.92513
-6.92465
-6.92513
-6.92494
-6.92571
-6.92582
-6.92623
-6.9263
-6.92636
-6.92672
-6.92706
-6.92739
-6.92835
-6.92864
-6.9286
-6.92853
-6.9291
-6.92933
-6.92987
-6.93007
-6.92961
-6.92946
-6.92994
-6.93009
-6.93152
-6.93165
-6.93047
-6.93024
-6.93034
-6.93009
-6.93113
-6.93184
-6.93188
-6.93192
-6.93227
-6.93293
-6.93327
-6.93327
-6.93261
-6.93324
-6.93256
-6.93285
-6.93248
-6.9321
-6.93203
-6.93163
-6.93154
-6.93046
-6.93035
-6.9299
-6.92912
-6.92832
-6.92881
-6.92896
-6.92813
-6.92891
-6.9287
-6.92848
-6.92792
-6.928
-6.92806
-6.92746
-6.92685
-6.92753
-6.92657
-6.92624
-6.92461
-6.92426
-6.92422
-6.92417
-6.9228
-6.92273
-6.92231
-6.92221
-6.92145
-6.92132
-6.92118
-6.92005
-6.91957
-6.91907
-6.91855
-6.91706
-6.91685
-6.91663
-6.91607
-6.91518
-6.91395
-6.91271
-6.91147
-6.91054
-6.90992
-6.90962
-6.90899
-6.90835
-6.90737
-6.90704
-6.90734
-6.90667
-6.90663
-6.90626
-6.90556
-6.90485
-6.90413
-6.90308
-6.90267
-6.90225
-6.90149
-6.90041
-6.89932
-6.89886
-6.89775
-6.89728
-6.89648
-6.89535
-6.8942
-6.8937
-6.89255
-6.89236
-6.89087
-6.89034
-6.88884
-6.88797
-6.88743
-6.88623
-6.88567
-6.88511
-6.88486
-6.88364
-6.8821
-6.88184
-6.88126
-6.88036
-6.87945
-6.87887
-6.87764
-6.87642
-6.87552
-6.87429
-6.87243
-6.87122
-6.87067
-6.8698
-6.86894
-6.86744
-6.86692
-6.86577
-6.86496
-6.86415
-6.86369
-6.86356
-6.86248
-6.86173
-6.86068
-6.85997
-6.85895
-6.85795
-6.85664
-6.85665
-6.85571
-6.8551
-6.85387
-6.85331
-6.85308
-6.85288
-6.85205
-6.85156
-6.85141
-6.85128
-6.85116
-6.85074
-6.85066
-6.85059
-6.85021
-6.84953
-6.8495
-6.84948
-6.84947
-6.84915
-6.84883
-6.84917
-6.84855
-6.84792
-6.84794
-6.84765
-6.84767
-6.84704
-6.84577
-6.8461
-6.84579
-6.84579
-6.84546
-6.84544
-6.84477
-6.84473
-6.84435
-6.84396
-6.84355
-6.84312
-6.843
-6.84319
-6.84304
-6.84287
-6.84171
-6.84118
-6.84128
-6.84104
-6.84078
-6.84082
-6.83955
-6.83827
-6.83827
-6.8376
-6.83724
-6.83687
-6.83649
-6.83609
-6.83471
-6.83365
-6.83225
-6.8315
-6.83107
-6.83031
-6.82954
-6.82878
-6.82769
-6.82661
-6.82521
-6.82447
-6.82373
-6.82333
-6.82262
-6.82224
-6.82155
-6.82056
-6.82023
-6.81895
-6.81834
-6.81775
-6.81751
-6.81697
-6.81612
-6.81563
-6.81452
-6.81408
-6.81367
-6.81329
-6.81358
-6.81358
-6.81296
-6.8127
-6.81214
-6.81162
-6.81144
-6.8113
-6.81118
-6.81109
-6.81135
-6.81067
-6.80937
-6.80971
-6.80943
-6.80885
-6.80959
-6.8097
-6.80918
-6.80966
-6.81015
-6.81002
