0.799991
0.799949
0.799803
0.799556
0.799209
0.798763
0.798219
0.797577
0.796838
0.796004
0.795075
0.794052
0.792935
0.791726
0.790425
0.789033
0.787553
0.785984
0.784327
0.78258
0.780746
0.778825
0.776818
0.774725
0.772547
0.770284
0.767938
0.765511
0.763003
0.760415
0.757747
0.755002
0.75218
0.749284
0.746315
0.743275
0.740166
0.73699
0.733748
0.730445
0.727082
0.723662
0.720186
0.716659
0.713083
0.709462
0.7058
0.7021
0.698368
0.694607
0.690822
0.687016
0.683194
0.679361
0.67552
0.671677
0.667838
0.664008
0.660192
0.656395
0.652625
0.648884
0.64518
0.641517
0.637901
0.634338
0.630834
0.627393
0.624022
0.620726
0.617511
0.614381
0.61134
0.608395
0.60555
0.602808
0.600176
0.597657
0.595255
0.592974
0.590816
0.588785
0.586885
0.585117
0.583484
0.581988
0.58063
0.579412
0.578335
0.577398
0.576604
0.575951
0.57544
0.575069
0.574838
0.574744
0.574786
0.574963
0.57527
0.575706
0.576267
0.57695
0.577751
0.578666
0.579691
0.580822
0.582054
0.583384
0.584805
0.586313
0.587902
0.589568
0.591304
0.593107
0.59497
0.596887
0.598854
0.600866
0.602917
0.605001
0.607112
0.609246
0.611397
0.613561
0.615731
0.617904
0.620075
0.622238
0.624391
0.626528
0.628645
0.630738
0.632805
0.634842
0.636844
0.638808
0.640732
0.642612
0.644446
0.646231
0.647964
0.649644
0.651267
0.652833
0.65434
0.655786
0.65717
0.658492
0.659749
0.66094
0.662067
0.663128
0.664123
0.665052
0.665914
0.66671
0.66744
0.668104
0.668703
0.669237
0.669708
0.670116
0.670463
0.670749
0.670976
0.671146
0.671259
0.671316
0.671322
0.671275
0.671179
0.671035
0.670846
0.670612
0.670338
0.670025
0.669674
0.669287
0.668865
0.668411
0.667927
0.667416
0.66688
0.666322
0.665742
0.665142
0.664525
0.663893
0.663247
0.662589
0.66192
0.661243
0.66056
0.659872
0.65918
0.658486
0.65779
0.657096
0.656402
0.655711
0.655023
0.654339
0.65366
0.652988
0.652324
0.651667
0.651018
0.650377
0.649745
0.649122
0.648509
0.647904
0.64731
0.646726
0.646151
0.645587
0.645033
0.644489
0.643955
0.643431
0.642918
0.642413
0.641917
0.641429
0.64095
0.640477
0.640011
0.639553
0.639102
0.638656
0.638216
0.637781
0.637349
0.636923
0.6365
0.63608
0.635662
0.635247
0.634833
0.634421
0.63401
0.633599
0.633188
0.632777
0.632365
0.631952
0.631539
0.631124
0.630708
0.630292
0.629874
0.629455
0.629033
0.62861
0.628184
0.627757
0.627329
0.626899
0.626468
0.626038
0.625608
0.625178
0.62475
0.624323
0.623899
0.623478
0.62306
0.622647
0.622239
0.621837
0.621443
0.621057
0.620681
0.620316
0.619962
0.619619
0.61929
0.618974
0.618675
0.618392
0.618128
0.617883
0.617658
0.617454
0.617272
0.617114
0.616979
0.616871
0.616788
0.616733
0.616707
0.616712
0.616748
0.616814
0.616912
0.617042
0.617205
0.617401
0.617632
0.617897
0.618197
0.618531
0.618901
0.619308
0.619751
0.620231
0.620746
0.621298
0.621885
0.622508
0.623165
0.623858
0.624584
0.625344
0.626137
0.626962
0.627818
0.628704
0.629621
0.630567
0.631541
0.632543
0.633572
0.634627
0.635706
0.636808
0.637931
0.639075
0.640238
0.641418
0.642615
0.643828
0.645056
0.646296
0.647548
0.64881
0.650081
0.651361
0.652647
0.653939
0.655237
0.656538
0.657842
0.659148
0.660454
0.66176
0.663066
0.664369
0.66567
0.666967
0.66826
0.669549
0.670833
0.672111
0.673382
0.674644
0.675898
0.677142
0.678378
0.679603
0.680818
0.682023
0.683215
0.684397
0.685567
0.686726
0.687872
0.689005
0.690126
0.691233
0.692328
0.693408
0.694476
0.69553
0.69657
0.697597
0.698609
0.699607
0.70059
0.701558
0.70251
0.703447
0.704367
0.705269
0.706154
0.707019
0.707866
0.708694
0.709501
0.710286
0.711049
0.71179
0.712508
0.713201
0.713868
0.714509
0.715125
0.715713
0.716273
0.716802
0.717301
0.717769
0.718205
0.718607
0.718974
0.719307
0.719602
0.71986
0.720079
0.720258
0.720398
0.720497
0.720553
0.720566
0.720535
0.72046
0.720341
0.720178
0.719968
0.719712
0.719408
0.719058
0.71866
0.718215
0.717723
0.717184
0.716598
0.715964
0.715284
0.714557
0.713784
0.712967
0.712105
0.7112
0.710252
0.709263
0.708232
0.707161
0.706051
0.704904
0.703719
0.702498
0.701242
0.699952
0.698629
0.697274
0.695889
0.694477
0.693037
0.691571
0.69008
0.688566
0.687027
0.685466
0.683884
0.682282
0.680662
0.679025
0.677372
0.675703
0.674019
0.672321
0.670611
0.66889
0.667157
0.665414
0.663662
0.661901
0.660133
0.658357
0.656575
0.654787
0.652994
0.651196
0.649394
0.647588
0.645779
0.643968
0.642155
0.64034
0.638524
0.636708
0.634891
0.633076
0.631261
0.629449
0.62764
0.625832
0.624028
0.622227
0.62043
0.618638
0.616853
0.615073
0.6133
0.611535
0.609778
0.60803
0.606292
0.604566
0.602851
0.601149
0.599461
0.597788
0.596131
0.594491
0.592871
0.59127
0.589691
0.588134
0.586601
0.585093
0.583611
0.582156
0.58073
0.579335
0.577971
0.576642
0.575349
0.574092
0.572873
0.571695
0.570558
0.569464
0.568415
0.567412
0.566455
0.565547
0.56469
0.563885
0.563132
0.562432
0.561786
0.561196
0.560661
0.560182
0.559762
0.5594
0.559096
0.558852
0.558667
0.558541
0.558477
0.558473
0.55853
0.558647
0.558825
0.559061
0.559356
0.55971
0.560122
0.56059
0.561114
0.561692
0.562325
0.563011
0.563749
0.564539
0.565378
0.566266
0.567201
0.568183
0.569209
0.570279
0.571391
0.572544
0.573735
0.574964
0.57623
0.577531
0.578865
0.580231
0.581627
0.583053
0.584507
0.585988
0.587493
0.589023
0.590575
0.592149
0.593743
0.595358
0.596992
0.598644
0.600313
0.601996
0.603694
0.605405
0.607128
0.608863
0.610609
0.612364
0.614129
0.615902
0.617682
0.61947
0.621264
0.623063
0.624866
0.626673
0.628483
0.630295
0.632109
0.633924
0.635741
0.637558
0.639374
0.641189
0.643001
0.64481
0.646616
0.648418
0.650217
0.65201
0.653797
0.655577
0.657351
0.659117
0.660877
0.662628
0.66437
0.666102
0.667825
0.669538
0.67124
0.672931
0.674611
0.67628
0.677937
0.679582
0.681214
0.682836
0.684446
0.686044
0.68763
0.689204
0.690766
0.692314
0.693849
0.695372
0.696882
0.698381
0.699868
0.701344
0.70281
0.704266
0.705711
0.707145
0.708568
0.709981
0.711384
0.712778
0.714162
0.715538
0.716903
0.718258
0.719603
0.720938
0.722262
0.723574
0.724875
0.726163
0.727438
0.728698
0.729942
0.73117
0.732379
0.733569
0.734738
0.735884
0.737006
0.738102
0.739168
0.740205
0.741209
0.742179
0.743111
0.744004
0.744856
0.745663
0.746425
0.747139
0.747804
0.748416
0.748972
0.749471
0.749912
0.75029
0.750605
0.750854
0.751036
0.751147
0.751188
0.751156
0.751052
0.750873
0.750617
0.750284
0.749873
0.749383
0.748814
0.748165
0.747437
0.746629
0.745742
0.744776
0.743731
0.742609
0.741409
0.740135
0.738786
0.737365
0.735872
0.73431
0.73268
0.730984
0.729223
0.7274
0.725518
0.723579
0.721586
0.719541
0.717448
0.71531
0.713129
0.710908
0.708652
0.706362
0.704042
0.701696
0.699327
0.696937
0.69453
0.69211
0.689681
0.687247
0.68481
0.682374
0.679942
0.677516
0.6751
0.672697
0.670311
0.667944
0.6656
0.66328
0.660987
0.658725
0.656496
0.654302
0.652146
0.65003
0.647955
0.645925
0.64394
0.642001
0.64011
0.638268
0.636477
0.634737
0.633049
0.631413
0.629831
0.628303
0.62683
0.625411
0.624047
0.622738
0.621484
0.620285
0.619139
0.618048
0.617011
0.616026
0.615092
0.614208
0.613374
0.612589
0.611851
0.611161
0.610517
0.609917
0.60936
0.608843
0.608367
0.60793
0.60753
0.607166
0.606836
0.60654
0.606276
0.606042
0.605839
0.605663
0.605515
0.605392
0.605295
0.605223
0.605174
0.605146
0.605139
0.60515
0.60518
0.605229
0.605293
0.605375
0.605472
0.605583
0.605709
0.605846
0.605996
0.606156
0.606328
0.606511
0.606703
0.606904
0.607114
0.607334
0.607562
0.607797
0.608039
0.608288
0.608542
0.608802
0.609068
0.60934
0.609617
0.609897
0.61018
0.610466
0.610755
0.611045
0.611337
0.61163
0.611924
0.612218
0.612513
0.612808
0.6131
0.613389
0.613676
0.613959
0.614238
0.614512
0.614782
0.615046
0.615303
0.615554
0.615797
0.616032
0.616257
0.616472
0.616676
0.616869
0.61705
0.617219
0.617376
0.61752
0.617651
0.61777
0.617875
0.617966
0.618044
0.618107
0.618155
0.618188
0.618206
0.61821
0.618198
0.618173
0.618134
0.61808
0.618012
0.617932
0.617838
0.617731
0.617611
0.617478
0.617333
0.617176
0.617009
0.61683
0.616642
0.616446
0.616242
0.61603
0.615812
0.615589
0.615361
0.615129
0.614894
0.614656
0.614416
0.614175
0.613933
0.613692
0.613453
0.613216
0.612982
0.612753
0.612528
0.612308
0.612095
0.611889
0.611691
0.6115
0.61132
0.611149
0.610989
0.610841
0.610706
0.610584
0.610476
0.610382
0.610303
0.610239
0.610189
0.610156
0.61014
0.61014
0.610157
0.610191
0.610242
0.610311
0.610398
0.610503
0.610626
0.610768
0.610929
0.611109
0.611308
0.611526
0.611763
0.612019
0.612294
0.612589
0.612903
0.613236
0.613589
0.613962
0.614355
0.614768
0.6152
0.615651
0.616121
0.61661
0.617118
0.617645
0.618191
0.618756
0.619339
0.61994
0.62056
0.621199
0.621856
0.622531
0.623222
0.623931
0.624657
0.6254
0.62616
0.626936
0.627728
0.628536
0.62936
0.630199
0.631053
0.631922
0.632806
0.633704
0.634616
0.635541
0.636481
0.637434
0.638399
0.639377
0.640368
0.641372
0.642388
0.643416
0.644456
0.645507
0.646569
0.647643
0.648726
0.64982
0.650924
0.652037
0.653159
0.65429
0.655429
0.656576
0.657729
0.65889
0.660058
0.661231
0.66241
0.663594
0.664784
0.665977
0.667175
0.668376
0.66958
0.670787
0.671994
0.673201
0.674407
0.675613
0.676816
0.678017
0.679215
0.680408
0.681595
0.682776
0.68395
0.685116
0.686274
0.68742
0.688555
0.689677
0.690785
0.691878
0.692955
0.694014
0.695055
0.696077
0.697079
0.698059
0.699017
0.699951
0.70086
0.701745
0.702603
0.703432
0.704232
0.705002
0.705741
0.706448
0.707123
0.707764
0.708371
0.708941
0.709476
0.709974
0.710434
0.710856
0.711239
0.711584
0.71189
0.712156
0.712381
0.712565
0.712708
0.71281
0.712869
0.712885
0.71286
0.712792
0.712683
0.712534
0.712343
0.71211
0.711835
0.711519
0.711162
0.710764
0.710325
0.709846
0.709328
0.70877
0.708174
0.70754
0.706866
0.706155
0.705408
0.704625
0.703807
0.702954
0.702068
0.70115
0.7002
0.69922
0.698209
0.697169
0.696101
0.695005
0.693882
0.692735
0.691563
0.690369
0.689153
0.687918
0.686664
0.685392
0.684105
0.682803
0.681489
0.680165
0.67883
0.677485
0.676134
0.674778
0.673417
0.672053
0.670688
0.669323
0.667961
0.666602
0.665248
0.663901
0.662562
0.661235
0.659921
0.658621
0.657337
0.656071
0.654825
0.653601
0.6524
0.651223
0.650072
0.648947
0.647851
0.646784
0.645747
0.644743
0.643774
0.642839
0.641939
0.641076
0.640252
0.639466
0.63872
0.638013
0.637347
0.636722
0.636139
0.635597
0.635098
0.63464
0.634225
0.633852
0.63352
0.633229
0.632979
0.632769
0.632598
0.632467
0.632375
0.632319
0.632301
0.632319
0.632371
0.632455
0.632571
0.632717
0.632891
0.633093
0.63332
0.633571
0.633843
0.634135
0.634445
0.634772
0.635112
0.635466
0.635831
0.636205
0.636585
0.636969
0.637354
0.63774
0.638124
0.638503
0.638876
0.639239
0.639593
0.639933
0.640259
0.640569
0.64086
0.641131
0.641381
0.641606
0.641807
0.64198
0.642124
0.642238
0.642319
0.642367
0.642381
0.64236
0.642302
0.642206
0.64207
0.641895
0.641681
0.641427
0.641131
0.640794
0.640416
0.639996
0.639533
0.639027
0.638479
0.637889
0.637255
0.636578
0.635859
0.635099
0.634299
0.633458
0.632578
0.631661
0.630708
0.629719
0.628695
0.627638
0.626547
0.625426
0.624276
0.623099
0.621896
0.620669
0.619419
0.618149
0.616861
0.615556
0.614236
0.612904
0.611561
0.61021
0.608854
0.607494
0.606134
0.604775
0.603418
0.602067
0.600724
0.599392
0.598073
0.596769
0.595484
0.594219
0.592976
0.591759
0.590568
0.589407
0.588279
0.587186
0.586129
0.585112
0.584134
0.5832
0.58231
0.581469
0.580676
0.579934
0.579245
0.578609
0.578028
0.577504
0.577038
0.576632
0.576288
0.576004
0.575782
0.575622
0.575526
0.575495
0.575528
0.575625
0.575787
0.576014
0.576306
0.576662
0.577082
0.577565
0.578111
0.578719
0.579387
0.580114
0.5809
0.581745
0.582647
0.583603
0.584612
0.585673
0.586784
0.587944
0.589149
0.590399
0.591691
0.593025
0.594397
0.595805
0.597247
0.598721
0.600226
0.601758
0.603316
0.604896
0.606496
0.608114
0.60975
0.611399
0.613059
0.614729
0.616404
0.618085
0.619767
0.621449
0.62313
0.624806
0.626476
0.628137
0.629788
0.631426
0.633051
0.634661
0.636253
0.637827
0.639381
0.640913
0.642422
0.643906
0.645364
0.646795
0.648198
0.649572
0.650915
0.652228
0.653508
0.654756
0.655971
0.657151
0.658296
0.659407
0.660484
0.661526
0.662532
0.663502
0.664438
0.665338
0.666202
0.667029
0.667821
0.668576
0.669297
0.669981
0.670631
0.671246
0.671827
0.672374
0.672889
0.673371
0.67382
0.674237
0.674623
0.674979
0.675304
0.6756
0.675867
0.676106
0.676318
0.676502
0.676659
0.676791
0.676898
0.67698
0.677038
0.677072
0.677084
0.677074
0.677044
0.676993
0.676922
0.676833
0.676727
0.676604
0.676464
0.676308
0.676139
0.675955
0.675757
0.675547
0.675325
0.675092
0.67485
0.674599
0.67434
0.674075
0.673803
0.673526
0.673245
0.672961
0.672675
0.672387
0.672098
0.671809
0.671521
0.671236
0.670953
0.670674
0.6704
0.670132
0.669871
0.669617
0.669373
0.66914
0.668917
0.668705
0.668506
0.668321
0.66815
0.667996
0.667858
0.667737
0.667633
0.667548
0.667481
0.667433
0.667405
0.667398
0.667412
0.667448
0.667505
0.667585
0.667686
0.667811
0.667958
0.668128
0.66832
0.668535
0.668772
0.66903
0.66931
0.669611
0.669934
0.670278
0.670642
0.671028
0.671433
0.671857
0.672299
0.67276
0.673237
0.67373
0.674239
0.674762
0.675299
0.675849
0.676412
0.676986
0.67757
0.678165
0.678769
0.679381
0.68
0.680626
0.681257
0.681892
0.682531
0.68317
0.683808
0.684445
0.685079
0.68571
0.686337
0.686958
0.687572
0.688177
0.688773
0.689358
0.689932
0.690493
0.69104
0.691572
0.69209
0.692592
0.693076
0.693542
0.693988
0.694415
0.694822
0.695207
0.695569
0.695907
0.69622
0.696509
0.696771
0.697008
0.69722
0.697405
0.697564
0.697694
0.697796
0.697869
0.697912
0.697926
0.697911
0.697865
0.697789
0.697684
0.697548
0.697381
0.697183
0.696954
0.696693
0.696401
0.696079
0.695725
0.695341
0.694926
0.694481
0.694006
0.693501
0.692966
0.692401
0.691807
0.691184
0.690533
0.689856
0.689151
0.688419
0.687661
0.686878
0.686071
0.685239
0.684384
0.683507
0.682609
0.68169
0.68075
0.679792
0.678815
0.677821
0.67681
0.675784
0.674744
0.673692
0.672629
0.671554
0.67047
0.669377
0.668278
0.667172
0.666062
0.664949
0.663833
0.662718
0.661603
0.66049
0.65938
0.658274
0.657173
0.656079
0.654993
0.653915
0.652849
0.651794
0.650751
0.649723
0.64871
0.647714
0.646734
0.645772
0.64483
0.643908
0.643007
0.642127
0.641269
0.640434
0.639623
0.638836
0.638072
0.637334
0.636623
0.635937
0.635276
0.634641
0.634032
0.633448
0.632891
0.63236
0.631854
0.631374
0.630919
0.630491
0.630089
0.629711
0.629358
0.629029
0.628724
0.628442
0.628183
0.627947
0.627733
0.62754
0.627369
0.627219
0.62709
0.626982
0.626893
0.626823
0.62677
0.626735
0.626717
0.626715
0.626728
0.626757
0.6268
0.626856
0.626925
0.627006
0.627098
0.627202
0.627315
0.627439
0.627573
0.627715
0.627865
0.628023
0.62819
0.628364
0.628544
0.62873
0.628922
0.62912
0.629323
0.629531
0.629744
0.629962
0.630184
0.630411
0.630643
0.63088
0.631121
0.631367
0.631618
0.631873
0.632134
0.6324
0.632671
0.632947
0.63323
0.633519
0.633814
0.634117
0.634427
0.634743
0.635067
0.635398
0.635737
0.636083
0.636438
0.636803
0.637176
0.637559
0.637951
0.638353
0.638764
0.639186
0.639618
0.64006
0.640512
0.640973
0.641446
0.641929
0.642423
0.642926
0.643437
0.643957
0.644486
0.645023
0.645571
0.646127
0.64669
0.64726
0.647837
0.648419
0.649007
0.649599
0.650195
0.650794
0.651397
0.652002
0.652607
0.653213
0.653818
0.654422
0.655025
0.655624
0.65622
0.65681
0.657395
0.657973
0.658544
0.659107
0.659661
0.660203
0.660735
0.661254
0.66176
0.662252
0.662729
0.663189
0.663633
0.66406
0.664468
0.664857
0.665225
0.665574
0.6659
0.666203
0.666485
0.666742
0.666975
0.667185
0.667369
0.667528
0.667661
0.667769
0.667849
0.667903
0.667929
0.667926
0.667894
0.667833
0.667743
0.667625
0.667478
0.667301
0.667094
0.666859
0.666593
0.666298
0.665975
0.665622
0.66524
0.664829
0.664391
0.663925
0.663432
0.662913
0.662366
0.661794
0.661196
0.660574
0.659929
0.659261
0.65857
0.657856
0.657121
0.656365
0.655588
0.654793
0.653979
0.653149
0.652303
0.651442
0.650566
0.649677
0.648777
0.647866
0.646944
0.646014
0.645077
0.644133
0.643184
0.642233
0.64128
0.640325
0.63937
0.638416
0.637463
0.636515
0.635572
0.634636
0.633708
0.63279
0.631883
0.630989
0.630109
0.629244
0.628398
0.627569
0.62676
0.625973
0.625209
0.62447
0.623757
0.62307
0.62241
0.621779
0.621177
0.620606
0.620067
0.619562
0.619093
0.61866
0.618263
0.617903
0.617581
0.617298
0.617055
0.616853
0.616695
0.616579
0.616506
0.616476
0.61649
0.616548
0.61665
0.616794
0.616983
0.617216
0.617493
0.617813
0.618178
0.618586
0.619037
0.619531
0.620066
0.620644
0.621263
0.621922
0.62262
0.623356
0.624129
0.624938
0.625781
0.626658
0.627567
0.628506
0.629475
0.630472
0.631494
0.632541
0.63361
0.634701
0.63581
0.636937
0.638079
0.639235
0.640402
0.641579
0.642763
0.643954
0.645147
0.646341
0.647535
0.648725
0.64991
0.651088
0.652257
0.653414
0.654558
0.655686
0.656797
0.657888
0.658958
0.660006
0.661029
0.662025
0.662993
0.663932
0.664838
0.665711
0.66655
0.667352
0.668117
0.668844
0.669531
0.670178
0.670781
0.671342
0.671858
0.67233
0.672756
0.673136
0.673469
0.673755
0.673994
0.674185
0.674328
0.674424
0.674472
0.67447
0.674421
0.674324
0.67418
0.673988
0.673748
0.673461
0.673127
0.672746
0.67232
0.671849
0.671334
0.670776
0.670175
0.669533
0.668851
0.66813
0.667372
0.666576
0.665745
0.66488
0.66398
0.66305
0.662089
0.661098
0.66008
0.659035
0.657964
0.656871
0.655754
0.654616
0.653459
0.652286
0.651096
0.649892
0.648675
0.647446
0.646206
0.644957
0.643699
0.642435
0.641164
0.639889
0.63861
0.63733
0.636048
0.634766
0.633486
0.632208
0.630934
0.629664
0.628401
0.627145
0.625898
0.624661
0.623434
0.622218
0.621015
0.619824
0.618646
0.617482
0.616334
0.615201
0.614084
0.612985
0.611903
0.610839
0.609794
0.608768
0.607762
0.606776
0.605812
0.604868
0.603947
0.603048
0.602172
0.601319
0.60049
0.599685
0.598904
0.598149
0.59742
0.596718
0.596043
0.595396
0.594776
0.594184
0.593621
0.593087
0.592582
0.592106
0.59166
0.591245
0.59086
0.590506
0.590183
0.58989
0.589628
0.589396
0.589197
0.589029
0.588894
0.588789
0.588716
0.588674
0.588663
0.588684
0.588736
0.588819
0.588931
0.589074
0.589246
0.589448
0.589678
0.589936
0.59022
0.59053
0.590866
0.591226
0.59161
0.592018
0.592448
0.592899
0.593371
0.593863
0.594373
0.594901
0.595445
0.596004
0.596577
0.597163
0.597762
0.598372
0.598994
0.599626
0.600267
0.600915
0.60157
0.60223
0.602894
0.603561
0.604232
0.604904
0.605577
0.606252
0.606928
0.607603
0.608277
0.60895
0.609621
0.610289
0.610954
0.611616
0.612274
0.612927
0.613576
0.614221
0.61486
0.615495
0.616124
0.616748
0.617367
0.61798
0.618588
0.619191
0.619789
0.620382
0.620969
0.621552
0.622129
0.6227
0.623266
0.623827
0.624382
0.624933
0.625478
0.626017
0.626552
0.627082
0.627606
0.628124
0.628636
0.629143
0.629644
0.630141
0.630632
0.631118
0.631598
0.632073
0.632542
0.633003
0.633459
0.633907
0.634349
0.634783
0.635209
0.635627
0.636036
0.636436
0.636827
0.63721
0.637583
0.637947
0.638301
0.638644
0.638977
0.639302
0.639618
0.639923
0.640218
0.640501
0.640773
0.641034
0.641283
0.641521
0.641747
0.641962
0.642166
0.642359
0.642542
0.642714
0.642875
0.643026
0.643168
0.6433
0.643423
0.643536
0.643642
0.64374
0.64383
0.643914
0.64399
0.644061
0.644127
0.644187
0.644243
0.644296
0.644344
0.64439
0.644435
0.644478
0.64452
0.644563
0.644606
0.64465
0.644696
0.644744
0.644796
0.644851
0.64491
0.644973
0.645042
0.645117
0.645198
0.645285
0.645381
0.645484
0.645596
0.645715
0.645844
0.645981
0.646129
0.646286
0.646454
0.646632
0.646821
0.64702
0.647231
0.647454
0.647689
0.647936
0.648195
0.648464
0.648743
0.649034
0.649335
0.649646
0.649967
0.650298
0.650638
0.650987
0.651346
0.651712
0.652087
0.65247
0.65286
0.653255
0.653657
0.654062
0.654471
0.654882
0.655295
0.655709
0.656122
0.656535
0.656945
0.657352
0.657755
0.658152
0.658543
0.658926
0.6593
0.659664
0.660017
0.660358
0.660684
0.660996
0.661292
0.661571
0.661833
0.662076
0.662299
0.662501
0.662682
0.66284
0.662975
0.663084
0.663168
0.663226
0.663257
0.66326
0.663235
0.663181
0.663097
0.662983
0.662838
0.662662
0.662454
0.662215
0.661945
0.661642
0.661307
0.660939
0.660538
0.660106
0.65964
0.659143
0.658613
0.658054
0.657464
0.656844
0.656193
0.655512
0.6548
0.65406
0.65329
0.652493
0.651669
0.650817
0.64994
0.649039
0.648113
0.647165
0.646195
0.645203
0.644193
0.643162
0.642113
0.641045
0.639962
0.638864
0.637753
0.63663
0.635496
0.634352
0.633199
0.632038
0.63087
0.629697
0.628519
0.627339
0.626157
0.624975
0.623793
0.622615
0.62144
0.620272
0.619109
0.617955
0.616811
0.615677
0.614557
0.61345
0.61236
0.611287
0.610233
0.609198
0.608186
0.607197
0.606234
0.605297
0.604389
0.603509
0.602661
0.601846
0.601064
0.600317
0.599608
0.598937
0.598308
0.59772
0.597176
0.596676
0.596221
0.595814
0.595456
0.595149
0.594893
0.594692
0.594543
0.594449
0.594411
0.594429
0.594505
0.59464
0.594835
0.595089
0.595404
0.595781
0.59622
0.59672
0.597284
0.597911
0.598601
0.599353
0.600168
0.601046
0.601986
0.602987
0.60405
0.605174
0.606356
0.607598
0.608898
0.610255
0.611669
0.613137
0.614658
0.616232
0.617857
0.619531
0.621251
0.623017
0.624825
0.626673
0.62856
0.630482
0.632439
0.634428
0.636445
0.638489
0.640557
0.642648
0.644757
0.646883
0.649023
0.651174
0.653333
0.655497
0.657662
0.659827
0.661989
0.664144
0.666289
0.668423
0.670542
0.672644
0.674725
0.676784
0.678818
0.680824
0.682801
0.684744
0.686653
0.688525
0.690357
0.692147
0.693892
0.695591
0.697243
0.698844
0.700394
0.70189
0.703331
0.704716
0.706043
0.707312
0.70852
0.709667
0.71075
0.71177
0.712725
0.713615
0.714438
0.715196
0.715887
0.716509
0.717063
0.717547
0.717963
0.718309
0.718584
0.71879
0.718926
0.718993
0.718991
0.718921
0.718783
0.718576
0.718303
0.717962
0.717554
0.717079
0.716539
0.715934
0.715265
0.714533
0.713738
0.712882
0.711966
0.710991
0.709959
0.708871
0.707728
0.706531
0.70528
0.703978
0.702625
0.701223
0.699773
0.698276
0.696734
0.69515
0.693523
0.691856
0.690149
0.688405
0.686626
0.684813
0.682968
0.681092
0.679188
0.677256
0.675299
0.673319
0.671317
0.669294
0.667253
0.665194
0.663122
0.661036
0.658938
0.65683
0.654713
0.65259
0.650463
0.648333
0.646202
0.644072
0.641947
0.639826
0.637711
0.635605
0.633509
0.631425
0.629354
0.6273
0.625262
0.623244
0.621248
0.619275
0.617328
0.615408
0.613515
0.611654
0.609824
0.608028
0.606269
0.604549
0.60287
0.601232
0.599639
0.598092
0.596592
0.595142
0.593744
0.592399
0.591107
0.589872
0.588694
0.587575
0.586518
0.585522
0.584592
0.583728
0.582931
0.582201
0.581539
0.580946
0.580424
0.579972
0.579592
0.579284
0.57905
0.57889
0.578804
0.578793
0.578856
0.578993
0.579204
0.579488
0.579845
0.580276
0.58078
0.581356
0.582003
0.58272
0.583507
0.584365
0.58529
0.586283
0.587342
0.588466
0.589651
0.590898
0.592204
0.593569
0.59499
0.596465
0.597992
0.599569
0.601196
0.602869
0.604587
0.606347
0.608149
0.609991
0.611868
0.613781
0.615725
0.6177
0.619701
0.621728
0.623778
0.625848
0.627938
0.630044
0.632163
0.634295
0.636436
0.638585
0.640739
0.642896
0.645055
0.647213
0.649368
0.651517
0.653658
0.655791
0.657912
0.66002
0.662114
0.664189
0.666246
0.668282
0.670295
0.672283
0.674245
0.676178
0.678081
0.679953
0.681793
0.683597
0.685363
0.687091
0.688778
0.690421
0.692021
0.693577
0.695087
0.696548
0.69796
0.699321
0.700629
0.701883
0.703082
0.704224
0.705309
0.706336
0.707304
0.708212
0.709058
0.709841
0.710561
0.711218
0.71181
0.712338
0.712799
0.713194
0.713523
0.713784
0.713978
0.714104
0.714163
0.714155
0.71408
0.713938
0.713728
0.713451
0.713109
0.7127
0.712224
0.711684
0.711078
0.710409
0.709677
0.708883
0.70803
0.707118
0.706146
0.705118
0.704035
0.702898
0.701709
0.700472
0.699186
0.697853
0.696477
0.695058
0.693598
0.6921
0.690566
0.688998
0.687398
0.685768
0.68411
0.682427
0.68072
0.678993
0.677248
0.675487
0.673713
0.671928
0.670136
0.66834
0.666541
0.66474
0.662941
0.661146
0.659356
0.657574
0.655803
0.654045
0.652301
0.650574
0.648864
0.647175
0.645507
0.643862
0.642241
0.640647
0.63908
0.637541
0.636033
0.634556
0.633111
0.6317
0.630323
0.628979
0.627671
0.626398
0.625162
0.623962
0.622798
0.621671
0.620581
0.619528
0.618511
0.617532
0.616591
0.615685
0.614816
0.613983
0.613185
0.612422
0.611694
0.611002
0.610343
0.609717
0.609123
0.608561
0.608031
0.607531
0.607061
0.606621
0.60621
0.605827
0.605471
0.605141
0.604836
0.604557
0.604302
0.604071
0.603863
0.603677
0.603513
0.60337
0.603248
0.603145
0.603062
0.602998
0.602951
0.602923
0.602911
0.602916
0.602937
0.602974
0.603027
0.603094
0.603176
0.603272
0.603381
0.603505
0.603641
0.60379
0.603952
0.604127
0.604315
0.604515
0.604728
0.604952
0.605189
0.605439
0.605701
0.605974
0.606259
0.606554
0.606861
0.607178
0.607506
0.607846
0.608196
0.608556
0.608926
0.609308
0.6097
0.610102
0.610516
0.610939
0.611374
0.611819
0.612273
0.612738
0.613213
0.6137
0.614198
0.614705
0.615223
0.615749
0.616285
0.61683
0.617384
0.617947
0.618518
0.619096
0.619683
0.620278
0.620881
0.62149
0.622106
0.622729
0.623357
0.623992
0.624633
0.62528
0.625933
0.62659
0.627252
0.627919
0.628589
0.629263
0.62994
0.630618
0.631298
0.63198
0.632664
0.633348
0.634033
0.634718
0.635403
0.636087
0.636769
0.637451
0.638131
0.638809
0.639484
0.640156
0.640824
0.641488
0.642148
0.642803
0.643452
0.644097
0.644737
0.645371
0.645999
0.64662
0.647234
0.647842
0.648442
0.649035
0.649621
0.650198
0.650768
0.651329
0.651881
0.652424
0.652959
0.653484
0.654
0.654505
0.655
0.655483
0.655955
0.656417
0.656867
0.657304
0.65773
0.658142
0.658541
0.658925
0.659296
0.659652
0.659993
0.660318
0.660628
0.660921
0.661199
0.66146
0.661704
0.661931
0.662141
0.662332
0.662505
0.662659
0.662793
0.662908
0.663003
0.663079
0.663135
0.66317
0.663185
0.663178
0.663151
0.663102
0.663031
0.662939
0.662824
0.662687
0.662528
0.662347
0.662143
0.661917
0.661671
0.661403
0.661112
0.6608
0.660465
0.660109
0.659731
0.659332
0.658911
0.658471
0.65801
0.657528
0.657026
0.656505
0.655965
0.655407
0.654831
0.654239
0.653629
0.653003
0.65236
0.651703
0.65103
0.650344
0.649644
0.648932
0.648209
0.647473
0.646727
0.645971
0.645206
0.644432
0.64365
0.642862
0.642068
0.64127
0.640466
0.639659
0.638848
0.638035
0.637221
0.636407
0.635593
0.634779
0.633966
0.633156
0.632348
0.631543
0.630744
0.62995
0.629164
0.628385
0.627614
0.626852
0.626099
0.625356
0.624624
0.623903
0.623195
0.6225
0.621818
0.621151
0.620498
0.619862
0.619243
0.618641
0.618057
0.61749
0.616942
0.616413
0.615903
0.615415
0.614948
0.614501
0.614076
0.613673
0.613292
0.612931
0.612594
0.612279
0.611988
0.611719
0.611472
0.611249
0.611047
0.610869
0.610715
0.610583
0.610473
0.610386
0.610321
0.610278
0.610257
0.610258
0.610282
0.610326
0.610392
0.610477
0.610582
0.610706
0.61085
0.611011
0.611191
0.611388
0.611602
0.611833
0.612081
0.612344
0.612622
0.612916
0.613224
0.613546
0.613881
0.614228
0.614588
0.61496
0.615343
0.615738
0.616145
0.616564
0.616993
0.617433
0.617882
0.618339
0.618805
0.619279
0.61976
0.620248
0.620744
0.621246
0.621754
0.622268
0.622789
0.623316
0.623847
0.624384
0.624925
0.625471
0.626021
0.626576
0.627135
0.627698
0.628264
0.628833
0.629406
0.629981
0.63056
0.631141
0.631725
0.632312
0.632901
0.633493
0.634085
0.634679
0.635275
0.63587
0.636467
0.637064
0.637662
0.63826
0.638858
0.639456
0.640052
0.640647
0.641242
0.641834
0.642425
0.643014
0.6436
0.644184
0.644764
0.645341
0.645915
0.646484
0.64705
0.647609
0.648163
0.648711
0.649251
0.649785
0.650312
0.650832
0.651343
0.651846
0.652341
0.652824
0.653297
0.653757
0.654206
0.654642
0.655063
0.655471
0.655863
0.656239
0.656598
0.656941
0.657265
0.65757
0.657854
0.658118
0.65836
0.658579
0.658775
0.658947
0.659093
0.659212
0.659306
0.659374
0.659414
0.659424
0.659405
0.659354
0.659274
0.659161
0.659016
0.658837
0.658624
0.658377
0.658095
0.65778
0.657429
0.657043
0.65662
0.656163
0.655669
0.655139
0.654572
0.653969
0.65333
0.652655
0.651944
0.651199
0.65042
0.649605
0.648756
0.647875
0.646963
0.646019
0.645044
0.64404
0.643008
0.641948
0.640862
0.63975
0.638613
0.637454
0.636272
0.63507
0.633849
0.632612
0.631359
0.630094
0.628816
0.627528
0.626232
0.624931
0.623626
0.622319
0.621012
0.619707
0.618406
0.617113
0.615829
0.614555
0.613295
0.612049
0.610822
0.609614
0.608427
0.607265
0.606129
0.605023
0.603948
0.602906
0.601901
0.600932
0.600004
0.599116
0.598273
0.597475
0.596725
0.596025
0.595377
0.594782
0.594241
0.593755
0.593326
0.592955
0.592644
0.592394
0.592206
0.592081
0.592018
0.592019
0.592085
0.592215
0.592411
0.592672
0.592998
0.593389
0.593844
0.594365
0.594951
0.5956
0.596313
0.597089
0.597927
0.598826
0.599784
0.600802
0.601877
0.603009
0.604197
0.605439
0.606733
0.608078
0.609473
0.610916
0.612407
0.613945
0.615526
0.61715
0.618815
0.620518
0.622259
0.624036
0.625847
0.627691
0.629566
0.631471
0.633403
0.63536
0.637343
0.639348
0.641373
0.643418
0.64548
0.647557
0.649649
0.651753
0.653868
0.655992
0.658123
0.660261
0.662403
0.664547
0.666692
0.668836
0.670978
0.673117
0.675252
0.677379
0.679497
0.681605
0.683702
0.685785
0.687854
0.689905
0.691939
0.693953
0.695946
0.697917
0.699865
0.701787
0.703682
0.705548
0.707384
0.709187
0.710958
0.712695
0.714395
0.716058
0.717681
0.719265
0.720806
0.722305
0.72376
0.725171
0.726536
0.727855
0.729125
0.730345
0.731514
0.732632
0.733696
0.734707
0.735664
0.736565
0.737409
0.738197
0.738926
0.739598
0.740212
0.740766
0.741261
0.741696
0.74207
0.742383
0.742635
0.742827
0.742956
0.743024
0.74303
0.742976
0.74286
0.742682
0.742443
0.742143
0.741784
0.741364
0.740884
0.740345
0.739747
0.739091
0.738377
0.737605
0.736777
0.735893
0.734954
0.733962
0.732916
0.731819
0.730671
0.729474
0.728229
0.726937
0.725601
0.724221
0.722798
0.721334
0.71983
0.718288
0.716709
0.715096
0.713451
0.711773
0.710064
0.708327
0.706563
0.704775
0.702966
0.701137
0.69929
0.697429
0.695554
0.693669
0.691775
0.689873
0.687967
0.68606
0.684155
0.682254
0.680359
0.678471
0.676594
0.67473
0.672882
0.671053
0.669244
0.667459
0.665699
0.663968
0.662267
0.6606
0.658968
0.657373
0.65582
0.65431
0.652845
0.651426
0.650055
0.648734
0.647466
0.646251
0.645091
0.643987
0.642942
0.641956
0.641029
0.640162
0.639356
0.638612
0.637929
0.637308
0.63675
0.636253
0.635817
0.635442
0.635127
0.634873
0.634679
0.634542
0.634462
0.634438
0.634469
0.634551
0.634685
0.634869
0.6351
0.635375
0.635694
0.636054
0.636453
0.63689
0.63736
0.637861
0.638393
0.63895
0.639532
0.640135
0.640756
0.641395
0.642048
0.642712
0.643386
0.644067
0.644753
0.645442
0.646131
0.646817
0.647499
0.648174
0.648841
0.649497
0.650142
0.650773
0.651388
0.651986
0.652565
0.653123
0.653659
0.654171
0.65466
0.655123
0.655561
0.655972
0.656355
0.65671
0.657036
0.657333
0.657599
0.657834
0.658038
0.658212
0.658356
0.65847
0.658554
0.658608
0.658632
0.658626
0.65859
0.658526
0.658433
0.658312
0.658165
0.657991
0.657792
0.657569
0.657324
0.657056
0.656768
0.656459
0.65613
0.655785
0.655423
0.655047
0.654657
0.654254
0.653839
0.653414
0.652981
0.652539
0.652091
0.651639
0.651184
0.650727
0.65027
0.649813
0.64936
0.648912
0.64847
0.648034
0.647607
0.647188
0.646778
0.64638
0.645994
0.645622
0.645264
0.644922
0.644598
0.644291
0.644002
0.643732
0.643482
0.643251
0.643042
0.642853
0.642686
0.642542
0.642421
0.642325
0.642251
0.642201
0.642174
0.64217
0.64219
0.642233
0.642298
0.642386
0.642497
0.64263
0.642786
0.642963
0.643161
0.64338
0.643617
0.643873
0.644146
0.644435
0.644739
0.645058
0.645391
0.645735
0.646089
0.646453
0.646825
0.647203
0.647585
0.647971
0.648359
0.648747
0.649135
0.649519
0.649899
0.650273
0.650638
0.650995
0.65134
0.651673
0.651991
0.652293
0.652578
0.652846
0.653093
0.65332
0.653524
0.653706
0.653863
0.653996
0.654101
0.654179
0.654229
0.65425
0.654242
0.654204
0.654137
0.654041
0.653916
0.65376
0.653574
0.653357
0.653111
0.652835
0.65253
0.652198
0.651837
0.651451
0.651038
0.650601
0.65014
0.649656
0.649151
0.648626
0.648081
0.64752
0.646942
0.64635
0.645747
0.645133
0.64451
0.643878
0.643241
0.642598
0.641953
0.641307
0.64066
0.640016
0.639375
0.638739
0.63811
0.63749
0.63688
0.636282
0.635697
0.635127
0.634574
0.634037
0.633519
0.63302
0.63254
0.632082
0.631645
0.631231
0.630841
0.630476
0.630136
0.629822
0.629534
0.629272
0.629036
0.628826
0.628643
0.628486
0.628356
0.628253
0.628176
0.628125
0.6281
0.6281
0.628128
0.62818
0.628256
0.628356
0.62848
0.628626
0.628793
0.628982
0.629191
0.629419
0.629666
0.629929
0.630208
0.630503
0.630812
0.631134
0.631469
0.631816
0.632172
0.632538
0.632912
0.633294
0.633682
0.634076
0.634474
0.634876
0.63528
0.635686
0.636093
0.636499
0.636904
0.637307
0.637707
0.638103
0.638495
0.638884
0.639268
0.639646
0.640017
0.640382
0.640737
0.641083
0.64142
0.641748
0.642064
0.64237
0.642665
0.642948
0.643219
0.643477
0.643723
0.643956
0.644176
0.644382
0.644573
0.644749
0.64491
0.645055
0.645184
0.645298
0.645396
0.645478
0.645543
0.64559
0.645619
0.645631
0.645625
0.645601
0.645558
0.645497
0.645417
0.645318
0.645199
0.64506
0.644901
0.644722
0.644523
0.644303
0.644063
0.643802
0.643522
0.643221
0.642901
0.642561
0.642202
0.641822
0.641423
0.641004
0.640567
0.640111
0.639636
0.639142
0.63863
0.6381
0.637554
0.636991
0.636412
0.635818
0.63521
0.634586
0.633949
0.6333
0.63264
0.631968
0.631286
0.630595
0.629894
0.629186
0.628471
0.627751
0.627025
0.626295
0.625561
0.624825
0.624087
0.623349
0.622612
0.621876
0.621143
0.620413
0.619687
0.618967
0.618252
0.617544
0.616844
0.616153
0.615473
0.614802
0.614142
0.613494
0.612859
0.612237
0.611628
0.611034
0.610455
0.609892
0.609345
0.608816
0.608304
0.60781
0.607334
0.606877
0.60644
0.606023
0.605625
0.605249
0.604895
0.604563
0.604254
0.603967
0.603703
0.603461
0.603242
0.603045
0.602871
0.602719
0.602589
0.602481
0.602396
0.602332
0.60229
0.602271
0.602275
0.6023
0.602346
0.602414
0.602504
0.602616
0.602747
0.602899
0.603069
0.603258
0.603465
0.603689
0.60393
0.604189
0.604463
0.604752
0.605054
0.60537
0.605699
0.606039
0.606392
0.606756
0.60713
0.607513
0.607904
0.608302
0.608708
0.609119
0.609535
0.609954
0.610375
0.610798
0.611222
0.611646
0.612068
0.612489
0.612908
0.613325
0.613739
0.614149
0.614554
0.614953
0.615347
0.615735
0.616116
0.61649
0.616857
0.617216
0.617567
0.61791
0.618243
0.618569
0.618886
0.619195
0.619496
0.61979
0.620077
0.620359
0.620634
0.620904
0.621169
0.621429
0.621686
0.621941
0.622195
0.622447
0.622701
0.622956
0.623214
0.623475
0.623741
0.624014
0.624295
0.624585
0.624885
0.625195
0.625517
0.625852
0.626202
0.626566
0.626946
0.627344
0.627762
0.628198
0.628654
0.629131
0.62963
0.630153
0.630699
0.63127
0.631865
0.632486
0.633131
0.633802
0.634498
0.63522
0.635967
0.636742
0.637543
0.63837
0.639221
0.640096
0.640995
0.641916
0.642861
0.643827
0.644813
0.64582
0.646846
0.64789
0.648949
0.650025
0.651114
0.652217
0.65333
0.654453
0.655585
0.656725
0.657871
0.659021
0.660175
0.66133
0.662485
0.663639
0.66479
0.665938
0.667081
0.668216
0.669343
0.670461
0.671568
0.672662
0.673743
0.674809
0.675859
0.67689
0.677903
0.678896
0.679867
0.680816
0.681743
0.682646
0.683523
0.684375
0.685201
0.686
0.686773
0.687518
0.688234
0.688921
0.689579
0.690206
0.690803
0.691368
0.691902
0.692406
0.692878
0.693318
0.693728
0.694106
0.694454
0.694772
0.695059
0.695316
0.695544
0.695743
0.695913
0.696055
0.69617
0.696259
0.696322
0.69636
0.696372
0.696361
0.696328
0.696272
0.696197
0.696101
0.695986
0.695854
0.695704
0.69554
0.695361
0.695168
0.694963
0.694747
0.694521
0.694286
0.694045
0.693799
0.693546
0.693291
0.693033
0.692774
0.692513
0.692251
0.69199
0.69173
0.691472
0.691217
0.690966
0.69072
0.690479
0.690245
0.690017
0.689795
0.689579
0.689371
0.689169
0.688976
0.688791
0.688615
0.688446
0.688285
0.68813
0.687982
0.687842
0.687707
0.687578
0.687453
0.687333
0.687216
0.687103
0.686991
0.686879
0.686768
0.686656
0.686542
0.686425
0.686303
0.686176
0.686042
0.685898
0.685745
0.685581
0.685405
0.685216
0.685012
0.684792
0.684556
0.684302
0.684029
0.683736
0.683421
0.683083
0.682722
0.682336
0.681926
0.681491
0.681032
0.680546
0.680033
0.679492
0.678922
0.678325
0.6777
0.677049
0.676371
0.675665
0.674932
0.674172
0.673385
0.672571
0.671731
0.670866
0.669976
0.669062
0.668125
0.667166
0.666185
0.665184
0.664165
0.663129
0.662076
0.661009
0.659928
0.658834
0.65773
0.656616
0.655494
0.654366
0.653233
0.652097
0.650958
0.649819
0.648682
0.647548
0.646418
0.645293
0.644175
0.643066
0.641967
0.64088
0.639806
0.638747
0.637703
0.636675
0.635665
0.634673
0.633701
0.632749
0.631819
0.630913
0.630031
0.629173
0.628342
0.627538
0.62676
0.62601
0.625287
0.624591
0.623924
0.623286
0.622676
0.622095
0.621543
0.621021
0.620528
0.620066
0.619632
0.619229
0.618854
0.618508
0.61819
0.617899
0.617635
0.6174
0.617192
0.61701
0.616853
0.616721
0.616613
0.616528
0.616466
0.616426
0.616409
0.616411
0.616434
0.616477
0.616538
0.616615
0.616708
0.616815
0.616937
0.617072
0.617219
0.617378
0.617546
0.617724
0.617909
0.6181
0.618298
0.6185
0.618705
0.618913
0.619122
0.619331
0.61954
0.619748
0.619954
0.620156
0.620353
0.620545
0.62073
0.620908
0.621077
0.621237
0.621387
0.621526
0.621652
0.621766
0.621867
0.621953
0.622025
0.622081
0.622122
0.622146
0.622153
0.622143
0.622115
0.622068
0.622002
0.621916
0.621811
0.621686
0.62154
0.621374
0.621187
0.620979
0.62075
0.620501
0.62023
0.61994
0.619628
0.619298
0.618948
0.618579
0.618192
0.617786
0.617363
0.616922
0.616466
0.615993
0.615505
0.615003
0.614489
0.613962
0.613424
0.612876
0.612319
0.611756
0.611188
0.610615
0.61004
0.609462
0.608885
0.608308
0.607733
0.607163
0.606598
0.60604
0.60549
0.604951
0.604425
0.603913
0.603416
0.602937
0.602479
0.602042
0.601628
0.601238
0.600874
0.600538
0.600231
0.599955
0.599711
0.599499
0.599322
0.599181
0.599075
0.599007
0.598977
0.598988
0.59904
0.599134
0.59927
0.599449
0.599672
0.599939
0.60025
0.600605
0.601004
0.601447
0.601933
0.602463
0.603036
0.603653
0.60431
0.605009
0.605748
0.606527
0.607345
0.608199
0.60909
0.610015
0.610974
0.611965
0.612988
0.61404
0.615119
0.616225
0.617354
0.618508
0.619682
0.620875
0.622085
0.62331
0.624549
0.625801
0.627062
0.62833
0.629605
0.630883
0.632164
0.633446
0.634727
0.636006
0.637279
0.638547
0.639808
0.64106
0.642301
0.643529
0.644744
0.645943
0.647126
0.648289
0.649432
0.650554
0.651654
0.652729
0.653779
0.654803
0.655799
0.656767
0.657705
0.658615
0.659494
0.66034
0.661155
0.661938
0.662688
0.663403
0.664084
0.66473
0.66534
0.665915
0.666454
0.666957
0.667423
0.667853
0.668247
0.668604
0.668923
0.669206
0.669453
0.669666
0.669844
0.669988
0.670096
0.67017
0.670209
0.670215
0.670187
0.670127
0.670035
0.669911
0.669756
0.66957
0.669354
0.66911
0.668837
0.668537
0.66821
0.667858
0.66748
0.667079
0.666655
0.666208
0.66574
0.665252
0.664743
0.664217
0.663673
0.663115
0.662541
0.661954
0.661354
0.660742
0.660121
0.659491
0.658853
0.658209
0.65756
0.656907
0.656251
0.655593
0.654936
0.654278
0.653623
0.652971
0.652323
0.651682
0.651048
0.650421
0.649802
0.649194
0.648596
0.648008
0.647433
0.646871
0.646322
0.645786
0.645264
0.644758
0.644266
0.643788
0.643326
0.64288
0.64245
0.642035
0.641635
0.641252
0.640885
0.640533
0.640194
0.63987
0.639561
0.639264
0.638981
0.63871
0.638448
0.638195
0.637951
0.637715
0.637486
0.637263
0.637045
0.63683
0.636618
0.636409
0.636201
0.635995
0.635788
0.635579
0.635369
0.635155
0.634938
0.634717
0.63449
0.634258
0.634021
0.633778
0.633529
0.633274
0.633013
0.632746
0.632475
0.632197
0.631914
0.631625
0.631331
0.631032
0.630729
0.630424
0.630116
0.629807
0.629496
0.629185
0.628874
0.628567
0.628262
0.627961
0.627665
0.627376
0.627096
0.626826
0.626567
0.626319
0.626085
0.625864
0.62566
0.625473
0.625304
0.625155
0.625027
0.62492
0.624836
0.624774
0.624737
0.624725
0.624739
0.62478
0.624849
0.624945
0.62507
0.625223
0.625406
0.62562
0.625863
0.626136
0.626439
0.626773
0.627137
0.627531
0.627955
0.62841
0.628895
0.62941
0.629954
0.630525
0.631125
0.631751
0.632404
0.633082
0.633783
0.634507
0.635254
0.636022
0.636809
0.637616
0.638442
0.639286
0.640145
0.641019
0.641907
0.642805
0.643714
0.644633
0.645559
0.646492
0.647429
0.64837
0.649313
0.650257
0.651203
0.652146
0.653087
0.654023
0.654953
0.655877
0.656794
0.657702
0.658599
0.659485
0.660358
0.661218
0.662063
0.662893
0.663706
0.6645
0.665276
0.666031
0.666766
0.66748
0.66817
0.668838
0.669481
0.670098
0.670689
0.671253
0.67179
0.6723
0.672782
0.673234
0.673657
0.674049
0.674411
0.674742
0.675041
0.67531
0.675547
0.675754
0.67593
0.676074
0.676186
0.676265
0.676312
0.676326
0.676309
0.67626
0.676179
0.676067
0.675923
0.675749
0.675546
0.675312
0.675049
0.674758
0.674439
0.674092
0.673719
0.673319
0.672894
0.672444
0.671971
0.671475
0.670956
0.670416
0.669855
0.669276
0.668679
0.668063
0.667432
0.666784
0.666122
0.665448
0.664762
0.664064
0.663355
0.662637
0.66191
0.661176
0.660435
0.659688
0.658937
0.658184
0.657429
0.656673
0.655917
0.655161
0.654407
0.653655
0.652906
0.652162
0.651424
0.650691
0.649964
0.649245
0.648534
0.647832
0.647138
0.646456
0.645785
0.645125
0.644477
0.643839
0.643214
0.642602
0.642004
0.64142
0.640849
0.640294
0.639752
0.639225
0.638713
0.638216
0.637734
0.637269
0.636821
0.63639
0.635974
0.635575
0.635193
0.634827
0.634478
0.634145
0.633827
0.633525
0.633239
0.632969
0.632714
0.632474
0.632249
0.63204
0.631845
0.631665
0.6315
0.63135
0.631213
0.631091
0.630982
0.630887
0.630805
0.630736
0.63068
0.630636
0.630604
0.630584
0.630576
0.630579
0.630593
0.630618
0.630651
0.630694
0.630746
0.630807
0.630876
0.630954
0.631039
0.631131
0.631231
0.631337
0.631448
0.631565
0.631687
0.631815
0.631947
0.632083
0.632224
0.632369
0.632517
0.632668
0.632824
0.632983
0.633145
0.633311
0.633479
0.633649
0.633823
0.633998
0.634177
0.634358
0.634541
0.634726
0.634913
0.635103
0.635296
0.635492
0.635691
0.635891
0.636095
0.636301
0.636511
0.636724
0.636939
0.637158
0.637381
0.637607
0.637837
0.638071
0.638309
0.638552
0.6388
0.639052
0.639308
0.63957
0.639837
0.64011
0.640389
0.640675
0.640968
0.641269
0.641576
0.64189
0.642211
0.64254
0.642875
0.643217
0.643566
0.643922
0.644285
0.644654
0.645031
0.645414
0.645805
0.646202
0.646606
0.647017
0.647434
0.647857
0.648286
0.648723
0.649166
0.649615
0.650071
0.650532
0.651
0.651474
0.651955
0.652441
0.652932
0.653429
0.653932
0.654439
0.65495
0.655465
0.655985
0.656508
0.657035
0.657565
0.658099
0.658636
0.659176
0.659719
0.660264
0.660812
0.661361
0.661911
0.662464
0.663018
0.663573
0.664129
0.664685
0.665243
0.6658
0.666357
0.666914
0.667469
0.668023
0.668576
0.669127
0.669677
0.670224
0.670768
0.671309
0.671845
0.672377
0.672905
0.673428
0.673946
0.674457
0.674961
0.675459
0.67595
0.676435
0.676913
0.677382
0.677842
0.678294
0.678737
0.679172
0.679597
0.680013
0.680418
0.680814
0.681199
0.681574
0.681938
0.68229
0.682631
0.682961
0.68328
0.683588
0.683884
0.68417
0.684445
0.684709
0.684961
0.685202
0.685432
0.68565
0.685857
0.686052
0.686237
0.686412
0.686575
0.686729
0.686872
0.687006
0.68713
0.687246
0.687352
0.687451
0.687542
0.687624
0.687699
0.687768
0.687828
0.687882
0.687928
0.687966
0.687997
0.688021
0.688038
0.68805
0.688057
0.688057
0.68805
0.688037
0.688019
0.687994
0.687962
0.687924
0.687879
0.687826
0.687766
0.687698
0.687623
0.687539
0.687448
0.68735
0.687243
0.687129
0.687006
0.686876
0.686737
0.686589
0.686433
0.686269
0.686095
0.685913
0.685722
0.685523
0.685316
0.685099
0.684874
0.68464
0.684397
0.684146
0.683886
0.683619
0.683342
0.683057
0.682764
0.682463
0.682153
0.681836
0.681512
0.681178
0.680837
0.680488
0.680131
0.679767
0.679396
0.679017
0.678631
0.678239
0.677841
0.677436
0.677025
0.676609
0.676187
0.675758
0.675325
0.674885
0.674441
0.67399
0.673534
0.673073
0.672605
0.672132
0.671653
0.671168
0.670676
0.670179
0.669677
0.66917
0.668658
0.66814
0.667616
0.667086
0.666551
0.66601
0.665466
0.664916
0.664361
0.663802
0.66324
0.662674
0.662103
0.661528
0.660948
0.660364
0.659776
0.659184
0.658589
0.657992
0.657393
0.656792
0.656189
0.655586
0.654982
0.654378
0.653775
0.653173
0.652573
0.651975
0.651381
0.650791
0.650206
0.649626
0.649052
0.648485
0.647925
0.647373
0.646829
0.646293
0.645766
0.64525
0.644743
0.644247
0.643762
0.643288
0.642826
0.642374
0.641935
0.641509
0.641094
0.640692
0.640303
0.639926
0.639562
0.639209
0.63887
0.638543
0.638228
0.637924
0.637632
0.637351
0.63708
0.636819
0.636568
0.636325
0.636091
0.635863
0.635642
0.635427
0.635217
0.635011
0.634808
0.634607
0.634407
0.634208
0.634008
0.633806
0.633602
0.633396
0.633186
0.632972
0.632751
0.632524
0.632289
0.632046
0.631794
0.631531
0.631259
0.630975
0.630679
0.630373
0.630056
0.629727
0.629386
0.629033
0.628668
0.628291
0.627901
0.627499
0.627086
0.626663
0.626228
0.625784
0.625329
0.624866
0.624393
0.623913
0.623426
0.622934
0.622436
0.621935
0.62143
0.620922
0.620413
0.619904
0.619397
0.618891
0.61839
0.617895
0.617404
0.61692
0.616444
0.615977
0.615519
0.615073
0.614638
0.614217
0.61381
0.613417
0.613039
0.612677
0.612332
0.612003
0.611693
0.6114
0.611127
0.610872
0.610636
0.61042
0.610225
0.61005
0.609895
0.609759
0.609643
0.609545
0.609467
0.609407
0.609366
0.609344
0.609339
0.609352
0.609381
0.609425
0.609485
0.609559
0.609646
0.609747
0.609861
