-5.49772
-5.49898
-5.49959
-5.49956
-5.50018
-5.50015
-5.50013
-5.49945
-5.49846
-5.49811
-5.49777
-5.49775
-5.49773
-5.49738
-5.49704
-5.49735
-5.49734
-5.497
-5.49666
-5.49696
-5.49727
-5.49726
-5.49724
-5.49723
-5.49721
-5.49784
-5.49783
-5.49781
-5.49812
-5.49843
-5.49841
-5.4984
-5.49871
-5.49934
-5.49868
-5.49867
-5.49833
-5.49897
-5.49863
-5.49797
-5.49764
-5.49763
-5.49795
-5.49762
-5.49826
-5.49761
-5.4976
-5.4976
-5.49793
-5.49793
-5.49826
-5.49826
-5.49795
-5.49763
-5.49764
-5.49798
-5.49832
-5.49802
-5.49837
-5.49904
-5.49907
-5.4991
-5.49978
-5.4995
-5.49954
-5.49925
-5.4993
-5.49967
-5.50005
-5.49913
-5.49919
-5.4999
-5.49899
-5.49906
-5.49977
-5.49984
-5.49992
-5.50031
-5.50007
-5.50047
-5.5012
-5.50063
-5.50071
-5.50047
-5.50056
-5.50096
-5.50137
-5.50114
-5.50122
-5.50098
-5.50139
-5.50051
-5.5006
-5.50004
-5.4998
-5.49988
-5.49932
-5.49972
-5.4998
-5.49956
-5.49996
-5.50037
-5.49979
-5.49987
-5.49994
-5.49969
-5.49976
-5.49982
-5.49988
-5.49994
-5.5
-5.49909
-5.50011
-5.49951
-5.49956
-5.4996
-5.49899
-5.49935
-5.49906
-5.49942
-5.50009
-5.49979
-5.49949
-5.49983
-5.50016
-5.49985
-5.50017
-5.49985
-5.49952
-5.50016
-5.50112
-5.50176
-5.50141
-5.50171
-5.50169
-5.50101
-5.50163
-5.50095
-5.50026
-5.50022
-5.50018
-5.50013
-5.50073
-5.50101
-5.50096
-5.50058
-5.5015
-5.50209
-5.50236
-5.50198
-5.50193
-5.50187
-5.50149
-5.50111
-5.50073
-5.501
-5.50029
-5.50056
-5.50051
-5.50046
-5.50073
-5.50036
-5.50031
-5.50026
-5.50087
-5.50115
-5.50111
-5.50108
-5.50104
-5.501
-5.50065
-5.50029
-5.50059
-5.50056
-5.50022
-5.49987
-5.49985
-5.49951
-5.49916
-5.49818
-5.49816
-5.49814
-5.49781
-5.49844
-5.49842
-5.49905
-5.49904
-5.49999
-5.5003
-5.50028
-5.50059
-5.50122
-5.50152
-5.50118
-5.50116
-5.50081
-5.50014
-5.50011
-5.49943
-5.49973
-5.49905
-5.4987
-5.49931
-5.49895
-5.49924
-5.49953
-5.49949
-5.49913
-5.49844
-5.49808
-5.49836
-5.498
-5.4986
-5.49824
-5.4982
-5.49816
-5.49812
-5.4984
-5.49869
-5.49897
-5.49894
-5.49858
-5.49887
-5.49949
-5.49978
-5.50008
-5.50038
-5.50068
-5.5013
-5.50096
-5.50094
-5.50125
-5.50124
-5.50058
-5.5009
-5.50121
-5.50089
-5.50089
-5.50121
-5.50121
-5.50155
-5.50123
-5.50157
-5.5019
-5.50127
-5.50129
-5.50066
-5.50004
-5.50006
-5.49943
-5.49914
-5.49949
-5.4992
-5.49858
-5.49829
-5.49832
-5.49803
-5.49709
-5.49712
-5.49716
-5.49719
-5.49723
-5.49758
-5.49762
-5.49733
-5.49704
-5.49675
-5.49711
-5.49747
-5.49718
-5.49689
-5.49725
-5.4976
-5.49763
-5.49734
-5.49769
-5.49772
-5.49807
-5.4981
-5.49812
-5.49815
-5.49817
-5.49819
-5.49821
-5.49823
-5.4989
-5.49891
-5.49893
-5.49927
-5.49929
-5.4993
-5.49867
-5.49965
-5.49966
-5.49967
-5.49967
-5.49903
-5.49969
-5.49969
-5.50002
-5.49938
-5.49971
-5.49971
-5.49939
-5.49939
-5.49907
-5.49907
-5.49907
-5.49843
-5.49843
-5.49777
-5.49745
-5.49744
-5.49744
-5.49776
-5.49807
-5.49807
-5.49741
-5.4974
-5.49674
-5.49673
-5.49737
-5.49768
-5.49734
-5.49765
-5.49763
-5.49729
-5.49695
-5.49725
-5.49691
-5.49753
-5.49686
-5.49651
-5.49714
-5.49711
-5.49578
-5.49608
-5.49637
-5.49634
-5.4963
-5.49594
-5.49558
-5.4949
-5.49518
-5.49514
-5.4951
-5.49538
-5.49502
-5.49401
-5.49461
-5.49522
-5.49518
-5.49546
-5.49541
-5.4957
-5.49501
-5.49464
-5.49493
-5.49586
-5.49582
-5.4961
-5.49574
-5.4957
-5.49631
-5.49596
-5.49657
-5.49686
-5.49683
-5.49745
-5.49742
-5.49772
-5.49769
-5.49734
-5.49796
-5.49827
-5.49857
-5.4979
-5.49724
-5.49722
-5.49753
-5.4972
-5.49654
-5.49653
-5.49652
-5.49684
-5.49651
-5.4965
-5.49553
-5.49553
-5.4952
-5.49488
-5.49488
-5.49521
-5.49554
-5.49522
-5.4949
-5.49524
-5.49525
-5.49493
-5.49462
-5.49431
-5.49465
-5.49499
-5.49532
-5.49566
-5.49568
-5.49505
-5.49507
-5.49477
-5.49479
-5.49481
-5.49483
-5.49421
-5.49455
-5.4949
-5.49493
-5.49528
-5.4953
-5.49533
-5.49536
-5.49538
-5.49541
-5.49479
-5.49481
-5.49451
-5.49422
-5.49457
-5.49427
-5.49494
-5.49529
-5.49532
-5.49469
-5.49504
-5.49507
-5.49509
-5.49479
-5.49416
-5.49516
-5.4955
-5.49552
-5.49586
-5.49587
-5.49556
-5.49525
-5.49559
-5.49528
-5.49464
-5.49464
-5.49562
-5.49563
-5.49595
-5.49563
-5.49628
-5.49661
-5.49693
-5.49692
-5.49692
-5.49691
-5.49658
-5.49657
-5.49688
-5.49655
-5.49556
-5.49555
-5.49521
-5.49487
-5.49518
-5.49613
-5.49612
-5.49577
-5.49543
-5.49541
-5.49475
-5.4944
-5.49374
-5.49339
-5.49403
-5.49401
-5.49432
-5.49495
-5.49493
-5.49492
-5.49458
-5.49489
-5.49455
-5.49454
-5.49453
-5.49453
-5.49452
-5.49549
-5.49516
-5.49483
-5.49548
-5.49451
-5.49386
-5.49387
-5.49452
-5.49453
-5.49486
-5.49487
-5.49521
-5.49587
-5.49621
-5.49687
-5.49656
-5.49626
-5.4966
-5.49695
-5.49697
-5.49699
-5.49637
-5.49639
-5.4961
-5.4958
-5.49582
-5.49585
-5.49588
-5.4959
-5.49561
-5.49563
-5.49566
-5.49536
-5.49506
-5.49509
-5.49576
-5.49513
-5.49483
-5.49452
-5.49421
-5.49391
-5.49392
-5.49458
-5.49459
-5.49427
-5.49363
-5.49396
-5.49428
-5.49428
-5.49395
-5.49394
-5.49457
-5.49488
-5.49519
-5.4955
-5.49547
-5.49545
-5.49542
-5.49539
-5.49503
-5.495
-5.49496
-5.4946
-5.4952
-5.49451
-5.4935
-5.4928
-5.49276
-5.49238
-5.49363
-5.49423
-5.4945
-5.49413
-5.4944
-5.4937
-5.493
-5.49263
-5.49258
-5.49188
-5.49216
-5.49212
-5.4924
-5.49235
-5.49296
-5.49325
-5.49386
-5.49351
-5.49316
-5.49378
-5.49408
-5.49374
-5.49308
-5.49307
-5.49306
-5.49338
-5.49338
-5.49371
-5.49404
-5.49406
-5.49343
-5.49216
-5.49186
-5.49092
-5.49128
-5.491
-5.49104
-5.49206
-5.49212
-5.49282
-5.49256
-5.4923
-5.49204
-5.49211
-5.49251
-5.49291
-5.493
-5.49243
-5.49219
-5.49196
-5.49205
-5.49214
-5.49224
-5.49266
-5.49308
-5.49286
-5.49329
-5.49339
-5.49317
-5.49392
-5.49435
-5.49349
-5.4936
-5.4937
-5.49413
-5.49424
-5.4937
-5.49445
-5.49423
-5.49466
-5.49509
-5.49487
-5.49497
-5.49507
-5.49516
-5.49461
-5.4947
-5.49479
-5.4952
-5.49561
-5.49634
-5.4961
-5.4965
-5.4969
-5.49632
-5.49704
-5.49743
-5.49814
-5.49787
-5.49793
-5.4983
-5.49835
-5.49775
-5.49778
-5.49847
-5.49947
-5.4995
-5.49984
-5.49986
-5.5002
-5.5002
-5.50053
-5.50053
-5.50053
-5.50052
-5.50051
-5.50049
-5.50015
-5.50013
-5.50042
-5.50071
-5.50035
-5.49966
-5.49962
-5.49989
-5.49984
-5.49946
-5.49972
-5.49999
-5.49927
-5.49888
-5.49946
-5.49938
-5.49931
-5.4989
-5.4985
-5.49874
-5.49865
-5.49888
-5.49912
-5.4987
-5.49861
-5.49852
-5.49907
-5.49897
-5.49855
-5.49813
-5.49803
-5.49793
-5.49816
-5.49741
-5.49764
-5.49787
-5.49777
-5.49767
-5.49693
-5.49716
-5.49642
-5.496
-5.49559
-5.49549
-5.49605
-5.49596
-5.49588
-5.49547
-5.49506
-5.49498
-5.49522
-5.49514
-5.49474
-5.49467
-5.49395
-5.49355
-5.49413
-5.49406
-5.49432
-5.49458
-5.49452
-5.49543
-5.49537
-5.49532
-5.49494
-5.49489
-5.49516
-5.49576
-5.49637
-5.49632
-5.49628
-5.49625
-5.49556
-5.49553
-5.49582
-5.49579
-5.49641
-5.49735
-5.49733
-5.49731
-5.49697
-5.49728
-5.49727
-5.49726
-5.49725
-5.49692
-5.49659
-5.49692
-5.49725
-5.49758
-5.49791
-5.49792
-5.49923
-5.4999
-5.50089
-5.50124
-5.50094
-5.50065
-5.50036
-5.50008
-5.50012
-5.50049
-5.50053
-5.50059
-5.50064
-5.50102
-5.50108
-5.50082
-5.5012
-5.5016
-5.50134
-5.50077
-5.50117
-5.50157
-5.50197
-5.50173
-5.50148
-5.50189
-5.5023
-5.50303
-5.50376
-5.50352
-5.50393
-5.50337
-5.50345
-5.50321
-5.50296
-5.50304
-5.50247
-5.50254
-5.50229
-5.50203
-5.50145
-5.50118
-5.50059
-5.50065
-5.50037
-5.50009
-5.50014
-5.50017
-5.50053
-5.50056
-5.50091
-5.5006
-5.50029
-5.50063
-5.50064
-5.50064
-5.49999
-5.50031
-5.50095
-5.50127
-5.50093
-5.50059
-5.49992
-5.49925
-5.49922
-5.4992
-5.49916
-5.49946
-5.49974
-5.49939
-5.49967
-5.49866
-5.49863
-5.49794
-5.49758
-5.49786
-5.49815
-5.49778
-5.49774
-5.49803
-5.49799
-5.49731
-5.49727
-5.49724
-5.49688
-5.49684
-5.49746
-5.49678
-5.49707
-5.49672
-5.49701
-5.49731
-5.49664
-5.49759
-5.49821
-5.49786
-5.49817
-5.49815
-5.49813
-5.49778
-5.49712
-5.49613
-5.49612
-5.4961
-5.49674
-5.49608
-5.49574
-5.49508
-5.49507
-5.49441
-5.49472
-5.49536
-5.49535
-5.49534
-5.4963
-5.4963
-5.49629
-5.49693
-5.49692
-5.49659
-5.49658
-5.4969
-5.49625
-5.49624
-5.49624
-5.49656
-5.49623
-5.49622
-5.49622
-5.49589
-5.49589
-5.49557
-5.49492
-5.49557
-5.49525
-5.49493
-5.49493
-5.49526
-5.49527
-5.49495
-5.49464
-5.4953
-5.49434
-5.49403
-5.49437
-5.49471
-5.49409
-5.49411
-5.49413
-5.49383
-5.49418
-5.49421
-5.49488
-5.49459
-5.4943
-5.49466
-5.49405
-5.49409
-5.49445
-5.4945
-5.49486
-5.49653
-5.4969
-5.49662
-5.497
-5.49608
-5.49645
-5.49715
-5.49785
-5.49661
-5.49699
-5.49769
-5.49743
-5.49651
-5.49689
-5.49662
-5.497
-5.49706
-5.49712
-5.49717
-5.49723
-5.49696
-5.49701
-5.49674
-5.4968
-5.49652
-5.4956
-5.49565
-5.49538
-5.49608
-5.49548
-5.49585
-5.49557
-5.49561
-5.49598
-5.49602
-5.4967
-5.49641
-5.49742
-5.49713
-5.49748
-5.49751
-5.4985
-5.4982
-5.49855
-5.49856
-5.4989
-5.49891
-5.49989
-5.50022
-5.50022
-5.4999
-5.50022
-5.50053
-5.50052
-5.50181
-5.50114
-5.50145
-5.50142
-5.50107
-5.50201
-5.50197
-5.50193
-5.50221
-5.50184
-5.50179
-5.50206
-5.502
-5.50193
-5.50186
-5.50114
-5.50074
-5.50163
-5.50155
-5.50146
-5.50104
-5.50062
-5.50085
-5.50075
-5.50064
-5.50085
-5.50074
-5.50094
-5.50082
-5.5007
-5.50057
-5.50044
-5.50063
-5.50082
-5.50003
-5.49989
-5.49942
-5.49928
-5.49848
-5.49833
-5.49786
-5.49673
-5.49658
-5.49578
-5.49562
-5.49514
-5.49499
-5.49483
-5.49435
-5.49451
-5.49436
-5.49485
-5.49502
-5.49551
-5.49536
-5.49618
-5.49571
-5.49492
-5.49445
-5.49366
-5.4932
-5.49274
-5.49261
-5.49248
-5.493
-5.49288
-5.49341
-5.49362
-5.49417
-5.49374
-5.49364
-5.49388
-5.49347
-5.49404
-5.49364
-5.49325
-5.49287
-5.49217
-5.49213
-5.49242
-5.49239
-5.49269
-5.49203
-5.4917
-5.49138
-5.49106
-5.49076
-5.49014
-5.49018
-5.49054
-5.49092
-5.49066
-5.49073
-5.49113
-5.49122
-5.49099
-5.4911
-5.49153
-5.49165
-5.49081
-5.49127
-5.49077
-5.49125
-5.49108
-5.49124
-5.49174
-5.49192
-5.49242
-5.49261
-5.49474
-5.49462
-5.49482
-5.49567
-5.49621
-5.49642
-5.49567
-5.49588
-5.4961
-5.49665
-5.49655
-5.49677
-5.49699
-5.49689
-5.49711
-5.4983
-5.49917
-5.49971
-5.4996
-5.50014
-5.50003
-5.49991
-5.50076
-5.49999
-5.50018
-5.50037
-5.49991
-5.49912
-5.49833
-5.49883
-5.49899
-5.49948
-5.49931
-5.49978
-5.50025
-5.50136
-5.50117
-5.5013
-5.5011
-5.50154
-5.50197
-5.50207
-5.50282
-5.50291
-5.50299
-5.5034
-5.50379
-5.50386
-5.5036
-5.50398
-5.50338
-5.50374
-5.50378
-5.50349
-5.50482
-5.50549
-5.5055
-5.50584
-5.50487
-5.50455
-5.50487
-5.50518
-5.50484
-5.5045
-5.50447
-5.50477
-5.50538
-5.50502
-5.50368
-5.50364
-5.50262
-5.50191
-5.50186
-5.50115
-5.5014
-5.50133
-5.50158
-5.50151
-5.50175
-5.50135
-5.50191
-5.50215
-5.50238
-5.50197
-5.5022
-5.50242
-5.50297
-5.5032
-5.50245
-5.50234
-5.50256
-5.50277
-5.50234
-5.50191
-5.50115
-5.50136
-5.50125
-5.50081
-5.50037
-5.50058
-5.49982
-5.49906
-5.49894
-5.49915
-5.49936
-5.49957
-5.49881
-5.49869
-5.49858
-5.49879
-5.49868
-5.49793
-5.49782
-5.49739
-5.49728
-5.49718
-5.49707
-5.496
-5.49558
-5.49516
-5.49572
-5.49628
-5.49586
-5.49546
-5.4957
-5.49594
-5.49554
-5.49547
-5.49507
-5.495
-5.49526
-5.4952
-5.49514
-5.49541
-5.49568
-5.49564
-5.49527
-5.49523
-5.49487
-5.49613
-5.49675
-5.4964
-5.49768
-5.49798
-5.49765
-5.49667
-5.49698
-5.49698
-5.49698
-5.49731
-5.49732
-5.49766
-5.49767
-5.49769
-5.49738
-5.49708
-5.49711
-5.49681
-5.4962
-5.49623
-5.49594
-5.49662
-5.49634
-5.49671
-5.49675
-5.49647
-5.49748
-5.49721
-5.4979
-5.49795
-5.49799
-5.49772
-5.49777
-5.49846
-5.49883
-5.49856
-5.49828
-5.49833
-5.49869
-5.49842
-5.49878
-5.49915
-5.49951
-5.49988
-5.49927
-5.49963
-5.49935
-5.49841
-5.4978
-5.49784
-5.49754
-5.49725
-5.49663
-5.49698
-5.49701
-5.49703
-5.49705
-5.49707
-5.49774
-5.49744
-5.49778
-5.49716
-5.49718
-5.4972
-5.49721
-5.49723
-5.49724
-5.49693
-5.49695
-5.49761
-5.49762
-5.49763
-5.49764
-5.49765
-5.49766
-5.49799
-5.498
-5.49833
-5.49899
-5.49932
-5.499
-5.49868
-5.49933
-5.49901
-5.49869
-5.49837
-5.49804
-5.49804
-5.49707
-5.49707
-5.49771
-5.49803
-5.49803
-5.49834
-5.49833
-5.49897
-5.49799
-5.4983
-5.49829
-5.49859
-5.49955
-5.49921
-5.49854
-5.4982
-5.49753
-5.49783
-5.49846
-5.49844
-5.49874
-5.49871
-5.49901
-5.49931
-5.4996
-5.49925
-5.49825
-5.4979
-5.49755
-5.4972
-5.49717
-5.49714
-5.49679
-5.49708
-5.49706
-5.49703
-5.497
-5.49665
-5.49694
-5.49724
-5.49753
-5.49751
-5.49813
-5.49875
-5.49872
-5.49902
-5.49899
-5.49799
-5.49861
-5.49859
-5.49889
-5.49886
-5.49916
-5.49914
-5.49911
-5.49876
-5.49907
-5.49904
-5.49773
-5.4977
-5.498
-5.49863
-5.49861
-5.49891
-5.49889
-5.49823
-5.49854
-5.49819
-5.4985
-5.49784
-5.49782
-5.49781
-5.49747
-5.49746
-5.49713
-5.49679
-5.49646
-5.49613
-5.49612
-5.49644
-5.49676
-5.49708
-5.49708
-5.49675
-5.49675
-5.49708
-5.49676
-5.49612
-5.4958
-5.49581
-5.4955
-5.49551
-5.49682
-5.49651
-5.49652
-5.49654
-5.49623
-5.49657
-5.49626
-5.49629
-5.49566
-5.49536
-5.49538
-5.4954
-5.49575
-5.4948
-5.49483
-5.49485
-5.49488
-5.49393
-5.49363
-5.49366
-5.49271
-5.49274
-5.49211
-5.49278
-5.49281
-5.49348
-5.4935
-5.49352
-5.49387
-5.49356
-5.4939
-5.49457
-5.49426
-5.49461
-5.49527
-5.49497
-5.49433
-5.49467
-5.49469
-5.49438
-5.49439
-5.4944
-5.49473
-5.49442
-5.49443
-5.49411
-5.49477
-5.49478
-5.49447
-5.49447
-5.49416
-5.49384
-5.49352
-5.49385
-5.49386
-5.49419
-5.49419
-5.49485
-5.4955
-5.49615
-5.49584
-5.49584
-5.49552
-5.49552
-5.49618
-5.4965
-5.49683
-5.49683
-5.49651
-5.49651
-5.49651
-5.49652
-5.49652
-5.49684
-5.49652
-5.49749
-5.49684
-5.49684
-5.49684
-5.49716
-5.49716
-5.49748
-5.49747
-5.49682
-5.49714
-5.49713
-5.49713
-5.49615
-5.49744
-5.49679
-5.49743
-5.4971
-5.49709
-5.49676
-5.49675
-5.49674
-5.49673
-5.49639
-5.49639
-5.4967
-5.49669
-5.497
-5.497
-5.49699
-5.49666
-5.49697
-5.49729
-5.49631
-5.49599
-5.49598
-5.49598
-5.49598
-5.4963
-5.49598
-5.49566
-5.49567
-5.49535
-5.496
-5.49634
-5.49668
-5.49735
-5.49672
-5.49641
-5.49611
-5.49646
-5.49649
-5.49652
-5.49623
-5.49692
-5.49599
-5.49635
-5.49639
-5.49579
-5.49649
-5.49621
-5.49594
-5.49567
-5.49508
-5.49514
-5.49487
-5.49493
-5.49564
-5.49603
-5.49641
-5.49648
-5.49622
-5.4966
-5.49699
-5.49802
-5.49873
-5.49976
-5.49918
-5.5002
-5.50091
-5.50129
-5.50134
-5.50106
-5.50144
-5.50148
-5.5012
-5.50123
-5.50224
-5.50292
-5.50263
-5.50233
-5.50267
-5.50237
-5.50238
-5.50239
-5.50239
-5.50272
-5.50272
-5.50238
-5.5014
-5.50204
-5.50169
-5.50199
-5.50197
-5.50096
-5.50093
-5.50024
-5.49988
-5.49918
-5.49913
-5.49908
-5.49935
-5.49994
-5.49923
-5.49917
-5.4991
-5.49903
-5.49961
-5.49986
-5.49946
-5.4997
-5.4993
-5.4989
-5.49849
-5.49841
-5.49865
-5.49857
-5.49849
-5.49776
-5.498
-5.49727
-5.49719
-5.49776
-5.49768
-5.49695
-5.4972
-5.49744
-5.49769
-5.49827
-5.4982
-5.49845
-5.49806
-5.49703
-5.49794
-5.49789
-5.49816
-5.49811
-5.49838
-5.49801
-5.49862
-5.49858
-5.49855
-5.49819
-5.49849
-5.49847
-5.49845
-5.49843
-5.49842
-5.50036
-5.49971
-5.50035
-5.501
-5.50068
-5.50037
-5.50006
-5.49975
-5.5001
-5.50045
-5.5008
-5.49985
-5.50021
-5.50057
-5.50094
-5.50098
-5.50102
-5.50106
-5.50079
-5.50019
-5.50056
-5.50126
-5.50099
-5.5004
-5.49948
-5.49986
-5.50024
-5.5003
-5.49906
-5.49945
-5.49918
-5.49924
-5.49897
-5.49935
-5.49941
-5.49979
-5.49984
-5.4999
-5.49963
-5.49968
-5.49973
-5.50074
-5.50112
-5.50148
-5.50153
-5.50157
-5.50226
-5.50263
-5.50266
-5.50173
-5.50176
-5.50147
-5.50183
-5.50218
-5.50188
-5.50223
-5.5016
-5.50195
-5.50262
-5.50264
-5.502
-5.50105
-5.50041
-5.50075
-5.50043
-5.50077
-5.50045
-5.50046
-5.50047
-5.50079
-5.50079
-5.50047
-5.50047
-5.50047
-5.50046
-5.49981
-5.49948
-5.49948
-5.49947
-5.49947
-5.49946
-5.5001
-5.50009
-5.50073
-5.50104
-5.50071
-5.50102
-5.50068
-5.50067
-5.50131
-5.50065
-5.50128
-5.50063
-5.50094
-5.5006
-5.49961
-5.49992
-5.49926
-5.49925
-5.49923
-5.49922
-5.4992
-5.49919
-5.49949
-5.50045
-5.50011
-5.49977
-5.5004
-5.50039
-5.50102
-5.501
-5.50066
-5.50032
-5.49998
-5.49932
-5.49833
-5.49832
-5.49863
-5.49829
-5.49827
-5.49858
-5.49825
-5.49791
-5.4979
-5.49756
-5.49722
-5.49689
-5.4972
-5.49719
-5.4962
-5.4962
-5.49618
-5.4965
-5.49649
-5.49681
-5.49647
-5.49646
-5.49711
-5.49742
-5.49709
-5.49708
-5.49773
-5.49837
-5.49707
-5.49642
-5.49577
-5.49609
-5.49641
-5.49673
-5.49575
-5.49607
-5.49672
-5.49672
-5.49736
-5.49703
-5.49703
-5.49735
-5.49767
-5.49766
-5.4983
-5.49862
-5.49829
-5.49796
-5.49827
-5.49826
-5.49857
-5.49824
-5.49855
-5.49886
-5.49916
-5.49947
-5.49945
-5.49911
-5.49908
-5.49939
-5.49904
-5.49901
-5.49898
-5.49896
-5.4986
-5.49825
-5.49822
-5.49754
-5.49783
-5.4978
-5.49777
-5.49709
-5.49705
-5.49669
-5.49634
-5.49631
-5.4966
-5.49657
-5.49719
-5.49716
-5.49713
-5.49743
-5.49773
-5.49673
-5.49671
-5.49669
-5.49667
-5.49763
-5.49762
-5.49793
-5.49792
-5.49792
-5.49759
-5.49823
-5.49856
-5.49759
-5.49759
-5.49695
-5.49696
-5.49762
-5.49763
-5.49764
-5.4983
-5.49864
-5.49801
-5.49835
-5.49804
-5.49806
-5.49872
-5.49777
-5.49812
-5.49749
-5.49751
-5.49818
-5.49755
-5.49757
-5.49759
-5.49663
-5.49697
-5.49667
-5.49733
-5.49735
-5.49737
-5.49739
-5.49708
-5.49741
-5.4971
-5.49615
-5.49681
-5.49714
-5.49748
-5.49749
-5.49751
-5.49784
-5.49721
-5.49754
-5.49723
-5.49724
-5.4966
-5.49662
-5.4963
-5.49631
-5.49633
-5.49634
-5.49635
-5.49636
-5.4967
-5.49671
-5.49608
-5.49641
-5.49642
-5.49579
-5.4958
-5.49581
-5.49582
-5.49615
-5.49616
-5.49487
-5.49488
-5.49489
-5.49489
-5.4949
-5.49458
-5.49491
-5.49427
-5.49459
-5.49427
-5.49427
-5.49427
-5.4946
-5.4946
-5.49524
-5.49524
-5.49556
-5.49523
-5.49555
-5.49586
-5.49618
-5.49649
-5.49745
-5.49744
-5.49743
-5.4971
-5.49838
-5.49901
-5.499
-5.49898
-5.49961
-5.50056
-5.50021
-5.49987
-5.4992
-5.50047
-5.50045
-5.50043
-5.49976
-5.49941
-5.50003
-5.50033
-5.50095
-5.50092
-5.50025
-5.50022
-5.50052
-5.50082
-5.50014
-5.50012
-5.49977
-5.49909
-5.49939
-5.49871
-5.49837
-5.49769
-5.49767
-5.49765
-5.49762
-5.49792
-5.49758
-5.49723
-5.49754
-5.49752
-5.49782
-5.49748
-5.49844
-5.49842
-5.49841
-5.49905
-5.49871
-5.49838
-5.49805
-5.49869
-5.49901
-5.49868
-5.49803
-5.49771
-5.49706
-5.49707
-5.49772
-5.49773
-5.49806
-5.49774
-5.49775
-5.49744
-5.49713
-5.49682
-5.49651
-5.49653
-5.49622
-5.49592
-5.49562
-5.49564
-5.49598
-5.49633
-5.4957
-5.4954
-5.4951
-5.49448
-5.49451
-5.49518
-5.49585
-5.4962
-5.4959
-5.49592
-5.49595
-5.49565
-5.49503
-5.49505
-5.49507
-5.49607
-5.49577
-5.49514
-5.49516
-5.4955
-5.49617
-5.49587
-5.49621
-5.49655
-5.49657
-5.49627
-5.49628
-5.4963
-5.49631
-5.49665
-5.49667
-5.49701
-5.49702
-5.49704
-5.49673
-5.49674
-5.49676
-5.49612
-5.49678
-5.4968
-5.49746
-5.49748
-5.49782
-5.49784
-5.49721
-5.49723
-5.49757
-5.49727
-5.49761
-5.49731
-5.49701
-5.49671
-5.49706
-5.49708
-5.49679
-5.49682
-5.49685
-5.49688
-5.49626
-5.4963
-5.49633
-5.49637
-5.49608
-5.49645
-5.49616
-5.49653
-5.4956
-5.49565
-5.49569
-5.49574
-5.49611
-5.49616
-5.49653
-5.49626
-5.49663
-5.49604
-5.49577
-5.4955
-5.49587
-5.4969
-5.49695
-5.49701
-5.49674
-5.49679
-5.49652
-5.49592
-5.4963
-5.49603
-5.49672
-5.49677
-5.49715
-5.49784
-5.49789
-5.49793
-5.49798
-5.49834
-5.49774
-5.49843
-5.49814
-5.4985
-5.49853
-5.49856
-5.49762
-5.49798
-5.498
-5.49802
-5.49837
-5.49903
-5.49969
-5.49971
-5.50037
-5.50037
-5.5007
-5.50103
-5.50038
-5.50005
-5.50102
-5.50068
-5.50132
-5.50195
-5.50258
-5.50191
-5.50221
-5.50218
-5.50247
-5.50211
-5.5024
-5.50204
-5.50232
-5.50195
-5.50223
-5.5025
-5.50277
-5.50304
-5.50331
-5.50292
-5.50318
-5.50311
-5.50337
-5.50298
-5.5029
-5.50283
-5.50275
-5.50236
-5.5026
-5.5022
-5.50212
-5.50139
-5.50099
-5.50058
-5.5005
-5.50009
-5.49968
-5.49992
-5.50016
-5.50041
-5.50032
-5.50024
-5.49984
-5.50008
-5.5
-5.50025
-5.50082
-5.50107
-5.50132
-5.50158
-5.50086
-5.50047
-5.50041
-5.50002
-5.50029
-5.50088
-5.50148
-5.50143
-5.50138
-5.50166
-5.50194
-5.50158
-5.50154
-5.50216
-5.50278
-5.50276
-5.50273
-5.50272
-5.50303
-5.50269
-5.50301
-5.503
-5.50235
-5.50235
-5.50203
-5.50171
-5.50172
-5.50206
-5.5024
-5.50209
-5.50178
-5.5018
-5.50183
-5.50153
-5.50091
-5.50061
-5.50064
-5.50002
-5.49973
-5.49944
-5.49916
-5.49919
-5.49955
-5.49959
-5.49963
-5.50031
-5.50067
-5.50038
-5.49945
-5.49981
-5.50017
-5.50085
-5.49991
-5.49995
-5.49933
-5.49872
-5.49842
-5.49845
-5.49783
-5.49753
-5.49723
-5.49693
-5.49662
-5.49632
-5.49666
-5.49635
-5.49734
-5.498
-5.49833
-5.49769
-5.49802
-5.49868
-5.49836
-5.49771
-5.49771
-5.49771
-5.49771
-5.49771
-5.49738
-5.49705
-5.49672
-5.4964
-5.49736
-5.49671
-5.4967
-5.49702
-5.49669
-5.49637
-5.49669
-5.49636
-5.49668
-5.49636
-5.49701
-5.49669
-5.49605
-5.49605
-5.49606
-5.4964
-5.49609
-5.49578
-5.4958
-5.49615
-5.4965
-5.49717
-5.49818
-5.49854
-5.49858
-5.49926
-5.49899
-5.49903
-5.49876
-5.49914
-5.50017
-5.49991
-5.49965
-5.50004
-5.50043
-5.50148
-5.5009
-5.50098
-5.50041
-5.50081
-5.50057
-5.50065
-5.50073
-5.50049
-5.50058
-5.50066
-5.50009
-5.50082
-5.5009
-5.50098
-5.50106
-5.50146
-5.50089
-5.50063
-5.5007
-5.50076
-5.50114
-5.50217
-5.50158
-5.50195
-5.5007
-5.50106
-5.50013
-5.50015
-5.49985
-5.50019
-5.50021
-5.49989
-5.49828
-5.49827
-5.49827
-5.49825
-5.49791
-5.49821
-5.49785
-5.49782
-5.49843
-5.4987
-5.4993
-5.49925
-5.49854
-5.49848
-5.49906
-5.49964
-5.49924
-5.49917
-5.49909
-5.49836
-5.49859
-5.4985
-5.49809
-5.49832
-5.49758
-5.49748
-5.4977
-5.4976
-5.49782
-5.49771
-5.49761
-5.4975
-5.49707
-5.49825
-5.49782
-5.49739
-5.49793
-5.49782
-5.4977
-5.49662
-5.49748
-5.49608
-5.49629
-5.49554
-5.49543
-5.49565
-5.49587
-5.49609
-5.49631
-5.4962
-5.49675
-5.49632
-5.49623
-5.49613
-5.49603
-5.49594
-5.49585
-5.49512
-5.49438
-5.49398
-5.4939
-5.49414
-5.49407
-5.49399
-5.49295
-5.49321
-5.49444
-5.49438
-5.49497
-5.49427
-5.49454
-5.49482
-5.4951
-5.49538
-5.49567
-5.49596
-5.49626
-5.49656
-5.49654
-5.49716
-5.49748
-5.49747
-5.49649
-5.49681
-5.49681
-5.49714
-5.49683
-5.49684
-5.49589
-5.49591
-5.49626
-5.49694
-5.49729
-5.49668
-5.49607
-5.49644
-5.49681
-5.49621
-5.49756
-5.49729
-5.49703
-5.49709
-5.49747
-5.49754
-5.4976
-5.49735
-5.49742
-5.49749
-5.49756
-5.49796
-5.49771
-5.49714
-5.49721
-5.49729
-5.49769
-5.49647
-5.49622
-5.49597
-5.49605
-5.49612
-5.4962
-5.49594
-5.49472
-5.49479
-5.49454
-5.49525
-5.49596
-5.49635
-5.49609
-5.49583
-5.49589
-5.49594
-5.49568
-5.49638
-5.49675
-5.4968
-5.49653
-5.49625
-5.49662
-5.49731
-5.49671
-5.49642
-5.49646
-5.49618
-5.49621
-5.49754
-5.49725
-5.49729
-5.49765
-5.49736
-5.49804
-5.49807
-5.4981
-5.49813
-5.49816
-5.49819
-5.4979
-5.49826
-5.49861
-5.49865
-5.49835
-5.49904
-5.49907
-5.49878
-5.49881
-5.4995
-5.49986
-5.49989
-5.4996
-5.49932
-5.50032
-5.50004
-5.5004
-5.50076
-5.50047
-5.50051
-5.50087
-5.50091
-5.50094
-5.50098
-5.50166
-5.50105
-5.50141
-5.50144
-5.50212
-5.50215
-5.50218
-5.50123
-5.50158
-5.50128
-5.50098
-5.50133
-5.50232
-5.50234
-5.50235
-5.50269
-5.50141
-5.50174
-5.50207
-5.50241
-5.50241
-5.50306
-5.50371
-5.50274
-5.50306
-5.50338
-5.50273
-5.5024
-5.50206
-5.50173
-5.50139
-5.50138
-5.50104
-5.50102
-5.50165
-5.50164
-5.50032
-5.50062
-5.50093
-5.50058
-5.50088
-5.50086
-5.50083
-5.50016
-5.50013
-5.50043
-5.5004
-5.5007
-5.50035
-5.50065
-5.50062
-5.50027
-5.49959
-5.49924
-5.49921
-5.49918
-5.49948
-5.50009
-5.50006
-5.49971
-5.49936
-5.49901
-5.49962
-5.49991
-5.49956
-5.49953
-5.49885
-5.49914
-5.4991
-5.49875
-5.49839
-5.49836
-5.49832
-5.49829
-5.49825
-5.49854
-5.49851
-5.49847
-5.49811
-5.4984
-5.49804
-5.49767
-5.49796
-5.4976
-5.49756
-5.49752
-5.49813
-5.49777
-5.49773
-5.49737
-5.49733
-5.49794
-5.49823
-5.49851
-5.49847
-5.49843
-5.49937
-5.49868
-5.49897
-5.49861
-5.4989
-5.49854
-5.49883
-5.49847
-5.49811
-5.49808
-5.4974
-5.49736
-5.49701
-5.49665
-5.49662
-5.49659
-5.49656
-5.49654
-5.49651
-5.49649
-5.49679
-5.49709
-5.49674
-5.49673
-5.49671
-5.49637
-5.49635
-5.49634
-5.496
-5.49632
-5.49599
-5.4976
-5.4976
-5.49759
-5.49824
-5.49889
-5.49857
-5.49858
-5.49858
-5.49892
-5.49893
-5.49894
-5.49928
-5.49898
-5.49867
-5.49869
-5.49872
-5.49939
-5.4991
-5.49945
-5.49883
-5.49854
-5.49826
-5.49797
-5.49834
-5.49838
-5.49842
-5.49846
-5.49851
-5.49855
-5.4986
-5.49865
-5.4987
-5.4981
-5.49815
-5.49821
-5.49826
-5.49864
-5.49902
-5.49875
-5.49783
-5.49756
-5.49761
-5.49767
-5.49772
-5.49777
-5.49718
-5.49723
-5.49729
-5.49734
-5.49739
-5.49776
-5.49748
-5.49688
-5.49693
-5.49729
-5.49766
-5.49802
-5.49774
-5.49745
-5.49749
-5.49752
-5.49723
-5.49727
-5.49697
-5.49765
-5.49768
-5.49738
-5.49708
-5.49678
-5.49615
-5.49682
-5.49683
-5.4975
-5.49783
-5.49817
-5.49785
-5.49786
-5.49755
-5.49755
-5.4982
-5.49885
-5.49885
-5.4982
-5.49852
-5.49819
-5.49786
-5.49785
-5.49784
-5.4975
-5.49781
-5.49844
-5.49842
-5.49807
-5.49773
-5.49706
-5.49768
-5.49765
-5.49827
-5.49857
-5.49853
-5.4985
-5.49749
-5.49778
-5.49774
-5.49706
-5.49637
-5.49632
-5.4966
-5.49656
-5.49619
-5.49614
-5.49641
-5.49636
-5.49534
-5.49593
-5.49588
-5.49615
-5.49577
-5.49636
-5.49662
-5.49656
-5.49585
-5.49579
-5.49541
-5.49567
-5.49561
-5.49458
-5.49452
-5.49446
-5.49407
-5.49498
-5.49524
-5.49453
-5.49382
-5.49376
-5.49402
-5.49364
-5.49423
-5.49417
-5.49379
-5.49438
-5.49465
-5.4946
-5.49487
-5.49449
-5.49444
-5.49439
-5.49532
-5.49527
-5.49523
-5.49454
-5.4945
-5.49446
-5.49378
-5.49374
-5.49371
-5.49368
-5.49398
-5.49395
-5.4936
-5.49326
-5.49324
-5.49193
-5.4916
-5.49126
-5.49125
-5.49092
-5.49188
-5.49188
-5.49156
-5.49188
-5.49221
-5.49254
-5.49255
-5.49288
-5.49256
-5.49258
-5.49259
-5.49293
-5.49295
-5.49297
-5.49234
-5.49204
-5.49174
-5.49144
-5.49146
-5.49117
-5.49185
-5.4922
-5.49191
-5.49194
-5.49262
-5.492
-5.49236
-5.49272
-5.49276
-5.49215
-5.49186
-5.49223
-5.49227
-5.49199
-5.49171
-5.49046
-5.49083
-5.49087
-5.49124
-5.49129
-5.49166
-5.49171
-5.49241
-5.49247
-5.49252
-5.49225
-5.49231
-5.49237
-5.49275
-5.49378
-5.49385
-5.49327
-5.49366
-5.4934
-5.49348
-5.49355
-5.49297
-5.49305
-5.4928
-5.49353
-5.49296
-5.49304
-5.49312
-5.49321
-5.49265
-5.49338
-5.4938
-5.49356
-5.4943
-5.49408
-5.49417
-5.49394
-5.49404
-5.49478
-5.49488
-5.49531
-5.49573
-5.49583
-5.49625
-5.49667
-5.49677
-5.49719
-5.49664
-5.49707
-5.49716
-5.49725
-5.49702
-5.49744
-5.49785
-5.49826
-5.49899
-5.49908
-5.49851
-5.49891
-5.49995
-5.50003
-5.50009
-5.49983
-5.49957
-5.50027
-5.50033
-5.50037
-5.49945
-5.50014
-5.49953
-5.49924
-5.49959
-5.49961
-5.49995
-5.49997
-5.49933
-5.49869
-5.49869
-5.49869
-5.499
-5.49899
-5.49929
-5.50024
-5.50054
-5.50051
-5.50079
-5.50075
-5.50103
-5.50131
-5.50093
-5.50185
-5.50179
-5.5014
-5.50133
-5.50093
-5.50053
-5.5011
-5.50167
-5.50224
-5.50215
-5.50238
-5.50229
-5.50219
-5.50177
-5.50168
-5.5019
-5.50244
-5.50234
-5.50223
-5.50212
-5.50169
-5.5019
-5.50147
-5.50135
-5.50091
-5.50048
-5.50036
-5.50057
-5.50046
-5.50002
-5.50022
-5.50011
-5.50064
-5.50053
-5.50106
-5.50127
-5.50084
-5.50105
-5.50029
-5.49986
-5.49975
-5.49997
-5.50019
-5.50041
-5.49998
-5.49956
-5.49946
-5.49839
-5.49798
-5.49853
-5.49942
-5.49933
-5.49893
-5.49917
-5.49877
-5.49805
-5.49766
-5.49792
-5.49688
-5.49683
-5.49677
-5.4964
-5.49603
-5.49631
-5.49627
-5.49559
-5.49556
-5.49619
-5.49617
-5.4968
-5.49679
-5.49711
-5.49678
-5.49614
-5.49679
-5.49681
-5.4965
-5.49684
-5.49655
-5.49722
-5.49726
-5.49729
-5.49733
-5.49737
-5.49741
-5.49778
-5.49815
-5.4982
-5.49793
-5.4983
-5.49868
-5.49906
-5.49943
-5.49916
-5.49922
-5.49894
-5.49964
-5.49937
-5.49909
-5.49946
-5.49918
-5.4989
-5.49894
-5.49963
-5.49934
-5.49969
-5.50005
-5.49975
-5.5001
-5.50044
-5.50079
-5.49983
-5.49953
-5.49921
-5.49955
-5.49956
-5.49989
-5.50022
-5.50022
-5.49989
-5.50022
-5.49989
-5.49957
-5.49892
-5.49891
-5.49988
-5.50052
-5.50149
-5.50116
-5.50116
-5.50115
-5.50115
-5.50115
-5.50147
-5.50115
-5.50082
-5.5005
-5.5005
-5.50018
-5.49986
-5.49858
-5.49891
-5.4986
-5.49926
-5.49927
-5.49929
-5.49995
-5.49997
-5.49999
-5.49969
-5.50004
-5.49942
-5.49945
-5.49948
-5.49919
-5.4989
-5.49894
-5.49865
-5.49901
-5.49873
-5.49812
-5.49848
-5.49852
-5.49889
-5.49926
-5.4993
-5.49934
-5.49971
-5.49976
-5.4998
-5.50017
-5.49989
-5.50026
-5.5003
-5.50035
-5.50039
-5.50043
-5.50047
-5.50116
-5.5012
-5.50157
-5.50096
-5.50067
-5.50039
-5.50042
-5.50111
-5.50081
-5.50052
-5.50088
-5.50058
-5.49996
-5.49967
-5.49969
-5.49939
-5.49974
-5.49912
-5.49914
-5.49916
-5.49918
-5.49984
-5.49985
-5.50019
-5.49988
-5.49956
-5.50054
-5.50088
-5.50056
-5.50056
-5.49992
-5.49959
-5.49862
-5.49861
-5.49829
-5.49763
-5.49794
-5.49728
-5.49662
-5.49661
-5.49691
-5.49721
-5.49719
-5.49652
-5.49617
-5.49614
-5.49611
-5.49575
-5.49539
-5.49535
-5.49628
-5.49559
-5.49523
-5.49583
-5.49578
-5.4954
-5.49535
-5.4953
-5.49525
-5.49552
-5.49546
-5.49605
-5.49632
-5.49626
-5.4962
-5.49613
-5.4951
-5.49504
-5.49498
-5.49493
-5.49519
-5.49546
-5.49443
-5.49438
-5.494
-5.49395
-5.4939
-5.49418
-5.49479
-5.49442
-5.49503
-5.495
-5.49561
-5.49591
-5.49588
-5.49521
-5.49454
-5.49485
-5.49452
-5.49451
-5.4945
-5.49418
-5.49385
-5.49386
-5.49452
-5.49453
-5.49519
-5.49522
-5.49556
-5.49591
-5.49659
-5.4963
-5.49602
-5.49605
-5.4961
-5.49517
-5.49489
-5.49624
-5.49662
-5.49603
-5.49576
-5.4955
-5.49523
-5.49529
-5.49471
-5.49413
-5.4942
-5.49426
-5.49433
-5.4944
-5.49479
-5.49519
-5.49526
-5.49565
-5.49539
-5.49546
-5.49521
-5.49462
-5.49437
-5.49411
-5.49417
-5.49391
-5.49429
-5.49467
-5.49473
-5.49544
-5.49517
-5.49554
-5.49526
-5.49563
-5.49567
-5.49571
-5.49574
-5.49577
-5.49547
-5.4955
-5.49552
-5.49521
-5.49522
-5.49523
-5.49524
-5.49556
-5.49589
-5.49588
-5.49587
-5.49554
-5.49584
-5.49647
-5.49612
-5.4961
-5.49574
-5.49571
-5.49568
-5.49531
-5.4956
-5.4962
-5.49615
-5.4961
-5.49573
-5.49535
-5.49529
-5.49524
-5.4955
-5.49577
-5.4957
-5.49531
-5.4946
-5.49518
-5.49511
-5.49569
-5.49563
-5.49426
-5.4942
-5.4938
-5.49406
-5.49431
-5.49489
-5.49515
-5.49508
-5.49501
-5.49462
-5.49488
-5.49449
-5.49443
-5.49404
-5.4943
-5.49554
-5.49483
-5.4938
-5.49439
-5.49466
-5.49428
-5.49454
-5.49481
-5.49509
-5.49503
-5.49498
-5.49493
-5.49456
-5.49484
-5.49382
-5.49443
-5.49439
-5.495
-5.49528
-5.49524
-5.4952
-5.49517
-5.49514
-5.49478
-5.49475
-5.49505
-5.49405
-5.49403
-5.49368
-5.49334
-5.49396
-5.49395
-5.49329
-5.49327
-5.49326
-5.49325
-5.49292
-5.49259
-5.49226
-5.49259
-5.49291
-5.49324
-5.49357
-5.49261
-5.49326
-5.49295
-5.49362
-5.49364
-5.49334
-5.49336
-5.49339
-5.49342
-5.49345
-5.49348
-5.49352
-5.49323
-5.49295
-5.493
-5.4937
-5.49375
-5.4938
-5.49418
-5.49392
-5.49463
-5.49437
-5.49476
-5.49482
-5.49457
-5.49464
-5.49439
-5.49447
-5.49487
-5.49624
-5.49632
-5.4964
-5.49616
-5.49591
-5.49567
-5.49543
-5.49551
-5.49656
-5.49664
-5.49639
-5.49647
-5.49622
-5.49726
-5.49765
-5.49804
-5.4981
-5.49848
-5.49822
-5.49859
-5.49864
-5.499
-5.49937
-5.4994
-5.49878
-5.49848
-5.49915
-5.49917
-5.49918
-5.49886
-5.49886
-5.49854
-5.49886
-5.49917
-5.49948
-5.49849
-5.49847
-5.49812
-5.49809
-5.49806
-5.4977
-5.49702
-5.4973
-5.49726
-5.49819
-5.49815
-5.4981
-5.4987
-5.49898
-5.49925
-5.49953
-5.49948
-5.49911
-5.49842
-5.49838
-5.49704
-5.497
-5.49728
-5.49691
-5.49623
-5.49651
-5.49615
-5.4958
-5.49577
-5.49607
-5.49604
-5.49634
-5.49632
-5.49662
-5.49628
-5.49627
-5.49691
-5.4969
-5.49689
-5.49689
-5.49721
-5.49722
-5.49625
-5.49626
-5.49659
-5.49693
-5.4963
-5.49599
-5.49634
-5.49604
-5.49607
-5.4961
-5.4958
-5.49616
-5.49652
-5.49558
-5.49595
-5.49566
-5.49635
-5.49672
-5.49709
-5.49713
-5.49783
-5.49788
-5.49857
-5.49765
-5.4977
-5.49807
-5.49844
-5.49849
-5.49854
-5.49827
-5.49864
-5.49836
-5.49841
-5.49814
-5.49754
-5.49726
-5.4973
-5.49735
-5.49739
-5.49679
-5.4965
-5.49622
-5.49625
-5.49661
-5.496
-5.49603
-5.49574
-5.49544
-5.49579
-5.49549
-5.49552
-5.49586
-5.49588
-5.49622
-5.49591
-5.49592
-5.49658
-5.49594
-5.49627
-5.49628
-5.49628
-5.49596
-5.49563
-5.49563
-5.49563
-5.49562
-5.49529
-5.49561
-5.49689
-5.49785
-5.49752
-5.49718
-5.4962
-5.49586
-5.49682
-5.49648
-5.49679
-5.49742
-5.49772
-5.49771
-5.49704
-5.4967
-5.49603
-5.49666
-5.49697
-5.49695
-5.49693
-5.49755
-5.49818
-5.49816
-5.49782
-5.49747
-5.49713
-5.49776
-5.49806
-5.49804
-5.49834
-5.49832
-5.49863
-5.49926
-5.49891
-5.49889
-5.49919
-5.49917
-5.49818
-5.49848
-5.49846
-5.49811
-5.4968
-5.49678
-5.49643
-5.49673
-5.49638
-5.49635
-5.49632
-5.49629
-5.49691
-5.49687
-5.49652
-5.49648
-5.49645
-5.49641
-5.49702
-5.4973
-5.49758
-5.49754
-5.49749
-5.49712
-5.49707
-5.49735
-5.49697
-5.49627
-5.49589
-5.49616
-5.49675
-5.49701
-5.49695
-5.49689
-5.49618
-5.49612
-5.49605
-5.49566
-5.49527
-5.49553
-5.49514
-5.4954
-5.49598
-5.49624
-5.4965
-5.49676
-5.49572
-5.49598
-5.49591
-5.49521
-5.49515
-5.49541
-5.49567
-5.49562
-5.49524
-5.49584
-5.49644
-5.49639
-5.49634
-5.4963
-5.49659
-5.4959
-5.49587
-5.49552
-5.49517
-5.49515
-5.49642
-5.49673
-5.49672
-5.49639
-5.49606
-5.49638
-5.49606
-5.4951
-5.49544
-5.49545
-5.4958
-5.49582
-5.49617
-5.49588
-5.49592
-5.49564
-5.49633
-5.49605
-5.49611
-5.49616
-5.49622
-5.49628
-5.4957
-5.49577
-5.49584
-5.49657
-5.49632
-5.4964
-5.49649
-5.49592
-5.49569
-5.49513
-5.49523
-5.49532
-5.49671
-5.49746
-5.49723
-5.49733
-5.49776
-5.49818
-5.49828
-5.49806
-5.49783
-5.49793
-5.49868
-5.4991
-5.49887
-5.49896
-5.49905
-5.49914
-5.49858
-5.49802
-5.49875
-5.49753
-5.4976
-5.498
-5.49774
-5.49748
-5.49754
-5.49727
-5.49667
-5.49672
-5.49741
-5.49776
-5.49779
-5.49782
-5.49751
-5.49785
-5.49786
-5.49754
-5.49786
-5.49883
-5.49882
-5.49848
-5.49845
-5.49875
-5.49839
-5.49835
-5.49863
-5.49826
-5.4982
-5.49847
-5.49873
-5.49898
-5.49891
-5.49948
-5.4994
-5.49932
-5.49923
-5.49914
-5.49904
-5.4983
-5.4982
-5.49745
-5.49768
-5.49725
-5.49682
-5.49639
-5.49596
-5.49618
-5.49575
-5.49694
-5.49684
-5.49641
-5.49631
-5.49621
-5.49612
-5.49667
-5.49626
-5.49618
-5.49577
-5.49538
-5.49466
-5.49492
-5.49453
-5.49448
-5.49379
-5.49375
-5.49339
-5.49369
-5.49302
-5.49268
-5.49332
-5.49267
-5.49268
-5.4927
-5.49272
-5.49242
-5.49278
-5.49314
-5.49318
-5.49323
-5.49264
-5.49302
-5.49309
-5.49316
-5.4929
-5.49298
-5.49305
-5.49313
-5.49322
-5.49362
-5.49435
-5.49411
-5.49419
-5.4946
-5.49404
-5.49379
-5.49419
-5.49427
-5.49369
-5.49344
-5.49383
-5.49389
-5.49396
-5.49369
-5.49342
-5.49477
-5.49514
-5.49518
-5.4949
-5.49558
-5.49594
-5.49532
-5.49599
-5.49602
-5.49636
-5.49638
-5.49639
-5.4964
-5.49706
-5.49674
-5.49707
-5.49707
-5.49675
-5.49674
-5.49739
-5.49706
-5.49705
-5.49672
-5.49671
-5.49703
-5.49702
-5.49668
-5.49667
-5.49698
-5.49729
-5.49759
-5.49822
-5.49788
-5.49819
-5.49817
-5.49847
-5.49813
-5.49941
-5.49906
-5.49904
-5.49869
-5.49867
-5.49865
-5.4983
-5.49827
-5.49825
-5.4979
-5.49788
-5.49785
-5.49815
-5.49844
-5.49841
-5.49871
-5.49933
-5.49995
-5.4996
-5.49957
-5.49986
-5.50016
-5.49948
-5.50043
-5.50072
-5.50069
-5.50132
-5.50161
-5.50159
-5.50156
-5.50187
-5.50152
-5.5015
-5.50116
-5.50179
-5.50177
-5.50175
-5.50206
-5.50205
-5.50237
-5.50171
-5.50203
-5.5017
-5.50202
-5.50105
-5.50202
-5.5017
-5.50106
-5.50106
-5.50236
-5.50237
-5.50173
-5.50174
-5.50175
-5.50208
-5.50177
-5.5021
-5.50276
-5.50342
-5.50311
-5.50312
-5.50281
-5.50249
-5.5025
-5.50283
-5.50284
-5.50252
-5.50187
-5.5022
-5.5022
-5.50188
-5.50155
-5.50122
-5.50154
-5.50219
-5.50186
-5.50185
-5.50087
-5.50021
-5.49988
-5.49889
-5.49855
-5.49789
-5.4982
-5.49786
-5.49784
-5.49814
-5.49812
-5.49843
-5.49874
-5.49807
-5.4974
-5.49803
-5.49769
-5.49703
-5.49734
-5.49668
-5.49699
-5.49697
-5.49696
-5.49695
-5.49694
-5.49693
-5.49692
-5.49692
-5.49691
-5.49659
-5.49594
-5.49594
-5.49659
-5.49659
-5.49724
-5.49724
-5.49725
-5.49693
-5.49727
-5.49728
-5.49696
-5.49795
-5.49796
-5.49797
-5.49831
-5.49832
-5.49802
-5.49771
-5.49805
-5.49807
-5.49744
-5.49713
-5.49715
-5.49717
-5.49751
-5.49688
-5.4956
-5.49562
-5.49564
-5.49565
-5.49696
-5.4973
-5.49732
-5.49733
-5.49735
-5.49736
-5.49704
-5.49738
-5.49771
-5.49804
-5.4987
-5.49871
-5.49904
-5.49872
-5.49905
-5.49873
-5.49873
-5.49841
-5.4984
-5.49743
-5.49711
-5.4971
-5.49742
-5.49774
-5.49806
-5.49903
-5.49837
-5.49837
-5.49836
-5.499
-5.49899
-5.49898
-5.49897
-5.49863
-5.49862
-5.49829
-5.49828
-5.49859
-5.49858
-5.49793
-5.49857
-5.49856
-5.49855
-5.49854
-5.49853
-5.4982
-5.4969
-5.49722
-5.49722
-5.49818
-5.49753
-5.49785
-5.4985
-5.49882
-5.4985
-5.49753
-5.49786
-5.49721
-5.49754
-5.4969
-5.4969
-5.49691
-5.49659
-5.49628
-5.49629
-5.4963
-5.49696
-5.4973
-5.49763
-5.49765
-5.49766
-5.49703
-5.49834
-5.499
-5.4987
-5.49871
-5.49873
-5.49972
-5.49974
-5.49943
-5.49945
-5.49946
-5.49947
-5.49787
-5.49756
-5.49758
-5.49759
-5.4976
-5.49761
-5.49697
-5.49731
-5.49699
-5.49668
-5.49668
-5.49669
-5.49637
-5.49734
-5.49735
-5.49767
-5.49735
-5.49735
-5.49799
-5.49799
-5.49799
-5.49734
-5.49701
-5.49765
-5.49764
-5.49763
-5.49762
-5.49762
-5.49793
-5.49889
-5.49856
-5.49855
-5.49821
-5.4982
-5.49786
-5.4972
-5.49752
-5.49751
-5.4975
-5.49781
-5.49747
-5.49746
-5.4968
-5.49711
-5.49678
-5.49612
-5.49611
-5.49675
-5.49674
-5.49576
-5.49608
-5.49607
-5.49638
-5.4967
-5.49669
-5.49701
-5.49733
-5.49732
-5.49764
-5.49763
-5.49827
-5.49827
-5.49794
-5.49826
-5.49793
-5.49792
-5.49759
-5.49758
-5.49758
-5.4979
-5.49822
-5.49821
-5.49691
-5.49658
-5.49658
-5.49625
-5.49624
-5.49624
-5.49624
-5.49558
-5.49461
-5.49461
-5.49428
-5.49363
-5.49363
-5.49363
-5.49428
-5.49461
-5.49461
-5.49429
-5.4943
-5.49431
-5.49432
-5.49336
-5.49272
-5.49274
-5.49276
-5.49277
-5.49312
-5.49444
-5.49478
-5.49513
-5.49516
-5.49584
-5.49522
-5.49558
-5.49594
-5.49565
-5.49634
-5.49637
-5.49609
-5.49613
-5.49585
-5.49621
-5.49593
-5.4963
-5.4957
-5.49639
-5.49676
-5.49681
-5.49717
-5.49657
-5.49629
-5.49601
-5.49637
-5.49641
-5.49645
-5.49649
-5.49652
-5.49721
-5.49595
-5.4963
-5.49633
-5.49668
-5.4967
-5.49672
-5.49641
-5.4961
-5.49644
-5.49644
-5.49613
-5.49613
-5.49581
-5.49548
-5.49483
-5.49417
-5.49416
-5.49317
-5.49348
-5.49281
-5.49312
-5.49341
-5.49371
-5.49336
-5.49333
-5.49297
-5.49326
-5.49257
-5.49254
-5.49282
-5.49278
-5.49339
-5.49302
-5.49428
-5.49423
-5.49387
-5.49382
-5.4941
-5.49406
-5.49433
-5.49429
-5.4936
-5.49324
-5.49255
-5.49251
-5.4928
-5.49243
-5.4924
-5.49204
-5.49169
-5.49166
-5.49228
-5.49193
-5.4919
-5.49188
-5.49186
-5.49152
-5.49086
-5.49085
-5.49116
-5.49115
-5.49115
-5.49147
-5.49083
-5.49083
-5.49116
-5.49182
-5.49183
-5.49152
-5.49153
-5.4909
-5.49092
-5.49095
-5.4913
-5.49133
-5.49135
-5.49203
-5.49174
-5.4908
-5.49116
-5.4912
-5.49156
-5.4916
-5.49165
-5.49137
-5.49141
-5.49178
-5.49183
-5.49155
-5.49127
-5.49099
-5.49104
-5.49108
-5.49145
-5.49183
-5.49155
-5.49127
-5.49229
-5.49233
-5.49303
-5.49339
-5.49408
-5.49444
-5.49416
-5.4942
-5.49455
-5.49491
-5.49494
-5.4953
-5.4963
-5.49665
-5.497
-5.49702
-5.49736
-5.49771
-5.49805
-5.49838
-5.49807
-5.49776
-5.49777
-5.4981
-5.4981
-5.4981
-5.49842
-5.49874
-5.49874
-5.49938
-5.49969
-5.49903
-5.49902
-5.49868
-5.49931
-5.49929
-5.49927
-5.49859
-5.4976
-5.49822
-5.49851
-5.49881
-5.49877
-5.49874
-5.49838
-5.49835
-5.49831
-5.49827
-5.49855
-5.49883
-5.49879
-5.49777
-5.49773
-5.49736
-5.49764
-5.49726
-5.49722
-5.49781
-5.49809
-5.49836
-5.49831
-5.49922
-5.49949
-5.49976
-5.49971
-5.49933
-5.49863
-5.49889
-5.49884
-5.49781
-5.49743
-5.4977
-5.49699
-5.49694
-5.49721
-5.49683
-5.49677
-5.49639
-5.49666
-5.4966
-5.49654
-5.49714
-5.49708
-5.4967
-5.49632
-5.49627
-5.49557
-5.49584
-5.49579
-5.49573
-5.49504
-5.49531
-5.49558
-5.49521
-5.49516
-5.49576
-5.49571
-5.49534
-5.49497
-5.49492
-5.49391
-5.49419
-5.49447
-5.49378
-5.49342
-5.49338
-5.49334
-5.4933
-5.49358
-5.4929
-5.49254
-5.49315
-5.49247
-5.49308
-5.49305
-5.49302
-5.49234
-5.49231
-5.49228
-5.49225
-5.4919
-5.49187
-5.49152
-5.49215
-5.49213
-5.49243
-5.49273
-5.49206
-5.49172
-5.49203
-5.49266
-5.49232
-5.49231
-5.4923
-5.49197
-5.49228
-5.49227
-5.49259
-5.49356
-5.49356
-5.49324
-5.49356
-5.4926
-5.49228
-5.49229
-5.4923
-5.49232
-5.49233
-5.49235
-5.49302
-5.49337
-5.49339
-5.4931
-5.49249
-5.49187
-5.49191
-5.49228
-5.49232
-5.49237
-5.49274
-5.49215
-5.49285
-5.49291
-5.49265
-5.49207
-5.49247
-5.49222
-5.49262
-5.4927
-5.49311
-5.49255
-5.49264
-5.49242
-5.49251
-5.49294
-5.49336
-5.49315
-5.49293
-5.49272
-5.49283
-5.49327
-5.49339
-5.49383
-5.49363
-5.49408
-5.4942
-5.49433
-5.49478
-5.4949
-5.49601
-5.49646
-5.49659
-5.49672
-5.49685
-5.49763
-5.49743
-5.49755
-5.49768
-5.49845
-5.49955
-5.49967
-5.50011
-5.50022
-5.50001
-5.50012
-5.50023
-5.50065
-5.50075
-5.50085
-5.49997
-5.50104
-5.50112
-5.50088
-5.50095
-5.5007
-5.50077
-5.50083
-5.50121
-5.50192
-5.50229
-5.50233
-5.50172
-5.50208
-5.50275
-5.50278
-5.50377
-5.50346
-5.50346
-5.50411
-5.50379
-5.50313
-5.50247
-5.5031
-5.50308
-5.50273
-5.5027
-5.50266
-5.50262
-5.5029
-5.50253
-5.5028
-5.50339
-5.50301
-5.50262
-5.50222
-5.50118
-5.50046
-5.50038
-5.5003
-5.50119
-5.50207
-5.50166
-5.50157
-5.5018
-5.50202
-5.50128
-5.5015
-5.5014
-5.50097
-5.50119
-5.50173
-5.50162
-5.50119
-5.50108
-5.50097
-5.50022
-5.50011
-5.5
-5.49924
-5.4988
-5.49837
-5.49891
-5.49912
-5.49869
-5.49858
-5.49815
-5.49837
-5.49892
-5.49881
-5.49903
-5.49926
-5.49981
-5.50003
-5.49832
-5.4979
-5.49749
-5.49708
-5.49666
-5.4969
-5.4965
-5.49674
-5.49601
-5.49594
-5.49651
-5.49644
-5.49669
-5.49695
-5.49688
-5.4965
-5.49708
-5.49735
-5.49697
-5.4966
-5.49622
-5.49618
-5.49646
-5.49609
-5.49703
-5.49699
-5.49566
-5.49595
-5.49625
-5.49589
-5.49587
-5.49584
-5.49712
-5.49678
-5.49676
-5.49545
-5.49511
-5.49542
-5.49574
-5.49541
-5.4954
-5.49508
-5.49475
-5.49475
-5.49475
-5.49443
-5.49444
-5.49477
-5.49543
-5.49544
-5.49513
-5.49515
-5.49549
-5.49551
-5.49553
-5.49523
-5.49558
-5.49463
-5.49498
-5.49469
-5.49569
-5.49572
-5.49576
-5.49579
-5.49583
-5.49554
-5.49591
-5.4953
-5.49502
-5.49539
-5.49543
-5.49515
-5.49552
-5.49525
-5.49562
-5.49567
-5.49605
-5.49674
-5.49647
-5.49685
-5.49658
-5.49695
-5.49701
-5.49739
-5.49776
-5.49782
-5.49788
-5.49793
-5.49831
-5.49902
-5.4994
-5.49945
-5.49983
-5.49957
-5.50027
-5.50033
-5.50071
-5.50109
-5.50147
-5.50153
-5.50126
-5.50164
-5.50169
-5.50207
-5.50245
-5.50347
-5.50255
-5.50261
-5.50266
-5.50304
-5.50244
-5.50249
-5.50157
-5.50162
-5.50167
-5.50172
-5.50177
-5.50182
-5.50219
-5.50224
-5.50196
-5.50201
-5.50205
-5.50177
-5.50182
-5.50154
-5.50222
-5.50227
-5.50263
-5.50299
-5.50335
-5.50339
-5.50342
-5.50345
-5.50316
-5.50351
-5.50386
-5.50389
-5.50327
-5.50362
-5.50364
-5.50268
-5.50303
-5.50336
-5.50241
-5.50209
-5.50243
-5.50211
-5.50276
-5.50277
-5.50309
-5.50341
-5.50471
-5.50406
-5.50405
-5.50403
-5.5037
-5.50304
-5.50269
-5.50397
-5.50395
-5.50328
-5.5039
-5.50388
-5.5032
-5.50285
-5.50153
-5.50214
-5.50211
-5.50207
-5.50203
-5.50135
-5.50131
-5.50159
-5.50155
-5.50119
-5.50115
-5.50111
-5.50042
-5.50037
-5.49936
-5.49932
-5.49927
-5.49923
-5.49886
-5.49882
-5.49878
-5.49841
-5.49869
-5.49865
-5.49861
-5.49857
-5.49724
-5.4972
-5.49684
-5.49681
-5.49645
-5.49609
-5.49606
-5.4957
-5.49599
-5.49596
-5.49561
-5.4959
-5.49587
-5.4952
-5.49485
-5.49515
-5.4948
-5.4951
-5.49573
-5.49473
-5.49504
-5.49405
-5.4937
-5.49368
-5.49367
-5.49397
-5.49461
-5.49492
-5.4949
-5.49586
-5.49585
-5.49551
-5.49583
-5.49581
-5.49613
-5.49645
-5.49612
-5.49676
-5.49676
-5.4974
-5.4974
-5.49708
-5.4974
-5.49741
-5.49774
-5.49774
-5.49807
-5.49776
-5.4981
-5.49778
-5.49844
-5.49781
-5.49847
-5.49849
-5.49851
-5.49852
-5.4979
-5.49792
-5.49827
-5.49797
-5.49864
-5.49867
-5.49837
-5.49775
-5.49778
-5.49749
-5.4972
-5.49723
-5.49662
-5.49569
-5.49572
-5.49575
-5.49611
-5.49647
-5.4965
-5.49621
-5.49625
-5.49596
-5.49599
-5.49635
-5.49573
-5.49511
-5.49515
-5.49485
-5.49423
-5.49426
-5.49429
-5.49431
-5.49466
-5.49468
-5.49438
-5.49472
-5.49603
-5.4954
-5.49638
-5.49607
-5.4964
-5.49673
-5.49641
-5.49609
-5.49576
-5.49673
-5.49705
-5.49672
-5.4967
-5.49572
-5.49538
-5.49569
-5.49631
-5.49629
-5.49691
-5.49753
-5.49718
-5.49714
-5.49743
-5.4974
-5.49768
-5.49764
-5.49727
-5.49788
-5.49751
-5.49746
-5.49676
-5.49703
-5.49698
-5.4966
-5.4972
-5.49714
-5.49741
-5.4967
-5.49632
-5.49594
-5.49685
-5.49679
-5.49673
-5.49699
-5.4966
-5.49719
-5.49713
-5.49739
-5.49733
-5.49694
-5.49721
-5.49715
-5.49709
-5.49735
-5.49762
-5.49724
-5.49653
-5.49551
-5.49578
-5.49573
-5.49633
-5.4966
-5.49688
-5.49619
-5.49582
-5.49578
-5.49541
-5.49538
-5.49599
-5.49628
-5.49722
-5.4972
-5.49749
-5.49715
-5.4981
-5.49776
-5.49774
-5.49773
-5.4974
-5.49772
-5.49739
-5.49675
-5.49642
-5.49611
-5.49644
-5.49645
-5.49647
-5.49649
-5.49619
-5.49589
-5.49591
-5.49692
-5.49695
-5.49764
-5.49768
-5.4974
-5.49745
-5.49717
-5.4969
-5.49727
-5.49862
-5.49901
-5.49874
-5.4988
-5.49887
-5.49893
-5.499
-5.49874
-5.49849
-5.49856
-5.4996
-5.5
-5.50008
-5.50047
-5.5012
-5.50192
-5.50167
-5.5011
-5.5015
-5.50125
-5.50133
-5.5014
-5.50083
-5.5009
-5.49999
-5.49942
-5.49949
-5.49955
-5.49897
-5.49936
-5.50006
-5.49947
-5.4992
-5.49925
-5.49865
-5.49902
-5.49972
-5.49943
-5.49915
-5.49918
-5.49889
-5.49892
-5.49959
-5.49961
-5.49963
-5.49996
-5.49997
-5.50031
-5.50031
-5.50031
-5.49998
-5.49998
-5.49964
-5.49962
-5.4996
-5.49958
-5.49923
-5.4992
-5.49917
-5.49881
-5.49909
-5.49841
-5.49836
-5.49831
-5.49891
-5.49821
-5.49847
-5.49777
-5.499
-5.49829
-5.49823
-5.49816
-5.49809
-5.49802
-5.49827
-5.4982
-5.49813
-5.49805
-5.49733
-5.49725
-5.49685
-5.49677
-5.49701
