9.4158
9.41808
9.42194
9.42737
9.43154
9.43726
9.44312
9.4505
9.45871
9.46561
9.47261
9.479
9.48548
9.49275
9.50009
9.5061
9.51289
9.52045
9.52808
9.53436
9.54069
9.54779
9.55496
9.56218
9.56945
9.57537
9.58275
9.59018
9.59696
9.60378
9.61136
9.61899
9.62595
9.63225
9.6414
9.64918
9.6577
9.66412
9.67269
9.68199
9.69059
9.6985
9.70571
9.71433
9.72083
9.73013
9.738
9.74585
9.75295
9.7607
9.7677
9.77533
9.78359
9.79177
9.79914
9.80569
9.81211
9.81981
9.82594
9.83121
9.8377
9.84401
9.8487
9.85528
9.86093
9.86703
9.87216
9.87631
9.88017
9.88655
9.89049
9.89269
9.89807
9.90098
9.90211
9.90428
9.90605
9.90672
9.9084
9.90826
9.90698
9.90811
9.90739
9.90694
9.90534
9.9026
9.89941
9.89718
9.89381
9.89069
9.88571
9.88311
9.87795
9.87376
9.86843
9.86196
9.85647
9.84845
9.84072
9.8333
9.82406
9.81443
9.80654
9.79687
9.78684
9.77717
9.76645
9.75541
9.74407
9.73243
9.72051
9.71044
9.69588
9.68461
9.67172
9.65863
9.64676
9.63261
9.61973
9.6053
9.59006
9.57684
9.56355
9.5488
9.53402
9.52063
9.50584
9.49249
9.47918
9.46383
9.44785
9.43268
9.41975
9.40556
9.39223
9.38048
9.3661
9.35475
9.34363
9.33132
9.31926
9.30746
9.29452
9.28257
9.27161
9.26166
9.24919
9.23774
9.2273
9.21859
9.20949
9.20072
9.19297
9.18554
9.17844
9.17023
9.16446
9.15688
9.15031
9.14404
9.13735
9.13235
9.12691
9.12175
9.11542
9.11004
9.10559
9.10138
9.09737
9.09358
9.09068
9.08796
9.08401
9.08093
9.0787
9.07662
9.07398
9.07217
9.07049
9.07033
9.06817
9.06612
9.06488
9.06163
9.05989
9.05684
9.05531
9.05177
9.04973
9.04852
9.04671
9.0443
9.04272
9.04268
9.04205
9.04227
9.04333
9.04313
9.04449
9.04389
9.04557
9.0467
9.04589
9.04738
9.04764
9.04809
9.04943
9.05168
9.05482
9.05746
9.05889
9.06193
9.06305
9.06648
9.06941
9.07253
9.07584
9.07863
9.0816
9.08475
9.08877
9.09366
9.09728
9.10034
9.10424
9.10826
9.1124
9.11663
9.12025
9.12607
9.13126
9.1358
9.14108
9.14781
9.15244
9.15708
9.16313
9.16845
9.17304
9.1783
9.1828
9.18865
9.193
9.19727
9.20356
9.20833
9.21439
9.22033
9.22472
9.23037
9.23516
9.23839
9.24285
9.24786
9.25198
9.25521
9.25897
9.26395
9.26662
9.2691
9.27139
9.27347
9.27466
9.27635
9.27856
9.28057
9.28238
9.28259
9.28261
9.28384
9.2849
9.28436
9.28365
9.28348
9.28384
9.28263
9.28197
9.28046
9.2795
9.27841
9.27718
9.27583
9.27435
9.27276
9.27107
9.26786
9.26596
9.26398
9.2612
9.25905
9.25683
9.25595
9.25149
9.24909
9.24664
9.24416
9.24305
9.23909
9.2365
9.23319
9.23198
9.22863
9.22597
9.22402
9.22136
9.2194
9.21675
9.21411
9.21289
9.21029
9.20912
9.20727
9.20475
9.20228
9.19913
9.19604
9.1937
9.19284
9.19062
9.18989
9.18782
9.18441
9.1818
9.18069
9.17827
9.17666
9.17586
9.17519
9.17322
9.1728
9.17039
9.17094
9.17094
9.16898
9.1686
9.17121
9.17047
9.16991
9.17025
9.17077
9.17221
9.17384
9.1764
9.17705
9.17862
9.18042
9.18174
9.18469
9.18928
9.19057
9.19208
9.19524
9.19793
9.20155
9.20469
9.21017
9.21517
9.21897
9.22158
9.22652
9.23096
9.23702
9.24256
9.24689
9.25352
9.25821
9.26377
9.27021
9.27539
9.28214
9.28832
9.29535
9.30322
9.30908
9.31576
9.32254
9.33154
9.34062
9.34836
9.35547
9.36404
9.37338
9.38135
9.38935
9.39667
9.40543
9.4135
9.42368
9.43174
9.4405
9.44923
9.45724
9.46451
9.47174
9.48034
9.48888
9.49595
9.50366
9.51201
9.52028
9.52847
9.53515
9.54173
9.54822
9.5546
9.56158
9.56985
9.5766
9.58392
9.59042
9.59678
9.60302
9.61052
9.61577
9.62087
9.62653
9.63133
9.63669
9.6419
9.64695
9.65185
9.6566
9.6626
9.66703
9.67202
9.67685
9.68012
9.68465
9.68691
9.68972
9.6931
9.69775
9.70014
9.7031
9.70592
9.70933
9.71332
9.71366
9.7153
9.71755
9.71899
9.72103
9.7237
9.72628
9.72739
9.72984
9.73294
9.73458
9.73405
9.73562
9.73645
9.73866
9.73875
9.73954
9.74033
9.74184
9.74337
9.74492
9.7472
9.74882
9.74978
9.75221
9.75609
9.75792
9.76052
9.76319
9.76453
9.76452
9.76671
9.76969
9.77275
9.7752
9.77914
9.78246
9.78657
9.79006
9.79151
9.79445
9.79676
9.79844
9.8016
9.80484
9.80884
9.81148
9.81559
9.81904
9.82253
9.82606
9.82961
9.83106
9.83535
9.83965
9.84183
9.84752
9.8525
9.85603
9.85811
9.86157
9.86428
9.86763
9.87023
9.87204
9.87447
9.87612
9.8798
9.88337
9.88544
9.88739
9.88993
9.89236
9.89607
9.89825
9.901
9.90362
9.90541
9.90706
9.90857
9.90995
9.91191
9.91303
9.91402
9.91559
9.91704
9.91767
9.91678
9.91861
9.91963
9.92057
9.92143
9.92221
9.92223
9.92078
9.9207
9.92129
9.92258
9.92174
9.92092
9.92082
9.92146
9.92145
9.92009
9.91951
9.91902
9.91864
9.91907
9.91964
9.92036
9.92123
9.92298
9.9242
9.92562
9.92794
9.92836
9.93183
9.93623
9.94015
9.94291
9.94662
9.94706
9.94916
9.95222
9.95695
9.96053
9.96649
9.97271
9.97847
9.98378
9.99074
9.99582
10.0018
10.0074
10.0138
10.019
10.0251
10.0307
10.0386
10.0466
10.0525
10.0593
10.0676
10.0767
10.0844
10.0922
10.0992
10.1069
10.1139
10.1208
10.1284
10.1372
10.1474
10.1553
10.1644
10.1705
10.1778
10.1841
10.1881
10.1939
10.1981
10.204
10.2095
10.2147
10.2189
10.2219
10.2245
10.2274
10.2313
10.234
10.2363
10.2373
10.2379
10.238
10.2368
10.2352
10.2344
10.2316
10.229
10.2266
10.2215
10.2166
10.2139
10.2085
10.2026
10.1954
10.1884
10.1822
10.1726
10.1646
10.1547
10.1442
10.1345
10.1237
10.1123
10.1004
10.0894
10.0765
10.0631
10.0486
10.0336
10.0175
10.0031
9.98681
9.97017
9.95527
9.93718
9.91946
9.90072
9.88378
9.86585
9.84696
9.82852
9.81128
9.79242
9.77197
9.75066
9.73132
9.71117
9.69164
9.67134
9.65169
9.63132
9.61166
9.59202
9.57243
9.55291
9.53348
9.51487
9.4957
9.47597
9.45643
9.43851
9.42151
9.40334
9.38473
9.36711
9.35051
9.33281
9.31545
9.30057
9.28535
9.2684
9.25326
9.23855
9.22497
9.21184
9.19776
9.18485
9.17172
9.15908
9.14836
9.13743
9.12701
9.1157
9.10633
9.09819
9.09059
9.08282
9.07558
9.06819
9.06344
9.05712
9.05134
9.04679
9.04278
9.04072
9.03705
9.03603
9.03482
9.03411
9.03321
9.0314
9.03149
9.03207
9.03383
9.03606
9.03805
9.03979
9.04267
9.04669
9.05043
9.05598
9.06124
9.06477
9.07009
9.07508
9.08043
9.08684
9.09146
9.09853
9.10592
9.11432
9.1223
9.12985
9.13698
9.14435
9.15338
9.16263
9.17211
9.18321
9.19309
9.20245
9.21269
9.22167
9.23008
9.24075
9.25152
9.26311
9.27336
9.2844
9.2955
9.30665
9.31853
9.33043
9.34091
9.35137
9.3618
9.37218
9.3832
9.39132
9.40074
9.40934
9.41921
9.43035
9.44131
9.45209
9.46266
9.47231
9.48101
9.49017
9.49905
9.50765
9.51524
9.52323
9.53158
9.53818
9.54441
9.55169
9.55928
9.56436
9.56903
9.57328
9.57852
9.58334
9.5863
9.58882
9.59019
9.59112
9.59372
9.59446
9.59688
9.59746
9.59831
9.59875
9.59807
9.5984
9.59694
9.5958
9.59431
9.59318
9.59102
9.58925
9.58579
9.58276
9.57948
9.57526
9.57084
9.56552
9.56074
9.55512
9.55079
9.54636
9.54044
9.53517
9.52987
9.52596
9.51993
9.51322
9.50725
9.50275
9.49833
9.4947
9.49116
9.48634
9.48164
9.47708
9.47197
9.46702
9.46365
9.45904
9.45744
9.4539
9.45196
9.44951
9.44584
9.44236
9.4405
9.43811
9.43521
9.43321
9.43281
9.43118
9.42974
9.42918
9.42809
9.42575
9.42641
9.42511
9.42538
9.42438
9.42353
9.42493
9.42294
9.42177
9.42285
9.42263
9.42322
9.42393
9.42544
9.42776
9.43087
9.43194
9.4331
9.43293
9.43566
9.43775
9.44061
9.44213
9.44512
9.44605
9.44633
9.44807
9.44986
9.44958
9.45147
9.45339
9.45395
9.45595
9.45869
9.46075
9.46213
9.46566
9.46779
9.46995
9.47142
9.47431
9.4765
9.4787
9.4816
9.48378
9.48667
9.49024
9.49096
9.49377
9.49654
9.49857
9.49984
9.50177
9.50433
9.50682
9.50712
9.51085
9.51307
9.51378
9.51437
9.51695
9.51799
9.51889
9.52035
9.52023
9.52065
9.51948
9.52024
9.5208
9.51974
9.52058
9.51978
9.51805
9.51678
9.51456
9.50925
9.5065
9.5049
9.5016
9.50085
9.49699
9.49213
9.48697
9.48574
9.48067
9.4746
9.47033
9.46716
9.46085
9.45565
9.44872
9.44219
9.43535
9.4282
9.42074
9.41369
9.40563
9.39799
9.38935
9.38113
9.37405
9.36458
9.35554
9.34413
9.33528
9.32408
9.31405
9.30309
9.2912
9.27982
9.26683
9.25577
9.24172
9.23033
9.21739
9.20501
9.1904
9.1785
9.16509
9.15231
9.13877
9.12588
9.11084
9.0972
9.08427
9.07206
9.05849
9.04497
9.03223
9.01676
9.00564
8.99254
8.98029
8.96892
8.95492
8.94325
8.93182
8.91994
8.90975
8.89916
8.88818
8.87825
8.86868
8.85951
8.85216
8.84453
8.83453
8.82712
8.82021
8.81452
8.80936
8.80336
8.79863
8.7945
8.79028
8.7874
8.78447
8.78291
8.78203
8.78186
8.78242
8.783
8.78433
8.78854
8.79212
8.79718
8.80234
8.80971
8.81649
8.8248
8.83535
8.84462
8.85614
8.8671
8.87961
8.89227
8.90578
8.92085
8.93535
8.9514
8.96688
8.98391
9.00105
9.02042
9.03848
9.06016
9.08334
9.10658
9.13128
9.15602
9.18147
9.20693
9.23306
9.25845
9.28589
9.31253
9.34047
9.36826
9.39871
9.42896
9.45897
9.49083
9.52099
9.55364
9.58663
9.61991
9.65417
9.68723
9.71978
9.75318
9.78598
9.82095
9.85524
9.8895
9.9237
9.95778
9.9924
10.0254
10.0575
10.0892
10.1221
10.1538
10.1844
10.2153
10.2463
10.2761
10.3045
10.333
10.363
10.3893
10.4171
10.4419
10.4672
10.491
10.5132
10.5351
10.5553
10.5753
10.5899
10.6085
10.6253
10.6395
10.6534
10.6668
10.6812
10.6924
10.7023
10.7104
10.7187
10.7251
10.7303
10.735
10.7379
10.7374
10.7365
10.7351
10.734
10.7303
10.7269
10.7224
10.7147
10.7094
10.7009
10.6915
10.6824
10.673
10.6627
10.6486
10.6343
10.6184
10.6031
10.5855
10.5672
10.5466
10.5282
10.5083
10.4885
10.4666
10.4441
10.4217
10.3974
10.374
10.35
10.325
10.2995
10.2743
10.2495
10.223
10.1982
10.1711
10.1445
10.1184
10.0885
10.06
10.0327
10.0047
9.97942
9.95271
9.92459
9.8965
9.86989
9.84336
9.81624
9.78855
9.76032
9.73439
9.71078
9.68458
9.66075
9.6365
9.61113
9.58749
9.56208
9.53773
9.51306
9.48949
9.46563
9.44361
9.41992
9.39739
9.37534
9.3552
9.33414
9.31361
9.29289
9.27342
9.25662
9.23897
9.22119
9.20398
9.18876
9.17414
9.16082
9.14599
9.13248
9.12029
9.10871
9.09635
9.08672
9.07772
9.06792
9.05804
9.04879
9.04015
9.03424
9.02753
9.02144
9.01524
9.01035
9.00747
9.00376
9.00134
8.99878
8.99679
8.99535
8.99657
8.9969
8.99775
8.99699
8.99673
8.99906
9.00185
9.00368
9.00595
9.01005
9.01385
9.01874
9.0233
9.02751
9.03275
9.03832
9.04348
9.04892
9.05532
9.06267
9.06954
9.07732
9.08175
9.08774
9.096
9.10085
9.10791
9.11647
9.1265
9.13375
9.14174
9.14973
9.157
9.16495
9.17214
9.17998
9.18774
9.19612
9.20438
9.21182
9.21982
9.22838
9.23536
9.24288
9.2481
9.25524
9.26076
9.26679
9.2733
9.27676
9.28281
9.28652
9.2914
9.29605
9.30115
9.30531
9.30782
9.31079
9.31493
9.31884
9.3218
9.32383
9.32703
9.3286
9.32995
9.3311
9.33203
9.33488
9.3354
9.33715
9.34012
9.34221
9.34271
9.34376
9.34466
9.34611
9.3453
9.34506
9.34469
9.34421
9.34361
9.34148
9.34136
9.33973
9.34012
9.339
9.33779
9.3365
9.33513
9.33368
9.33287
9.33129
9.32823
9.32652
9.32476
9.32294
9.32108
9.31917
9.31651
9.31453
9.3118
9.30834
9.30555
9.30416
9.30274
9.2992
9.29777
9.29634
9.2949
9.29348
9.29137
9.29139
9.28932
9.28587
9.28316
9.2812
9.27859
9.27674
9.27354
9.27394
9.27159
9.27003
9.26786
9.26437
9.26381
9.26405
9.26371
9.26418
9.26267
9.26057
9.26001
9.25888
9.2586
9.25776
9.25706
9.25651
9.25752
9.26009
9.26141
9.26287
9.26449
9.26556
9.26679
9.26889
9.26972
9.27143
9.27329
9.27531
9.27819
9.27981
9.28158
9.2835
9.28628
9.2878
9.28947
9.29269
9.29536
9.29887
9.30464
9.30701
9.31094
9.31429
9.31848
9.32209
9.32654
9.33111
9.33652
9.34063
9.34557
9.35344
9.35861
9.36318
9.36714
9.37263
9.3775
9.38318
9.39036
9.39551
9.40216
9.40747
9.41497
9.42114
9.42737
9.43435
9.44068
9.44777
9.45489
9.46205
9.46924
9.47574
9.48156
9.48738
9.49321
9.49973
9.50695
9.51344
9.5192
9.52633
9.53412
9.54116
9.54743
9.55435
9.56049
9.56372
9.57039
9.57627
9.58205
9.58844
9.5933
9.59947
9.60481
9.61143
9.61723
9.62219
9.62701
9.631
9.63766
9.64207
9.64633
9.65045
9.65654
9.66108
9.66477
9.67044
9.67385
9.67852
9.68024
9.68324
9.68469
9.68742
9.69003
9.69181
9.69488
9.69642
9.69715
9.69989
9.70111
9.70151
9.70394
9.70698
9.70782
9.70928
9.71136
9.71265
9.71388
9.71433
9.71613
9.71716
9.71883
9.71833
9.71919
9.7207
9.72145
9.72287
9.72424
9.72557
9.72545
9.72599
9.7258
9.72628
9.72531
9.72431
9.72328
9.72434
9.72468
9.72569
9.72598
9.72483
9.72438
9.72391
9.72413
9.72505
9.72525
9.72545
9.72564
9.72583
9.72531
9.72621
9.72428
9.7259
9.72611
9.72633
9.72586
9.72612
9.7257
9.72601
9.72775
9.72741
9.72781
9.72824
9.73082
9.7285
9.73044
9.7296
9.73092
9.73158
9.73299
9.73374
9.73454
9.73539
9.73699
9.73792
9.7382
9.73923
9.7396
9.74071
9.74187
9.74376
9.74427
9.7448
9.74818
9.75015
9.75143
9.75271
9.75398
9.75454
9.75648
9.75838
9.75955
9.76136
9.761
9.76127
9.76144
9.76081
9.7629
9.76416
9.76528
9.76485
9.76496
9.7649
9.76536
9.7635
9.76495
9.76335
9.76223
9.76227
9.75922
9.75803
9.75655
9.75479
9.75343
9.75035
9.74768
9.74398
9.73854
9.73349
9.7281
9.7231
9.71847
9.71211
9.70542
9.69699
9.68895
9.67989
9.67405
9.66439
9.65513
9.6463
9.63792
9.62998
9.6204
9.61129
9.60268
9.59317
9.58137
9.57011
9.56082
9.55141
9.54049
9.5309
9.52055
9.51015
9.49973
9.48861
9.47823
9.4686
9.46044
9.44885
9.43948
9.42884
9.41907
9.41158
9.40217
9.39439
9.38613
9.37884
9.3704
9.36226
9.35371
9.34478
9.33901
9.33218
9.32572
9.31964
9.31253
9.30653
9.30236
9.29719
9.29385
9.29096
9.2885
9.28578
9.2828
9.28098
9.27961
9.2801
9.27892
9.28031
9.28074
9.28019
9.28149
9.28464
9.28609
9.28795
9.29022
9.29219
9.29595
9.29938
9.30458
9.31154
9.31459
9.32008
9.32516
9.33123
9.33687
9.34417
9.34958
9.35663
9.36387
9.372
9.37888
9.3866
9.39444
9.40239
9.41041
9.41426
9.42379
9.43053
9.43726
9.44609
9.45489
9.46363
9.4723
9.47947
9.48652
9.49346
9.50307
9.5097
9.51616
9.52242
9.52919
9.53575
9.54209
9.54889
9.55615
9.56105
9.56497
9.57074
9.57693
9.58355
9.58705
9.59025
9.59387
9.60001
9.60231
9.60572
9.60812
9.61092
9.61202
9.61353
9.61403
9.61495
9.61558
9.61663
9.6167
9.61651
9.61393
9.6125
9.61083
9.60961
9.60816
9.60507
9.60246
9.60035
9.60016
9.59765
9.59566
9.59208
9.58834
9.58586
9.58182
9.57975
9.57544
9.5703
9.56645
9.56392
9.56199
9.55927
9.55434
9.55076
9.5457
9.54199
9.53753
9.53302
9.52776
9.52319
9.5193
9.51469
9.51007
9.50543
9.50221
9.49829
9.49367
9.48906
9.48447
9.4799
9.47394
9.46943
9.46353
9.45838
9.45467
9.4496
9.44598
9.4417
9.43606
9.43329
9.42775
9.42508
9.42035
9.41709
9.4153
9.41074
9.40837
9.40465
9.401
9.39741
9.39389
9.39043
9.38635
9.38092
9.37839
9.37593
9.37142
9.3684
9.36403
9.36116
9.35905
9.35702
9.35507
9.35389
9.35348
9.35103
9.34795
9.34635
9.34411
9.34123
9.33982
9.33849
9.33651
9.3353
9.33415
9.33306
9.33062
9.32893
9.32942
9.32784
9.32631
9.32412
9.32268
9.32058
9.31993
9.31862
9.31594
9.31399
9.3135
9.31232
9.30977
9.30725
9.30898
9.30933
9.3097
9.30797
9.30626
9.30458
9.30575
9.3041
9.30178
9.30088
9.2986
9.29846
9.29764
9.29614
9.29467
9.29394
9.29185
9.29049
9.2906
9.29075
9.28955
9.2891
9.28801
9.28841
9.28747
9.28662
9.28585
9.28518
9.28532
9.28627
9.28663
9.2864
9.28771
9.28845
9.28933
9.29036
9.29224
9.29429
9.29578
9.29884
9.29995
9.30194
9.3041
9.30784
9.31034
9.31372
9.31726
9.32027
9.32274
9.32607
9.32815
9.33178
9.33557
9.33878
9.34213
9.34842
9.3527
9.35709
9.36158
9.36403
9.36867
9.37267
9.37743
9.38224
9.38778
9.39123
9.39539
9.40238
9.40724
9.41349
9.41831
9.42168
9.42642
9.43112
9.43435
9.43822
9.44414
9.44787
9.45294
9.45723
9.46002
9.46626
9.46958
9.47494
9.47879
9.48114
9.48622
9.48981
9.49332
9.49886
9.5015
9.50546
9.50722
9.51032
9.51333
9.51627
9.51985
9.52193
9.52537
9.53014
9.53132
9.53314
9.53489
9.53728
9.5396
9.54116
9.54476
9.54619
9.54896
9.55096
9.55431
9.55619
9.5587
9.56045
9.56213
9.56374
9.56529
9.56677
9.56748
9.56882
9.57151
9.57202
9.57317
9.57567
9.57669
9.57766
9.57857
9.57872
9.57952
9.5831
9.5838
9.58445
9.58507
9.58564
9.58688
9.58668
9.58858
9.58832
9.58946
9.58987
9.59028
9.58998
9.59038
9.58937
9.58978
9.5895
9.59066
9.59043
9.59023
9.59007
9.58995
9.58847
9.58915
9.5899
9.59141
9.58946
9.58899
9.59001
9.59112
9.59091
9.5901
9.5922
9.59441
9.59743
9.59633
9.59817
9.60012
9.60362
9.60653
9.60746
9.60922
9.61041
9.61315
9.61744
9.62045
9.6229
9.62549
9.63034
9.63391
9.63834
9.64361
9.64691
9.65246
9.65744
9.66326
9.6678
9.67247
9.67726
9.68148
9.68722
9.69308
9.69763
9.703
9.70776
9.71402
9.71755
9.72328
9.72908
9.73354
9.74018
9.74687
9.75361
9.75827
9.76366
9.77049
9.77805
9.7849
9.79247
9.79861
9.80332
9.80941
9.81477
9.8215
9.82748
9.83411
9.84068
9.84719
9.85361
9.85926
9.86552
9.87168
9.87775
9.883
9.88744
9.89177
9.8981
9.9036
9.90899
9.91495
9.91938
9.92227
9.92502
9.92836
9.93297
9.93675
9.9404
9.94463
9.94943
9.95269
9.95583
9.95672
9.96031
9.96449
9.96713
9.96896
9.96996
9.97297
9.97446
9.97584
9.97781
9.98039
9.98216
9.98383
9.98541
9.98618
9.98756
9.98814
9.98933
9.99042
9.99213
9.99304
9.99385
9.99598
9.99519
9.9957
9.9947
9.99501
9.99451
9.9946
9.99599
9.99585
9.99487
9.99519
9.99396
9.994
9.99391
9.99366
9.99185
9.99059
9.98987
9.98828
9.9865
9.98455
9.98381
9.98147
9.97893
9.97618
9.97392
9.97002
9.96731
9.96295
9.96118
9.95705
9.95266
9.94802
9.94242
9.93725
9.93111
9.92611
9.91942
9.91457
9.90874
9.90263
9.89483
9.88533
9.87767
9.86972
9.8622
9.8537
9.84561
9.83796
9.82792
9.81903
9.80776
9.79764
9.78656
9.77453
9.76367
9.75258
9.74126
9.72901
9.71867
9.70531
9.69387
9.68083
9.66834
9.65569
9.645
9.63135
9.61828
9.6051
9.59112
9.57635
9.56151
9.54802
9.53307
9.51951
9.50523
9.49095
9.4788
9.46598
9.45038
9.43767
9.42292
9.40826
9.39371
9.38211
9.36854
9.35583
9.3426
9.33096
9.31812
9.30691
9.29453
9.2838
9.27193
9.26034
9.24904
9.23804
9.22736
9.21843
9.20843
9.19949
9.19022
9.18273
9.17492
9.16751
9.16051
9.15461
9.14772
9.14267
9.13734
9.13385
9.1301
9.12679
9.12322
9.12079
9.11882
9.11587
9.11337
9.11131
9.11039
9.10991
9.11056
9.11022
9.11101
9.11151
9.11169
9.11298
9.11466
9.1167
9.12123
9.1254
9.12921
9.13404
9.13777
9.14109
9.1447
9.14998
9.15552
9.16059
9.16588
9.17279
9.17917
9.18432
9.18962
9.19647
9.20344
9.21051
9.21696
9.22489
9.23146
9.23877
9.24752
9.25486
9.2629
9.27092
9.27818
9.28468
9.29112
9.29889
9.30657
9.31344
9.3202
9.32754
9.33546
9.34253
9.34874
9.3562
9.3628
9.36922
9.37546
9.38082
9.38529
9.39027
9.39507
9.39826
9.40197
9.4069
9.41306
9.41619
9.41915
9.42122
9.42663
9.42975
9.43412
9.43832
9.44165
9.44413
9.44788
9.45078
9.45355
9.45619
9.45872
9.46114
9.46205
9.46428
9.4636
9.46355
9.46413
9.46677
9.46724
9.46695
9.46875
9.47122
9.47226
9.47327
9.47427
9.47527
9.47696
9.47864
9.48033
9.48202
9.48089
9.48329
9.48428
9.48456
9.48626
9.48795
9.48822
9.48988
9.49012
9.49174
9.49121
9.49275
9.49494
9.49565
9.49628
9.49613
9.49729
9.49833
9.49855
9.49792
9.49714
9.49549
9.49294
9.4916
9.49074
9.48825
9.48762
9.48602
9.48484
9.48196
9.47735
9.47525
9.4728
9.46859
9.46401
9.45763
9.4544
9.44936
9.44533
9.43876
9.43319
9.42649
9.41937
9.41253
9.40456
9.39616
9.38876
9.37812
9.36848
9.35843
9.348
9.33648
9.32671
9.31589
9.30403
9.29185
9.27867
9.26379
9.25218
9.23822
9.22757
9.21321
9.20151
9.18756
9.1742
9.15935
9.14514
9.13161
9.12091
9.1067
9.09255
9.07848
9.06523
9.05071
9.03776
9.0243
9.00964
8.99594
8.98179
8.96934
8.95862
8.94682
8.93397
8.92149
8.91153
8.90128
8.89147
8.88351
8.8739
8.86547
8.85825
8.85012
8.84463
8.83826
8.83173
8.82646
8.82104
8.8169
8.81333
8.81035
8.80865
8.80402
8.80351
8.8036
8.80217
8.80275
8.80394
8.80785
8.80813
8.81394
8.81682
8.82241
8.82718
8.83183
8.83707
8.84288
8.84926
8.85691
8.86371
8.87318
8.88249
8.89232
8.90268
8.91355
8.92492
8.93819
8.95194
8.96545
8.9787
8.99168
9.0058
9.02033
9.03737
9.05196
9.06478
9.08078
9.09569
9.11372
9.12994
9.14642
9.16316
9.18013
9.19732
9.21471
9.23227
9.24998
9.26853
9.28579
9.30384
9.32267
9.34367
9.36187
9.38078
9.39898
9.41856
9.43738
9.45825
9.4769
9.49474
9.51173
9.52927
9.54876
9.56806
9.58503
9.60177
9.62039
9.63451
9.65188
9.66896
9.68503
9.70008
9.71551
9.7306
9.74604
9.76041
9.77442
9.78804
9.80057
9.81413
9.82799
9.84005
9.8517
9.86224
9.8759
9.88704
9.89777
9.90738
9.9166
9.92541
9.93454
9.94539
9.95303
9.96099
9.96646
9.97156
9.977
9.98349
9.98964
9.99474
9.99952
10.0047
10.0074
10.0105
10.0141
10.018
10.0217
10.0236
10.0246
10.0282
10.0308
10.0324
10.0345
10.0357
10.0338
10.0352
10.0356
10.0352
10.0359
10.0343
10.0339
10.0332
10.0324
10.0313
10.0301
10.0293
10.0269
10.0243
10.0221
10.0205
10.0165
10.0137
10.0114
10.0082
10.0033
9.99894
9.99504
9.99161
9.98796
9.98126
9.97715
9.9714
9.96542
9.96063
9.9549
9.94825
9.94208
9.93569
9.92909
9.92087
9.91526
9.90734
9.89993
9.89092
9.88315
9.8752
9.86919
9.86021
9.85248
9.84462
9.83522
9.82428
9.81534
9.8063
9.79646
9.79007
9.78006
9.77
9.75988
9.75042
9.73952
9.7286
9.7212
9.71097
9.70075
9.69266
9.6839
9.67517
9.66648
9.65785
9.64857
9.64008
9.63094
9.62048
9.61152
9.60549
9.59602
9.58666
9.57883
9.5697
9.5614
9.55323
9.54661
9.53871
9.53024
9.52262
9.51444
9.50782
9.49994
9.49292
9.48675
9.48146
9.47562
9.46923
9.46301
9.45625
9.44896
9.44325
9.43841
9.43375
9.42926
9.42283
9.41729
9.41335
9.40889
9.40604
9.40126
9.39737
9.39439
9.3916
9.38832
9.38523
9.38234
9.37967
9.37649
9.37424
9.37219
9.37107
9.36875
9.36807
9.3676
9.36595
9.36593
9.36543
9.36515
9.36369
9.36457
9.36497
9.3663
9.36714
9.3668
9.36739
9.3682
9.36994
9.3719
9.37197
9.37578
9.37768
9.38122
9.38355
9.3875
9.39024
9.3946
9.39916
9.4032
9.40885
9.41328
9.41859
9.42408
9.42904
9.43416
9.43944
9.44488
9.45047
9.45619
9.46135
9.46663
9.47344
9.47966
9.48598
9.4931
9.49959
9.50617
9.51352
9.51951
9.52696
9.5302
9.537
9.54382
9.54923
9.55463
9.56213
9.5689
9.57562
9.58159
9.5882
9.59474
9.60049
9.60754
9.61449
9.62061
9.6266
9.63104
9.63743
9.64225
9.64901
9.65488
9.66055
9.66601
9.66985
9.67416
9.67824
9.68207
9.68566
9.68899
9.69206
9.69486
9.69739
9.70104
9.703
9.70467
9.70604
9.70641
9.70648
9.70767
9.70997
9.71056
9.71014
9.70943
9.70841
9.7071
9.70692
9.70502
9.70284
9.70038
9.69765
9.69394
9.69138
9.68927
9.68549
9.68076
9.67579
9.67059
9.66659
9.66237
9.65724
9.65192
9.64712
9.64143
9.63628
9.62885
9.62269
9.61708
9.61135
9.60549
9.60023
9.59203
9.58515
9.57678
9.56904
9.56123
9.55479
9.5476
9.54107
9.53382
9.52515
9.51647
9.50921
9.50339
9.49547
9.48901
9.4826
9.47554
9.46856
9.46237
9.45486
9.44674
9.44016
9.4344
9.42878
9.42401
9.41656
9.41068
9.40357
9.39734
9.39201
9.38688
9.38408
9.37867
9.3742
9.37137
9.36879
9.36505
9.36086
9.35766
9.35543
9.35278
9.34972
9.34766
9.34802
9.34516
9.34403
9.34251
9.34274
9.34117
9.34064
9.34116
9.34344
9.34465
9.34692
9.34813
9.35039
9.35512
9.35809
9.36142
9.3658
9.36772
9.37141
9.37756
9.38407
9.38951
9.39459
9.40142
9.40647
9.41327
9.4211
9.42713
9.43418
9.44225
9.44992
9.45929
9.46824
9.47747
9.48485
9.49461
9.50462
9.51629
9.52676
9.53746
9.54978
9.56087
9.57215
9.58361
9.59452
9.60628
9.61889
9.63162
9.64376
9.65882
9.67184
9.68494
9.69739
9.71061
9.72103
9.7336
9.74689
9.75876
9.77062
9.78247
9.79498
9.80675
9.81988
9.83224
9.84453
9.85602
9.86813
9.88014
9.89345
9.90593
9.91828
9.9305
9.94187
9.95379
9.96343
9.97361
9.98503
9.99556
10.0045
10.0161
10.0253
10.0343
10.0439
10.0546
10.0644
10.0725
10.0811
10.0902
10.099
10.1096
10.1165
10.1238
10.1301
10.1369
10.1426
10.1487
10.1532
10.1587
10.1639
10.1694
10.174
10.1782
10.1813
10.1826
10.1857
10.1898
10.1914
10.194
10.1955
10.1966
10.1986
10.1988
10.1993
10.1972
10.1975
10.1959
10.1938
10.1912
10.1895
10.1845
10.1797
10.1758
10.1692
10.1643
10.1581
10.152
10.1448
10.1355
10.1271
10.1175
10.1073
10.0973
10.086
10.0741
10.0625
10.0495
10.0382
10.0242
10.0104
9.99602
9.98188
9.96583
9.94928
9.93226
9.91407
9.89683
9.88057
9.86177
9.84114
9.82225
9.80298
9.78406
9.76481
9.74312
9.72256
9.70172
9.68276
9.66003
9.63992
9.61892
9.59635
9.57435
9.55153
9.52933
9.50849
9.4876
9.46529
9.44299
9.42002
9.39783
9.37501
9.35089
9.32832
9.30662
9.28439
9.26308
9.2413
9.21976
9.19991
9.17753
9.15759
9.13868
9.11943
9.10127
9.08349
9.06401
9.04496
9.02635
9.00961
8.99265
8.97687
8.96161
8.94756
8.93333
8.91893
8.90438
8.8918
8.87979
8.86836
8.85822
8.84726
8.83831
8.82926
8.82152
8.81439
8.80717
8.79986
8.79387
8.78921
8.78376
8.77963
8.7747
8.7718
8.7681
8.76572
8.76535
8.76417
8.7657
8.76711
8.7684
8.76957
8.7713
8.77359
8.77784
8.78263
8.78725
8.79451
8.80085
8.80557
8.81007
8.81714
8.82537
8.83262
8.8417
8.85188
8.86175
8.87056
8.88254
8.89273
8.90322
8.9147
8.92643
8.937
8.94849
8.96159
8.97345
8.98404
8.99617
9.00699
9.01929
9.03095
9.04405
9.05786
9.06883
9.08118
9.09418
9.10568
9.11849
9.12906
9.14091
9.1526
9.16412
9.17546
9.18661
9.19684
9.20685
9.21733
9.22828
9.23757
9.24662
9.25542
9.26396
9.27367
9.28241
9.29162
9.29846
9.30717
9.31566
9.32251
9.33055
9.33839
9.34532
9.35066
9.35793
9.36363
9.36918
9.376
9.38128
9.38644
9.3915
9.39928
9.40556
9.41177
9.41651
9.42189
9.42652
9.43112
9.4364
9.44236
9.44688
9.45281
9.45873
9.46535
9.47056
9.47366
9.47745
9.48054
9.48645
9.49165
9.49685
9.50204
9.50722
9.51168
9.51752
9.52334
9.52912
9.53416
9.53985
9.54548
9.55317
9.55725
9.56266
9.56586
9.57037
9.57477
9.57764
9.5818
9.58581
9.59039
9.59339
9.59835
9.60172
9.60491
9.60862
9.61213
9.61472
9.61781
9.61928
9.62194
9.62507
9.62586
9.62713
9.62745
9.62752
9.62807
9.62837
9.62771
9.62752
9.62708
9.62569
9.62547
9.6236
9.62218
9.62053
9.61865
9.61653
9.61419
9.61021
9.60742
9.60371
9.6019
9.59919
9.59627
9.59246
9.58704
9.58357
9.57992
9.5747
9.57073
9.56732
9.56305
9.55794
9.55341
9.54735
9.54328
9.5377
9.53201
9.52624
9.51897
9.51304
9.50635
9.50101
9.49562
9.48738
9.48051
9.47505
9.46886
9.46408
9.45862
9.45458
9.44846
9.44309
9.43847
9.43181
9.42733
9.42295
9.41725
9.41096
9.40479
9.39947
9.39569
9.39137
9.38651
9.38183
9.37805
9.37448
9.37041
9.36445
9.36224
9.35958
9.35505
9.3522
9.35033
9.34803
9.34601
9.34429
9.34216
9.34104
9.33882
9.33761
9.33743
9.33756
9.33801
9.3409
9.34198
9.34338
9.34509
9.34639
9.348
9.35272
9.35561
9.35948
9.3629
9.36658
9.3698
9.37253
9.3776
9.38075
9.3855
9.38901
9.39338
9.3986
9.40535
9.4122
9.41702
9.42332
9.42896
9.43464
9.44103
9.44742
9.45307
9.45727
9.46282
9.46688
9.47224
9.47677
9.48117
9.48471
9.4902
9.49549
9.49989
9.50406
9.51013
9.51453
9.51514
9.5176
9.5219
9.52519
9.52819
9.53087
9.53252
9.53526
9.53766
9.53831
9.53861
9.53856
9.53816
9.5367
9.53489
9.53342
9.53089
9.52941
9.52688
9.5247
9.52289
9.52004
9.51686
9.51264
9.50881
9.50326
9.49742
9.49199
9.48486
9.47959
9.47265
9.46688
9.45949
9.45259
9.44551
9.43825
9.43083
9.42398
9.4163
9.40852
9.40135
9.39342
9.38544
9.37743
9.36871
9.36
9.35203
9.3441
9.33695
9.32847
9.31939
9.31255
9.30514
9.2986
9.29153
9.28465
9.27868
9.27152
9.26389
9.25792
9.25221
9.24748
9.24304
9.23819
9.23365
9.22872
9.22411
9.22054
9.21803
9.21656
9.21262
9.21045
9.20723
9.20579
9.20754
9.20682
9.20719
9.20651
9.20621
9.20557
9.206
9.2075
9.20937
9.2123
9.21418
9.21783
9.22112
9.22546
9.22873
9.23022
9.23627
9.24335
9.24722
9.25212
9.25873
9.26423
9.27003
9.27612
9.28319
9.29055
9.29817
9.30677
9.31422
9.32473
9.33195
9.34081
9.34849
9.35709
9.36661
9.37633
9.38625
9.39635
9.40733
9.41777
9.42766
9.44052
9.45139
9.46309
9.47492
9.48473
9.49605
9.50887
9.52034
9.53189
9.54348
9.55583
9.5682
9.58058
9.59156
9.60254
9.61349
9.62441
9.6381
9.64821
9.66035
9.6703
9.68155
9.69339
9.7044
9.71527
9.72598
9.73652
9.74688
9.75704
9.76769
9.77812
9.78759
9.79539
9.80434
9.81301
9.82068
9.82945
9.83579
9.84391
9.85027
9.85699
9.86404
9.87002
9.87631
9.88151
9.88561
9.88719
9.89118
9.89475
9.89862
9.90208
9.90511
9.90773
9.90922
9.90819
9.90887
9.90986
9.90975
9.90997
9.907
9.90509
9.90283
9.90097
9.89809
9.89633
9.8929
9.88992
9.88601
9.8819
9.8783
9.87596
9.87277
9.86734
9.86323
9.85905
9.85553
9.85128
9.84773
9.84279
9.83788
9.83303
9.83107
9.8271
9.82393
9.82018
9.81658
9.81383
9.81195
9.80812
9.80519
9.80033
9.79779
9.79545
9.79191
9.78929
9.78688
9.78468
9.78341
9.78305
9.7836
9.78294
9.7853
9.78503
9.78424
9.78505
9.78672
9.78645
9.78773
9.78916
9.79001
9.79027
9.79134
9.79181
9.79306
9.79368
9.79577
9.79719
9.79723
9.79871
9.80019
9.80166
9.8024
9.8038
9.80728
9.80857
9.80908
9.80949
9.81192
9.81352
9.81359
9.81492
9.81538
9.81569
9.81653
9.81577
9.81481
9.81648
9.81511
9.81492
9.81238
9.81031
9.808
9.80614
9.80263
9.80026
9.79622
9.79545
9.7923
9.78817
9.78378
9.77982
9.77559
9.77181
9.76634
9.76202
9.75674
9.75191
9.74754
9.7422
9.73592
9.72941
9.72266
9.7171
9.71062
9.70394
9.69635
9.68786
9.68131
9.67318
9.66559
9.65785
9.64856
9.64055
9.6317
9.62205
9.61299
9.60315
9.59464
9.58535
9.57459
9.56661
9.55647
9.54701
9.53752
9.52873
9.51994
9.51045
9.50098
9.49154
9.48283
9.47276
9.46061
9.44923
9.44073
9.43229
9.42533
9.41704
9.406
9.39787
9.38842
9.37837
9.36911
9.36066
9.35373
9.3462
9.33947
9.33003
9.32141
9.31361
9.30593
9.29695
9.28808
9.28075
9.27424
9.26785
9.26158
9.25331
9.24586
9.23924
9.23203
9.22565
9.21869
9.21114
9.20583
9.19995
9.19349
9.18786
9.18447
9.1784
9.17317
9.16879
9.16666
9.16185
9.15789
9.15268
9.14904
9.14486
9.14085
9.13702
9.13195
9.12849
9.12592
9.12284
9.11998
9.11733
9.11349
9.11058
9.10791
9.10619
9.10473
9.10424
9.10331
9.10195
9.10228
9.10362
9.10454
9.10436
9.10378
9.10423
9.1057
9.1075
9.11105
9.11352
9.11633
9.1202
9.12441
9.12756
9.13247
9.13631
9.13979
9.14432
9.14919
9.1544
9.16278
9.16866
9.17557
9.18422
9.19176
9.1989
9.20633
9.21476
9.22416
9.23171
9.23951
9.24896
9.25862
9.2685
9.27786
9.28951
9.29991
9.31115
9.32252
9.33329
9.34131
9.35152
9.36249
9.37419
9.38589
9.39618
9.40783
9.42084
9.43095
9.44167
9.45156
9.46201
9.4716
9.48242
9.49233
9.50272
9.51075
9.52064
9.52953
9.53813
9.54641
9.55435
9.56335
9.57056
9.57739
9.5824
9.58911
9.59469
9.59982
9.60591
9.61083
9.61597
9.61921
9.62197
9.62139
9.62171
9.62364
9.62435
9.62383
9.62279
9.62194
9.62127
9.6201
9.6177
9.61338
9.60927
9.60609
9.60172
9.59688
9.59158
9.58725
9.5825
9.5745
9.57034
9.56298
9.55455
9.54719
9.53951
9.53083
9.52257
9.51477
9.50533
9.49427
9.48374
9.47377
9.46368
9.4542
9.44323
9.43293
9.42333
9.41232
9.39995
9.38976
9.38038
9.37042
9.3599
9.35098
9.34156
9.33168
9.32346
9.31483
9.30581
9.29712
9.28879
9.28154
9.27328
9.26685
9.26085
9.25532
9.25026
9.24568
9.24302
9.23946
9.23783
9.23461
9.23335
9.23263
9.23245
9.23283
9.23233
9.2338
9.23227
9.23411
9.23717
9.24005
9.24343
9.2473
9.25024
9.25575
9.26099
9.26735
9.2741
9.28193
9.28798
9.29576
9.30311
9.31213
9.31995
9.32867
9.33613
9.34583
9.35491
9.36193
9.37179
9.38022
9.3886
9.3969
9.40578
9.41311
9.42027
9.42793
9.43536
9.44394
9.45013
9.45672
9.46299
9.46963
9.47521
9.48042
9.48526
9.4897
9.49305
9.4953
9.49926
9.50212
9.50389
9.50737
9.50977
9.51038
9.51133
9.51334
9.51429
9.51351
9.51312
9.51244
9.51217
9.51164
9.50733
9.5049
9.50296
9.50153
9.4978
9.49461
9.49339
9.48922
9.48634
9.48265
9.47959
9.47645
9.47324
9.46858
9.466
9.46198
9.45866
9.45603
9.45271
9.44799
9.4454
9.44213
9.43961
9.43642
9.43257
9.42948
9.42716
9.42418
9.42057
9.41703
9.41357
9.40948
9.40759
9.40438
9.40196
9.39893
9.39742
9.39246
9.39115
9.38923
9.38813
9.38644
9.38487
9.38412
9.38279
9.38158
9.3812
9.38024
9.37941
9.378
9.37674
9.37631
9.37532
9.37377
9.37235
9.37319
9.37346
9.37317
9.37302
9.37512
9.37383
9.37408
9.37518
9.37499
9.37563
9.37709
9.37867
9.37966
9.38216
9.38405
9.38674
9.3874
9.38955
9.39176
9.39334
9.39567
9.39734
9.40117
9.40291
9.40608
9.40784
9.41244
9.41279
9.41595
9.4198
9.42221
9.42177
9.42411
9.42781
9.43006
9.43226
9.43371
9.43651
9.43784
9.4384
9.43891
9.44148
9.44329
9.44575
9.44816
9.44982
9.45074
9.45234
9.45461
9.45756
9.45839
9.45991
9.46213
9.46437
9.46661
9.46746
9.46762
9.46994
9.47158
9.47539
9.47853
9.48103
9.48501
9.48763
9.49104
9.49241
9.49526
9.49749
9.4991
9.50151
9.50329
9.50516
9.50924
9.5134
9.51482
9.51843
9.52283
9.52519
9.52973
9.53222
9.53549
9.5388
9.54217
9.54559
9.54905
9.55254
9.55607
9.55962
9.56388
9.56885
9.57242
9.57456
9.57811
9.58022
9.58373
9.5872
9.59134
9.59403
9.59737
9.60137
9.60248
9.60564
9.60873
9.61105
9.614
9.61758
9.62107
9.62307
9.62568
9.62962
9.63276
9.63511
9.63737
9.63883
9.64233
9.64714
9.64904
9.65086
9.65258
9.6514
9.65226
9.65375
9.65516
9.65651
9.65779
9.65972
9.66018
9.66058
9.66094
9.66054
9.66152
9.66175
9.66336
9.66354
9.66511
9.66596
9.6675
9.66833
9.67128
9.67282
9.67366
9.67381
9.67396
9.67413
9.67292
9.67526
9.67621
9.6772
9.67681
9.67786
9.67896
9.6801
9.68199
9.68321
9.68517
9.68648
9.68712
9.68851
9.69135
9.6914
9.6929
9.69444
9.696
9.69759
9.69992
9.70438
9.70533
9.707
9.70656
9.70966
9.71065
9.71092
9.7119
9.71428
9.71805
9.71897
9.72199
9.72286
9.72581
9.72731
9.72877
9.73088
9.73294
9.73423
9.73545
9.7352
9.73558
9.73589
9.73683
9.73769
9.73988
9.73775
9.73694
9.73816
9.73859
9.73892
9.73704
9.7372
9.73797
9.73795
9.73785
9.73767
9.74093
9.74129
9.74088
9.74039
9.73983
9.73921
9.73995
9.7385
9.73842
9.7383
9.73743
9.73653
9.7363
9.73323
9.73226
9.73056
9.73027
9.72928
9.72687
9.72588
9.72491
9.72536
9.72513
9.7228
9.72192
9.72107
9.72027
9.71951
9.71809
9.7153
9.71539
9.71482
9.71502
9.71457
9.71488
9.71596
9.71497
9.71476
9.71459
9.71378
9.71444
9.71446
9.71594
9.71537
9.71626
9.71791
9.7182
9.71714
9.71753
9.72009
9.71986
9.72039
9.72026
9.72016
9.72082
9.72081
9.72084
9.72161
9.72171
9.72256
9.72203
9.72295
9.72461
9.7249
9.72663
9.72769
9.7295
9.73064
9.73181
9.73231
9.73284
9.73412
9.73825
9.7403
9.74166
9.74377
9.7452
9.74665
9.74813
9.75105
9.75469
9.75624
9.7585
9.76148
9.76305
9.76463
9.76479
9.76564
9.76719
9.76941
9.7709
9.77236
9.77377
9.77724
9.77994
9.78116
9.7823
9.78335
9.7836
9.78162
9.78164
9.78154
9.78202
9.78094
9.78253
9.78184
9.78099
9.78138
9.77947
9.77878
9.77861
9.77753
9.77696
9.77478
9.77379
9.77119
9.77049
9.76675
9.7635
9.76074
9.75707
9.75531
9.75263
9.74976
9.74528
9.74131
9.73716
9.73284
9.72835
9.72228
9.72029
9.71464
9.70957
9.70368
9.69839
9.69301
9.68826
9.68345
9.67718
9.67159
9.66667
9.66105
9.65614
9.65124
9.6471
9.64299
9.63754
9.63428
9.62829
9.62452
9.61875
9.6131
9.60759
9.60365
9.59916
9.59554
9.5907
9.58815
9.58438
9.58011
9.57675
9.57218
9.56994
9.5644
9.56189
9.56031
9.55825
9.55571
9.55409
9.55199
9.55081
9.55125
9.55119
9.55204
9.55167
9.55079
9.5515
9.55168
9.55274
9.55395
9.5546
9.55397
9.55558
9.5566
9.55773
9.55895
9.56095
9.56372
9.56514
9.56589
9.56737
9.56887
9.56967
9.57256
9.57402
9.57474
9.57469
9.57599
9.57792
9.57905
9.5815
9.58241
9.5832
9.58315
9.58365
9.58399
9.58276
9.58347
9.5854
9.58432
9.58374
9.58225
9.58126
9.58004
9.5793
9.57762
9.575
9.57284
9.57115
9.56922
9.56705
9.56392
9.56056
9.55625
9.55169
9.5483
9.54467
9.53799
9.53319
9.52675
9.52079
9.51392
9.50754
9.50237
9.4963
9.48934
9.48221
9.47561
9.46814
9.45912
9.45136
9.44348
9.43618
9.42807
9.41986
9.41156
9.40319
9.39617
9.38909
9.38126
9.3727
9.36483
9.35695
9.34838
9.33981
9.33198
9.32278
9.31433
9.30807
9.30046
9.29365
9.28481
9.27748
9.27027
9.26459
9.25975
9.25153
9.24416
9.23695
9.23062
9.22447
9.2192
9.21343
9.20785
9.20249
9.19663
9.191
9.1863
9.18395
9.17971
9.17643
9.17198
9.16921
9.16598
9.1616
9.1582
9.15507
9.15292
9.14894
9.14665
9.14464
9.14363
9.14362
9.1446
9.14376
9.14391
9.14648
9.14794
9.14827
9.15103
9.15267
9.1539
9.15684
9.15937
9.1629
9.16533
9.16875
9.17247
9.17507
9.17938
9.18468
9.19027
9.19544
9.20231
9.20734
9.21335
9.21963
9.2276
9.23372
9.2401
9.24816
9.25577
9.26223
9.27035
9.27942
9.28873
9.29758
9.30878
9.31738
9.32621
9.33737
9.34804
9.35822
9.3686
9.37919
9.38927
9.40165
9.41352
9.42345
9.43638
9.44666
9.45852
9.47055
9.48414
9.49647
9.50895
9.52156
9.53502
9.5479
9.56161
9.57332
9.58655
9.59917
9.61189
9.62682
9.64113
9.6541
9.66643
9.68093
9.69478
9.70868
9.72331
9.73656
9.75054
9.76381
9.77568
9.78965
9.8043
9.81751
9.8335
9.84801
9.86176
9.87542
9.889
9.90247
9.91582
9.92763
9.94
9.95291
9.96635
9.9803
9.99405
10.0062
10.0173
10.029
10.0403
10.0507
10.0629
10.0719
10.082
10.0925
10.1033
10.1115
10.1208
10.1283
10.136
10.1426
10.1508
10.157
10.1635
10.1688
10.1728
10.1763
10.1806
10.1844
10.1875
10.1893
10.1898
10.1904
10.1897
10.1897
10.1877
10.1857
10.183
10.179
10.175
10.1682
10.1621
10.1561
10.1494
10.142
10.1325
10.1245
10.1151
10.105
10.0929
10.0795
10.0675
10.0542
10.0411
10.028
10.0137
9.99885
9.98273
9.96681
9.95038
9.93559
9.9161
9.8983
9.88078
9.86217
9.8439
9.82458
9.80493
9.78429
9.76267
9.74152
9.72085
9.70141
9.67969
9.65713
9.63587
9.61241
9.59172
9.5703
9.54746
9.52677
9.50683
9.48697
9.46438
9.44334
9.42315
9.40244
9.38192
9.36163
9.34088
9.32182
9.30163
9.28105
9.26292
9.24514
9.22774
9.21214
9.19624
9.17935
9.1629
9.1448
9.12717
9.11284
9.09831
9.08358
9.06938
9.05783
9.0447
9.03284
9.02224
9.01079
8.99922
8.98964
8.98135
8.97295
8.96515
8.95935
8.95274
8.94673
8.94273
8.93862
8.93511
8.93008
8.92635
8.92462
8.92277
8.92222
8.92082
8.91928
8.91971
8.92
8.92084
8.92152
8.92343
8.9301
8.93446
8.93932
8.94468
8.95051
8.95541
8.96218
8.96799
8.97635
8.98373
8.99011
8.99831
9.00619
9.01444
9.02376
9.03414
9.04274
9.05236
9.06371
9.07535
9.08727
9.09876
9.10979
9.12248
9.13257
9.145
9.16046
9.17257
9.18487
9.19874
9.21206
9.22553
9.2363
9.25072
9.26454
9.28128
9.29599
9.30935
9.32278
9.33767
9.3519
9.36686
9.38184
9.39612
9.4104
9.42537
9.43962
9.45312
9.46587
9.47998
9.49473
9.50869
9.52187
9.53566
9.54934
9.56361
9.57634
9.59176
9.60421
9.61792
9.62864
9.64132
9.65381
9.66612
9.67823
9.69084
9.70183
9.71472
9.72668
9.73699
9.74777
9.75901
9.76859
9.77932
9.78837
9.79785
9.80636
9.81388
9.82323
9.83089
9.83966
9.84673
9.85421
9.86068
9.86684
9.87341
9.87967
9.88561
9.89054
9.89445
9.89875
9.90344
9.90711
9.91188
9.91421
9.91764
9.92005
9.92214
9.92391
9.92607
9.92862
9.92945
9.93068
9.93089
9.93078
9.92896
9.93107
9.93075
9.93013
9.92851
9.9287
9.92718
9.92749
9.92539
9.92299
9.92031
9.91734
9.9141
9.90986
9.90606
9.9027
9.89836
9.89376
9.88961
9.8845
9.87985
9.87284
9.867
9.86023
9.85323
9.84601
9.83929
9.83237
9.82526
9.81866
9.81047
9.80212
9.7943
9.78775
9.77893
9.77069
9.76444
9.75525
9.74597
9.73941
9.73137
9.72184
9.71367
9.70333
9.69437
9.68468
9.67498
9.66315
9.65557
9.6466
9.63767
9.62949
9.62208
9.61403
9.60253
9.59394
9.58686
9.57707
9.56881
9.56209
9.5548
9.54977
9.54065
9.53311
9.52573
9.51853
9.51293
9.5061
9.49875
9.4923
9.48676
9.48071
9.47487
9.47065
9.46523
9.46213
9.45713
9.45234
9.44777
9.44411
9.43996
9.43601
9.43298
9.42874
9.42541
9.42228
9.41935
9.41944
9.41689
9.41524
9.41306
9.41177
9.41065
9.409
9.40822
9.40619
9.40502
9.40472
9.40315
9.40243
9.40326
9.40352
9.4025
9.40302
9.40225
9.4009
9.40319
9.40277
9.40527
9.40646
9.40705
9.40773
9.40779
9.40723
9.40745
9.40845
9.40741
9.40855
9.41045
9.41101
9.41232
9.41297
9.41366
9.41579
9.41584
9.41732
9.41739
9.4189
9.42111
9.4219
9.42338
9.42415
9.42559
9.42629
9.42837
9.42898
9.43096
9.43077
9.43333
9.43299
9.43399
9.4349
9.43573
9.43786
9.43848
9.43828
9.43938
9.43824
9.43838
9.43909
9.44037
9.4401
9.44039
9.44052
9.4398
9.44033
9.44141
9.44021
9.43885
9.43662
9.43424
9.43241
9.43112
9.42897
9.42738
9.42493
9.42162
9.42029
9.41882
9.4158
9.41335
9.41148
9.40809
9.40459
9.40098
9.39658
9.3928
9.38965
9.38502
9.37822
9.3756
9.36941
9.36602
9.3612
9.35638
9.35299
9.34962
9.34628
9.34017
9.33553
9.33238
9.32861
9.32705
9.32419
9.32005
9.31533
9.31218
9.30777
9.30354
9.30162
9.29918
9.29625
9.29424
9.29176
9.29022
9.28964
9.2872
9.28715
9.28666
9.28787
9.28726
9.28765
9.28905
9.28864
9.28996
9.2909
9.29428
9.29728
9.30062
9.30147
9.30478
9.30843
9.31171
9.31675
9.32001
9.32502
9.32967
9.33536
9.34208
9.34773
9.35442
9.36143
9.36806
9.37499
9.38365
9.39331
9.40397
9.41208
9.42118
9.42914
9.43807
9.44725
9.45878
9.46984
9.48041
9.4919
9.50288
9.51263
9.52325
9.53262
9.54424
9.55529
9.56786
9.5777
9.59046
9.60257
9.61474
9.62765
9.63916
9.65209
9.66572
9.67861
9.69145
9.70282
9.71481
9.72671
9.73849
9.75085
9.76306
9.7744
9.78345
9.79441
9.80374
9.81425
9.82522
9.83523
9.84567
9.85583
9.86428
9.87029
9.8781
9.88698
9.89481
9.90229
9.9094
9.91614
9.9232
9.92988
9.93545
9.9385
9.94255
9.9469
9.95013
9.95224
9.95393
9.95731
9.96098
9.96212
9.96425
9.96527
9.96588
9.9675
9.96731
9.96886
9.96931
9.96797
9.96627
9.96562
9.96251
9.95837
9.95673
9.95407
9.95043
9.94791
9.94302
9.93716
9.93319
9.92901
9.92392
9.91936
9.91392
9.90694
9.90123
9.89542
9.88882
9.88285
9.87613
9.87007
9.86401
9.85866
9.85263
9.84735
9.84144
9.83561
9.82989
9.825
9.81955
9.81425
9.80984
9.80421
9.80091
9.79642
9.79217
9.78678
9.78447
9.78034
9.77863
9.77299
9.77191
9.76976
9.76795
9.76651
9.76543
9.76403
9.76371
9.76378
9.76425
9.76653
9.7678
9.77019
9.77228
9.77408
