-5.89952
-5.89872
-5.89921
-5.89938
-5.89859
-5.89877
-5.89862
-5.89944
-5.89898
-5.89916
-5.89902
-5.89823
-5.89809
-5.89795
-5.89782
-5.89833
-5.89917
-5.89904
-5.89891
-5.8991
-5.89767
-5.89754
-5.89741
-5.89761
-5.89716
-5.89671
-5.89756
-5.89776
-5.89797
-5.89817
-5.89805
-5.89794
-5.89783
-5.89707
-5.89632
-5.89621
-5.89579
-5.89504
-5.8943
-5.89454
-5.89445
-5.89469
-5.89429
-5.89422
-5.89382
-5.89409
-5.89403
-5.8956
-5.89556
-5.89519
-5.89484
-5.89449
-5.89447
-5.89414
-5.89381
-5.89414
-5.89415
-5.89482
-5.89485
-5.89489
-5.89558
-5.89596
-5.89634
-5.89609
-5.89552
-5.89561
-5.89603
-5.89678
-5.89592
-5.89604
-5.89649
-5.89663
-5.89709
-5.89724
-5.8974
-5.89821
-5.89902
-5.89952
-5.8997
-5.90021
-5.9004
-5.90092
-5.90112
-5.901
-5.90153
-5.90206
-5.90227
-5.90216
-5.90237
-5.90193
-5.90214
-5.90171
-5.9016
-5.90213
-5.90266
-5.90254
-5.90339
-5.90359
-5.90378
-5.90397
-5.90447
-5.90497
-5.90547
-5.90531
-5.90579
-5.90595
-5.90609
-5.90623
-5.90701
-5.90713
-5.90822
-5.908
-5.9081
-5.90852
-5.90892
-5.909
-5.90874
-5.90848
-5.90853
-5.90954
-5.90957
-5.91025
-5.91027
-5.90995
-5.90931
-5.90866
-5.90865
-5.90831
-5.90829
-5.90826
-5.9092
-5.90883
-5.90879
-5.91003
-5.90933
-5.90862
-5.90888
-5.90946
-5.90938
-5.90963
-5.9102
-5.91011
-5.91003
-5.91026
-5.91017
-5.90976
-5.90934
-5.90924
-5.90849
-5.90775
-5.907
-5.90626
-5.90519
-5.90509
-5.90531
-5.90489
-5.90479
-5.90437
-5.90395
-5.90417
-5.90376
-5.90366
-5.90325
-5.90316
-5.90275
-5.90266
-5.90291
-5.90347
-5.90307
-5.90203
-5.90228
-5.90253
-5.90312
-5.90273
-5.90202
-5.90132
-5.90127
-5.90121
-5.90116
-5.9008
-5.90076
-5.90104
-5.90133
-5.90065
-5.90062
-5.90092
-5.90154
-5.9012
-5.90118
-5.90149
-5.90115
-5.90147
-5.90114
-5.90081
-5.9008
-5.9008
-5.90113
-5.90113
-5.90113
-5.90113
-5.90082
-5.90147
-5.90148
-5.90085
-5.90053
-5.8999
-5.89991
-5.89992
-5.90026
-5.90028
-5.89997
-5.9003
-5.90097
-5.90098
-5.90035
-5.90037
-5.90006
-5.89975
-5.90041
-5.9001
-5.90044
-5.90013
-5.90014
-5.90015
-5.89984
-5.90018
-5.90019
-5.89987
-5.89988
-5.89989
-5.89957
-5.89958
-5.89958
-5.90024
-5.89992
-5.90025
-5.9009
-5.90155
-5.90187
-5.9022
-5.90285
-5.90252
-5.90252
-5.9022
-5.90187
-5.90187
-5.90219
-5.90155
-5.90154
-5.90187
-5.90186
-5.90186
-5.90186
-5.90185
-5.90153
-5.90088
-5.90088
-5.89926
-5.89926
-5.89958
-5.89893
-5.89926
-5.89959
-5.89959
-5.89992
-5.89992
-5.90025
-5.89961
-5.89898
-5.89866
-5.89868
-5.89869
-5.89935
-5.89937
-5.89906
-5.89908
-5.89878
-5.89848
-5.89786
-5.89724
-5.89727
-5.89697
-5.89636
-5.89704
-5.89707
-5.89711
-5.89682
-5.89654
-5.89658
-5.89662
-5.89764
-5.89801
-5.89806
-5.89843
-5.89815
-5.89788
-5.89793
-5.8983
-5.89868
-5.89841
-5.89846
-5.89916
-5.89857
-5.89927
-5.89867
-5.89873
-5.89911
-5.89916
-5.89921
-5.89894
-5.89899
-5.89904
-5.8991
-5.8985
-5.89919
-5.89956
-5.89928
-5.89901
-5.89937
-5.89877
-5.89946
-5.89885
-5.89921
-5.8986
-5.89864
-5.89835
-5.8987
-5.89841
-5.89876
-5.89943
-5.89848
-5.89883
-5.89852
-5.89886
-5.89888
-5.89889
-5.8989
-5.89956
-5.89925
-5.89926
-5.89959
-5.89894
-5.89927
-5.89927
-5.89959
-5.89959
-5.89927
-5.89991
-5.90023
-5.90087
-5.90054
-5.90086
-5.90085
-5.90051
-5.90082
-5.90081
-5.90015
-5.90111
-5.90109
-5.9014
-5.90106
-5.90137
-5.90038
-5.90036
-5.90067
-5.90097
-5.90063
-5.90029
-5.89994
-5.8996
-5.89926
-5.89956
-5.89889
-5.89855
-5.89982
-5.89948
-5.89978
-5.90073
-5.90038
-5.90003
-5.89936
-5.89934
-5.89964
-5.89928
-5.89893
-5.8989
-5.89888
-5.89884
-5.89881
-5.89878
-5.89875
-5.89839
-5.89835
-5.89831
-5.89795
-5.89791
-5.89787
-5.89783
-5.89778
-5.89806
-5.89737
-5.89829
-5.89824
-5.89916
-5.89846
-5.89905
-5.899
-5.89926
-5.89888
-5.89785
-5.89811
-5.89869
-5.89798
-5.89792
-5.89785
-5.89681
-5.89675
-5.897
-5.89628
-5.89621
-5.89614
-5.89575
-5.89568
-5.89561
-5.89521
-5.89514
-5.89507
-5.89468
-5.89493
-5.89519
-5.89479
-5.89537
-5.89499
-5.89557
-5.89551
-5.89577
-5.89635
-5.89597
-5.89592
-5.89521
-5.89484
-5.89446
-5.89441
-5.89403
-5.89366
-5.89426
-5.89519
-5.89548
-5.89511
-5.89475
-5.89472
-5.89468
-5.89465
-5.89462
-5.89491
-5.89424
-5.89389
-5.89419
-5.89449
-5.89414
-5.89509
-5.8954
-5.89505
-5.89439
-5.8947
-5.89533
-5.895
-5.89466
-5.89465
-5.89432
-5.89398
-5.8943
-5.89429
-5.89429
-5.8946
-5.89428
-5.89427
-5.89362
-5.89362
-5.89362
-5.89362
-5.89427
-5.89394
-5.89394
-5.89427
-5.89428
-5.89428
-5.89363
-5.89332
-5.89397
-5.8943
-5.89431
-5.89464
-5.89401
-5.89402
-5.89403
-5.89404
-5.89438
-5.8944
-5.89409
-5.89379
-5.89381
-5.89351
-5.89353
-5.89453
-5.89456
-5.89491
-5.89462
-5.8953
-5.89533
-5.89602
-5.89606
-5.8961
-5.89647
-5.89651
-5.89656
-5.89629
-5.89602
-5.89575
-5.89548
-5.89522
-5.8956
-5.89599
-5.89638
-5.89645
-5.89652
-5.89627
-5.89602
-5.89642
-5.8965
-5.89626
-5.89634
-5.89642
-5.8965
-5.89724
-5.897
-5.89773
-5.8975
-5.89759
-5.89768
-5.89809
-5.89851
-5.89892
-5.89966
-5.9004
-5.90049
-5.90057
-5.90099
-5.90075
-5.90084
-5.90125
-5.90133
-5.90141
-5.90149
-5.90125
-5.90165
-5.90108
-5.90116
-5.90091
-5.90065
-5.90072
-5.90079
-5.90053
-5.90027
-5.90001
-5.90039
-5.90142
-5.9018
-5.90153
-5.90125
-5.9013
-5.90135
-5.90204
-5.9024
-5.90212
-5.90183
-5.90219
-5.9019
-5.90194
-5.90132
-5.90232
-5.9017
-5.90238
-5.90143
-5.90146
-5.90148
-5.9015
-5.90087
-5.89991
-5.89961
-5.89897
-5.89963
-5.899
-5.89901
-5.89999
-5.90033
-5.90001
-5.90002
-5.90035
-5.90035
-5.90068
-5.90068
-5.90068
-5.90069
-5.90069
-5.90036
-5.90003
-5.90003
-5.90003
-5.90035
-5.90034
-5.90066
-5.90033
-5.90064
-5.90063
-5.89997
-5.89932
-5.89963
-5.89994
-5.89993
-5.89894
-5.89796
-5.89762
-5.89825
-5.89823
-5.89886
-5.89885
-5.89883
-5.89946
-5.89976
-5.89942
-5.89941
-5.89939
-5.89905
-5.89935
-5.89966
-5.89964
-5.89962
-5.89993
-5.89991
-5.89957
-5.89987
-5.9005
-5.90114
-5.90047
-5.90046
-5.90076
-5.90075
-5.90073
-5.90104
-5.90135
-5.90134
-5.90165
-5.90196
-5.90226
-5.90225
-5.90288
-5.90254
-5.90188
-5.90154
-5.90087
-5.9015
-5.90148
-5.90145
-5.90143
-5.9014
-5.90072
-5.90102
-5.90098
-5.90062
-5.90026
-5.89989
-5.89952
-5.89947
-5.89878
-5.89872
-5.89866
-5.8986
-5.89821
-5.89879
-5.89904
-5.89897
-5.89921
-5.89913
-5.8984
-5.89831
-5.89821
-5.89812
-5.89899
-5.89889
-5.89879
-5.89835
-5.89889
-5.89878
-5.89867
-5.89888
-5.89877
-5.8993
-5.89918
-5.89874
-5.89894
-5.89817
-5.89805
-5.89826
-5.89879
-5.89899
-5.8992
-5.89876
-5.89897
-5.89886
-5.89875
-5.89962
-5.89919
-5.89909
-5.89899
-5.89889
-5.89912
-5.89903
-5.89895
-5.89886
-5.89943
-5.90033
-5.90026
-5.89955
-5.89982
-5.89911
-5.89906
-5.89934
-5.89898
-5.89927
-5.89924
-5.89921
-5.89952
-5.89885
-5.89917
-5.89916
-5.89916
-5.89917
-5.89853
-5.89855
-5.89889
-5.89891
-5.89894
-5.89833
-5.89837
-5.89841
-5.89813
-5.8985
-5.89855
-5.89796
-5.89802
-5.89711
-5.8975
-5.89628
-5.89634
-5.89642
-5.89681
-5.89592
-5.89567
-5.89607
-5.89615
-5.89558
-5.89567
-5.89478
-5.89551
-5.89526
-5.89535
-5.89672
-5.89681
-5.89591
-5.89535
-5.89543
-5.89518
-5.89558
-5.89631
-5.89638
-5.89646
-5.89685
-5.89757
-5.89667
-5.89673
-5.8968
-5.89718
-5.8966
-5.89601
-5.89606
-5.89612
-5.89617
-5.89654
-5.89692
-5.89761
-5.8983
-5.89834
-5.89839
-5.89842
-5.89749
-5.89656
-5.89692
-5.89695
-5.89665
-5.89668
-5.89606
-5.89544
-5.89514
-5.89614
-5.89681
-5.89683
-5.89718
-5.89687
-5.89689
-5.89658
-5.8966
-5.89629
-5.89631
-5.89632
-5.89569
-5.89538
-5.89539
-5.8954
-5.89476
-5.89445
-5.89446
-5.89576
-5.89609
-5.89546
-5.89546
-5.89547
-5.89515
-5.89515
-5.89548
-5.89548
-5.89581
-5.89549
-5.89484
-5.89484
-5.8942
-5.89452
-5.89484
-5.89516
-5.89548
-5.8958
-5.89611
-5.89611
-5.89707
-5.89706
-5.89673
-5.89672
-5.89671
-5.89702
-5.897
-5.89731
-5.89762
-5.89793
-5.89791
-5.89757
-5.89755
-5.89785
-5.89816
-5.89781
-5.89779
-5.8981
-5.89775
-5.89773
-5.89771
-5.89704
-5.89669
-5.89667
-5.89697
-5.89695
-5.89693
-5.89723
-5.89689
-5.89687
-5.89717
-5.89683
-5.89681
-5.89679
-5.89677
-5.89643
-5.89641
-5.8964
-5.89671
-5.89669
-5.89636
-5.89602
-5.89634
-5.89698
-5.89632
-5.89599
-5.89664
-5.89663
-5.8963
-5.8963
-5.8963
-5.89598
-5.89469
-5.89437
-5.89437
-5.89438
-5.89406
-5.89342
-5.89278
-5.89279
-5.8928
-5.89249
-5.89283
-5.89285
-5.89286
-5.89191
-5.89225
-5.89162
-5.89132
-5.89167
-5.89136
-5.89139
-5.89076
-5.89078
-5.89113
-5.89083
-5.89053
-5.89088
-5.89091
-5.89126
-5.89129
-5.89131
-5.89134
-5.89202
-5.89205
-5.89207
-5.8921
-5.89181
-5.89216
-5.89251
-5.89254
-5.89224
-5.89227
-5.8923
-5.89233
-5.89269
-5.89369
-5.89404
-5.89472
-5.89442
-5.89445
-5.89448
-5.89515
-5.89454
-5.89457
-5.89492
-5.89495
-5.89497
-5.89662
-5.89729
-5.89765
-5.89767
-5.89802
-5.89805
-5.89872
-5.89907
-5.89942
-5.8988
-5.89817
-5.89852
-5.89854
-5.89889
-5.89924
-5.89926
-5.90025
-5.90027
-5.90029
-5.90096
-5.90163
-5.90165
-5.90134
-5.90039
-5.90074
-5.90108
-5.90174
-5.90209
-5.90243
-5.90212
-5.90181
-5.90183
-5.90185
-5.90219
-5.90252
-5.90254
-5.9019
-5.90224
-5.90193
-5.90194
-5.90195
-5.90196
-5.9023
-5.90231
-5.90231
-5.90167
-5.902
-5.90169
-5.90169
-5.9017
-5.9017
-5.90171
-5.90171
-5.90171
-5.90235
-5.903
-5.90364
-5.90429
-5.90461
-5.90492
-5.90459
-5.90523
-5.90554
-5.9065
-5.90681
-5.9068
-5.90678
-5.90676
-5.90642
-5.90575
-5.90572
-5.90537
-5.9047
-5.90434
-5.90399
-5.90461
-5.90457
-5.90357
-5.90321
-5.90349
-5.90248
-5.90211
-5.90239
-5.90203
-5.90198
-5.90226
-5.90188
-5.90216
-5.90178
-5.9014
-5.90038
-5.90097
-5.90091
-5.90086
-5.9008
-5.90009
-5.89971
-5.89933
-5.89991
-5.90018
-5.89979
-5.8994
-5.89902
-5.89895
-5.89921
-5.8998
-5.90006
-5.90032
-5.89994
-5.89987
-5.89949
-5.89943
-5.89936
-5.89898
-5.89762
-5.89789
-5.8975
-5.89744
-5.89641
-5.89636
-5.8963
-5.89624
-5.89684
-5.89711
-5.89705
-5.897
-5.89695
-5.89787
-5.8975
-5.89746
-5.89741
-5.89704
-5.89668
-5.89664
-5.89692
-5.89721
-5.89782
-5.89746
-5.89775
-5.89707
-5.89769
-5.89702
-5.89667
-5.89665
-5.89566
-5.89467
-5.89466
-5.89497
-5.89561
-5.8956
-5.89559
-5.89461
-5.89461
-5.89494
-5.89494
-5.89495
-5.89495
-5.89496
-5.8953
-5.89629
-5.89534
-5.89471
-5.89538
-5.89476
-5.89447
-5.89482
-5.89486
-5.89489
-5.89461
-5.89465
-5.89501
-5.89506
-5.8951
-5.8958
-5.89617
-5.89622
-5.89628
-5.89601
-5.89607
-5.89515
-5.89521
-5.89495
-5.89533
-5.89539
-5.89578
-5.89519
-5.89493
-5.895
-5.89571
-5.89609
-5.89616
-5.89654
-5.89563
-5.89602
-5.89575
-5.89646
-5.89651
-5.89657
-5.89727
-5.897
-5.89705
-5.89678
-5.89683
-5.89687
-5.89659
-5.89663
-5.89635
-5.89606
-5.89609
-5.89612
-5.89647
-5.89714
-5.89749
-5.89783
-5.8972
-5.89786
-5.89787
-5.8982
-5.89821
-5.89821
-5.8982
-5.8982
-5.89819
-5.8985
-5.89816
-5.89782
-5.89779
-5.89745
-5.89742
-5.89674
-5.89638
-5.89667
-5.89631
-5.89659
-5.89655
-5.89651
-5.89646
-5.89608
-5.89603
-5.8963
-5.89625
-5.89619
-5.89613
-5.89575
-5.89699
-5.8966
-5.89492
-5.89453
-5.89512
-5.89506
-5.89532
-5.8959
-5.89584
-5.89577
-5.89538
-5.89532
-5.89526
-5.89519
-5.89513
-5.8954
-5.89501
-5.89528
-5.89587
-5.89614
-5.89642
-5.89637
-5.89632
-5.8953
-5.89461
-5.89457
-5.89453
-5.89449
-5.89381
-5.89345
-5.8931
-5.89275
-5.89273
-5.89304
-5.8927
-5.89171
-5.89235
-5.89267
-5.89202
-5.89202
-5.89235
-5.89236
-5.89237
-5.89239
-5.89305
-5.8934
-5.8931
-5.89346
-5.89349
-5.89353
-5.89422
-5.89426
-5.89431
-5.89404
-5.89344
-5.8935
-5.89356
-5.89363
-5.89369
-5.89344
-5.89384
-5.89359
-5.89302
-5.8931
-5.89286
-5.89262
-5.89336
-5.89377
-5.89354
-5.89395
-5.89405
-5.89414
-5.89456
-5.89466
-5.89443
-5.89453
-5.8943
-5.89472
-5.89449
-5.89459
-5.89533
-5.89575
-5.89585
-5.89626
-5.89635
-5.89612
-5.89685
-5.89597
-5.89573
-5.89581
-5.89525
-5.895
-5.89572
-5.89547
-5.89554
-5.89593
-5.89535
-5.89573
-5.89676
-5.89714
-5.89849
-5.89886
-5.89923
-5.89992
-5.89996
-5.89999
-5.8997
-5.89973
-5.89943
-5.90042
-5.90011
-5.90013
-5.90111
-5.90111
-5.90079
-5.90079
-5.90079
-5.90078
-5.9011
-5.90109
-5.90107
-5.90073
-5.90071
-5.90101
-5.90131
-5.90096
-5.90157
-5.90154
-5.90151
-5.90115
-5.90143
-5.90172
-5.90135
-5.90131
-5.90061
-5.90057
-5.90052
-5.90047
-5.90042
-5.90069
-5.90032
-5.90059
-5.90054
-5.90081
-5.90076
-5.90103
-5.90065
-5.90027
-5.90054
-5.90016
-5.90011
-5.9007
-5.90065
-5.9006
-5.90087
-5.90114
-5.90109
-5.90104
-5.90131
-5.90159
-5.90186
-5.90279
-5.90242
-5.9014
-5.9007
-5.90131
-5.90094
-5.90057
-5.89989
-5.89984
-5.89948
-5.89847
-5.89908
-5.89904
-5.89901
-5.89897
-5.89861
-5.89826
-5.89855
-5.89885
-5.89882
-5.89944
-5.89909
-5.89906
-5.89903
-5.90031
-5.90029
-5.90026
-5.90057
-5.90087
-5.90085
-5.90148
-5.90082
-5.90113
-5.90112
-5.90143
-5.90078
-5.90045
-5.90044
-5.90108
-5.90108
-5.90172
-5.90205
-5.90205
-5.9014
-5.90173
-5.90141
-5.90141
-5.90174
-5.90143
-5.90112
-5.90113
-5.90082
-5.90083
-5.90085
-5.90087
-5.90088
-5.90058
-5.90028
-5.9003
-5.90098
-5.901
-5.90103
-5.90105
-5.90076
-5.90014
-5.90017
-5.9002
-5.90056
-5.90026
-5.9003
-5.90033
-5.90036
-5.90007
-5.89978
-5.89949
-5.89953
-5.89989
-5.89992
-5.89995
-5.89966
-5.89969
-5.90005
-5.90008
-5.89979
-5.89982
-5.90049
-5.9002
-5.8999
-5.90058
-5.9006
-5.90063
-5.90097
-5.901
-5.90134
-5.90168
-5.90203
-5.90237
-5.90206
-5.90175
-5.90112
-5.90145
-5.90276
-5.90342
-5.90375
-5.90343
-5.90376
-5.90376
-5.90376
-5.90376
-5.90311
-5.9031
-5.90245
-5.90244
-5.90243
-5.90209
-5.90208
-5.90174
-5.9014
-5.90105
-5.90103
-5.90069
-5.90034
-5.90064
-5.90029
-5.90027
-5.90088
-5.90021
-5.9005
-5.90079
-5.90076
-5.90072
-5.90101
-5.9013
-5.90158
-5.90154
-5.9015
-5.90179
-5.90175
-5.90235
-5.90199
-5.90227
-5.90255
-5.90218
-5.90278
-5.90209
-5.90107
-5.90006
-5.90001
-5.90061
-5.90057
-5.90052
-5.9008
-5.90075
-5.90038
-5.90033
-5.90126
-5.90121
-5.90149
-5.90144
-5.9014
-5.90103
-5.90066
-5.90029
-5.89993
-5.89956
-5.89952
-5.90013
-5.90009
-5.89972
-5.90033
-5.90095
-5.90091
-5.90087
-5.89987
-5.89951
-5.89948
-5.89913
-5.89878
-5.8981
-5.8984
-5.89805
-5.89835
-5.89801
-5.89734
-5.89732
-5.8973
-5.89794
-5.89825
-5.89856
-5.89888
-5.89855
-5.89822
-5.89821
-5.89821
-5.89854
-5.89854
-5.89822
-5.89823
-5.89824
-5.8976
-5.89761
-5.89762
-5.89796
-5.8983
-5.89897
-5.89867
-5.89837
-5.89807
-5.89809
-5.89779
-5.89847
-5.8985
-5.89886
-5.89857
-5.8986
-5.89896
-5.89867
-5.89805
-5.89906
-5.89813
-5.89817
-5.89788
-5.89727
-5.89764
-5.89768
-5.89804
-5.89905
-5.89941
-5.89945
-5.90014
-5.90017
-5.89989
-5.90025
-5.90029
-5.89936
-5.89939
-5.89943
-5.89914
-5.89917
-5.89921
-5.89924
-5.89895
-5.8993
-5.89869
-5.89905
-5.89972
-5.9004
-5.90043
-5.90045
-5.9008
-5.90115
-5.90118
-5.90153
-5.9009
-5.9006
-5.90062
-5.90031
-5.90098
-5.90067
-5.90004
-5.90038
-5.90137
-5.90138
-5.90107
-5.90108
-5.90142
-5.90046
-5.9008
-5.90081
-5.90049
-5.9005
-5.90051
-5.90052
-5.9002
-5.89988
-5.89957
-5.8999
-5.89991
-5.89959
-5.89927
-5.8996
-5.89961
-5.89962
-5.89962
-5.89963
-5.89932
-5.89965
-5.89998
-5.90031
-5.89935
-5.90001
-5.90002
-5.90003
-5.90004
-5.90005
-5.89974
-5.89975
-5.90008
-5.89912
-5.90043
-5.90077
-5.90014
-5.89983
-5.90016
-5.89986
-5.89987
-5.89956
-5.89925
-5.89862
-5.89831
-5.89833
-5.89802
-5.89771
-5.89773
-5.89774
-5.89775
-5.89776
-5.89616
-5.89747
-5.89781
-5.89847
-5.89912
-5.89913
-5.89882
-5.89915
-5.89916
-5.89884
-5.89884
-5.89852
-5.89853
-5.89853
-5.89788
-5.89788
-5.89756
-5.89788
-5.89787
-5.89787
-5.89786
-5.89817
-5.89849
-5.89815
-5.89814
-5.89813
-5.89779
-5.89777
-5.89743
-5.89773
-5.89739
-5.89769
-5.89702
-5.89699
-5.89697
-5.89694
-5.89723
-5.89688
-5.89685
-5.89682
-5.89646
-5.89578
-5.89607
-5.89538
-5.89535
-5.89563
-5.89495
-5.89523
-5.89584
-5.89548
-5.89447
-5.89442
-5.89438
-5.89499
-5.8943
-5.89425
-5.89421
-5.89417
-5.89315
-5.89278
-5.89274
-5.89205
-5.892
-5.89164
-5.89159
-5.89155
-5.89151
-5.89179
-5.89239
-5.89268
-5.89264
-5.89292
-5.89288
-5.89284
-5.89248
-5.8931
-5.89306
-5.89303
-5.89267
-5.89231
-5.89228
-5.89225
-5.89255
-5.89284
-5.89282
-5.89279
-5.89309
-5.89372
-5.89435
-5.894
-5.89366
-5.89333
-5.89364
-5.8933
-5.89329
-5.89296
-5.89296
-5.89328
-5.89263
-5.89263
-5.89263
-5.89263
-5.89264
-5.89264
-5.89298
-5.89299
-5.89333
-5.89367
-5.89369
-5.89306
-5.89309
-5.89279
-5.89314
-5.89284
-5.89385
-5.89356
-5.89424
-5.89461
-5.89497
-5.89469
-5.89473
-5.89477
-5.8945
-5.89422
-5.89362
-5.894
-5.89405
-5.89378
-5.89352
-5.89325
-5.89298
-5.89272
-5.89246
-5.8922
-5.89259
-5.89297
-5.89336
-5.89311
-5.89349
-5.89356
-5.89363
-5.89401
-5.89538
-5.89544
-5.89551
-5.89525
-5.89532
-5.89473
-5.8948
-5.89454
-5.89427
-5.89369
-5.89375
-5.89381
-5.89484
-5.89522
-5.89527
-5.89597
-5.8957
-5.89607
-5.89644
-5.89648
-5.8962
-5.89624
-5.89692
-5.89728
-5.89731
-5.89767
-5.89802
-5.89836
-5.89871
-5.8984
-5.89842
-5.8981
-5.89876
-5.89844
-5.89877
-5.89877
-5.89908
-5.89843
-5.8981
-5.89841
-5.89839
-5.89837
-5.89835
-5.89832
-5.89829
-5.89794
-5.89822
-5.89819
-5.89815
-5.89875
-5.89806
-5.89801
-5.89732
-5.89726
-5.89656
-5.89651
-5.89645
-5.89704
-5.89665
-5.89691
-5.89652
-5.89646
-5.89671
-5.89632
-5.89561
-5.89554
-5.89579
-5.89507
-5.89532
-5.89493
-5.89583
-5.89511
-5.89471
-5.89529
-5.89489
-5.89482
-5.89442
-5.89468
-5.89461
-5.89454
-5.89382
-5.89375
-5.89336
-5.89329
-5.89258
-5.89219
-5.89245
-5.89207
-5.89266
-5.8926
-5.89287
-5.89249
-5.89277
-5.89239
-5.89202
-5.8923
-5.89258
-5.89286
-5.8925
-5.89246
-5.89242
-5.89271
-5.89301
-5.89265
-5.8923
-5.8926
-5.89355
-5.89256
-5.89222
-5.89253
-5.89251
-5.89282
-5.89346
-5.89345
-5.89312
-5.89311
-5.89279
-5.89279
-5.89311
-5.89311
-5.89312
-5.89247
-5.8928
-5.89249
-5.8925
-5.89251
-5.89253
-5.89287
-5.89321
-5.8929
-5.89292
-5.89229
-5.89167
-5.89201
-5.89204
-5.89271
-5.89241
-5.89147
-5.89182
-5.89152
-5.89155
-5.8919
-5.89193
-5.89294
-5.89297
-5.893
-5.89239
-5.89242
-5.89246
-5.89282
-5.89285
-5.89289
-5.89293
-5.89199
-5.89171
-5.89175
-5.89147
-5.89119
-5.89155
-5.8916
-5.89099
-5.89168
-5.89205
-5.89242
-5.89247
-5.89186
-5.89159
-5.89163
-5.89168
-5.89172
-5.89145
-5.89214
-5.89219
-5.89224
-5.89196
-5.89201
-5.8927
-5.89242
-5.89312
-5.89317
-5.89354
-5.89326
-5.89298
-5.89302
-5.89307
-5.89343
-5.8938
-5.89384
-5.89452
-5.89489
-5.8946
-5.89366
-5.89435
-5.89471
-5.89441
-5.89444
-5.89447
-5.89482
-5.89485
-5.89455
-5.89457
-5.89492
-5.89494
-5.89528
-5.89595
-5.89596
-5.89566
-5.89535
-5.89568
-5.89569
-5.89602
-5.89635
-5.89636
-5.89636
-5.89669
-5.89734
-5.89766
-5.89734
-5.89766
-5.89799
-5.89831
-5.89831
-5.8983
-5.8983
-5.89862
-5.89829
-5.8986
-5.8986
-5.89924
-5.89923
-5.8989
-5.89889
-5.89856
-5.89855
-5.89887
-5.89886
-5.89821
-5.89885
-5.89851
-5.89818
-5.89753
-5.89784
-5.89783
-5.8975
-5.89814
-5.89878
-5.89813
-5.89844
-5.89908
-5.89907
-5.89939
-5.89938
-5.89937
-5.89872
-5.89871
-5.89805
-5.89772
-5.89771
-5.89868
-5.89867
-5.89898
-5.8993
-5.89929
-5.89895
-5.89894
-5.89926
-5.89924
-5.89891
-5.8989
-5.89856
-5.89855
-5.89789
-5.8982
-5.89818
-5.89752
-5.89718
-5.89684
-5.89683
-5.89681
-5.8968
-5.89678
-5.89742
-5.8974
-5.89673
-5.89672
-5.8967
-5.89636
-5.89667
-5.89697
-5.89696
-5.89694
-5.89628
-5.89626
-5.89657
-5.89591
-5.89589
-5.8962
-5.89619
-5.89585
-5.89551
-5.8955
-5.89549
-5.89548
-5.89547
-5.89546
-5.89578
-5.89577
-5.89544
-5.89543
-5.89543
-5.89477
-5.89542
-5.89574
-5.89606
-5.89639
-5.89704
-5.89671
-5.89769
-5.89737
-5.8977
-5.89738
-5.89738
-5.89707
-5.8974
-5.89741
-5.89709
-5.89678
-5.89614
-5.89583
-5.89552
-5.89553
-5.89587
-5.89556
-5.89622
-5.89591
-5.89625
-5.89627
-5.89628
-5.8963
-5.89567
-5.89569
-5.89538
-5.89572
-5.89574
-5.89608
-5.89577
-5.89644
-5.8971
-5.89712
-5.89713
-5.89747
-5.89781
-5.89814
-5.8988
-5.89882
-5.89915
-5.89884
-5.89885
-5.89821
-5.89855
-5.89823
-5.89823
-5.89856
-5.89856
-5.89889
-5.89889
-5.89856
-5.89824
-5.89823
-5.8979
-5.89757
-5.89788
-5.89755
-5.89786
-5.89817
-5.89847
-5.89846
-5.89876
-5.89874
-5.89871
-5.89901
-5.89834
-5.89831
-5.89828
-5.89857
-5.89854
-5.89786
-5.89815
-5.89843
-5.8984
-5.89868
-5.89896
-5.89925
-5.89985
-5.89948
-5.89944
-5.89939
-5.89935
-5.8993
-5.89958
-5.89953
-5.89981
-5.89976
-5.90003
-5.89998
-5.89961
-5.89956
-5.89951
-5.89946
-5.89974
-5.89873
-5.899
-5.89896
-5.89924
-5.89887
-5.8985
-5.89845
-5.89776
-5.89772
-5.89768
-5.89764
-5.8976
-5.89789
-5.89817
-5.89814
-5.89811
-5.8971
-5.89707
-5.89704
-5.89702
-5.89699
-5.89664
-5.8963
-5.89595
-5.89561
-5.89592
-5.8959
-5.89589
-5.89555
-5.89522
-5.89553
-5.8952
-5.8952
-5.89487
-5.89487
-5.8952
-5.89488
-5.89488
-5.89489
-5.89523
-5.89491
-5.89493
-5.89495
-5.89464
-5.89499
-5.89469
-5.89504
-5.89571
-5.89542
-5.89642
-5.89678
-5.89714
-5.89718
-5.89755
-5.89791
-5.89764
-5.89769
-5.89774
-5.89779
-5.89817
-5.89855
-5.89796
-5.8977
-5.89809
-5.89816
-5.89855
-5.89862
-5.89934
-5.89974
-5.89852
-5.89893
-5.89901
-5.89877
-5.89885
-5.89861
-5.89967
-5.89943
-5.89984
-5.90026
-5.90035
-5.90077
-5.90086
-5.90063
-5.90137
-5.90179
-5.90188
-5.90133
-5.90142
-5.90184
-5.90258
-5.90235
-5.90212
-5.90189
-5.90165
-5.90239
-5.90312
-5.90353
-5.90362
-5.9037
-5.90378
-5.90418
-5.90393
-5.90433
-5.9044
-5.90447
-5.90421
-5.90427
-5.90433
-5.90471
-5.90476
-5.90545
-5.90517
-5.90489
-5.9046
-5.90431
-5.90466
-5.90469
-5.90471
-5.90408
-5.90377
-5.90378
-5.90345
-5.90378
-5.9041
-5.90441
-5.90472
-5.9047
-5.90468
-5.90433
-5.90527
-5.90524
-5.90423
-5.90387
-5.90382
-5.9041
-5.90404
-5.90431
-5.90425
-5.90419
-5.90477
-5.90503
-5.90528
-5.90553
-5.90545
-5.90569
-5.90529
-5.90488
-5.90447
-5.90373
-5.90364
-5.90387
-5.90346
-5.90336
-5.90359
-5.90349
-5.90371
-5.90362
-5.90351
-5.90341
-5.90331
-5.90385
-5.90375
-5.90365
-5.90354
-5.90311
-5.90333
-5.90226
-5.90183
-5.90173
-5.90163
-5.9012
-5.90142
-5.90132
-5.90122
-5.90112
-5.9007
-5.89995
-5.89986
-5.89944
-5.89902
-5.89861
-5.89787
-5.8981
-5.89802
-5.89696
-5.89688
-5.89615
-5.89672
-5.89599
-5.89624
-5.89682
-5.89707
-5.897
-5.89693
-5.89654
-5.89648
-5.89609
-5.89603
-5.8963
-5.8956
-5.8949
-5.89453
-5.89481
-5.89476
-5.8944
-5.89501
-5.89433
-5.89332
-5.89297
-5.89294
-5.89389
-5.89289
-5.89385
-5.89383
-5.89414
-5.8938
-5.89444
-5.89475
-5.89475
-5.89475
-5.89507
-5.89443
-5.89412
-5.89348
-5.89349
-5.89253
-5.89223
-5.89257
-5.89195
-5.89165
-5.89168
-5.89236
-5.89239
-5.89211
-5.89247
-5.89251
-5.89256
-5.89293
-5.89331
-5.89336
-5.89245
-5.89283
-5.89322
-5.89361
-5.894
-5.89375
-5.89415
-5.89455
-5.89463
-5.89471
-5.89447
-5.89456
-5.89432
-5.89474
-5.8945
-5.89557
-5.89535
-5.89545
-5.89523
-5.89468
-5.89479
-5.89457
-5.89467
-5.89413
-5.89424
-5.895
-5.89479
-5.8949
-5.89501
-5.89447
-5.89458
-5.89469
-5.89513
-5.89524
-5.89632
-5.89675
-5.89654
-5.89664
-5.89707
-5.8975
-5.89696
-5.89674
-5.89716
-5.89726
-5.89736
-5.89745
-5.89722
-5.89699
-5.89642
-5.89619
-5.89627
-5.89635
-5.89675
-5.8965
-5.89624
-5.89663
-5.89605
-5.89676
-5.89682
-5.89752
-5.89725
-5.8973
-5.89734
-5.89803
-5.89807
-5.89843
-5.89846
-5.89881
-5.89916
-5.89886
-5.89888
-5.89857
-5.89858
-5.89794
-5.89762
-5.89859
-5.89859
-5.89859
-5.89793
-5.89792
-5.89823
-5.89886
-5.89917
-5.8985
-5.89783
-5.89812
-5.89809
-5.89773
-5.89672
-5.89668
-5.89664
-5.89724
-5.8972
-5.89747
-5.89742
-5.89704
-5.8973
-5.89724
-5.89685
-5.89744
-5.89834
-5.8986
-5.8982
-5.89748
-5.8974
-5.89765
-5.89789
-5.89716
-5.89707
-5.89666
-5.89658
-5.89746
-5.89769
-5.8976
-5.89718
-5.89774
-5.89796
-5.89819
-5.89712
-5.89702
-5.89692
-5.8965
-5.89608
-5.89598
-5.89587
-5.89642
-5.89567
-5.89622
-5.89709
-5.89731
-5.89754
-5.89711
-5.89669
-5.89659
-5.89649
-5.89672
-5.89695
-5.89653
-5.89676
-5.89764
-5.89755
-5.89747
-5.89803
-5.89827
-5.89786
-5.89714
-5.89739
-5.89796
-5.8979
-5.89815
-5.89841
-5.8977
-5.897
-5.89727
-5.89657
-5.8962
-5.89615
-5.89611
-5.89575
-5.89571
-5.89568
-5.89598
-5.89628
-5.89594
-5.89657
-5.89591
-5.89493
-5.89525
-5.8946
-5.89493
-5.89526
-5.89526
-5.89495
-5.89497
-5.89466
-5.89436
-5.89374
-5.89377
-5.89347
-5.89383
-5.89386
-5.89422
-5.89426
-5.8943
-5.8937
-5.89374
-5.89379
-5.89351
-5.89356
-5.89394
-5.89399
-5.89436
-5.89442
-5.8935
-5.89356
-5.89329
-5.89302
-5.89275
-5.89313
-5.89318
-5.89453
-5.89427
-5.89432
-5.89405
-5.8941
-5.89351
-5.89421
-5.89459
-5.89432
-5.89469
-5.89409
-5.89414
-5.89484
-5.89553
-5.89558
-5.8953
-5.89599
-5.89571
-5.89543
-5.89579
-5.89551
-5.89587
-5.89558
-5.89594
-5.89533
-5.89569
-5.8954
-5.89576
-5.89579
-5.8955
-5.89553
-5.89555
-5.89591
-5.89626
-5.89661
-5.89696
-5.89698
-5.89701
-5.89735
-5.89705
-5.89707
-5.89742
-5.89712
-5.89746
-5.89748
-5.89783
-5.89817
-5.89754
-5.89691
-5.89661
-5.8963
-5.89664
-5.89601
-5.89506
-5.89605
-5.89575
-5.89576
-5.89546
-5.89547
-5.89581
-5.89583
-5.89682
-5.89651
-5.89652
-5.89622
-5.89623
-5.89625
-5.89594
-5.8966
-5.89662
-5.89696
-5.8973
-5.89699
-5.897
-5.89799
-5.89736
-5.89705
-5.89804
-5.89838
-5.89872
-5.89873
-5.89907
-5.89908
-5.89974
-5.89943
-5.89977
-5.89978
-5.90044
-5.90013
-5.90014
-5.8995
-5.89951
-5.8992
-5.89921
-5.89954
-5.89955
-5.89891
-5.89892
-5.89893
-5.89829
-5.8983
-5.8983
-5.89766
-5.89766
-5.89734
-5.89734
-5.89767
-5.89832
-5.89865
-5.898
-5.89865
-5.89832
-5.89864
-5.89832
-5.89702
-5.89734
-5.89799
-5.89798
-5.8983
-5.89862
-5.89926
-5.89958
-5.89925
-5.89859
-5.89858
-5.8989
-5.89889
-5.89888
-5.89855
-5.89821
-5.89853
-5.89884
-5.89818
-5.89882
-5.89848
-5.89815
-5.89749
-5.8978
-5.89811
-5.89907
-5.89938
-5.89904
-5.89935
-5.89901
-5.89899
-5.89994
-5.89993
-5.89958
-5.89957
-5.89987
-5.89985
-5.89983
-5.89949
-5.89947
-5.89977
-5.89974
-5.8994
-5.89937
-5.89967
-5.89965
-5.89995
-5.90025
-5.8999
-5.89987
-5.89952
-5.89982
-5.89979
-5.89944
-5.89973
-5.89905
-5.89935
-5.89932
-5.89961
-5.89893
-5.89923
-5.89822
-5.89819
-5.89816
-5.8978
-5.89809
-5.89871
-5.89867
-5.89896
-5.89796
-5.89793
-5.8979
-5.89754
-5.89751
-5.89715
-5.89679
-5.89708
-5.8977
-5.89734
-5.89796
-5.89696
-5.89725
-5.89754
-5.89719
-5.89684
-5.89681
-5.89646
-5.89546
-5.89576
-5.89541
-5.89571
-5.89568
-5.89534
-5.89499
-5.89529
-5.89527
-5.89461
-5.89459
-5.89489
-5.8952
-5.89519
-5.89485
-5.89484
-5.89515
-5.89514
-5.89545
-5.89545
-5.89544
-5.89543
-5.89543
-5.8951
-5.89542
-5.8951
-5.8951
-5.8951
-5.8951
-5.89511
-5.89511
-5.89511
-5.89577
-5.89481
-5.89482
-5.89483
-5.89484
-5.89485
-5.89454
-5.89456
-5.8949
-5.89492
-5.89526
-5.89528
-5.8953
-5.89597
-5.89566
-5.89537
-5.89636
-5.89671
-5.89706
-5.89741
-5.89744
-5.89747
-5.89685
-5.89818
-5.89756
-5.89792
-5.89795
-5.89733
-5.89737
-5.8974
-5.89646
-5.8965
-5.89588
-5.89592
-5.89595
-5.89598
-5.89602
-5.89573
-5.89576
-5.89612
-5.89648
-5.89716
-5.89817
-5.8982
-5.89791
-5.89891
-5.8983
-5.89801
-5.89739
-5.8971
-5.89745
-5.8978
-5.89751
-5.89689
-5.89756
-5.89726
-5.89729
-5.89764
-5.89799
-5.89866
-5.899
-5.89838
-5.8984
-5.8981
-5.8978
-5.89749
-5.89719
-5.89753
-5.89787
-5.89821
-5.89823
-5.89792
-5.89794
-5.8973
-5.89732
-5.89733
-5.89702
-5.89703
-5.89704
-5.89738
-5.89739
-5.8974
-5.89708
-5.89742
-5.8971
-5.89743
-5.89744
-5.89777
-5.89778
-5.89811
-5.89779
-5.89845
-5.89846
-5.89846
-5.89814
-5.89815
-5.89815
-5.89848
-5.89913
-5.89978
-5.89979
-5.90012
-5.90044
-5.90045
-5.9011
-5.90077
-5.9011
-5.90142
-5.9011
-5.90078
-5.90046
-5.90013
-5.89949
-5.89916
-5.89916
-5.89948
-5.89948
-5.89948
-5.89948
-5.89882
-5.89882
-5.89882
-5.89978
-5.9001
-5.9001
-5.89977
-5.89976
-5.89975
-5.89974
-5.89941
-5.8994
-5.89874
-5.89808
-5.8984
-5.89936
-5.8987
-5.89868
-5.89867
-5.89865
-5.89863
-5.89797
-5.89762
-5.89825
-5.89791
-5.89788
-5.89754
-5.89686
-5.89716
-5.89746
-5.89775
-5.89772
-5.89672
-5.89669
-5.89665
-5.89694
-5.89691
-5.89654
-5.8965
-5.89744
-5.8974
-5.89736
-5.89731
-5.89694
-5.89593
-5.89653
-5.89648
-5.89643
-5.89606
-5.89601
-5.89596
-5.89558
-5.89585
-5.8958
-5.89542
-5.89569
-5.89629
-5.89656
-5.8965
-5.89612
-5.89607
-5.89666
-5.89661
-5.89656
-5.8965
-5.89613
-5.89607
-5.89635
-5.89565
-5.89528
-5.89556
-5.89583
-5.89547
-5.89607
-5.89603
-5.89599
-5.89563
-5.89559
-5.89556
-5.89585
-5.89582
-5.89579
-5.89641
-5.89639
-5.89605
-5.89603
-5.89569
-5.896
-5.89567
-5.89599
-5.89598
-5.89566
-5.89566
-5.89599
-5.89568
-5.89537
-5.89539
-5.89573
-5.8951
-5.89513
-5.89516
-5.89487
-5.89523
-5.89527
-5.89564
-5.89536
-5.89541
-5.89579
-5.89617
-5.89622
-5.89564
-5.89603
-5.89577
-5.89617
-5.89721
-5.89729
-5.89705
-5.89713
-5.89721
-5.89729
-5.89673
-5.89617
-5.89724
-5.89733
-5.8971
-5.8972
-5.89762
-5.89739
-5.89748
-5.89823
-5.89833
-5.89843
-5.89852
-5.89894
-5.89937
-5.89946
-5.89956
-5.89998
-5.90007
-5.90016
-5.90026
-5.8997
-5.89914
-5.89923
-5.89802
-5.8981
-5.89818
-5.89794
-5.89801
-5.89841
-5.89881
-5.89856
-5.8996
-5.89934
-5.89973
-5.89914
-5.89952
-5.8999
-5.89963
-5.89904
-5.89973
-5.89849
-5.89853
-5.89857
-5.89894
-5.89962
-5.89933
-5.90001
-5.90036
-5.90039
-5.90106
-5.90108
-5.90078
-5.90015
-5.89984
-5.90017
-5.89986
-5.90019
-5.90051
-5.90051
-5.90019
-5.90019
-5.89889
-5.89888
-5.89952
-5.8995
-5.89981
-5.90012
-5.90075
-5.9004
-5.90005
-5.90067
-5.90129
-5.90191
-5.90252
-5.90281
-5.90277
-5.90273
-5.90301
-5.90232
-5.9026
-5.90255
-5.9025
-5.90244
-5.90206
-5.90168
-5.90226
-5.9022
-5.90181
-5.90175
-5.90233
-5.90129
-5.90122
-5.90147
-5.9014
-5.90164
-5.90092
-5.90116
-5.90076
-5.901
-5.90157
-5.90148
-5.90107
-5.90099
-5.9009
-5.90113
-5.90105
-5.90063
-5.90054
-5.90045
-5.90004
-5.90027
-5.9005
-5.90041
-5.90064
-5.90055
-5.90046
-5.90036
-5.90027
-5.9005
-5.90041
-5.9
-5.89894
-5.89852
-5.89941
-5.89899
-5.89891
-5.89882
-5.89808
-5.89832
-5.89856
-5.89816
-5.89775
-5.89735
-5.89727
-5.89752
-5.89745
-5.89737
-5.89763
-5.89821
-5.89782
-5.8984
-5.89866
-5.89828
-5.89855
-5.89914
-5.89909
-5.89904
-5.89899
-5.89927
-5.89922
-5.89886
-5.89882
-5.89976
-5.90038
-5.90003
-5.89968
-5.89902
-5.89868
-5.89866
-5.89865
-5.89832
-5.89864
-5.89832
-5.898
-5.89769
-5.89738
-5.89739
-5.89773
-5.89679
-5.89681
-5.89652
-5.89688
-5.89659
-5.89631
-5.89571
-5.89641
-5.89711
-5.89652
-5.89561
-5.89535
-5.89509
-5.89484
-5.89523
-5.89466
-5.89539
-5.89547
-5.89523
-5.89563
-5.8954
-5.89516
-5.89428
-5.89437
-5.89511
-5.89488
-5.89497
-5.89474
-5.89451
-5.8946
-5.89437
-5.89446
-5.89455
-5.89399
-5.89408
-5.89417
-5.89393
-5.89466
-5.89507
-5.89482
-5.8949
-5.89465
-5.89472
-5.89511
-5.89615
-5.89654
-5.89627
-5.89665
-5.89703
-5.8974
-5.89809
-5.89845
-5.89849
-5.89852
-5.89855
-5.89793
-5.89762
-5.89732
-5.89669
-5.89734
-5.89768
-5.898
-5.89833
-5.89865
-5.89832
-5.89831
-5.89765
-5.89828
-5.89729
-5.89695
-5.89757
-5.8969
-5.89687
-5.89651
-5.89616
-5.89612
-5.89576
-5.89637
-5.89634
-5.89629
-5.89593
-5.89556
-5.89617
-5.8958
-5.89576
-5.89571
-5.89599
-5.89594
-5.89557
-5.89618
-5.89548
-5.89511
-5.89507
-5.89502
-5.89498
-5.89493
-5.89522
-5.8955
-5.89546
-5.89509
-5.89538
-5.89534
-5.89563
-5.8956
-5.89557
-5.89554
-5.89486
-5.89516
-5.89578
-5.89608
-5.89574
-5.89572
-5.8957
-5.89601
-5.89567
-5.89534
-5.89533
-5.89565
-5.89564
-5.89596
-5.89596
-5.89564
-5.89597
-5.89663
-5.89599
-5.89599
-5.89601
-5.89602
-5.89636
-5.89637
-5.89672
-5.89706
-5.89741
-5.89678
-5.89746
-5.89716
-5.89719
-5.89689
-5.89724
-5.89695
-5.89698
-5.89701
-5.89737
-5.89837
-5.89841
-5.89877
-5.89913
-5.89884
-5.89952
-5.89988
-5.89992
-5.89995
-5.89966
-5.89969
-5.9007
-5.90171
-5.90174
-5.90209
-5.90115
-5.90086
-5.90089
-5.90059
-5.90062
-5.90097
-5.90131
-5.90166
-5.90136
-5.9017
-5.90107
-5.90108
-5.90142
-5.90143
-5.90176
-5.90208
-5.90338
-5.90338
-5.90306
-5.90241
-5.9024
-5.90174
-5.90205
-5.90236
-5.9017
-5.90168
-5.90198
-5.90164
-5.90258
-5.90191
-5.90188
-5.9012
-5.90117
-5.90146
-5.90174
-5.90171
-5.90167
-5.9013
-5.90093
-5.90057
-5.90117
-5.90113
-5.90141
-5.90136
-5.90132
-5.90095
-5.90058
-5.90086
-5.90114
-5.90109
-5.9004
-5.90036
-5.90097
-5.9006
-5.90089
-5.90118
-5.90146
-5.90175
-5.90172
-5.90169
-5.90199
-5.90228
-5.90226
-5.90127
-5.90028
-5.89961
-5.89928
-5.89894
-5.89893
-5.8986
-5.89827
-5.89859
-5.89827
-5.89827
-5.89795
-5.89828
-5.89894
-5.89895
-5.89865
-5.89899
-5.89901
-5.89838
-5.89776
-5.89779
-5.89814
-5.89816
-5.89819
-5.89855
-5.89858
-5.89894
-5.89898
-5.89901
-5.89905
-5.89844
-5.89848
-5.89852
-5.89856
-5.8986
-5.89896
-5.89868
-5.8984
-5.89844
-5.89912
-5.89916
-5.89985
-5.89989
-5.89928
-5.89964
-5.89968
-5.89971
-5.9004
-5.90043
-5.90046
-5.90082
-5.90117
-5.90088
-5.90123
-5.90093
-5.90096
-5.90065
-5.8997
-5.90005
-5.90007
-5.89976
-5.90042
-5.89914
-5.89851
-5.8982
-5.89885
-5.89886
-5.89854
-5.89855
-5.89823
-5.89791
-5.89823
-5.89791
-5.89726
-5.89726
-5.8966
-5.8966
-5.89659
-5.89724
-5.89691
-5.8969
-5.89721
-5.89688
-5.89719
-5.89717
-5.89781
-5.89747
-5.89745
-5.89808
-5.89774
-5.89773
-5.89803
-5.89769
-5.89832
-5.89765
-5.89731
-5.89793
-5.89759
-5.89756
-5.89754
-5.89784
-5.89782
-5.89747
-5.89712
-5.89742
-5.8974
-5.89737
-5.8967
-5.89699
-5.89697
-5.89661
-5.89626
-5.89623
-5.89653
-5.8965
-5.89615
-5.89644
-5.89641
-5.8967
-5.89667
-5.89697
-5.89726
-5.89755
-5.89687
-5.8962
-5.89649
-5.89679
-5.89708
-5.89673
-5.89605
-5.89634
-5.89599
-5.89564
-5.89561
-5.89526
-5.89491
-5.89423
-5.89421
-5.89354
-5.89384
-5.89381
-5.89379
-5.89377
-5.89407
-5.89373
-5.89371
-5.89337
-5.89401
-5.89431
-5.89365
-5.89364
-5.89363
-5.8933
-5.89361
-5.89393
-5.8936
-5.89295
-5.89327
-5.89392
-5.8936
-5.89392
-5.89425
-5.89426
-5.89426
-5.89459
-5.8946
-5.89461
-5.8943
-5.89399
-5.89401
-5.89337
-5.89339
-5.89405
-5.89343
-5.89344
-5.89379
-5.89381
-5.89416
-5.89418
-5.8942
-5.89358
-5.89329
-5.89331
-5.89334
-5.89369
-5.89372
-5.89407
-5.89346
-5.89349
-5.89417
-5.8942
-5.89391
-5.89395
-5.89398
-5.89466
-5.89534
-5.89538
-5.89509
-5.8948
-5.89483
-5.89486
-5.89522
-5.89525
-5.89593
-5.89597
-5.896
-5.89603
-5.89606
-5.89674
-5.8971
-5.89649
-5.89619
-5.8959
-5.8956
-5.89563
-5.89534
-5.89536
-5.89539
-5.89476
-5.89511
-5.89513
-5.89516
-5.89582
-5.89519
-5.89554
-5.89555
-5.8946
-5.89461
-5.8943
-5.89432
-5.89465
-5.89563
-5.89532
-5.89565
-5.89533
-5.89566
-5.89566
-5.89631
-5.89631
-5.89663
-5.89695
-5.89695
-5.89759
-5.89856
-5.89823
-5.8979
-5.89724
-5.89723
-5.8969
-5.89657
-5.89623
-5.8959
-5.89589
-5.89588
-5.89586
-5.89585
-5.89551
-5.8955
-5.89549
-5.89645
-5.89644
-5.8961
-5.89609
-5.89641
-5.8964
-5.89639
-5.89671
-5.89671
-5.8967
-5.89735
-5.89702
-5.89832
-5.89864
-5.89897
-5.89865
-5.89834
-5.89835
-5.89933
-5.89967
-5.9
-5.8997
-5.89939
-5.89909
-5.89976
-5.89978
-5.89915
-5.89918
-5.89953
-5.89956
-5.89927
-5.89995
-5.9003
-5.90001
-5.90005
-5.90008
-5.90012
-5.90016
-5.90052
-5.90088
-5.90124
-5.90064
-5.90132
-5.90071
-5.90043
-5.90079
-5.90083
-5.90022
-5.90025
-5.90093
-5.90032
-5.89971
-5.90006
-5.90009
-5.90012
-5.90047
-5.90017
-5.90084
-5.90086
-5.90088
-5.90122
-5.90156
-5.90255
-5.90288
-5.90354
-5.90355
-5.90355
-5.90323
-5.90355
-5.90355
-5.9042
-5.90419
-5.90386
-5.90352
-5.90351
-5.9035
-5.90348
-5.90346
-5.90312
-5.90277
-5.9021
-5.90207
-5.90205
-5.90202
-5.90198
-5.90227
-5.90159
-5.90188
-5.90184
-5.90148
-5.90177
-5.90075
-5.90039
-5.90002
-5.90063
-5.90091
-5.90022
-5.90017
-5.90013
-5.90008
-5.90068
-5.90063
-5.89994
-5.89957
-5.8992
-5.90012
-5.90008
-5.90035
-5.89999
-5.90059
-5.90087
-5.90115
-5.90175
-5.90139
-5.90037
-5.90066
-5.90062
-5.90091
-5.90119
-5.90083
-5.9008
-5.90109
-5.90138
-5.90135
-5.90132
-5.9013
-5.9016
-5.90254
-5.90252
-5.90185
-5.90184
-5.90182
-5.90213
-5.90114
-5.90146
-5.90145
-5.90144
-5.89982
-5.89981
-5.90078
-5.90078
-5.90045
-5.90078
-5.90078
-5.90078
-5.90046
-5.90015
-5.8995
-5.89886
-5.90017
-5.89986
-5.90019
-5.89987
-5.90021
-5.89925
-5.89958
-5.90024
-5.90058
-5.90092
-5.90093
-5.90094
-5.90127
-5.90128
-5.90097
-5.90065
-5.90098
-5.90066
-5.90035
-5.90067
-5.901
-5.90035
-5.90003
-5.90068
-5.90132
-5.90099
-5.90131
-5.90098
-5.90097
-5.90063
-5.90094
-5.90092
-5.90123
-5.90153
-5.90151
-5.90149
-5.90146
-5.90079
-5.90044
-5.90073
-5.9007
-5.90067
-5.90095
-5.90092
-5.90088
-5.90052
-5.90113
-5.90141
-5.90105
-5.90133
-5.90129
-5.90125
-5.90121
-5.90084
-5.90048
-5.90076
-5.90007
-5.89971
-5.89902
-5.89898
-5.89926
-5.89987
-5.89984
-5.89915
-5.89944
-5.89876
-5.89841
-5.89838
-5.8977
-5.89768
-5.89765
-5.89731
-5.89728
-5.89629
-5.89628
-5.89691
-5.8969
-5.89657
-5.89656
-5.89688
-5.89655
-5.89623
-5.89558
-5.89526
-5.89527
-5.89592
-5.89561
-5.89595
-5.89564
-5.89533
-5.89503
-5.8944
-5.89442
-5.89445
-5.89447
-5.89418
-5.89421
-5.89489
-5.89524
-5.8943
-5.89402
-5.8947
-5.89345
-5.89381
-5.89482
-5.89486
-5.89458
-5.89494
-5.89531
-5.89535
-5.89572
-5.89576
-5.89581
-5.89585
-5.8959
-5.89562
-5.89599
-5.89538
-5.89607
-5.89612
-5.89681
-5.89685
-5.89656
-5.89628
-5.89665
-5.89669
-5.8964
-5.89644
-5.89615
-5.89619
-5.89654
-5.89658
-5.89629
-5.89696
-5.89764
-5.89735
-5.8977
-5.89772
-5.8971
-5.89745
-5.89812
-5.89781
-5.89718
-5.8972
-5.89721
-5.8969
-5.89627
-5.8966
-5.89661
-5.89662
-5.89662
-5.89598
-5.89598
-5.89566
-5.89566
-5.89598
-5.8963
-5.89597
-5.89661
-5.89693
-5.89627
-5.89593
-5.89592
-5.89591
-5.89589
-5.89652
-5.89683
-5.89649
-5.89647
-5.89645
-5.8961
-5.89672
-5.89638
-5.89603
-5.89633
-5.89695
-5.89725
-5.8969
-5.89687
-5.89684
-5.89616
-5.89548
-5.89578
-5.89574
-5.89604
-5.89536
-5.89533
-5.8953
-5.89526
-5.89523
-5.8952
-5.8955
-5.89547
-5.89512
-5.89509
-5.89506
-5.89471
-5.89436
-5.89466
-5.89431
-5.89429
-5.89362
-5.8936
-5.89391
-5.89357
-5.89355
-5.89322
-5.89256
-5.89223
-5.8919
-5.89157
-5.89156
-5.89221
-5.89189
-5.89222
-5.89254
-5.89255
-5.89289
-5.89355
-5.89389
-5.89358
-5.89393
-5.89427
-5.89365
-5.89498
-5.89469
-5.89472
-5.89476
-5.89544
-5.89484
-5.89618
-5.89655
-5.89627
-5.89599
-5.89572
-5.89578
-5.89583
-5.89589
-5.89594
-5.896
-5.89607
-5.89645
-5.89619
-5.89561
-5.89503
-5.89412
-5.89484
-5.8949
-5.89464
-5.89439
-5.89478
-5.89516
-5.89491
-5.89497
-5.89471
-5.89477
-5.8958
-5.89619
-5.89624
-5.89597
-5.89635
-5.89673
-5.89678
-5.89683
-5.89687
-5.89692
-5.89664
-5.89668
-5.89768
-5.89869
-5.89872
-5.89875
-5.89878
-5.89848
-5.89947
-5.89916
-5.89885
-5.89886
-5.89855
-5.89888
-5.89921
-5.89921
-5.89921
-5.89953
-5.89952
-5.89951
-5.90015
-5.89981
-5.89979
-5.8988
-5.89878
-5.89876
-5.89938
-5.89968
-5.89965
-5.90059
-5.90055
-5.90084
-5.9008
-5.90076
-5.90008
-5.90003
-5.89999
-5.89962
-5.89925
-5.89921
-5.89786
-5.89879
-5.89874
-5.89933
-5.89961
-5.89955
-5.89982
-5.90042
-5.90036
-5.90031
-5.90058
-5.90052
-5.90015
-5.90009
-5.90004
-5.9003
-5.90057
-5.90117
-5.90144
-5.90171
-5.90231
-5.90193
-5.90188
-5.90151
-5.90113
-5.90141
-5.90103
-5.90034
-5.90062
-5.90057
-5.89988
-5.89984
-5.89947
-5.89943
-5.89906
-5.8987
-5.89834
-5.89798
-5.89795
-5.89824
-5.89853
-5.89785
-5.89782
-5.89812
-5.89874
-5.89839
-5.89772
-5.89738
-5.89736
-5.89799
-5.8983
-5.89828
-5.89763
-5.89762
-5.89761
-5.8976
-5.89792
-5.8976
-5.89792
-5.8976
-5.89727
-5.89695
-5.89664
-5.89794
-5.89795
-5.89796
-5.8983
-5.89799
-5.89801
-5.8977
-5.89772
-5.89774
-5.89743
-5.89778
-5.89844
-5.89879
-5.89881
-5.89851
-5.89853
-5.89791
-5.89826
-5.89828
-5.89863
-5.89865
-5.89835
-5.8987
-5.89872
-5.89874
-5.89876
-5.89878
-5.89815
-5.89849
-5.89851
-5.89852
-5.89886
-5.89855
-5.89856
-5.89857
-5.8989
-5.89858
-5.89826
-5.89859
-5.89892
-5.89859
-5.89827
-5.89827
-5.89891
-5.89858
-5.89858
-5.89857
-5.89824
-5.89726
-5.89725
-5.89822
-5.89821
-5.8982
-5.89787
-5.89915
-5.89915
-5.89849
-5.89816
-5.89847
-5.89847
-5.89781
-5.89781
-5.89748
-5.89715
-5.89715
-5.89714
-5.89747
-5.89779
-5.89747
-5.89748
-5.89748
-5.89749
-5.89783
-5.89719
-5.89785
-5.89754
-5.89756
-5.89758
-5.8976
-5.8986
-5.89862
-5.89833
-5.89803
-5.89774
-5.89777
-5.89781
-5.89752
-5.89723
-5.89759
-5.89731
-5.89735
-5.89706
-5.89711
-5.89747
-5.89751
-5.89821
-5.89825
-5.89862
-5.89867
-5.89839
-5.89876
-5.8988
-5.89917
-5.89986
-5.89926
-5.89963
-5.9
-5.90069
-5.90073
-5.90013
-5.89984
-5.89956
-5.89992
-5.89996
-5.89934
-5.8997
-5.90006
-5.90041
-5.90012
-5.90047
-5.90017
-5.90084
-5.90054
-5.90024
-5.89993
-5.89995
-5.89964
-5.89997
-5.89998
-5.89999
-5.89967
-5.89967
-5.89871
-5.89806
-5.89806
-5.89805
-5.89805
-5.89836
-5.89868
-5.89802
-5.89833
-5.89896
-5.89894
-5.8986
-5.89858
-5.89791
-5.89918
-5.89916
-5.89848
-5.89846
-5.89875
-5.89904
-5.89933
-5.8993
-5.89991
-5.89987
-5.89984
-5.90012
-5.90008
-5.89972
-5.90032
-5.90028
-5.89991
-5.89954
-5.8995
-5.89978
-5.90005
-5.89968
-5.89964
-5.89959
-5.89858
-5.89853
-5.8988
-5.89811
-5.89806
-5.89866
-5.89893
-5.89856
-5.89819
-5.89879
-5.89874
-5.89805
-5.898
-5.89796
-5.89791
-5.89787
-5.89815
-5.89843
-5.89839
-5.89932
-5.89896
-5.8986
-5.89824
-5.89853
-5.89817
-5.89781
-5.89778
-5.8984
-5.8974
-5.89672
-5.89669
-5.89667
-5.89665
-5.89727
-5.89758
-5.89756
-5.89787
-5.89753
-5.89783
-5.8975
-5.89716
-5.89715
-5.89747
-5.89778
-5.89778
-5.89713
-5.89681
-5.89648
-5.89616
-5.89616
-5.89616
-5.89552
-5.89585
-5.89586
-5.89587
-5.89555
-5.89589
-5.89558
-5.89559
-5.89496
-5.8953
-5.89596
-5.89598
-5.89567
-5.89569
-5.89635
-5.8967
-5.89639
-5.89641
-5.89644
-5.89613
-5.89583
-5.89585
-5.8962
-5.89622
-5.89689
-5.89692
-5.8963
-5.89664
-5.89667
-5.89669
-5.89672
-5.89642
-5.8958
-5.89582
-5.89552
-5.89554
-5.89589
-5.89591
-5.89626
-5.89596
-5.89663
-5.89633
-5.89603
-5.89605
-5.89575
-5.89512
-5.89579
-5.89614
-5.89648
-5.89618
-5.89555
-5.89589
-5.89559
-5.89593
-5.89627
-5.89597
-5.89631
-5.896
-5.89602
-5.89604
-5.89605
-5.89542
-5.89608
-5.89609
-5.89643
-5.89676
-5.89677
-5.89743
-5.89777
-5.8981
-5.89811
-5.89812
-5.89813
-5.89749
-5.89652
-5.89653
-5.89653
-5.89654
-5.89687
-5.8972
-5.89785
-5.89753
-5.89786
-5.89787
-5.89787
-5.89723
-5.89788
-5.89788
-5.89789
-5.89757
-5.89725
-5.89725
-5.89822
-5.89726
-5.89758
-5.89726
-5.89727
-5.89792
-5.8976
-5.89696
-5.89728
-5.89761
-5.89729
-5.89697
-5.89763
-5.89763
-5.89829
-5.89829
-5.89798
-5.89831
-5.89864
-5.89864
-5.89865
-5.89833
-5.89899
-5.899
-5.89965
-5.89967
-5.89968
-5.89969
-5.90002
-5.89971
-5.90004
-5.89941
-5.89974
-5.89943
-5.89976
-5.89912
-5.89913
-5.89947
-5.89883
-5.89819
-5.89756
-5.89757
-5.89758
-5.89759
-5.8976
-5.8976
-5.89761
-5.89698
-5.89731
-5.89732
-5.89765
-5.89799
-5.89767
-5.89768
-5.89737
-5.89738
-5.89674
-5.8961
-5.89611
-5.89676
-5.89677
-5.8971
-5.8971
-5.89679
-5.89711
-5.8968
-5.89713
-5.89681
-5.89714
-5.89746
-5.89779
-5.89747
-5.89715
-5.89683
-5.89683
-5.89651
-5.89651
-5.89684
-5.89651
-5.89684
-5.89651
-5.89651
-5.89684
-5.89748
-5.8978
-5.89748
-5.89845
-5.89909
-5.89941
-5.89941
-5.89908
-5.89875
-5.89907
-5.89938
-5.90002
-5.90002
-5.90033
-5.90064
-5.90031
-5.89965
-5.89964
-5.89931
-5.89962
-5.89896
-5.89894
-5.89926
-5.89989
-5.89988
-5.90051
-5.90049
-5.90048
-5.90046
-5.9011
-5.90173
-5.90171
-5.90169
-5.90071
-5.90069
-5.90002
-5.90033
-5.89999
-5.89998
-5.89964
-5.89929
-5.89928
-5.89926
-5.89924
-5.89987
-5.89986
-5.89952
-5.89918
-5.89949
-5.89947
-5.89978
-5.89976
-5.8991
-5.89876
-5.89908
-5.89906
-5.90035
-5.90034
-5.89903
-5.8987
-5.89868
-5.89835
-5.89931
-5.89995
-5.89993
-5.89992
-5.90024
-5.90088
-5.90119
-5.90118
-5.90052
-5.90116
-5.90051
-5.90082
-5.90049
-5.90015
-5.90014
-5.89981
-5.8998
-5.89881
-5.8988
-5.89847
-5.89781
-5.89715
-5.89779
-5.8981
-5.89744
-5.8984
-5.89838
-5.89837
-5.89804
-5.89835
-5.89866
-5.89832
-5.89798
-5.89894
-5.89828
-5.89827
-5.89696
-5.89695
-5.89726
-5.89757
-5.89659
-5.8969
-5.89688
-5.89719
-5.89686
-5.89717
-5.89748
-5.89682
-5.89681
-5.8968
-5.89679
-5.8958
-5.89612
-5.89643
-5.89642
-5.89608
-5.89543
-5.89477
-5.89411
-5.89378
-5.89377
-5.89409
-5.89408
-5.89407
-5.89373
-5.89405
-5.89501
-5.89501
-5.89565
-5.89596
-5.89595
-5.89594
-5.89594
-5.8956
-5.89592
-5.89623
-5.89622
-5.89589
-5.89556
-5.89588
-5.89554
-5.89586
-5.89585
-5.89552
-5.89519
-5.89551
-5.89517
-5.89582
-5.89516
-5.89548
-5.89483
-5.89482
-5.89514
-5.89481
-5.89512
-5.89544
-5.89609
-5.89576
-5.89511
-5.89575
-5.89608
-5.89607
-5.89607
-5.8964
-5.89607
-5.89575
-5.89576
-5.89544
-5.89447
-5.89415
-5.89448
-5.89449
-5.8945
-5.89386
-5.8942
-5.89389
-5.8939
-5.89391
-5.89425
-5.89491
-5.8946
-5.89462
-5.89431
-5.89433
-5.89402
-5.89371
-5.89308
-5.89375
-5.89344
-5.89346
-5.89283
-5.89285
-5.89319
-5.89354
-5.89323
-5.89325
-5.89359
-5.89393
-5.89428
-5.89429
-5.89463
-5.89497
-5.89499
-5.89468
-5.89501
-5.89535
-5.89568
-5.89569
-5.89569
-5.89635
-5.89603
-5.89571
-5.89603
-5.89603
-5.89636
-5.89603
-5.89506
-5.8957
-5.89569
-5.89601
-5.896
-5.89632
-5.89598
-5.89629
-5.89628
-5.89626
-5.89625
-5.89623
-5.89654
-5.89717
-5.89748
-5.89778
-5.89712
-5.8971
-5.89773
-5.89803
-5.89834
-5.89897
-5.8983
-5.89764
-5.89827
-5.89826
-5.89857
-5.89888
-5.89919
-5.8995
-5.89884
-5.89851
-5.89785
-5.89785
-5.89817
-5.89816
-5.89816
-5.89816
-5.89784
-5.89752
-5.89688
-5.89688
-5.89689
-5.89723
-5.89724
-5.89757
-5.89759
-5.89728
-5.89762
-5.897
-5.89702
-5.89704
-5.89738
-5.89741
-5.89711
-5.89713
-5.89651
-5.89654
-5.89657
-5.8966
-5.89727
-5.89763
-5.89733
-5.89736
-5.89707
-5.89677
-5.8968
-5.89683
-5.89686
-5.89689
-5.89724
-5.89662
-5.89535
-5.8957
-5.8954
-5.89478
-5.89545
-5.89547
-5.89484
-5.89519
-5.89553
-5.89522
