0.799541
0.798647
0.797719
0.796757
0.795762
0.794734
0.793676
0.792588
0.791473
0.790332
0.789167
0.787978
0.786766
0.785533
0.78428
0.783008
0.781718
0.780412
0.77909
0.777754
0.776404
0.775042
0.773671
0.772291
0.770903
0.769509
0.768109
0.766705
0.765297
0.763888
0.762477
0.761067
0.759657
0.758251
0.756848
0.755449
0.754056
0.752672
0.751296
0.749929
0.748573
0.747229
0.745898
0.74458
0.743277
0.74199
0.74072
0.739469
0.738237
0.737026
0.735838
0.734674
0.733534
0.732421
0.731335
0.730276
0.729247
0.728246
0.727276
0.726338
0.725432
0.72456
0.723723
0.722921
0.722154
0.721422
0.720727
0.720068
0.719446
0.718863
0.718318
0.717812
0.717345
0.716917
0.716528
0.716178
0.715866
0.715593
0.715359
0.715164
0.715007
0.714888
0.714807
0.714763
0.714756
0.714784
0.714848
0.714946
0.715078
0.715245
0.715444
0.715674
0.715936
0.716229
0.716551
0.716902
0.717283
0.717691
0.718127
0.71859
0.71908
0.719595
0.720137
0.720704
0.721296
0.721913
0.722555
0.723221
0.723912
0.724628
0.725367
0.726131
0.726919
0.727731
0.728568
0.729428
0.730312
0.731221
0.732153
0.733109
0.734089
0.735092
0.736119
0.737168
0.73824
0.739334
0.740449
0.741584
0.742738
0.74391
0.7451
0.746307
0.747528
0.748764
0.750012
0.75127
0.752536
0.753809
0.755086
0.756365
0.757643
0.758919
0.76019
0.761452
0.762704
0.763942
0.765165
0.766369
0.767552
0.768708
0.769835
0.770931
0.771992
0.773014
0.773996
0.774935
0.775828
0.776671
0.777462
0.778196
0.778873
0.779488
0.780041
0.780531
0.780955
0.78131
0.781596
0.78181
0.781952
0.78202
0.782012
0.781929
0.781769
0.781532
0.781219
0.78083
0.780364
0.779824
0.779208
0.778519
0.777757
0.776924
0.776022
0.775052
0.774016
0.772917
0.771755
0.770534
0.769255
0.767921
0.766535
0.765099
0.763616
0.762089
0.760521
0.758916
0.757276
0.755605
0.753907
0.752183
0.750437
0.748673
0.746895
0.745106
0.743309
0.741507
0.739703
0.737902
0.736107
0.734321
0.732547
0.730789
0.729051
0.727334
0.725644
0.723983
0.722353
0.720759
0.719202
0.717686
0.716214
0.714788
0.713411
0.712086
0.710815
0.7096
0.708444
0.707348
0.706316
0.705349
0.704449
0.703618
0.70286
0.702174
0.701562
0.701025
0.700563
0.700178
0.69987
0.699641
0.69949
0.699418
0.699425
0.699512
0.699676
0.699918
0.700236
0.70063
0.701098
0.70164
0.702255
0.702941
0.703697
0.70452
0.705409
0.706362
0.707375
0.708447
0.709575
0.710757
0.711989
0.713269
0.714593
0.715959
0.717364
0.718805
0.720277
0.721777
0.723302
0.724849
0.726414
0.727993
0.729583
0.73118
0.732782
0.734384
0.735984
0.737579
0.739164
0.740737
0.742295
0.743834
0.745353
0.746845
0.74831
0.749744
0.751145
0.75251
0.753837
0.755123
0.756366
0.757563
0.758712
0.759811
0.760858
0.761852
0.762791
0.763674
0.7645
0.765267
0.765974
0.766622
0.767208
0.767734
0.768197
0.768598
0.768937
0.769213
0.769427
0.769578
0.769668
0.769697
0.769666
0.769576
0.769427
0.76922
0.768956
0.768638
0.768268
0.767847
0.767375
0.766855
0.766288
0.765676
0.76502
0.764324
0.763589
0.762818
0.762014
0.76118
0.760316
0.759426
0.758514
0.757582
0.756633
0.75567
0.754695
0.753711
0.752722
0.751729
0.750735
0.749745
0.748761
0.747785
0.746821
0.745869
0.744934
0.744017
0.74312
0.742247
0.741398
0.740576
0.739785
0.739024
0.738296
0.737602
0.736943
0.73632
0.735736
0.73519
0.734684
0.734218
0.733793
0.73341
0.733069
0.732768
0.732508
0.73229
0.732114
0.731977
0.73188
0.731822
0.731802
0.731818
0.73187
0.731956
0.732075
0.732226
0.732407
0.732616
0.732852
0.733114
0.733399
0.733706
0.734033
0.73438
0.734744
0.735123
0.735518
0.735925
0.736344
0.736771
0.737205
0.737645
0.73809
0.738539
0.738989
0.73944
0.73989
0.740339
0.740785
0.741227
0.741664
0.742096
0.74252
0.742936
0.743345
0.743745
0.744137
0.744519
0.744893
0.745257
0.74561
0.745954
0.746288
0.746612
0.746927
0.747234
0.74753
0.747818
0.748098
0.74837
0.748634
0.74889
0.749138
0.749379
0.749613
0.749842
0.750066
0.750285
0.7505
0.750711
0.750918
0.751121
0.751321
0.751518
0.751715
0.75191
0.752102
0.752292
0.75248
0.752666
0.75285
0.753031
0.75321
0.753389
0.753564
0.753736
0.753906
0.754072
0.754235
0.754393
0.754546
0.754694
0.754835
0.754971
0.755099
0.755218
0.755329
0.755431
0.755523
0.755604
0.755673
0.755732
0.755778
0.755811
0.75583
0.755834
0.755824
0.755799
0.755758
0.755701
0.755628
0.755538
0.755434
0.755315
0.755181
0.75503
0.754864
0.754683
0.754489
0.754281
0.75406
0.753827
0.753583
0.753328
0.753064
0.752792
0.752512
0.752227
0.751938
0.751645
0.75135
0.751055
0.750763
0.750474
0.75019
0.749914
0.749645
0.749387
0.749141
0.748909
0.748693
0.748495
0.748315
0.748157
0.74802
0.747908
0.747821
0.74776
0.747727
0.747723
0.747749
0.747807
0.747898
0.748022
0.748181
0.748376
0.748608
0.748876
0.749182
0.749526
0.749908
0.75033
0.75079
0.751288
0.751826
0.752402
0.753018
0.753672
0.754365
0.755096
0.755865
0.756671
0.757516
0.758398
0.759316
0.76027
0.76126
0.762284
0.763343
0.764433
0.765556
0.766711
0.767896
0.769111
0.770354
0.771626
0.772924
0.774246
0.775594
0.776963
0.778354
0.779765
0.781194
0.782641
0.784103
0.785579
0.787068
0.788567
0.790075
0.791589
0.793107
0.794628
0.79615
0.797672
0.79919
0.800702
0.802206
0.8037
0.805182
0.80665
0.808103
0.809537
0.81095
0.812338
0.813701
0.815037
0.816344
0.81762
0.818862
0.820067
0.821235
0.822365
0.823454
0.8245
0.825503
0.826461
0.827372
0.828236
0.829052
0.829818
0.830535
0.831204
0.831824
0.832394
0.832912
0.833381
0.8338
0.834168
0.834486
0.834757
0.834979
0.835155
0.835283
0.835364
0.8354
0.835393
0.835344
0.835252
0.835119
0.834946
0.834735
0.834486
0.834203
0.833884
0.833534
0.833152
0.83274
0.8323
0.831832
0.831336
0.830814
0.830266
0.829694
0.829098
0.828481
0.827841
0.827181
0.826501
0.825801
0.82508
0.82434
0.823582
0.822804
0.822007
0.821191
0.820357
0.819504
0.818633
0.817744
0.816837
0.815911
0.814966
0.814002
0.813017
0.812014
0.810989
0.809945
0.808879
0.807791
0.806682
0.80555
0.804396
0.80322
0.802021
0.800798
0.799551
0.798281
0.796985
0.795665
0.794319
0.792948
0.791551
0.79013
0.788683
0.787212
0.785715
0.784194
0.78265
0.78108
0.779487
0.77787
0.77623
0.774568
0.772883
0.771177
0.769451
0.767705
0.765941
0.76416
0.762365
0.760555
0.758733
0.7569
0.755056
0.753203
0.751343
0.749477
0.747609
0.745739
0.743869
0.742
0.740135
0.738276
0.736424
0.734583
0.732753
0.730939
0.729141
0.727363
0.725606
0.723874
0.722168
0.72049
0.718843
0.71723
0.715651
0.714111
0.712611
0.711154
0.709743
0.708379
0.707064
0.705802
0.704594
0.703441
0.702347
0.701313
0.700343
0.699437
0.698597
0.697824
0.697119
0.696483
0.695918
0.695426
0.695006
0.694659
0.694387
0.69419
0.694068
0.694021
0.694049
0.694152
0.694329
0.694581
0.694907
0.695306
0.695777
0.69632
0.696933
0.697615
0.698364
0.699177
0.700054
0.700992
0.701989
0.703044
0.704153
0.705315
0.706528
0.707788
0.709095
0.710445
0.711834
0.71326
0.714721
0.716214
0.717737
0.719288
0.720862
0.722457
0.72407
0.725699
0.727341
0.728993
0.730654
0.732319
0.733988
0.735657
0.737324
0.738987
0.740644
0.742293
0.743932
0.74556
0.747175
0.748773
0.750354
0.751917
0.753459
0.754979
0.756475
0.757947
0.759394
0.760814
0.762206
0.763569
0.764903
0.766207
0.767481
0.768724
0.769935
0.771113
0.772258
0.773368
0.774444
0.775485
0.776491
0.777461
0.778395
0.779294
0.780157
0.780985
0.781778
0.782535
0.783257
0.783944
0.784596
0.785213
0.785797
0.786348
0.786864
0.787347
0.787797
0.788213
0.788596
0.788947
0.789267
0.789554
0.789811
0.790036
0.790232
0.790398
0.790537
0.790648
0.790732
0.790789
0.790819
0.790823
0.790802
0.790757
0.790688
0.790595
0.790478
0.790338
0.790173
0.789986
0.789776
0.789543
0.789288
0.789012
0.788716
0.788399
0.788061
0.787702
0.787324
0.786925
0.786507
0.78607
0.785613
0.785136
0.784639
0.784123
0.783586
0.78303
0.782455
0.781861
0.781248
0.780616
0.779965
0.779295
0.778605
0.777896
0.777167
0.77642
0.775653
0.774867
0.774061
0.773234
0.772388
0.771523
0.770638
0.769735
0.768811
0.767867
0.766903
0.76592
0.764916
0.763894
0.762852
0.761792
0.760714
0.759618
0.758504
0.757371
0.756221
0.755054
0.753869
0.752668
0.75145
0.750216
0.748967
0.747703
0.746426
0.745135
0.743831
0.742514
0.741185
0.739846
0.738497
0.737138
0.735771
0.734396
0.733014
0.731628
0.730237
0.728843
0.727448
0.726053
0.724661
0.723272
0.721886
0.720506
0.719133
0.717769
0.716415
0.715072
0.713743
0.71243
0.711136
0.709861
0.708608
0.707376
0.706169
0.704989
0.703837
0.702716
0.701628
0.700575
0.699558
0.69858
0.697642
0.696747
0.695896
0.695093
0.694338
0.693634
0.692982
0.692382
0.691839
0.691352
0.690923
0.690553
0.690243
0.689995
0.689809
0.689686
0.689627
0.689631
0.689698
0.689829
0.690024
0.690283
0.690604
0.690987
0.691431
0.691934
0.692496
0.693115
0.69379
0.694518
0.695298
0.696128
0.697006
0.697929
0.698895
0.699901
0.700945
0.702023
0.703134
0.704274
0.705442
0.706634
0.707847
0.709078
0.710324
0.711582
0.712849
0.714123
0.7154
0.716679
0.717957
0.719233
0.720503
0.721764
0.723016
0.724256
0.725482
0.726691
0.727883
0.729057
0.730212
0.731345
0.732455
0.733541
0.734603
0.735638
0.736649
0.737632
0.738589
0.739517
0.740419
0.741293
0.742139
0.742956
0.743746
0.744508
0.745242
0.74595
0.746631
0.747285
0.747914
0.748517
0.749096
0.749651
0.750184
0.750695
0.751185
0.751654
0.752104
0.752535
0.752948
0.753344
0.753725
0.754091
0.754442
0.754779
0.755105
0.75542
0.755724
0.75602
0.756309
0.75659
0.756864
0.757132
0.757395
0.757654
0.757909
0.758162
0.758413
0.758663
0.758911
0.759158
0.759404
0.75965
0.759895
0.760141
0.760388
0.760635
0.760883
0.761131
0.76138
0.76163
0.76188
0.762129
0.762378
0.762628
0.762878
0.763126
0.763371
0.763614
0.763853
0.764088
0.764319
0.764543
0.764762
0.764974
0.765178
0.765374
0.765563
0.765743
0.765912
0.766069
0.766213
0.766344
0.766461
0.766563
0.766649
0.766718
0.766771
0.766806
0.766824
0.766823
0.766801
0.76676
0.766698
0.766614
0.766509
0.766383
0.766235
0.766065
0.765873
0.765657
0.765418
0.765156
0.764872
0.764565
0.764236
0.763886
0.763515
0.763124
0.762713
0.762283
0.761834
0.761368
0.760886
0.760389
0.759879
0.759357
0.758824
0.758283
0.757734
0.75718
0.756623
0.756065
0.755509
0.754956
0.754409
0.753872
0.753347
0.752836
0.752341
0.751865
0.751412
0.750985
0.750587
0.75022
0.749887
0.749589
0.74933
0.749111
0.748937
0.748808
0.748725
0.748689
0.748703
0.748768
0.748884
0.749052
0.749273
0.749546
0.749872
0.750251
0.750681
0.751164
0.751696
0.752278
0.752908
0.753584
0.754306
0.75507
0.755875
0.75672
0.757603
0.758521
0.759471
0.760452
0.761462
0.762498
0.763558
0.76464
0.765742
0.766862
0.767998
0.769148
0.770312
0.771486
0.772669
0.773859
0.775057
0.77626
0.777469
0.778681
0.779896
0.781114
0.782334
0.783556
0.784779
0.786003
0.787227
0.788452
0.789677
0.790903
0.792129
0.793355
0.79458
0.795804
0.797026
0.798245
0.799463
0.800678
0.801891
0.803099
0.804303
0.8055
0.806692
0.807877
0.809056
0.810227
0.811388
0.81254
0.81368
0.814808
0.815921
0.81702
0.818101
0.819166
0.820214
0.821243
0.822251
0.823237
0.824199
0.825135
0.826044
0.826926
0.827779
0.828602
0.829392
0.830148
0.830871
0.83156
0.832212
0.832827
0.833402
0.833938
0.834431
0.834883
0.835291
0.835656
0.835976
0.83625
0.836476
0.836656
0.836788
0.836871
0.836904
0.836888
0.836821
0.836703
0.836534
0.836313
0.836042
0.835719
0.835344
0.834918
0.83444
0.83391
0.833331
0.8327
0.83202
0.831288
0.830507
0.829678
0.828801
0.827877
0.826906
0.825887
0.824823
0.823714
0.822563
0.821369
0.820134
0.81886
0.817548
0.816199
0.814812
0.813389
0.811932
0.810443
0.808922
0.807373
0.805795
0.804193
0.802568
0.800921
0.799254
0.797566
0.795861
0.794141
0.792407
0.790661
0.788904
0.78714
0.785369
0.783594
0.781815
0.780035
0.778256
0.776482
0.774715
0.772955
0.771203
0.769462
0.767734
0.766021
0.764324
0.762645
0.760986
0.759348
0.757734
0.756145
0.754583
0.75305
0.751547
0.750076
0.74864
0.747238
0.745873
0.744546
0.743257
0.742009
0.740803
0.739639
0.738518
0.737442
0.736411
0.735427
0.73449
0.7336
0.732759
0.731966
0.731222
0.730527
0.729882
0.729288
0.728744
0.72825
0.727805
0.727409
0.727062
0.726762
0.726511
0.726307
0.726149
0.726037
0.725971
0.72595
0.725971
0.726036
0.726141
0.726287
0.72647
0.726689
0.726942
0.727228
0.727545
0.727891
0.728265
0.728665
0.729089
0.729535
0.730001
0.730486
0.730986
0.731499
0.732023
0.732556
0.733095
0.733639
0.734184
0.734729
0.735272
0.735809
0.736338
0.736859
0.737367
0.737862
0.738341
0.738801
0.739242
0.739661
0.740056
0.740424
0.740764
0.741074
0.741353
0.7416
0.741814
0.741993
0.742135
0.742241
0.742308
0.742337
0.742326
0.742275
0.742184
0.742052
0.741879
0.741664
0.741407
0.741109
0.74077
0.740389
0.739968
0.739506
0.739005
0.738463
0.737883
0.737267
0.736616
0.73593
0.73521
0.73446
0.73368
0.732871
0.732037
0.73118
0.730301
0.729402
0.728486
0.727553
0.726606
0.725646
0.724677
0.723699
0.722716
0.721731
0.720744
0.71976
0.718779
0.717806
0.716843
0.715892
0.714956
0.714037
0.713136
0.712257
0.711402
0.710574
0.709774
0.709007
0.708272
0.707572
0.706909
0.706285
0.705703
0.705162
0.704666
0.704215
0.70381
0.703452
0.703143
0.702884
0.702675
0.702518
0.702415
0.702364
0.702366
0.702421
0.702529
0.702691
0.702907
0.703178
0.703501
0.703877
0.704304
0.704784
0.705315
0.705895
0.706525
0.707203
0.707927
0.708697
0.709511
0.710369
0.711268
0.712207
0.713182
0.714194
0.715239
0.716316
0.717422
0.718555
0.719714
0.720897
0.722099
0.72332
0.724556
0.725805
0.727066
0.728335
0.72961
0.730891
0.732173
0.733454
0.734731
0.736004
0.737268
0.738521
0.739763
0.74099
0.7422
0.743391
0.744562
0.745711
0.746837
0.747936
0.749007
0.750049
0.751059
0.752037
0.752982
0.753892
0.754766
0.755603
0.756402
0.757162
0.757883
0.758564
0.759205
0.759803
0.760359
0.760873
0.761345
0.761773
0.762158
0.7625
0.762797
0.763052
0.763263
0.763432
0.763559
0.763643
0.763684
0.763684
0.763644
0.763563
0.763443
0.763284
0.763086
0.762849
0.762573
0.76226
0.76191
0.761524
0.761102
0.760645
0.760153
0.759629
0.759073
0.758486
0.757868
0.757219
0.756542
0.755837
0.755104
0.754345
0.753561
0.752753
0.751921
0.751067
0.750194
0.749301
0.74839
0.747462
0.746518
0.74556
0.744588
0.743605
0.742613
0.741612
0.740605
0.739592
0.738575
0.737557
0.736539
0.735523
0.734511
0.733505
0.732507
0.731518
0.730541
0.729575
0.728624
0.72769
0.726774
0.725877
0.725003
0.724152
0.723325
0.722526
0.721755
0.721016
0.720309
0.719635
0.718998
0.718398
0.717837
0.717316
0.716837
0.716401
0.716009
0.715662
0.715361
0.715109
0.714905
0.714752
0.714649
0.714599
0.714601
0.714657
0.714766
0.714931
0.715151
0.715426
0.715756
0.716142
0.716583
0.717081
0.717636
0.718247
0.718914
0.719638
0.720417
0.721252
0.722143
0.723089
0.724089
0.725143
0.726251
0.727411
0.728624
0.729888
0.731202
0.732567
0.733982
0.735445
0.736956
0.738515
0.74012
0.74177
0.743463
0.745199
0.746977
0.748795
0.750652
0.752547
0.754479
0.756445
0.758445
0.760476
0.762537
0.764625
0.766738
0.768875
0.771034
0.773212
0.775408
0.777618
0.779844
0.782083
0.784333
0.786591
0.788854
0.79112
0.793386
0.795652
0.797913
0.800169
0.802415
0.804651
0.806873
0.80908
0.811271
0.813442
0.815592
0.817719
0.81982
0.821893
0.823936
0.825947
0.827925
0.829869
0.831775
0.833642
0.835469
0.837253
0.838992
0.840685
0.842332
0.843931
0.845481
0.846982
0.84843
0.849826
0.851166
0.852451
0.853679
0.854849
0.855961
0.857014
0.858007
0.858941
0.859814
0.860627
0.861378
0.862066
0.862691
0.863254
0.863753
0.864188
0.864559
0.864867
0.865111
0.865292
0.865409
0.865462
0.865452
0.865379
0.865242
0.865043
0.86478
0.864455
0.864068
0.863617
0.863105
0.862532
0.861899
0.861206
0.860454
0.859641
0.858769
0.85784
0.856855
0.855812
0.854713
0.853558
0.852349
0.851086
0.849771
0.848403
0.846983
0.845513
0.843995
0.84243
0.840819
0.839162
0.837462
0.83572
0.833937
0.832114
0.830254
0.828358
0.826427
0.824463
0.822469
0.820445
0.818393
0.816316
0.814216
0.812095
0.809955
0.807799
0.805628
0.803443
0.801248
0.799044
0.796833
0.79462
0.792405
0.790191
0.787978
0.785771
0.783571
0.78138
0.779201
0.777037
0.774888
0.772758
0.770647
0.768559
0.766496
0.764457
0.762446
0.760463
0.75851
0.756588
0.7547
0.752846
0.751028
0.749244
0.747497
0.745787
0.744114
0.742479
0.740883
0.739324
0.737804
0.736322
0.734879
0.733472
0.732102
0.730769
0.729472
0.72821
0.726984
0.725792
0.724633
0.723506
0.722408
0.72134
0.720299
0.719285
0.718297
0.717334
0.716394
0.715477
0.71458
0.713702
0.712843
0.712001
0.711176
0.710365
0.709568
0.708785
0.708015
0.707256
0.706509
0.705771
0.705043
0.704323
0.70361
0.702905
0.702207
0.701515
0.70083
0.700151
0.699478
0.69881
0.698147
0.697491
0.696839
0.696193
0.695552
0.694916
0.694287
0.693663
0.693046
0.692436
0.691835
0.691241
0.690658
0.690084
0.689522
0.68897
0.688431
0.687904
0.687391
0.686894
0.686412
0.685947
0.6855
0.685071
0.684661
0.684272
0.683904
0.683558
0.683236
0.682937
0.682663
0.682416
0.682196
0.682004
0.681842
0.681711
0.681611
0.681544
0.681511
0.681513
0.681551
0.681625
0.681735
0.681883
0.68207
0.682295
0.682559
0.682862
0.683206
0.683589
0.684014
0.68448
0.684987
0.685535
0.686123
0.686751
0.687419
0.688124
0.688867
0.689648
0.690464
0.691316
0.6922
0.693116
0.694063
0.69504
0.696044
0.697072
0.698124
0.699196
0.700288
0.701397
0.702519
0.703652
0.704793
0.705941
0.707091
0.708242
0.70939
0.710532
0.711664
0.712784
0.713891
0.714981
0.71605
0.717096
0.718116
0.719107
0.720068
0.720995
0.721886
0.72274
0.723554
0.724325
0.725054
0.725736
0.726373
0.726963
0.727503
0.727993
0.728433
0.728822
0.72916
0.729447
0.729683
0.729869
0.730005
0.730094
0.730136
0.730131
0.730081
0.729988
0.729852
0.729678
0.729467
0.729221
0.728944
0.728636
0.728301
0.72794
0.727559
0.727157
0.72674
0.72631
0.725871
0.725426
0.724978
0.724531
0.724088
0.72365
0.723218
0.722797
0.722389
0.721996
0.72162
0.721265
0.720934
0.720626
0.720346
0.720093
0.719872
0.719682
0.719525
0.719402
0.719315
0.719264
0.719251
0.719276
0.71934
0.719443
0.719584
0.719766
0.719988
0.720251
0.720555
0.7209
0.721284
0.721708
0.722171
0.722673
0.723213
0.723792
0.724408
0.725061
0.725752
0.72648
0.727244
0.728043
0.728876
0.729743
0.730644
0.731577
0.732542
0.733538
0.734564
0.735619
0.736703
0.737816
0.738956
0.740123
0.741315
0.742531
0.743772
0.745035
0.74632
0.747628
0.748956
0.750305
0.751674
0.753061
0.754465
0.755884
0.757319
0.758768
0.760229
0.761701
0.763184
0.764675
0.766175
0.767682
0.769196
0.770715
0.772237
0.773761
0.775286
0.77681
0.778332
0.779852
0.781368
0.782877
0.78438
0.785873
0.787356
0.788828
0.790287
0.791732
0.793162
0.794576
0.795971
0.797346
0.7987
0.800031
0.801338
0.802619
0.803874
0.805101
0.806299
0.807465
0.808601
0.809704
0.810771
0.811802
0.812797
0.813752
0.814668
0.815542
0.816373
0.817161
0.817903
0.818599
0.819248
0.819847
0.820397
0.820895
0.821341
0.821733
0.822071
0.822353
0.822579
0.822748
0.822859
0.82291
0.822902
0.822834
0.822705
0.822515
0.822263
0.821948
0.821571
0.82113
0.820625
0.820059
0.81943
0.818739
0.817985
0.817169
0.816291
0.815352
0.814354
0.813297
0.812182
0.811011
0.809784
0.808502
0.807167
0.805781
0.804346
0.802863
0.801334
0.799761
0.798146
0.796492
0.7948
0.793073
0.791314
0.789525
0.78771
0.78587
0.78401
0.782133
0.780241
0.778337
0.776425
0.774509
0.772591
0.770675
0.768764
0.766862
0.764971
0.763096
0.76124
0.759408
0.757602
0.755826
0.754083
0.752376
0.750709
0.749083
0.747503
0.74597
0.744488
0.74306
0.741689
0.740377
0.739126
0.737939
0.736817
0.735763
0.73478
0.733869
0.733033
0.732271
0.731585
0.730977
0.730446
0.729993
0.72962
0.729326
0.729112
0.728978
0.728923
0.728948
0.72905
0.729231
0.729488
0.729823
0.730234
0.730716
0.73127
0.731893
0.732584
0.733341
0.734161
0.735044
0.735986
0.736986
0.738042
0.73915
0.740307
0.741512
0.742761
0.744051
0.745379
0.746743
0.748138
0.749564
0.751017
0.752495
0.753993
0.755511
0.757045
0.758591
0.760148
0.761711
0.763278
0.764846
0.766414
0.767979
0.769539
0.77109
0.772631
0.774159
0.775671
0.777166
0.778644
0.7801
0.781533
0.782941
0.784322
0.785675
0.786999
0.788292
0.789553
0.79078
0.791973
0.793131
0.794253
0.795337
0.796384
0.797392
0.79836
0.79929
0.80018
0.80103
0.801838
0.802605
0.80333
0.804013
0.804656
0.805256
0.805814
0.806331
0.806805
0.807237
0.807625
0.80797
0.808272
0.808531
0.808747
0.808922
0.809054
0.809143
0.80919
0.809195
0.809158
0.809078
0.808958
0.808798
0.808596
0.808354
0.808072
0.80775
0.807388
0.806987
0.806549
0.806072
0.805559
0.80501
0.804427
0.803811
0.803163
0.802482
0.801772
0.801033
0.800268
0.799475
0.798658
0.797817
0.796954
0.796071
0.79517
0.794253
0.793321
0.792378
0.791427
0.790467
0.789502
0.788533
0.787562
0.786592
0.785625
0.784661
0.783703
0.782753
0.781813
0.780884
0.77997
0.77907
0.778189
0.777326
0.776482
0.77566
0.774859
0.774082
0.77333
0.772603
0.771902
0.771229
0.770584
0.769966
0.769374
0.768811
0.768274
0.767764
0.767281
0.766824
0.766393
0.765988
0.765608
0.765253
0.764921
0.764612
0.764325
0.76406
0.763814
0.763588
0.763378
0.763185
0.763008
0.762845
0.762695
0.762556
0.762429
0.762311
0.762203
0.762105
0.762012
0.761925
0.761842
0.761763
0.761687
0.761613
0.761539
0.761466
0.761393
0.761318
0.761242
0.761164
0.761083
0.760999
0.760911
0.760819
0.760722
0.76062
0.760512
0.760398
0.760277
0.760149
0.760014
0.759873
0.759724
0.759567
0.759403
0.75923
0.759048
0.758857
0.758657
0.758449
0.758232
0.758005
0.757769
0.757523
0.757267
0.757001
0.756724
0.756437
0.756139
0.75583
0.755511
0.755181
0.75484
0.754488
0.754125
0.753753
0.753371
0.752978
0.752575
0.752162
0.751739
0.751306
0.750863
0.750411
0.749949
0.749479
0.749002
0.748517
0.748026
0.747528
0.747024
0.746515
0.746001
0.745483
0.744961
0.744436
0.743909
0.74338
0.74285
0.742319
0.741788
0.741257
0.740728
0.7402
0.739674
0.739151
0.738632
0.738117
0.737607
0.737103
0.736607
0.736118
0.735635
0.73516
0.734693
0.734235
0.733786
0.733348
0.732919
0.732501
0.732095
0.731701
0.731319
0.730951
0.730595
0.730252
0.729921
0.729603
0.729297
0.729005
0.728727
0.728461
0.728209
0.727972
0.727748
0.727539
0.727344
0.727162
0.726994
0.72684
0.726699
0.726571
0.726457
0.726356
0.726268
0.726192
0.726131
0.726082
0.726046
0.726023
0.726013
0.726015
0.726029
0.726056
0.726094
0.726144
0.726207
0.726281
0.726366
0.726462
0.726569
0.726687
0.726815
0.726953
0.727102
0.727263
0.727435
0.727619
0.727813
0.728017
0.728231
0.728455
0.72869
0.728934
0.729189
0.729452
0.729725
0.730008
0.730299
0.7306
0.73091
0.731228
0.731554
0.731889
0.732231
0.732582
0.732942
0.73331
0.733684
0.734067
0.734457
0.734854
0.735259
0.735672
0.736091
0.736518
0.73695
0.73739
0.737835
0.738288
0.738747
0.739211
0.739683
0.740161
0.740646
0.741138
0.741636
0.74214
0.742651
0.743167
0.743689
0.744216
0.74475
0.745289
0.745835
0.746386
0.746942
0.747504
0.748073
0.748648
0.74923
0.749819
0.750415
0.751018
0.751628
0.752244
0.752868
0.753499
0.754137
0.754781
0.755433
0.75609
0.756752
0.75742
0.758094
0.758773
0.759457
0.760146
0.760841
0.76154
0.762243
0.76295
0.763658
0.764369
0.76508
0.765792
0.766503
0.767215
0.767925
0.768632
0.769334
0.770031
0.770722
0.771405
0.772079
0.772744
0.773398
0.77404
0.77467
0.775286
0.775887
0.776471
0.777037
0.777584
0.77811
0.778617
0.779101
0.77956
0.779995
0.780402
0.780781
0.781131
0.781451
0.781741
0.781998
0.782221
0.782412
0.78257
0.782693
0.782781
0.782831
0.782844
0.782819
0.782757
0.782657
0.782518
0.782341
0.782125
0.78187
0.781577
0.781245
0.780873
0.780461
0.780012
0.779524
0.778998
0.778434
0.777833
0.777195
0.776522
0.775814
0.775071
0.774294
0.773484
0.772641
0.771766
0.770861
0.769925
0.768958
0.767964
0.766942
0.765895
0.764823
0.763726
0.762606
0.761464
0.7603
0.759116
0.757913
0.756691
0.755452
0.754197
0.752926
0.751641
0.750343
0.749034
0.747713
0.74638
0.745037
0.743684
0.742323
0.740955
0.739579
0.738198
0.73681
0.735419
0.734023
0.732625
0.731224
0.729822
0.728419
0.727017
0.725614
0.724213
0.722813
0.721415
0.720021
0.718631
0.717244
0.715861
0.714485
0.713115
0.711753
0.710399
0.709055
0.707721
0.706396
0.705084
0.703783
0.702496
0.701223
0.699964
0.698721
0.697495
0.696286
0.695096
0.693925
0.692774
0.691645
0.690539
0.689457
0.688399
0.687367
0.686361
0.685384
0.684438
0.683522
0.682638
0.681788
0.680972
0.680194
0.679453
0.67875
0.678086
0.677461
0.676877
0.676335
0.675837
0.675383
0.674976
0.674615
0.6743
0.674033
0.673815
0.673647
0.673531
0.673466
0.673452
0.673491
0.673583
0.673728
0.673927
0.67418
0.674487
0.674849
0.675266
0.675737
0.676262
0.676841
0.677474
0.67816
0.6789
0.679693
0.680537
0.681433
0.682379
0.683374
0.684419
0.685512
0.686654
0.687842
0.689074
0.690351
0.69167
0.693031
0.694431
0.695871
0.697349
0.698861
0.700409
0.701989
0.7036
0.705242
0.706912
0.70861
0.710332
0.712079
0.713847
0.715636
0.717445
0.719272
0.721114
0.72297
0.724839
0.72672
0.728612
0.730511
0.732418
0.734331
0.736248
0.73817
0.740094
0.742018
0.743943
0.745869
0.747794
0.749717
0.751637
0.753554
0.755467
0.757376
0.759279
0.761178
0.763072
0.76496
0.766845
0.768724
0.770597
0.772464
0.774326
0.776183
0.778035
0.779884
0.781728
0.783568
0.785406
0.787241
0.789074
0.790907
0.792739
0.79457
0.7964
0.798229
0.800056
0.801884
0.803711
0.805539
0.807368
0.809195
0.811021
0.812846
0.814668
0.816489
0.818307
0.820122
0.821931
0.823734
0.825529
0.827314
0.829089
0.830851
0.832601
0.834335
0.83605
0.837746
0.839418
0.841066
0.842686
0.844275
0.845832
0.847355
0.848839
0.850283
0.851684
0.853042
0.854352
0.855612
0.856818
0.85797
0.859063
0.860097
0.861069
0.861977
0.862819
0.86359
0.864291
0.86492
0.865474
0.865949
0.866346
0.866663
0.866897
0.867049
0.867118
0.867102
0.867003
0.866817
0.866545
0.866187
0.865742
0.86521
0.864592
0.863888
0.8631
0.862226
0.861268
0.860228
0.859107
0.857904
0.856621
0.85526
0.853822
0.852311
0.850726
0.84907
0.847344
0.845552
0.843696
0.841778
0.839801
0.83777
0.835686
0.833551
0.83137
0.829145
0.826881
0.824579
0.822243
0.819877
0.817483
0.815067
0.812631
0.810182
0.807721
0.805253
0.80278
0.800307
0.797839
0.795377
0.792927
0.790493
0.788077
0.785683
0.783314
0.780973
0.778664
0.776391
0.774156
0.771963
0.769814
0.767712
0.76566
0.763661
0.761716
0.759828
0.757999
0.756232
0.754528
0.75289
0.751318
0.749813
0.748377
0.74701
0.745714
0.744488
0.743335
0.742254
0.741244
0.740307
0.739441
0.738647
0.737925
0.737272
0.736689
0.736173
0.735726
0.735345
0.73503
0.734779
0.734589
0.734459
0.734387
0.734371
0.734412
0.734506
0.734651
0.734844
0.735085
0.735372
0.735702
0.736073
0.736482
0.736927
0.737406
0.737917
0.738458
0.739026
0.739619
0.740236
0.740874
0.741532
0.742208
0.742899
0.743603
0.744318
0.745042
0.745772
0.746509
0.74725
0.747992
0.748735
0.749476
0.750213
0.750945
0.751671
0.752388
0.753096
0.753792
0.754475
0.755144
0.755797
0.756431
0.757047
0.757643
0.758218
0.758772
0.759302
0.759808
0.760289
0.760745
0.761173
0.761575
0.761949
0.762294
0.762611
0.762897
0.763153
0.763379
0.763573
0.763737
0.763868
0.763968
0.764037
0.764075
0.764082
0.764058
0.764003
0.763917
0.7638
0.763653
0.763477
0.763271
0.763037
0.762775
0.762487
0.762171
0.761829
0.761461
0.761069
0.760651
0.76021
0.759748
0.759264
0.75876
0.758236
0.757693
0.757132
0.756552
0.755955
0.75534
0.75471
0.754064
0.753405
0.752734
0.752051
0.751356
0.75065
0.749934
0.749207
0.748472
0.747729
0.746978
0.74622
0.745456
0.744686
0.743913
0.743137
0.742358
0.741577
0.740795
0.740012
0.739229
0.738449
0.737672
0.736899
0.736131
0.735368
0.734613
0.733865
0.733126
0.732398
0.731682
0.730979
0.730292
0.729621
0.728967
0.72833
0.727714
0.727119
0.726548
0.726001
0.725481
0.724988
0.724524
0.72409
0.723688
0.723321
0.722988
0.722692
0.722433
0.722214
0.722035
0.721899
0.721805
0.721754
0.721749
0.721789
0.721877
0.722014
0.722199
0.722432
0.722715
0.723046
0.723428
0.72386
0.724342
0.724874
0.725455
0.726085
0.726764
0.72749
0.728264
0.729085
0.729951
0.730861
0.731815
0.73281
0.733846
0.734922
0.736034
0.737182
0.738363
0.739575
0.740818
0.742088
0.743383
0.744699
0.746037
0.747392
0.748764
0.750148
0.751544
0.752949
0.754358
0.755772
0.757188
0.758602
0.760013
0.761418
0.762813
0.764197
0.765566
0.766919
0.768253
0.769566
0.770856
0.77212
0.773357
0.774565
0.775743
0.776888
0.777999
0.779074
0.78011
0.781107
0.782064
0.782979
0.783849
0.784676
0.785457
0.786191
0.786879
0.787518
0.788109
0.78865
0.789143
0.789587
0.78998
0.790322
0.790614
0.790854
0.791045
0.791185
0.791277
0.791318
0.79131
0.791253
0.791146
0.790991
0.790787
0.790537
0.79024
0.789896
0.789509
0.789077
0.788602
0.788085
0.787526
0.786926
0.786287
0.78561
0.784894
0.784143
0.783356
0.782536
0.781683
0.780799
0.779886
0.778948
0.777984
0.776995
0.775982
0.774947
0.773892
0.772819
0.77173
0.770627
0.76951
0.76838
0.76724
0.766093
0.764939
0.763779
0.762616
0.761451
0.760287
0.759125
0.757967
0.756815
0.755671
0.754537
0.753414
0.752303
0.751207
0.750127
0.749064
0.74802
0.746996
0.745994
0.745016
0.744063
0.743136
0.742237
0.741366
0.740525
0.739716
0.73894
0.738198
0.737489
0.736815
0.736176
0.735573
0.735008
0.73448
0.73399
0.733538
0.733125
0.732751
0.732415
0.732118
0.73186
0.731639
0.731457
0.731313
0.731207
0.731138
0.731104
0.731106
0.731143
0.731215
0.731321
0.731459
0.731629
0.73183
0.732061
0.732322
0.732612
0.732929
0.733273
0.733641
0.734034
0.734451
0.73489
0.735351
0.735831
0.736331
0.736847
0.73738
0.737929
0.738492
0.739068
0.739656
0.740255
0.740862
0.741477
0.7421
0.742728
0.743361
0.743997
0.744636
0.745277
0.745918
0.74656
0.747201
0.747839
0.748474
0.749105
0.749731
0.750351
0.750964
0.751569
0.752165
0.752751
0.753327
0.753892
0.754445
0.754987
0.755516
0.756031
0.756531
0.757018
0.757489
0.757944
0.758383
0.758805
0.759209
0.759595
0.759964
0.760313
0.760644
0.760955
0.761246
0.761517
0.761768
0.761999
0.762211
0.7624
0.762568
0.762715
0.76284
0.762944
0.763025
0.763084
0.763121
0.763136
0.763128
0.763098
0.763045
0.762968
0.762867
0.762742
0.762592
0.762419
0.76222
0.761997
0.761749
0.761475
0.761174
0.760848
0.760494
0.760113
0.759702
0.759263
0.758796
0.758301
0.757775
0.757218
0.756631
0.756014
0.755366
0.754686
0.753974
0.75323
0.752453
0.751644
0.750802
0.749926
0.749018
0.748076
0.7471
0.74609
0.745048
0.743971
0.742862
0.741719
0.740543
0.739334
0.738094
0.736822
0.735518
0.734183
0.732817
0.73142
0.729995
0.728542
0.727062
0.725557
0.724026
0.722472
0.720897
0.719302
0.71769
0.716061
0.714416
0.712757
0.711085
0.709403
0.707712
0.706016
0.704315
0.702613
0.700912
0.699215
0.697524
0.695843
0.694173
0.692517
0.690879
0.689262
0.687669
0.686102
0.684564
0.683058
0.681586
0.680154
0.678762
0.677415
0.676116
0.674867
0.673671
0.672533
0.671456
0.67044
0.66949
0.668607
0.667794
0.667053
0.666386
0.665796
0.665283
0.664849
0.664497
0.664226
0.664039
0.663934
0.663913
0.663975
0.664121
0.664351
0.664664
0.665061
0.665538
0.666097
0.666736
0.667452
0.668246
0.669114
0.670057
0.67107
0.672153
0.673302
0.674515
0.675789
0.677121
0.678508
0.679946
0.681434
0.682968
0.684546
0.686163
0.687816
0.689502
0.691219
0.692963
0.69473
0.696518
0.698324
0.700144
0.701976
0.703816
0.705663
0.707515
0.709368
0.711219
0.713066
0.714906
0.716737
0.718556
0.72036
0.722148
0.723917
0.725668
0.727397
0.729104
0.730786
0.732441
0.734067
0.735665
0.737233
0.738769
0.740274
0.741745
0.743183
0.744586
0.745954
0.747286
0.748582
0.749841
0.751061
0.752244
0.75339
0.754498
0.755569
0.756603
0.7576
0.75856
0.759483
0.760371
0.761222
0.762038
0.762818
0.763564
0.764276
0.764955
0.765602
0.766217
0.7668
0.767352
0.767874
0.768367
0.768831
0.769268
0.769678
0.770062
0.770422
0.770758
0.77107
0.77136
0.771628
0.771876
0.772103
0.77231
0.772499
0.772671
0.772826
0.772965
0.773091
0.773203
0.773303
0.77339
0.773465
0.77353
0.773583
0.773627
0.77366
0.773686
0.773704
0.773716
0.773723
0.773725
0.773723
0.773716
0.773707
0.773695
0.773682
0.773668
0.773653
0.773639
0.773626
0.773615
0.773607
0.773604
0.773606
0.773611
0.773622
0.773638
0.77366
0.773688
0.773723
0.773765
0.773815
0.773874
0.773943
0.774021
0.774111
0.774212
0.774324
0.774446
0.774578
0.774722
0.774878
0.775044
0.775221
0.775409
0.775607
0.775815
0.776032
0.776259
0.776496
0.77674
0.776991
0.777249
0.777512
0.77778
0.778051
0.778324
0.778598
0.778873
0.779147
0.779419
0.779688
0.779953
0.780214
0.780468
0.780716
0.780955
0.781184
0.781401
0.781604
0.781792
0.781963
0.782116
0.782252
0.782369
0.782464
0.782537
0.782586
0.782612
0.782614
0.78259
0.782542
0.782468
0.782369
0.782244
0.782092
0.781914
0.78171
0.781481
0.781227
0.780949
0.780648
0.780325
0.77998
0.779614
0.779228
0.778825
0.778404
0.777969
0.77752
0.777059
0.776588
0.776111
0.775629
0.775143
0.774656
0.774169
0.773686
0.773207
0.772736
0.772274
0.771825
0.771388
0.770968
0.770565
0.770185
0.769828
0.769497
0.769193
0.768917
0.768671
0.768456
0.768275
0.768128
0.768018
0.767945
0.76791
0.767914
0.767959
0.768044
0.768173
0.768344
0.768557
0.768812
0.769109
0.76945
0.769832
0.770255
0.77072
0.771225
0.771769
0.772351
0.77297
0.773625
0.774313
0.775033
0.775782
0.776559
0.777361
0.778185
0.77903
0.779893
0.780771
0.781663
0.782567
0.78348
0.784399
0.785321
0.786245
0.787166
0.788084
0.788995
0.789896
0.790785
0.79166
0.792519
0.793359
0.794178
0.794974
0.795743
0.796485
0.797198
0.797879
0.798526
0.799138
0.799713
0.800248
0.800743
0.801197
0.801608
0.801975
0.802295
0.802568
0.802793
0.802969
0.803096
0.803171
0.803195
0.803168
0.803089
0.802958
0.802776
0.802541
0.802254
0.801915
0.801524
0.80108
0.800584
0.800037
0.799438
0.798789
0.79809
0.797341
0.796541
0.795693
0.794796
0.793853
0.792862
0.791826
0.790747
0.789627
0.788466
0.787266
0.786027
0.784752
0.78344
0.782095
0.780717
0.77931
0.777875
0.776415
0.774932
0.773427
0.771904
0.770364
0.768809
0.767243
0.765667
0.764085
0.762498
0.760909
0.75932
0.757732
0.756149
0.754573
0.753006
0.751451
0.749911
0.748387
0.746881
0.745397
0.743936
0.7425
0.741092
0.739712
0.738364
0.737049
0.735769
0.734527
0.733322
0.732156
0.731031
0.729947
0.728907
0.72791
0.726959
0.726055
0.725197
0.724387
0.723625
0.722911
0.722247
0.721633
0.721069
0.720554
0.72009
0.719676
0.719312
0.718998
0.718736
0.718523
0.718361
0.718249
0.718186
0.718173
0.718209
0.718292
0.718421
0.718598
0.718822
0.719091
0.719406
0.719766
0.720171
0.72062
0.721111
0.721645
0.722219
0.722834
0.723488
0.724179
0.724908
0.725673
0.726474
0.72731
0.728179
0.72908
0.730012
0.730975
0.731966
0.732984
0.734029
0.735099
0.736193
0.737308
0.738444
0.7396
0.740774
0.741964
0.743169
0.744386
0.745615
0.746853
0.748097
0.749348
0.750604
0.751861
0.753119
0.754375
0.755626
0.75687
0.758106
0.759331
0.760543
0.761741
0.762923
0.764085
0.765225
0.766343
0.767437
0.768502
0.769539
0.770544
0.771517
0.772454
0.773354
0.774217
0.775039
0.775821
0.776559
0.777251
0.777896
0.778495
0.779044
0.779542
0.779989
0.780382
0.780721
0.781004
0.781232
0.781402
0.781516
0.781571
0.781567
0.781504
0.781383
0.781202
0.780962
0.780663
0.780305
0.779887
0.779411
0.778876
0.778284
0.777634
0.776928
0.776166
0.775349
0.774479
0.773556
0.772582
0.771559
0.770488
0.769369
0.768206
0.767
0.765752
0.764465
0.763139
0.761779
0.760385
0.758959
0.757503
0.75602
0.754513
0.752983
0.751435
0.749869
0.748288
0.746695
0.745092
0.743483
0.74187
0.740255
0.738642
0.737033
0.735431
0.733838
0.73226
0.730698
0.729154
0.727631
0.726133
0.72466
0.723217
0.721804
0.720425
0.719082
0.717778
0.716513
0.715291
0.714113
0.712982
0.711898
0.710864
0.709881
0.708953
0.708079
0.707261
0.706499
0.705794
0.705147
0.704557
0.704027
0.703557
0.703148
0.7028
0.702512
0.702284
0.702114
0.702004
0.701951
0.701956
0.702018
0.702137
0.70231
0.702537
0.702815
0.703143
0.70352
0.703944
0.704413
0.704926
0.705482
0.706079
0.706715
0.707387
0.708093
0.708831
0.709599
0.710395
0.711218
0.712065
0.712935
0.713825
0.714734
0.715659
0.716598
0.717549
0.718511
0.719482
0.720459
0.721442
0.722428
0.723416
0.724405
0.725394
0.726383
0.72737
0.728352
0.72933
0.730304
0.731272
0.732233
0.733187
0.734132
0.735067
0.735993
0.736908
0.737813
0.738708
0.739592
0.740465
0.741327
0.742177
0.743015
0.743841
0.744656
0.745458
0.746249
0.747027
0.747794
0.748547
0.749288
0.750017
0.750733
0.751436
0.752125
0.752801
0.753463
0.75411
0.754742
0.755358
0.755958
0.756541
0.757106
0.757651
0.758176
0.758681
0.759165
0.759627
0.760065
0.760478
0.760868
0.761231
0.761569
0.761882
0.762166
0.762422
0.762648
0.762845
0.763012
0.763149
0.763254
0.763329
0.763371
0.76338
0.763357
0.763301
0.763214
0.763095
0.762946
0.762765
0.762553
0.762311
0.762039
0.761739
0.761412
0.761058
0.760678
0.760274
0.759847
0.759399
0.758932
0.758447
0.757945
0.757428
0.756897
0.756355
0.755803
0.755243
0.754676
0.754105
0.753532
0.752958
0.752386
0.751818
0.751254
0.750697
0.750149
0.749612
0.749088
0.748578
0.748084
0.747607
0.747148
0.746711
0.746295
0.745903
0.745537
0.745197
0.744883
0.744598
0.744342
0.744116
0.743921
0.743759
0.74363
0.743535
0.743473
0.743447
0.743456
0.743501
0.74358
0.743694
0.743844
0.744029
0.744249
0.744505
0.744797
0.745125
0.745488
0.745885
0.746318
0.746784
0.747284
0.747817
0.748382
0.748977
0.749601
0.750255
0.750938
0.751649
0.752385
0.753145
0.753929
0.754734
0.75556
0.756405
0.757269
0.75815
0.759047
0.759956
0.760877
0.761808
0.762747
0.763694
0.764648
0.765607
0.766569
0.767532
0.768495
0.769456
0.770413
0.771365
0.772308
0.773241
0.774163
0.775071
0.775965
0.776843
0.777704
0.778546
0.779367
0.780166
0.780942
0.781694
0.782419
0.783117
0.783787
0.784427
0.785036
0.785615
0.78616
0.786672
0.78715
0.787593
0.788
0.788371
0.788705
0.789002
0.789263
0.789487
0.789674
0.789823
0.789934
0.790009
0.790048
0.79005
0.790016
0.789947
0.789842
0.789702
0.789527
0.789317
0.789075
0.7888
0.788494
0.788158
0.787792
0.787399
0.78698
0.786533
0.786061
0.785565
0.785045
0.784505
0.783945
0.783366
0.782772
0.782162
0.781538
0.780901
0.780253
0.779593
0.778924
0.778248
0.777565
0.776877
0.776186
0.775494
0.774802
0.774112
0.773424
0.772741
0.772064
0.771394
0.770733
0.770081
0.76944
0.76881
0.768193
0.767592
0.767005
0.766435
0.765883
0.765348
0.764834
0.764339
0.763866
0.763416
0.76299
0.762587
0.762208
0.761855
0.761528
0.761227
0.760953
0.760706
0.760487
0.760297
0.760136
0.760004
0.759903
0.759831
0.75979
0.759779
0.759797
0.759844
0.759922
0.760029
0.760164
0.760329
0.760521
0.760742
0.76099
0.761265
0.761565
0.761889
0.762236
0.762605
0.762995
0.763405
0.763832
0.764277
0.764737
0.76521
0.765695
0.766191
0.766696
0.767207
0.767724
0.768245
0.768767
0.769289
0.769808
0.770322
0.770829
0.771326
0.771812
0.772283
0.772739
0.773176
0.773594
0.773989
0.77436
0.774705
0.775021
0.775307
0.775563
0.775786
0.775975
0.776126
0.776238
0.776312
0.776344
0.776335
0.776283
0.776188
0.776047
0.775861
0.775629
0.775351
0.775025
0.774651
0.77423
0.773761
0.773244
0.772679
0.772066
0.771406
0.770698
0.769943
0.769142
0.768296
0.767405
0.76647
0.765492
0.764472
0.76341
0.762309
0.76117
0.759994
0.758782
0.757535
0.756255
0.754943
0.753599
0.752227
0.750827
0.749401
0.747952
0.746479
0.744988
0.743478
0.741951
0.740409
0.738853
0.737285
0.735708
0.734123
0.732533
0.730938
0.72934
0.727741
0.726141
0.724544
0.722949
0.72136
0.719778
0.718206
0.716644
0.715095
0.713559
0.71204
0.710538
0.709057
0.707597
0.70616
0.704747
0.70336
0.701999
0.700668
0.699367
0.698098
0.696863
0.695662
0.694498
0.693371
0.692282
0.691234
0.690227
0.689263
0.688343
0.687468
0.686639
0.685857
0.685123
0.684438
0.683802
0.683216
0.682679
0.682192
0.681756
0.681369
0.681033
0.680746
0.680509
0.680322
0.680184
0.680095
0.680054
0.68006
0.680114
0.680212
0.680355
0.680543
0.680773
0.681046
0.68136
0.681713
0.682106
0.682536
0.683002
0.683503
0.684037
0.684602
0.685198
0.685823
0.686476
0.687156
0.687862
0.688592
0.689345
0.690119
0.690915
0.691731
0.692566
0.693418
0.694285
0.695167
0.696063
0.696971
0.697891
0.698823
0.699764
0.700713
0.70167
0.702633
0.703602
0.704576
0.705555
0.706536
0.70752
0.708503
0.709487
0.710469
0.71145
0.712427
0.713399
0.714366
0.715327
0.716282
0.71723
0.718169
0.719099
0.720018
0.720926
0.721824
0.722709
0.723582
0.72444
0.725282
0.726109
0.72692
0.727715
0.728492
0.729252
0.729992
0.730714
0.731417
0.732101
0.732765
0.733408
0.73403
0.734632
0.735212
0.735771
0.736309
0.736826
0.737323
0.7378
0.738255
0.738689
0.739103
0.739496
0.739869
0.740223
0.740559
0.740877
0.741177
0.741461
0.741729
0.741981
0.742219
0.742441
0.742649
0.742843
0.743026
0.743197
0.743359
0.743512
0.743657
0.743794
0.743923
0.744047
0.744164
0.744277
0.744387
0.744494
0.7446
0.744704
0.744808
0.744912
0.745017
0.745124
0.745234
0.745347
0.745464
0.745586
0.745714
0.745848
0.74599
0.746139
0.746297
0.746463
0.746637
0.746821
0.747015
0.747218
0.747431
0.747656
0.747891
0.748137
0.748395
0.748663
0.748944
0.749235
0.749539
0.749855
0.750183
0.750522
0.750875
0.75124
0.751617
0.752007
0.752409
0.752824
0.753252
0.753692
0.754144
0.754609
0.755086
0.755575
0.756077
0.756591
0.757118
0.757658
0.758211
0.758776
0.759354
0.759944
0.760546
0.761158
0.761783
0.762418
0.763063
0.76372
0.764388
0.765066
0.765754
0.766453
0.767161
0.767878
0.768603
0.769335
0.770073
0.770816
0.771563
0.772314
0.773068
0.773823
0.774579
0.775334
0.776088
0.77684
0.777587
0.778331
0.779068
0.779798
0.78052
0.781233
0.781935
0.782625
0.783303
0.783967
0.784617
0.785252
0.785872
0.786474
0.787058
0.787622
0.788165
0.788689
0.78919
0.78967
0.790127
0.79056
0.790969
0.791353
0.791712
0.792046
0.792353
0.792635
0.79289
0.793119
0.793322
0.793498
0.793647
0.793771
0.793868
0.793941
0.793989
0.794013
0.794014
0.793992
0.793946
0.793878
0.793787
0.793675
0.793543
0.793392
0.793222
0.793033
0.792826
0.792601
0.792361
0.792104
0.791833
0.791547
0.791248
0.790938
0.790616
0.790284
0.789943
0.789592
0.789233
0.788865
0.78849
0.788109
0.787721
0.787327
0.786928
0.786522
0.786113
0.785698
0.78528
0.784858
0.784433
0.784003
0.78357
0.783133
0.782693
0.782249
0.781801
0.781349
0.780893
0.780433
0.779968
0.779497
0.77902
0.778536
0.778045
0.777547
0.77704
0.776526
0.776003
0.775471
0.77493
0.774379
0.773817
0.773244
0.77266
0.772063
0.771453
0.770831
0.770195
0.769546
0.768882
0.768204
0.767511
0.766803
0.76608
0.76534
0.764585
0.763814
0.763027
0.762224
0.761405
0.760572
0.759725
0.758863
0.757986
0.757096
0.756192
0.755275
0.754346
0.753405
0.752453
0.751492
0.750522
0.749545
0.748562
0.747575
0.746586
0.745594
0.744603
0.743613
0.742626
0.741644
0.740668
0.7397
0.73874
0.737791
0.736853
0.73593
0.735022
0.734131
0.73326
0.732411
0.731584
0.730783
0.730009
0.729265
0.72855
0.727868
0.72722
0.726608
0.726032
0.725496
0.725
0.724546
0.724135
0.723767
0.723443
0.723165
0.722933
0.722749
0.722613
0.722525
0.722485
0.722493
0.72255
0.722655
0.722808
0.723009
0.723257
0.723551
0.72389
0.724274
0.724701
0.725172
0.725686
0.726238
0.726829
0.727455
0.728117
0.72881
0.729535
0.730288
0.731067
0.731871
0.732698
0.733546
0.734412
0.735295
0.736193
0.737102
0.738021
0.738948
0.739881
0.740818
0.741757
0.742695
0.74363
0.744562
0.745488
0.746405
0.747312
0.748206
0.749087
0.749953
0.750803
0.751635
0.752448
0.753241
0.754012
0.754759
0.755482
0.756179
0.756849
0.757493
0.75811
0.758697
0.759256
0.759785
0.760284
0.760754
0.761193
0.761602
0.76198
0.762329
0.762647
0.762933
0.763188
0.763412
0.763605
0.763766
0.763898
0.763999
0.764071
0.764114
0.764129
0.764117
0.764077
0.764012
0.763922
0.763808
0.76367
0.763509
0.763327
0.763123
0.762899
0.762656
0.762395
0.762118
0.761825
0.761517
0.761195
0.760859
0.760511
0.760151
0.759781
0.759402
0.759017
0.758624
0.758225
0.75782
0.75741
0.756997
0.756579
0.756159
0.755737
0.755313
0.754888
0.754462
0.754036
0.75361
0.753185
0.752763
0.752343
0.751926
0.751511
0.7511
0.750692
0.750288
0.749888
0.749493
0.749104
0.748719
0.74834
0.747966
0.747599
0.747238
0.746882
0.746535
0.746195
0.745863
0.745539
0.745224
0.744918
0.744621
0.744335
0.74406
0.743795
0.743542
0.7433
0.743071
0.742854
0.742652
0.742463
0.742288
0.742128
0.741984
0.741855
0.741744
0.74165
0.741573
0.741515
0.741475
0.741454
0.741451
0.741467
0.741502
0.741556
0.741629
0.741722
0.741834
0.741965
0.742115
0.742284
0.742472
0.742678
0.742903
0.743145
0.743404
0.743681
0.743973
0.744281
0.744603
0.744938
0.745285
0.745642
0.746009
0.746386
0.746769
0.74716
0.747554
0.747953
0.748354
0.748757
0.74916
0.749562
0.749963
0.75036
0.750754
0.751141
0.751523
0.751896
0.75226
0.752615
0.752958
0.753289
0.753607
0.753912
0.754203
0.754479
0.754741
0.754986
0.755215
0.755427
0.755624
0.755804
0.755967
0.756115
0.756246
0.756362
0.756464
0.756552
0.756626
0.756687
0.756736
0.756775
0.756803
0.756823
0.756836
0.756844
0.756848
0.756848
0.756846
0.756844
0.756843
0.756846
0.756854
0.756868
0.756891
0.756923
0.756968
0.757028
0.757105
0.757201
0.757317
0.757456
0.757617
0.757803
0.758016
0.758256
0.758524
0.758821
0.759149
0.759508
0.759901
0.760327
0.760787
0.761282
0.76181
0.762373
0.762972
0.763604
0.764271
0.764972
0.765705
0.76647
0.767266
0.768091
0.768945
0.769826
0.770733
0.771664
0.772617
0.773589
0.774579
0.775586
0.776607
0.777638
0.778676
0.779718
0.780763
0.781806
0.782847
0.78388
0.784904
