0.7997
0.799128
0.798526
0.797893
0.797227
0.796529
0.795797
0.795032
0.79423
0.793393
0.792517
0.791604
0.790649
0.789654
0.788616
0.787536
0.786412
0.785245
0.784033
0.782776
0.781474
0.780126
0.778733
0.777297
0.775814
0.774287
0.772715
0.771098
0.769437
0.767733
0.765987
0.7642
0.762374
0.760512
0.758614
0.756684
0.754725
0.752738
0.750727
0.748696
0.746649
0.74459
0.742522
0.740449
0.738375
0.736306
0.734245
0.732197
0.730166
0.728158
0.726176
0.724225
0.722311
0.720438
0.718612
0.716837
0.715119
0.713461
0.711869
0.710348
0.708901
0.707533
0.706246
0.705045
0.703934
0.702915
0.701992
0.701168
0.700446
0.699829
0.699317
0.698913
0.698618
0.698433
0.698358
0.698395
0.698544
0.698805
0.699177
0.69966
0.700253
0.700954
0.701763
0.702677
0.703695
0.704814
0.706034
0.707349
0.708759
0.710261
0.71185
0.713522
0.715275
0.717104
0.719006
0.720976
0.723009
0.725101
0.727248
0.729445
0.731687
0.733969
0.736287
0.738635
0.741008
0.7434
0.745806
0.748221
0.750639
0.753054
0.755462
0.757857
0.760234
0.762588
0.764915
0.76721
0.769469
0.771686
0.773856
0.775977
0.778043
0.780049
0.781994
0.783872
0.78568
0.787416
0.789078
0.790663
0.792169
0.793592
0.794932
0.796187
0.797355
0.798436
0.799428
0.800333
0.801148
0.801874
0.80251
0.803057
0.803515
0.803886
0.80417
0.804367
0.804479
0.804508
0.804456
0.804324
0.804114
0.803828
0.803468
0.803036
0.802535
0.801967
0.801335
0.800642
0.799892
0.799085
0.798224
0.797313
0.796354
0.795348
0.7943
0.793211
0.792085
0.790925
0.789733
0.788513
0.787269
0.786001
0.784714
0.783409
0.78209
0.780759
0.779419
0.778072
0.776723
0.775373
0.774023
0.772676
0.771332
0.769995
0.768667
0.76735
0.766045
0.764753
0.763478
0.762219
0.760979
0.75976
0.758561
0.757382
0.756226
0.755092
0.753981
0.752893
0.751831
0.750795
0.749784
0.748798
0.747836
0.746898
0.745984
0.745094
0.744227
0.743383
0.742561
0.74176
0.74098
0.740221
0.739481
0.73876
0.738057
0.73737
0.7367
0.736046
0.735407
0.734781
0.73417
0.733571
0.732985
0.732411
0.731848
0.731297
0.730758
0.73023
0.729713
0.729206
0.728711
0.728226
0.727752
0.727291
0.726841
0.726403
0.725976
0.725561
0.725158
0.724769
0.724393
0.724033
0.723689
0.723361
0.723049
0.722755
0.722478
0.72222
0.721982
0.721765
0.72157
0.721395
0.721242
0.721113
0.721008
0.720928
0.720871
0.72084
0.720833
0.720852
0.720898
0.720969
0.721068
0.721193
0.721345
0.721524
0.72173
0.721963
0.722222
0.722506
0.722815
0.723149
0.723508
0.723892
0.724299
0.72473
0.725182
0.725656
0.726149
0.726663
0.727195
0.727744
0.728311
0.728892
0.729488
0.730099
0.730723
0.731359
0.732008
0.732666
0.733334
0.734011
0.734695
0.735386
0.736084
0.736787
0.737496
0.738208
0.738923
0.73964
0.740361
0.741082
0.741804
0.742526
0.743248
0.743968
0.744687
0.745405
0.74612
0.746833
0.747543
0.748249
0.748953
0.749653
0.75035
0.751043
0.751733
0.75242
0.753102
0.75378
0.754453
0.755122
0.755786
0.756445
0.7571
0.75775
0.758396
0.759037
0.759675
0.760309
0.760939
0.761565
0.762186
0.762801
0.763411
0.764016
0.764615
0.765208
0.765796
0.766379
0.766957
0.767529
0.768095
0.768656
0.769211
0.769761
0.770306
0.770845
0.771379
0.771907
0.77243
0.772946
0.773456
0.77396
0.774458
0.774949
0.775434
0.77591
0.776378
0.776839
0.777291
0.777735
0.778172
0.7786
0.779019
0.779429
0.77983
0.780221
0.780601
0.780969
0.781326
0.781671
0.782002
0.78232
0.782624
0.782913
0.783186
0.783443
0.783683
0.783905
0.784109
0.784295
0.784461
0.784607
0.784732
0.784838
0.784922
0.784984
0.785024
0.785041
0.785034
0.785004
0.784948
0.784866
0.784758
0.784624
0.784463
0.784275
0.784058
0.783814
0.783543
0.783243
0.782915
0.782557
0.782169
0.781752
0.781306
0.780831
0.780327
0.779793
0.77923
0.778638
0.778018
0.777372
0.776698
0.775997
0.775269
0.774513
0.773731
0.772923
0.772088
0.771228
0.770343
0.769433
0.7685
0.767543
0.766564
0.765561
0.764535
0.763487
0.762417
0.761325
0.760213
0.759081
0.75793
0.75676
0.755571
0.754364
0.753139
0.751897
0.75064
0.749368
0.74808
0.746778
0.745462
0.744133
0.742792
0.741441
0.74008
0.73871
0.737332
0.735944
0.734549
0.733147
0.731739
0.730327
0.72891
0.72749
0.726068
0.724646
0.723225
0.721806
0.720391
0.718979
0.717573
0.716173
0.714781
0.713399
0.712027
0.710666
0.709318
0.707983
0.706664
0.70536
0.704075
0.702808
0.701562
0.700338
0.699135
0.697956
0.696801
0.695673
0.694572
0.693498
0.692453
0.691438
0.690453
0.6895
0.68858
0.687693
0.68684
0.686021
0.685235
0.684485
0.68377
0.68309
0.682445
0.681837
0.681264
0.680727
0.680225
0.67976
0.679328
0.678933
0.678572
0.678245
0.677952
0.677691
0.677462
0.677265
0.677099
0.676963
0.676857
0.67678
0.67673
0.676707
0.67671
0.676739
0.676793
0.67687
0.676971
0.677093
0.677237
0.677403
0.677589
0.677795
0.678019
0.678262
0.678522
0.678799
0.679093
0.679403
0.679728
0.680068
0.680423
0.680792
0.681176
0.681573
0.681983
0.682406
0.682842
0.68329
0.68375
0.684222
0.684706
0.685201
0.685709
0.686227
0.686758
0.687301
0.687856
0.688422
0.689001
0.689592
0.690196
0.690814
0.691445
0.692088
0.692745
0.693414
0.694096
0.694792
0.695501
0.696226
0.696965
0.697718
0.698487
0.699271
0.700072
0.700889
0.701723
0.702575
0.703443
0.704328
0.705229
0.706147
0.707082
0.708035
0.709004
0.709993
0.710999
0.712023
0.713063
0.714122
0.715198
0.716292
0.717404
0.718532
0.719678
0.720839
0.722018
0.723212
0.724421
0.725646
0.726886
0.728141
0.729411
0.730694
0.731991
0.733301
0.734623
0.735957
0.737302
0.738657
0.740021
0.741392
0.742771
0.744156
0.745547
0.74694
0.748337
0.749737
0.751136
0.752536
0.753934
0.755331
0.756725
0.758117
0.759504
0.760885
0.762259
0.763626
0.764986
0.766335
0.767674
0.769002
0.770317
0.77162
0.772909
0.774184
0.775443
0.776687
0.777915
0.779127
0.780322
0.7815
0.78266
0.783803
0.784927
0.786033
0.787121
0.788189
0.78924
0.790271
0.791282
0.792274
0.793245
0.794198
0.795131
0.796045
0.796941
0.797819
0.798678
0.79952
0.800344
0.801152
0.801946
0.802726
0.803492
0.804242
0.804979
0.805703
0.806415
0.807115
0.807805
0.808484
0.809153
0.809814
0.810467
0.811113
0.811752
0.812386
0.813014
0.813639
0.814259
0.814877
0.815493
0.816107
0.816721
0.817334
0.817947
0.818561
0.819175
0.819791
0.820407
0.821025
0.821645
0.822269
0.822897
0.823526
0.824157
0.824789
0.825423
0.826058
0.826694
0.827331
0.827968
0.828604
0.829238
0.82987
0.830498
0.831122
0.831741
0.832354
0.83296
0.833558
0.834144
0.834719
0.835281
0.835829
0.836361
0.836875
0.83737
0.837846
0.838298
0.838727
0.83913
0.839505
0.839852
0.840168
0.840451
0.840701
0.840914
0.84109
0.841226
0.84132
0.84137
0.841374
0.841331
0.841239
0.841096
0.840903
0.840658
0.840359
0.840007
0.8396
0.839136
0.838613
0.838032
0.837393
0.836695
0.835937
0.835116
0.834233
0.833288
0.832279
0.831209
0.830076
0.828882
0.827628
0.826313
0.82494
0.823507
0.822016
0.820467
0.818862
0.817202
0.815486
0.813717
0.811896
0.810024
0.808104
0.806135
0.804121
0.802063
0.799963
0.797823
0.795645
0.793432
0.791185
0.788907
0.786599
0.784263
0.781903
0.779519
0.777114
0.774692
0.772252
0.769799
0.767333
0.764858
0.762377
0.75989
0.7574
0.75491
0.752421
0.749937
0.747458
0.744987
0.742524
0.740072
0.737632
0.735207
0.732798
0.730407
0.728035
0.725683
0.723354
0.72105
0.71877
0.716516
0.714289
0.712091
0.709921
0.707781
0.705673
0.703598
0.701558
0.699553
0.697584
0.69565
0.693754
0.691896
0.690077
0.688297
0.686557
0.684857
0.683198
0.681581
0.680005
0.678473
0.676984
0.67554
0.674141
0.672787
0.671479
0.670217
0.669002
0.667834
0.666713
0.66564
0.664615
0.663638
0.66271
0.661831
0.661
0.660218
0.659485
0.658801
0.658166
0.657581
0.657046
0.656559
0.656122
0.655733
0.655392
0.655099
0.654855
0.654659
0.654511
0.65441
0.654356
0.654349
0.654388
0.654471
0.654599
0.654772
0.65499
0.655251
0.655555
0.655903
0.656293
0.656723
0.657194
0.657705
0.658256
0.658846
0.659474
0.660141
0.660845
0.661586
0.662362
0.663173
0.664018
0.664897
0.665808
0.666752
0.667727
0.668731
0.669764
0.670824
0.671912
0.673024
0.674161
0.675321
0.676503
0.677704
0.678925
0.680162
0.681416
0.682685
0.683966
0.685258
0.686559
0.687868
0.689185
0.690507
0.691832
0.693157
0.694482
0.695803
0.697121
0.698432
0.699734
0.701027
0.702308
0.703575
0.704828
0.706065
0.707284
0.708485
0.709667
0.710828
0.711967
0.713083
0.714175
0.715242
0.716283
0.717297
0.718284
0.719242
0.720173
0.721075
0.721948
0.722794
0.723611
0.7244
0.725162
0.725895
0.726599
0.727276
0.727926
0.728551
0.72915
0.729723
0.730272
0.730797
0.7313
0.73178
0.732239
0.732677
0.733096
0.733496
0.733878
0.734245
0.734597
0.734933
0.735256
0.735567
0.735866
0.736155
0.736436
0.736708
0.736975
0.737238
0.737498
0.737757
0.738013
0.738269
0.738524
0.738781
0.73904
0.739302
0.739568
0.739839
0.740116
0.7404
0.740692
0.740993
0.741303
0.741623
0.741955
0.742298
0.742654
0.743023
0.743405
0.743801
0.744211
0.744637
0.745078
0.745535
0.746008
0.746498
0.747006
0.747531
0.748073
0.748634
0.749215
0.749814
0.750432
0.751069
0.751726
0.752402
0.753098
0.753814
0.754549
0.755303
0.756078
0.756872
0.757684
0.758515
0.759365
0.760233
0.761119
0.762021
0.762941
0.763878
0.76483
0.765797
0.766778
0.767772
0.768778
0.769797
0.770827
0.771868
0.772919
0.773978
0.775044
0.776116
0.777193
0.778274
0.779357
0.780441
0.781525
0.782608
0.783687
0.784761
0.78583
0.786892
0.787946
0.78899
0.790022
0.791039
0.792041
0.793025
0.793991
0.794936
0.79586
0.79676
0.797634
0.798483
0.799303
0.800095
0.800855
0.801583
0.802278
0.802938
0.803561
0.804146
0.804693
0.805198
0.805662
0.806084
0.806464
0.806801
0.807093
0.807339
0.807539
0.80769
0.807794
0.807849
0.807855
0.80781
0.807716
0.807571
0.807376
0.80713
0.806835
0.806489
0.806093
0.805648
0.805152
0.804606
0.804012
0.803369
0.802677
0.801938
0.801153
0.800321
0.799445
0.798524
0.79756
0.796554
0.795506
0.794417
0.793289
0.792123
0.79092
0.789683
0.788413
0.78711
0.785778
0.784416
0.783027
0.781613
0.780175
0.778715
0.777235
0.775735
0.774216
0.77268
0.77113
0.769566
0.767991
0.766406
0.764812
0.76321
0.761604
0.759994
0.758381
0.756767
0.755155
0.753544
0.751937
0.750335
0.748739
0.74715
0.745569
0.743998
0.742438
0.74089
0.739354
0.737833
0.736326
0.734836
0.733364
0.73191
0.730474
0.729057
0.72766
0.726283
0.724927
0.723592
0.722279
0.720988
0.719719
0.718473
0.717251
0.716051
0.714873
0.713719
0.712589
0.711483
0.710402
0.709344
0.708309
0.707298
0.706311
0.705349
0.704411
0.703497
0.702606
0.70174
0.700898
0.700081
0.699288
0.69852
0.697776
0.697059
0.696368
0.695705
0.69507
0.694461
0.69388
0.693328
0.692803
0.692309
0.691843
0.691408
0.691003
0.690629
0.690288
0.689981
0.689708
0.689469
0.689267
0.689101
0.688974
0.688884
0.688835
0.688825
0.688857
0.688931
0.689047
0.689207
0.689411
0.68966
0.689953
0.690293
0.690679
0.691112
0.691593
0.692121
0.692697
0.69332
0.693991
0.694709
0.695475
0.696287
0.697145
0.698048
0.698995
0.699986
0.70102
0.702095
0.703209
0.704361
0.70555
0.706775
0.708031
0.709319
0.710635
0.711978
0.713345
0.714732
0.716139
0.717561
0.718998
0.720446
0.721903
0.723366
0.724832
0.726297
0.727761
0.729221
0.730672
0.732113
0.73354
0.734951
0.736344
0.737716
0.739066
0.74039
0.741688
0.742956
0.744193
0.745398
0.746569
0.747705
0.748804
0.749864
0.750886
0.751868
0.75281
0.75371
0.754569
0.755387
0.756166
0.756905
0.757603
0.758262
0.758882
0.759466
0.760014
0.760527
0.761009
0.761458
0.761877
0.762268
0.762632
0.762971
0.76329
0.763588
0.763868
0.764131
0.764378
0.764613
0.764838
0.765054
0.765263
0.765468
0.76567
0.765873
0.766077
0.766282
0.766492
0.766706
0.766927
0.767157
0.767395
0.767643
0.767903
0.768176
0.76846
0.768758
0.769069
0.769394
0.769734
0.770088
0.770457
0.770839
0.771235
0.771645
0.772068
0.772505
0.772956
0.77342
0.773896
0.774383
0.774882
0.775392
0.775913
0.776443
0.776983
0.777532
0.778089
0.778654
0.779226
0.779804
0.780388
0.780977
0.78157
0.782166
0.782767
0.783371
0.783979
0.78459
0.785205
0.78582
0.786435
0.787051
0.787668
0.788286
0.788903
0.789519
0.790131
0.790742
0.79135
0.791954
0.792556
0.793153
0.793744
0.794328
0.794904
0.795473
0.796033
0.796585
0.797127
0.79766
0.798182
0.798693
0.799193
0.799681
0.800156
0.800617
0.801065
0.801497
0.801914
0.802314
0.802698
0.803064
0.803412
0.803742
0.804054
0.804348
0.804622
0.804876
0.80511
0.805324
0.805517
0.805688
0.805837
0.805966
0.806073
0.806158
0.806222
0.806263
0.806283
0.806281
0.806257
0.806212
0.806146
0.806059
0.805951
0.805822
0.805673
0.805504
0.805316
0.805108
0.804882
0.804637
0.804375
0.804097
0.803801
0.803488
0.80316
0.802817
0.802461
0.802093
0.80171
0.801314
0.800907
0.800487
0.800056
0.799614
0.79916
0.798694
0.798219
0.797734
0.79724
0.796737
0.796227
0.795709
0.795184
0.794651
0.794112
0.793565
0.793011
0.792452
0.791887
0.791316
0.79074
0.79016
0.789577
0.78899
0.7884
0.787806
0.78721
0.786611
0.786011
0.78541
0.78481
0.784211
0.783612
0.783016
0.78242
0.781828
0.781238
0.780651
0.780067
0.779488
0.778914
0.778344
0.77778
0.777222
0.776669
0.776121
0.77558
0.775045
0.774515
0.773992
0.773475
0.772965
0.772462
0.771965
0.771476
0.770994
0.770519
0.77005
0.769589
0.769137
0.768692
0.768253
0.767821
0.767395
0.766975
0.766562
0.766154
0.765752
0.765356
0.764965
0.764579
0.764199
0.763824
0.763454
0.763089
0.762728
0.762371
0.762018
0.761671
0.761329
0.760991
0.760659
0.760332
0.760011
0.759695
0.759384
0.759077
0.758777
0.758482
0.758195
0.757913
0.757638
0.757368
0.757106
0.756851
0.756604
0.756364
0.756132
0.755909
0.755694
0.755488
0.755292
0.755105
0.754926
0.754758
0.754599
0.75445
0.754311
0.754182
0.754062
0.753952
0.753851
0.753759
0.753676
0.753601
0.753534
0.753474
0.753421
0.753375
0.753334
0.7533
0.75327
0.753244
0.753221
0.7532
0.753179
0.753159
0.753138
0.753116
0.753089
0.753058
0.753022
0.75298
0.752931
0.752873
0.752806
0.752728
0.752638
0.752535
0.752418
0.752287
0.75214
0.751975
0.751792
0.751589
0.751366
0.751122
0.750856
0.750567
0.750255
0.749918
0.749554
0.749165
0.748749
0.748305
0.747833
0.747333
0.746803
0.746244
0.745656
0.745037
0.744388
0.74371
0.743001
0.742263
0.741495
0.740697
0.739869
0.739011
0.738124
0.737208
0.736264
0.735293
0.734295
0.73327
0.73222
0.731146
0.73005
0.728932
0.727793
0.726635
0.72546
0.724268
0.723062
0.721844
0.720614
0.719374
0.718127
0.716873
0.715616
0.714356
0.713097
0.71184
0.710587
0.709341
0.708103
0.706876
0.705662
0.704463
0.703283
0.702123
0.700986
0.699872
0.698783
0.697721
0.696688
0.695685
0.694713
0.693774
0.692869
0.692
0.691167
0.69037
0.68961
0.688887
0.688202
0.687557
0.68695
0.686382
0.685851
0.685357
0.684899
0.684476
0.684088
0.683734
0.683411
0.68312
0.68286
0.682628
0.682425
0.682246
0.682092
0.681959
0.681848
0.681755
0.68168
0.681621
0.681577
0.681546
0.681525
0.681513
0.68151
0.681512
0.681519
0.68153
0.681544
0.681559
0.681576
0.681592
0.681607
0.681621
0.681632
0.681641
0.681648
0.681651
0.681653
0.681651
0.681648
0.681642
0.681634
0.681625
0.681616
0.681607
0.681599
0.681594
0.681592
0.681595
0.681604
0.68162
0.681643
0.681677
0.681722
0.681779
0.68185
0.681936
0.682038
0.682158
0.682297
0.682455
0.682635
0.682838
0.683063
0.683313
0.683587
0.683888
0.684216
0.68457
0.684951
0.68536
0.685798
0.686264
0.686757
0.687278
0.687828
0.688404
0.689007
0.689637
0.690292
0.690972
0.691677
0.692405
0.693154
0.693923
0.694712
0.695519
0.696342
0.697182
0.698036
0.698903
0.699783
0.700672
0.701569
0.702472
0.703379
0.70429
0.705204
0.706117
0.707027
0.707935
0.708839
0.709737
0.710629
0.711512
0.712384
0.713244
0.714091
0.714923
0.715739
0.71654
0.717322
0.718086
0.71883
0.719553
0.720255
0.720935
0.721593
0.722227
0.722837
0.723425
0.723989
0.724529
0.725046
0.725538
0.726008
0.726454
0.726878
0.727279
0.727658
0.728016
0.728352
0.728668
0.728965
0.729243
0.729503
0.729746
0.729973
0.730187
0.730388
0.730577
0.730755
0.730924
0.731084
0.731236
0.731382
0.731524
0.731663
0.7318
0.731937
0.732074
0.732214
0.732358
0.732507
0.732662
0.732825
0.732998
0.733181
0.733377
0.733587
0.733813
0.734057
0.734319
0.7346
0.734903
0.735226
0.735571
0.735939
0.736332
0.73675
0.737196
0.73767
0.738174
0.738707
0.739271
0.739865
0.740492
0.741151
0.741842
0.742567
0.743326
0.74412
0.744949
0.745814
0.746715
0.747652
0.748625
0.749635
0.750681
0.751762
0.752879
0.754032
0.755219
0.756442
0.757698
0.758989
0.760312
0.761668
0.763055
0.764472
0.765918
0.767391
0.768889
0.770412
0.771958
0.773526
0.775114
0.776719
0.778339
0.779973
0.781618
0.783271
0.784931
0.786595
0.788261
0.789927
0.79159
0.793248
0.794896
0.796534
0.798158
0.799765
0.801353
0.80292
0.804462
0.805979
0.807466
0.808923
0.810346
0.811731
0.813077
0.814382
0.815643
0.816858
0.818025
0.819142
0.820208
0.821219
0.822175
0.823074
0.823915
0.824695
0.825414
0.826071
0.826666
0.827196
0.827662
0.828064
0.828399
0.828668
0.828869
0.829003
0.829068
0.829067
0.828998
0.828864
0.828665
0.828402
0.828075
0.827685
0.827232
0.826717
0.826142
0.825506
0.824813
0.824063
0.823258
0.8224
0.82149
0.82053
0.819522
0.818467
0.817369
0.81623
0.815051
0.813834
0.812581
0.811294
0.809976
0.80863
0.807257
0.805859
0.804439
0.802997
0.801536
0.800058
0.798564
0.797057
0.795538
0.794009
0.792474
0.790934
0.789389
0.787843
0.786296
0.784751
0.783207
0.781668
0.780134
0.778608
0.777091
0.775584
0.774089
0.772606
0.771136
0.769681
0.768241
0.766818
0.765414
0.764028
0.762663
0.761319
0.759996
0.758697
0.757422
0.756172
0.754947
0.753748
0.752575
0.751428
0.750309
0.749217
0.748154
0.747121
0.746119
0.745148
0.744209
0.743303
0.742429
0.741589
0.740782
0.740008
0.739269
0.738563
0.737891
0.737255
0.736654
0.736089
0.73556
0.735066
0.734609
0.734187
0.733801
0.73345
0.733134
0.732854
0.732608
0.732398
0.732223
0.732083
0.731978
0.731907
0.731872
0.73187
0.731903
0.731969
0.732067
0.732197
0.732358
0.732549
0.732771
0.733023
0.733304
0.733613
0.73395
0.734312
0.734701
0.735113
0.73555
0.736009
0.736489
0.736989
0.737508
0.738044
0.738597
0.739166
0.739748
0.740344
0.740951
0.741568
0.742194
0.742827
0.743466
0.744111
0.744761
0.745413
0.746068
0.746723
0.747376
0.748029
0.748678
0.749322
0.74996
0.750592
0.751216
0.751831
0.752437
0.753033
0.753618
0.754191
0.754751
0.755297
0.755828
0.756344
0.756843
0.757327
0.757793
0.758243
0.758675
0.759091
0.759488
0.759866
0.760228
0.760574
0.760901
0.761209
0.761499
0.76177
0.762024
0.762261
0.76248
0.76268
0.762864
0.763031
0.763182
0.763318
0.763439
0.763545
0.763638
0.763717
0.763784
0.763839
0.763882
0.763916
0.76394
0.763956
0.763965
0.763967
0.763962
0.76395
0.763934
0.763913
0.763887
0.76386
0.76383
0.763799
0.763767
0.763735
0.763702
0.76367
0.763638
0.763606
0.763575
0.763545
0.763516
0.763489
0.763465
0.763442
0.763421
0.7634
0.763379
0.763359
0.763338
0.763318
0.763297
0.763275
0.76325
0.763222
0.763189
0.763153
0.763111
0.763062
0.763005
0.76294
0.762864
0.762778
0.76268
0.762568
0.762443
0.762303
0.762148
0.761976
0.761787
0.761578
0.76135
0.761102
0.760831
0.760539
0.760223
0.759883
0.759519
0.759131
0.758718
0.758279
0.757814
0.757321
0.756801
0.756252
0.755675
0.75507
0.754438
0.753777
0.753087
0.75237
0.751626
0.750856
0.750059
0.749236
0.748387
0.747514
0.746617
0.745697
0.744754
0.743789
0.742801
0.741794
0.740767
0.739722
0.738661
0.737585
0.736494
0.73539
0.734275
0.73315
0.732017
0.730877
0.729733
0.728585
0.727437
0.72629
0.725147
0.724008
0.722875
0.721753
0.720641
0.719545
0.718465
0.717404
0.716363
0.715344
0.714349
0.713382
0.712442
0.711534
0.710658
0.709817
0.709015
0.708251
0.707529
0.706849
0.706213
0.705623
0.705082
0.70459
0.704149
0.703761
0.703426
0.703146
0.70292
0.702751
0.70264
0.702586
0.70259
0.702651
0.702769
0.702944
0.703178
0.703469
0.703817
0.704221
0.704681
0.705195
0.705763
0.706383
0.707055
0.707777
0.708548
0.709366
0.71023
0.711137
0.712087
0.713076
0.714103
0.715166
0.716264
0.717393
0.718552
0.719738
0.720951
0.722187
0.723444
0.72472
0.726012
0.727318
0.728636
0.729963
0.731298
0.732638
0.733982
0.735327
0.736671
0.738013
0.739351
0.740682
0.742005
0.743319
0.744623
0.745913
0.747189
0.748449
0.749693
0.750919
0.752127
0.753314
0.754479
0.755622
0.756742
0.757837
0.758908
0.759954
0.760975
0.76197
0.762938
0.763878
0.764792
0.765677
0.766535
0.767365
0.768167
0.768941
0.769687
0.770406
0.771098
0.771761
0.772397
0.773006
0.773589
0.774146
0.774677
0.775183
0.775664
0.77612
0.776553
0.776962
0.777346
0.777708
0.778046
0.778362
0.778656
0.778929
0.779182
0.779414
0.779626
0.779818
0.77999
0.780141
0.780272
0.780382
0.780472
0.78054
0.780588
0.780614
0.78062
0.780605
0.780568
0.780511
0.780431
0.780328
0.780202
0.780051
0.779876
0.779675
0.779447
0.779194
0.778913
0.778604
0.778265
0.777897
0.7775
0.777073
0.776615
0.776125
0.775603
0.775048
0.77446
0.773837
0.773181
0.77249
0.771763
0.771002
0.770205
0.769375
0.76851
0.76761
0.766675
0.765706
0.764704
0.763669
0.7626
0.761499
0.760365
0.759199
0.758003
0.756776
0.755521
0.754237
0.752926
0.751587
0.750224
0.748836
0.747425
0.745992
0.744539
0.743067
0.741577
0.740071
0.738551
0.737018
0.735474
0.733921
0.732361
0.730796
0.729226
0.727654
0.726082
0.724511
0.722943
0.72138
0.719823
0.718275
0.716738
0.715212
0.713701
0.712207
0.71073
0.709273
0.707838
0.706427
0.705042
0.703685
0.702358
0.701062
0.699799
0.69857
0.697379
0.696226
0.695112
0.694039
0.693009
0.692023
0.691084
0.690192
0.689348
0.688554
0.687809
0.687117
0.686476
0.685889
0.685355
0.684876
0.684451
0.684082
0.683768
0.68351
0.683308
0.683162
0.683072
0.683038
0.683061
0.68314
0.683274
0.683463
0.683705
0.684
0.684347
0.684747
0.685197
0.685696
0.686244
0.686839
0.687481
0.688167
0.688898
0.689669
0.690481
0.691332
0.692219
0.693143
0.6941
0.69509
0.696111
0.69716
0.698238
0.699341
0.700469
0.701619
0.702791
0.703983
0.705193
0.706421
0.707665
0.708921
0.71019
0.711469
0.712756
0.71405
0.71535
0.716654
0.717961
0.719269
0.720576
0.721882
0.723184
0.724483
0.725776
0.727063
0.728342
0.729612
0.730872
0.732122
0.733361
0.734589
0.735804
0.737005
0.738192
0.739363
0.740518
0.741658
0.74278
0.743886
0.744975
0.746047
0.7471
0.748135
0.749152
0.75015
0.751129
0.75209
0.753033
0.753957
0.754862
0.755751
0.756623
0.757477
0.758314
0.759136
0.759942
0.760733
0.761508
0.762267
0.763012
0.763744
0.764463
0.765168
0.765862
0.766542
0.76721
0.767868
0.768514
0.76915
0.769776
0.770392
0.770999
0.771597
0.772187
0.772769
0.773343
0.773911
0.774473
0.775029
0.77558
0.776126
0.776667
0.777204
0.777736
0.778264
0.77879
0.779312
0.779833
0.780351
0.780867
0.781381
0.781893
0.782401
0.782906
0.783409
0.78391
0.784408
0.784903
0.785394
0.785882
0.786367
0.786849
0.787327
0.7878
0.788268
0.78873
0.789185
0.789632
0.790072
0.790502
0.790924
0.791335
0.791736
0.792125
0.792499
0.79286
0.793206
0.793536
0.793849
0.794142
0.794417
0.794672
0.794903
0.795112
0.795296
0.795454
0.795586
0.79569
0.795765
0.795809
0.795821
0.7958
0.795745
0.795655
0.795528
0.795363
0.795159
0.794915
0.794629
0.794301
0.793929
0.793512
0.793051
0.792542
0.791985
0.791379
0.790725
0.790022
0.789269
0.788466
0.787613
0.786708
0.78575
0.784742
0.783681
0.782568
0.781404
0.780187
0.778919
0.777599
0.776228
0.774806
0.773333
0.771811
0.77024
0.768621
0.766955
0.765242
0.763484
0.761682
0.759838
0.757952
0.756028
0.754065
0.752067
0.750035
0.747971
0.745877
0.743756
0.741609
0.739439
0.737247
0.735035
0.732807
0.730564
0.72831
0.726046
0.723776
0.721501
0.719227
0.716954
0.714685
0.712424
0.710172
0.707933
0.705709
0.703504
0.701319
0.699159
0.697026
0.694921
0.692848
0.690809
0.688806
0.686844
0.684923
0.683046
0.681213
0.679428
0.677693
0.67601
0.674381
0.672807
0.671291
0.669833
0.668435
0.667099
0.665827
0.66462
0.663479
0.662404
0.661396
0.660458
0.659589
0.65879
0.658063
0.657408
0.656825
0.656315
0.655878
0.655514
0.655223
0.655005
0.65486
0.654789
0.654791
0.654868
0.655018
0.65524
0.655535
0.6559
0.656336
0.656841
0.657414
0.658055
0.658763
0.659537
0.660376
0.661279
0.662244
0.663268
0.664352
0.665494
0.666692
0.667945
0.66925
0.670606
0.672012
0.673465
0.674964
0.676507
0.678093
0.679719
0.681383
0.683084
0.684818
0.686585
0.688381
0.690205
0.692054
0.693928
0.695823
0.697738
0.699671
0.701618
0.703578
0.70555
0.70753
0.709516
0.711506
0.7135
0.715493
0.717484
0.719472
0.721453
0.723426
0.725389
0.72734
0.729277
0.731199
0.733104
0.734991
0.736858
0.738703
0.740526
0.742324
0.744096
0.745843
0.747563
0.749255
0.750917
0.752549
0.754153
0.755725
0.757266
0.758776
0.760255
0.761703
0.76312
0.764506
0.765862
0.767188
0.768486
0.769755
0.770996
0.772211
0.773399
0.774562
0.775701
0.776817
0.777911
0.778985
0.78004
0.781076
0.782096
0.7831
0.784089
0.785065
0.786028
0.786979
0.787918
0.788848
0.789767
0.790678
0.791581
0.792476
0.793364
0.794244
0.795117
0.795983
0.796843
0.797695
0.798539
0.799376
0.800205
0.801025
0.801836
0.802639
0.803433
0.804218
0.80499
0.805751
0.8065
0.807235
0.807957
0.808665
0.809359
0.810036
0.810697
0.811341
0.811967
0.812574
0.813161
0.813729
0.814278
0.814806
0.815312
0.815796
0.816257
0.816695
0.81711
0.817499
0.817863
0.818202
0.818514
0.818801
0.819061
0.819295
0.819502
0.819681
0.819834
0.81996
0.82006
0.820133
0.820179
0.820197
0.820188
0.820151
0.820087
0.819996
0.819876
0.819729
0.819554
0.819352
0.819123
0.818867
0.818584
0.818274
0.817936
0.817572
0.817182
0.816764
0.816318
0.815845
0.815344
0.814815
0.81426
0.813677
0.813068
0.812431
0.811768
0.811075
0.810353
0.809603
0.808825
0.808018
0.807183
0.806319
0.805426
0.804504
0.803552
0.80257
0.801558
0.800516
0.799445
0.798345
0.797215
0.796055
0.794867
0.793651
0.792408
0.791137
0.78984
0.788519
0.787171
0.785799
0.784402
0.782983
0.781542
0.780081
0.778602
0.777104
0.77559
0.774063
0.772522
0.77097
0.769409
0.767841
0.766269
0.764692
0.763116
0.76154
0.759968
0.758402
0.756844
0.755298
0.753766
0.752249
0.750751
0.749274
0.74782
0.746392
0.744993
0.743624
0.742288
0.740987
0.739722
0.738498
0.737317
0.736179
0.735086
0.734038
0.733038
0.732088
0.731188
0.730339
0.729543
0.7288
0.72811
0.727475
0.726895
0.72637
0.725902
0.725488
0.725129
0.724825
0.724576
0.724382
0.724243
0.724159
0.724129
0.724151
0.724225
0.72435
0.724527
0.724755
0.725031
0.725356
0.725727
0.726144
0.726607
0.727114
0.727664
0.728255
0.728885
0.729555
0.730262
0.731005
0.731784
0.732597
0.733443
0.734321
0.735229
0.736168
0.737135
0.738128
0.739147
0.74019
0.741256
0.742343
0.74345
0.744576
0.745719
0.746876
0.748047
0.749231
0.750426
0.751629
0.752841
0.75406
0.755285
0.756513
0.757744
0.758974
0.760204
0.761431
0.762653
0.76387
0.765079
0.76628
0.767471
0.768651
0.769818
0.770972
0.77211
0.773232
0.774337
0.775422
0.776487
0.77753
0.778552
0.779549
0.780522
0.781469
0.78239
0.783284
0.784149
0.784986
0.785792
0.786568
0.787313
0.788026
0.788709
0.789359
0.789976
0.79056
0.791111
0.791629
0.792114
0.792565
0.792984
0.793369
0.79372
0.794037
0.794319
0.794568
0.794782
0.794964
0.795112
0.795227
0.795309
0.795356
0.79537
0.79535
0.795299
0.795216
0.7951
0.794951
0.79477
0.794556
0.79431
0.794031
0.79372
0.793376
0.792999
0.79259
0.79215
0.791677
0.791171
0.790633
0.790062
0.789459
0.788823
0.788156
0.787456
0.786723
0.785958
0.785161
0.784331
0.783468
0.782572
0.781643
0.780681
0.779687
0.778662
0.777606
0.776519
0.775401
0.774252
0.773073
0.771864
0.770626
0.769359
0.768064
0.766742
0.765393
0.764019
0.76262
0.761195
0.759747
0.758275
0.756781
0.755265
0.75373
0.752175
0.750601
0.749009
0.747402
0.74578
0.744144
0.742495
0.740834
0.739162
0.737479
0.735788
0.734089
0.732384
0.730676
0.728962
0.727247
0.72553
0.723812
0.722095
0.72038
0.718668
0.71696
0.715258
0.713563
0.711875
0.710195
0.708525
0.706866
0.705218
0.703584
0.701963
0.700358
0.698769
0.697197
0.695642
0.694107
0.692592
0.691099
0.689628
0.68818
0.686756
0.685358
0.683984
0.682636
0.681314
0.680019
0.678752
0.677514
0.676304
0.675124
0.673973
0.672851
0.671759
0.670697
0.669666
0.668665
0.667695
0.666756
0.665848
0.664972
0.664129
0.663318
0.66254
0.661794
0.661081
0.6604
0.659752
0.659137
0.658556
0.658007
0.657491
0.657009
0.656561
0.656146
0.655765
0.655421
0.655111
0.654836
0.654597
0.654395
0.654229
0.6541
0.654008
0.653954
0.653939
0.653962
0.654025
0.654128
0.654271
0.654456
0.654682
0.654951
0.655263
0.655618
0.656016
0.656457
0.656942
0.657471
0.658044
0.658662
0.659323
0.660029
0.66078
0.661577
0.662418
0.663303
0.664232
0.665204
0.666218
0.667273
0.668368
0.669503
0.670677
0.671887
0.673132
0.674411
0.675724
0.677068
0.678443
0.679847
0.681277
0.682733
0.684211
0.685711
0.687232
0.688771
0.690327
0.691897
0.693481
0.695076
0.69668
0.698291
0.69991
0.701533
0.70316
0.704789
0.706419
0.708049
0.709678
0.711304
0.712927
0.714546
0.716159
0.717766
0.719367
0.720961
0.722548
0.724125
0.725694
0.727252
0.728799
0.730336
0.731861
0.733376
0.734879
0.736371
0.737851
0.739319
0.740775
0.742219
0.743651
0.745072
0.746481
0.747877
0.749261
0.750631
0.751988
0.753333
0.754666
0.755986
0.757292
0.758585
0.759864
0.761128
0.762377
0.763612
0.764831
0.766035
0.767223
0.768395
0.769549
0.770686
0.771805
0.772904
0.773985
0.775045
0.776084
0.777103
0.7781
0.779077
0.780032
0.780963
0.78187
0.782754
0.783613
0.784447
0.785255
0.786036
0.78679
0.787517
0.788216
0.788886
0.789526
0.790137
0.790717
0.791267
0.791787
0.792276
0.792733
0.793158
0.793553
0.793916
0.794247
0.794547
0.794814
0.79505
0.795255
0.795429
0.795571
0.795683
0.795764
0.795814
0.795835
0.795825
0.795786
0.795718
0.795623
0.7955
0.795353
0.795181
0.794985
0.794766
0.794522
0.794257
0.793971
0.793664
0.793337
0.792993
0.792631
0.792253
0.79186
0.791454
0.791037
0.790609
0.790172
0.789727
0.789275
0.788817
0.788356
0.787892
0.787426
0.78696
0.786495
0.786033
0.785573
0.785118
0.784668
0.784225
0.783789
0.783362
0.782943
0.782533
0.782133
0.781744
0.781365
0.780996
0.780638
0.78029
0.779953
0.779627
0.779311
0.779006
0.77871
0.778424
0.778148
0.777882
0.777624
0.777374
0.77713
0.776891
0.776658
0.776428
0.7762
0.775974
0.775749
0.775525
0.7753
0.775075
0.774848
0.774617
0.774383
0.774145
0.773903
0.773655
0.773401
0.77314
0.772873
0.772599
0.772318
0.77203
0.771736
0.771434
0.771127
0.770815
0.770497
0.770175
0.769848
0.769518
0.769186
0.768852
0.768518
0.768183
0.76785
0.76752
0.767194
0.766872
0.766555
0.766245
0.765942
0.765646
0.76536
0.765085
0.764823
0.764572
0.764335
0.76411
0.7639
0.763705
0.763526
0.763362
0.763214
0.763082
0.762966
0.762867
0.762785
0.762719
0.762668
0.762633
0.762611
0.762604
0.762609
0.762628
0.762658
0.762699
0.76275
0.762812
0.762883
0.762962
0.763047
0.763139
0.763237
0.76334
0.763449
0.763561
0.763674
0.76379
0.763908
0.764026
0.764144
0.764262
0.76438
0.764497
0.764612
0.764726
0.764838
0.764949
0.765059
0.765169
0.76528
0.76539
0.7655
0.765611
0.765722
0.765836
0.765952
0.766071
0.766195
0.766323
0.766456
0.766596
0.766743
0.766897
0.767061
0.767234
0.767417
0.767613
0.76782
0.768039
0.768271
0.768517
0.768776
0.769048
0.769333
0.769634
0.769948
0.770277
0.770619
0.770976
0.771347
0.77173
0.772126
0.772534
0.772954
0.773385
0.773827
0.774278
0.774738
0.775205
0.775676
0.776152
0.776632
0.777114
0.777597
0.77808
0.778559
0.779035
0.779505
0.779967
0.780422
0.780867
0.7813
0.78172
0.782123
0.782509
0.782876
0.783221
0.783545
0.783846
0.784121
0.784369
0.78459
0.784782
0.784944
0.785076
0.785174
0.78524
0.785271
0.785268
0.785228
0.785152
0.785039
0.78489
0.784702
0.784476
0.784212
0.78391
0.783568
0.783188
0.782768
0.782311
0.781816
0.781282
0.780709
0.7801
0.779452
0.778768
0.778049
0.777294
0.776505
0.775683
0.774828
0.773942
0.773026
0.772081
0.771108
0.770109
0.769083
0.768034
0.766961
0.765868
0.764754
0.763621
0.76247
0.761304
0.760124
0.75893
0.757723
0.756505
0.755276
0.754039
0.752794
0.751544
0.750289
0.749032
0.747774
0.746514
0.745254
0.743995
0.742739
0.741487
0.74024
0.738999
0.737766
0.736541
0.735325
0.73412
0.732927
0.731747
0.73058
0.729427
0.728289
0.727166
0.726059
0.724969
0.723896
0.722841
0.721805
0.72079
0.719794
0.71882
0.717868
0.716938
0.716029
0.715143
0.714281
0.713443
0.71263
0.711841
0.711079
0.710345
0.709637
0.708958
0.708307
0.707686
0.707094
0.706533
0.706002
0.705504
0.705037
0.704604
0.704203
0.703837
0.703505
0.70321
0.702952
0.70273
0.702547
0.702402
0.702295
0.702227
0.702198
0.702209
0.702261
0.702354
0.702489
0.702665
0.702883
0.703142
0.703444
0.703787
0.70417
0.704596
0.705063
0.70557
0.706118
0.706706
0.707333
0.707998
0.708701
0.709442
0.71022
0.711034
0.711884
0.712767
0.713684
0.714633
0.715613
0.716625
0.717666
0.718735
0.719831
0.720953
0.722098
0.723265
0.724453
0.725659
0.726882
0.728122
0.729375
0.730641
0.731918
0.733205
0.7345
0.735801
0.737107
0.738417
0.739728
0.741039
0.742347
0.743649
0.744947
0.746236
0.747516
0.748784
0.750039
0.751278
0.752501
0.753706
0.754892
0.756056
0.757196
0.758312
0.759401
0.760462
0.761495
0.762499
0.763471
0.764412
0.765318
0.766188
0.767021
0.767817
0.768575
0.769295
0.769974
0.770612
0.771207
0.771759
0.772269
0.772736
0.773158
0.773535
0.773868
0.774155
0.774396
0.774591
0.774741
0.774845
0.774902
0.774913
0.774879
0.7748
0.774677
0.77451
0.774297
0.774041
0.773743
0.773402
0.77302
0.772597
0.772136
0.771636
0.771098
0.770522
0.769911
0.769266
0.768587
0.767877
0.767136
0.766364
0.765564
0.764738
0.763887
0.763012
0.762114
0.761195
0.760256
0.759298
0.758324
0.757334
0.756329
0.755312
0.754283
0.753245
0.752198
0.751144
0.750084
0.749021
0.747957
0.746892
0.745826
0.74476
0.743697
0.742635
0.741579
0.740527
0.739482
0.738446
0.737417
0.736398
0.735389
0.734391
0.733406
0.732433
0.731474
0.730529
0.729601
0.728689
0.727795
0.726919
0.726062
0.725225
0.724409
0.723614
0.72284
0.72209
0.721365
0.720664
0.719989
0.71934
0.718718
0.718123
0.717556
0.717018
0.716509
0.716032
0.715585
0.715172
0.714791
0.714444
0.714131
0.713853
0.71361
0.713404
0.713235
0.713104
0.713014
0.712964
0.712954
0.712986
0.713057
0.71317
0.713325
0.713523
0.713762
0.714044
0.714369
0.714735
0.715146
0.7156
0.716097
0.716638
0.71722
0.717843
0.718509
0.719215
0.719961
0.720747
0.721572
0.722435
0.723333
0.724268
0.725237
0.72624
0.727275
0.72834
0.729434
0.730556
0.731703
0.732873
0.734065
0.735277
0.736507
0.737754
0.739015
0.740288
0.74157
0.742862
0.74416
0.745463
0.746766
0.748068
0.749367
0.750662
0.751951
0.753232
0.7545
0.755755
0.756996
0.758222
0.759427
0.760612
0.761774
0.762911
0.764021
0.765103
0.766157
0.767179
0.768168
0.769123
0.770041
0.770923
0.771767
0.772572
0.773338
0.774064
0.774747
0.775388
0.775986
0.776539
0.777048
0.777512
0.77793
0.778302
0.778629
0.77891
0.779145
0.779336
0.779481
0.779583
0.77964
0.779655
0.779628
0.779559
0.779451
0.779304
0.779119
0.778898
0.778641
0.778351
0.778029
0.777678
0.777298
0.776891
0.77646
0.776007
0.775534
0.775044
0.774538
0.774018
0.773487
0.772947
0.772401
0.771852
0.771302
0.770753
0.770209
0.769671
0.76914
0.768619
0.76811
0.767616
0.767139
0.76668
0.766241
0.765823
0.765426
0.765054
0.764707
0.764385
0.764089
0.76382
0.763577
0.763361
0.763173
0.763011
0.762875
0.762765
0.762679
0.762617
0.762576
0.762554
0.762552
0.762567
0.762597
0.76264
0.762695
0.762759
0.762829
0.762904
0.762981
0.763057
0.76313
0.7632
0.763263
0.763316
0.763358
0.763386
0.7634
0.763398
0.763376
0.763334
0.76327
0.763182
0.763071
0.762934
0.762771
0.762582
0.762365
0.762121
0.76185
0.761554
0.761232
0.760887
0.760517
0.760125
0.759712
0.759279
0.758829
0.758364
0.757885
0.757395
0.756895
0.756387
0.755876
0.755364
0.754851
0.754341
0.753836
0.753339
0.752854
0.752381
0.751924
0.751484
0.751064
0.750667
0.750294
0.749946
0.749625
0.749333
0.74907
0.748839
0.748639
0.748472
0.748338
0.748238
0.748171
0.748137
0.748136
0.748168
0.748232
0.748328
0.748453
0.748608
0.74879
0.748996
0.749226
0.749477
0.749748
0.750036
0.750339
0.750655
0.750983
0.751319
0.751663
0.752011
0.752361
0.752714
0.753065
0.753412
0.753752
0.754084
0.754405
0.754714
0.755008
0.755286
0.755545
0.755784
0.756002
0.756197
0.756368
0.756512
0.756631
0.756722
0.756783
0.756814
0.756813
0.756781
0.756716
0.756618
0.756487
0.756323
0.756123
0.755888
0.755618
0.755311
0.754968
0.754588
0.754173
0.753722
0.753237
0.752716
0.752159
0.751566
0.750937
0.750273
0.749576
0.748845
0.748081
0.747284
0.746455
0.745595
0.744705
0.743786
0.742839
0.741866
0.740866
0.739842
0.738795
0.737726
0.736638
0.735532
0.73441
0.733274
0.732125
0.730966
0.729799
0.728624
0.727445
0.726264
0.725083
0.723905
0.722731
0.721564
0.720406
0.71926
0.718128
0.717013
0.715917
0.714843
0.713793
0.71277
0.711777
0.710814
0.709886
0.708995
0.708142
0.707328
0.706557
0.705828
0.705144
0.704506
0.703917
0.703377
0.702887
0.702449
0.702062
0.701727
0.701445
0.701217
0.701041
0.700918
0.700847
0.700828
0.70086
0.700944
0.701079
0.701263
0.701494
0.701771
0.702092
0.702456
0.702861
0.703306
0.703788
0.704305
0.704856
0.705437
0.706047
0.706682
0.70734
0.708019
0.708718
0.709433
0.710163
0.710905
0.711657
0.712416
0.713181
0.713949
0.714718
0.715486
0.716251
0.717011
0.717765
0.718511
0.719248
0.719973
0.720686
0.721385
0.722069
0.722737
0.723388
0.724021
0.724635
0.72523
0.725805
0.72636
0.726895
0.727409
0.727902
0.728375
0.728826
0.729257
0.729668
0.730059
0.730431
0.730785
0.731121
0.731439
0.73174
0.732024
0.732291
0.732543
0.732781
0.733005
0.733216
0.733414
0.733601
0.733777
0.733944
0.734103
0.734254
0.734398
0.734536
0.734669
0.734798
0.734924
0.735047
0.73517
0.735292
0.735415
0.735539
0.735666
0.735795
0.735928
0.736067
0.736212
0.736367
0.736531
0.736706
0.736891
0.737089
0.7373
0.737524
0.737763
0.738018
0.73829
0.738581
0.738891
0.739222
0.739574
0.739949
0.740349
0.740775
0.741226
0.741705
0.742212
0.742749
0.743316
0.743915
0.744547
0.745211
0.745909
0.746642
0.747412
0.748218
0.749061
0.749941
0.750859
0.751814
0.752809
0.753842
0.754913
0.756023
0.757172
0.758358
0.759583
0.760847
0.762148
0.763488
0.764863
0.766274
0.767719
0.769197
0.770709
0.772251
0.773824
0.775425
0.777054
0.778707
0.780384
0.782081
0.783798
0.785532
0.787281
0.789044
0.790819
0.792603
0.794392
0.796186
0.79798
0.799773
0.801562
0.803345
0.805118
0.806879
0.808626
0.810356
0.812065
0.813752
0.815413
0.817046
0.818647
0.820214
0.821745
0.823236
0.824685
0.826089
0.827447
0.828754
0.830008
0.831207
0.832349
0.833432
0.834453
0.835412
0.836306
0.837134
0.837895
0.838586
0.839206
0.839753
0.840226
0.840623
0.840943
0.841186
0.84135
0.841436
0.841442
0.841369
0.841215
0.840982
0.84067
0.840279
0.839808
0.839257
0.838629
0.837922
0.837138
0.836277
0.83534
0.834328
0.833245
0.83209
0.830866
0.829573
0.828213
0.826788
0.825299
0.823748
0.822138
0.82047
0.818748
0.816973
0.815149
0.813277
0.811359
0.809397
0.807394
0.805352
0.803274
0.801163
0.799022
0.796852
0.794657
0.792438
0.790198
0.787941
0.78567
0.783386
0.781092
0.778791
0.776485
0.774179
0.771874
0.769574
0.767279
0.764993
0.762718
0.760458
0.758213
0.755986
0.75378
0.751599
0.749446
0.74732
0.745225
0.743162
0.741134
0.739142
0.737189
0.735277
0.733409
0.731586
0.729811
0.728086
0.726414
0.724795
0.723233
0.72173
0.720288
0.71891
0.717596
0.716349
0.715169
0.714059
0.713019
0.712051
0.711157
0.71034
0.709599
0.708936
0.708353
0.70785
0.707427
0.707085
0.706824
0.706646
0.70655
0.706538
0.706608
0.706762
0.706999
0.707319
0.70772
0.708203
0.708765
0.709408
0.710129
0.710927
0.7118
0.712746
0.713762
0.714849
0.716003
0.717222
0.718505
0.719848
0.721247
0.722701
0.724206
0.725759
0.727355
0.728993
0.730668
0.732377
0.734117
0.735885
0.737676
0.739486
0.741312
0.743149
0.744994
0.746842
0.748691
0.750536
0.752375
0.754203
0.756016
0.757811
0.759584
0.761331
0.763048
0.764733
0.766381
0.767991
0.769559
0.771082
0.772558
0.773983
0.775355
0.776672
0.777932
0.779131
0.780267
0.78134
0.782347
0.783286
0.784155
0.784955
0.785684
0.786343
0.786928
0.78744
0.787877
0.788241
0.788529
0.788744
0.788884
0.788952
0.788946
0.788869
0.788721
0.788502
0.788214
0.787858
0.787437
0.78695
0.7864
0.78579
0.78512
0.784394
0.783614
0.782781
0.781896
0.780962
0.779982
0.778956
0.77789
0.776784
0.775642
0.774465
0.773258
0.77202
0.770757
0.769469
0.768158
0.766827
0.765478
0.764112
0.762733
0.761341
0.75994
0.758532
0.757117
0.755697
0.754274
0.75285
0.751426
0.750004
0.748585
0.747171
0.745761
0.744358
0.742961
0.741573
0.740193
0.738821
0.73746
0.736108
0.734767
0.733437
0.732118
0.730809
0.729512
0.728227
0.726953
0.72569
0.724439
0.723199
0.72197
0.720752
0.719544
0.718346
0.717159
0.715981
0.714814
0.713658
0.712512
0.711376
0.71025
0.709134
0.708028
0.706933
0.705849
0.704776
0.703715
0.702666
0.701629
0.700605
0.699595
0.6986
0.697621
0.69666
0.695717
0.694792
0.693888
0.693004
0.692142
0.691304
0.69049
0.689703
0.688944
0.688215
0.687518
0.686854
0.686225
0.685632
0.685077
0.684562
0.684088
0.683658
0.683273
0.682935
0.682647
0.682408
0.68222
0.682084
0.682004
0.681977
0.682007
0.682093
0.682238
0.682442
0.682704
0.683026
0.683406
0.683846
0.684345
0.684902
0.685518
0.686192
0.686922
0.687707
0.688547
0.689441
0.690386
0.69138
0.692423
0.693511
0.694644
0.695818
0.697033
0.698284
0.699567
0.700881
0.702223
0.70359
0.704978
0.706384
0.707807
0.709241
0.710683
0.71213
0.713579
0.715026
0.716469
0.717903
0.719327
0.720736
0.722126
0.723496
0.724841
0.72616
0.727449
0.728706
0.729928
0.731113
0.732259
0.733362
0.734422
0.735435
0.736401
0.737317
0.738183
0.738996
0.739755
0.740461
0.741112
0.741709
0.74225
0.742736
0.743166
0.743539
0.743857
0.744119
0.744325
0.744477
0.744576
0.744621
0.744615
0.744559
0.744455
0.744303
0.744105
0.743863
0.743579
0.743255
0.742894
0.742497
0.742069
0.74161
0.741121
0.740607
0.740069
0.73951
0.738933
0.738339
0.737731
0.737113
0.736487
0.735855
0.735221
0.734586
0.733956
0.733331
0.732713
0.732105
0.731508
0.730925
0.730359
0.729812
0.729286
0.728783
0.728305
0.727854
0.72743
0.727037
0.726674
0.726345
0.72605
0.72579
0.725565
0.725377
0.725227
0.725115
0.725042
0.725009
0.725014
0.725058
0.725142
0.725266
0.725429
0.725632
0.725874
0.726153
0.726471
0.726825
0.727216
0.727642
0.728102
0.728597
0.729125
0.729685
0.730276
0.730897
0.731547
0.732224
0.732927
0.733657
0.73441
0.735188
0.735987
0.736807
0.737646
0.738503
0.739376
0.740264
0.741167
0.742082
0.743009
0.743946
0.744892
0.745843
0.746801
0.747763
0.748728
0.749695
0.750661
0.751626
0.752589
0.753547
0.754501
0.755448
0.756388
0.757319
0.758239
0.759147
0.760041
0.760921
0.761786
0.762634
0.763463
0.764273
0.765062
0.765831
0.766576
0.767298
0.767994
0.768664
0.769307
0.769922
0.770507
0.771062
0.771586
0.772079
0.77254
0.772968
0.773363
0.773723
0.774049
0.774338
0.774592
0.77481
0.774991
0.775137
0.775246
0.77532
0.775357
0.77536
0.775328
0.775261
0.77516
0.775024
0.774855
0.774654
0.774421
0.774157
0.773863
0.77354
0.773188
0.77281
0.772407
0.771977
0.771525
0.77105
0.770554
0.770039
0.769505
0.768954
0.768389
0.767811
0.767221
0.766619
0.766007
0.765388
0.764763
0.764132
0.763498
0.762862
0.762225
0.761589
0.760955
0.760326
0.759703
0.759089
0.758485
0.757891
0.757309
0.756739
0.756182
0.755639
0.755113
0.754603
0.754112
0.753639
0.753186
0.752755
0.752344
0.751956
0.751589
0.751245
0.750925
0.75063
0.750358
0.750112
0.749889
0.749691
0.749517
0.749368
0.749241
0.749138
0.749059
0.749003
0.748968
0.748954
0.748961
0.748987
0.749031
0.749091
0.749166
0.749255
0.749358
0.749472
0.749597
0.749732
0.749876
0.750025
0.750179
0.750335
0.750494
0.750652
0.750811
0.750966
0.751117
0.751262
0.7514
0.751529
0.751649
0.751758
0.751855
0.75194
0.752011
0.752067
0.752109
0.752134
0.752143
0.752134
0.752108
0.752065
0.752005
0.751927
0.751833
0.751721
0.751594
0.75145
0.75129
0.751115
0.750925
0.750722
0.750505
0.750276
0.750037
0.749788
0.74953
0.749264
0.748992
0.748715
0.748435
0.748152
0.747869
0.747587
0.747307
0.747032
0.74676
0.746496
0.746241
0.745995
0.74576
0.745538
0.745329
0.745137
0.744961
0.744805
0.74467
0.744556
0.744466
0.744403
0.744365
0.744354
0.744372
0.74442
0.744497
0.744606
0.744746
0.744919
0.745125
0.745364
0.745637
0.745943
0.746283
0.746657
0.747065
0.747506
0.74798
0.748488
0.74903
0.749603
0.750207
0.750841
0.751504
0.752194
0.752911
0.753653
0.75442
0.75521
0.756021
0.756851
0.7577
0.758566
0.759446
0.76034
0.761246
0.762161
0.763085
0.764014
0.764949
0.765886
0.766825
0.767763
0.7687
0.769632
0.77056
0.771481
0.772395
0.773299
0.774194
0.775077
0.775946
0.776802
0.777643
0.778468
0.779279
0.780072
0.780847
0.781603
0.782339
0.783054
0.783748
0.78442
0.78507
0.785699
0.786305
0.786888
0.787449
0.787987
0.788502
0.788995
0.789466
0.789914
0.790341
0.790747
0.791132
0.791498
0.791845
0.792172
0.792481
0.792774
0.79305
0.793309
0.793553
0.79378
0.793992
0.794188
0.794371
0.794541
0.794697
0.794842
0.794974
0.795095
0.795204
0.795303
0.795392
0.79547
0.795539
0.795598
0.795648
0.79569
0.795721
0.795744
0.795757
0.795762
0.795759
0.795747
0.795725
0.795695
0.795655
0.795604
0.795544
0.795474
0.795392
0.795299
0.795195
0.795078
0.794949
0.794807
0.794653
0.794486
0.794304
0.794108
0.793897
0.79367
0.793428
0.79317
0.792895
0.792604
0.792297
0.791973
0.791633
0.791277
0.790904
0.790514
0.790106
0.789681
0.78924
0.788782
0.788308
