-5.59033
-5.5906
-5.59023
-5.59018
-5.58981
-5.58944
-5.58874
-5.58903
-5.58899
-5.58927
-5.58956
-5.58985
-5.58982
-5.59011
-5.59009
-5.59038
-5.59068
-5.59098
-5.59096
-5.59094
-5.59157
-5.59188
-5.59187
-5.5925
-5.59217
-5.59216
-5.59215
-5.59118
-5.59085
-5.59085
-5.59085
-5.59117
-5.59118
-5.59086
-5.59087
-5.5912
-5.59121
-5.59155
-5.59156
-5.59222
-5.59224
-5.59226
-5.59261
-5.59295
-5.59298
-5.593
-5.5927
-5.59241
-5.59212
-5.59183
-5.59284
-5.59255
-5.59194
-5.59198
-5.5917
-5.59142
-5.59211
-5.59216
-5.59285
-5.59257
-5.59262
-5.59203
-5.59241
-5.59246
-5.59251
-5.59257
-5.59294
-5.59268
-5.5937
-5.59441
-5.59414
-5.5942
-5.59361
-5.59367
-5.59341
-5.59314
-5.59288
-5.59326
-5.59396
-5.5937
-5.59311
-5.59316
-5.59289
-5.59295
-5.59268
-5.59241
-5.59246
-5.59186
-5.59159
-5.59164
-5.59169
-5.59206
-5.59178
-5.59182
-5.59219
-5.59191
-5.59228
-5.59264
-5.59268
-5.59272
-5.59276
-5.59312
-5.59349
-5.59385
-5.59356
-5.5936
-5.59396
-5.594
-5.59468
-5.59504
-5.5954
-5.59609
-5.59612
-5.59583
-5.59555
-5.59558
-5.59529
-5.59565
-5.59634
-5.59572
-5.59544
-5.5958
-5.59551
-5.59651
-5.59654
-5.59625
-5.59596
-5.59534
-5.59569
-5.59507
-5.59542
-5.59512
-5.59417
-5.59451
-5.59485
-5.59421
-5.59357
-5.59391
-5.59391
-5.59326
-5.59326
-5.59325
-5.59324
-5.59322
-5.5932
-5.5935
-5.59445
-5.59409
-5.59405
-5.59401
-5.59396
-5.59423
-5.59321
-5.59347
-5.59405
-5.59366
-5.59358
-5.59351
-5.59342
-5.59269
-5.59292
-5.59315
-5.59273
-5.59166
-5.59091
-5.59113
-5.5907
-5.59092
-5.59113
-5.59102
-5.59123
-5.59111
-5.59067
-5.58991
-5.5898
-5.59001
-5.58957
-5.58913
-5.58902
-5.58859
-5.58881
-5.58805
-5.58795
-5.58818
-5.58711
-5.58702
-5.5866
-5.58619
-5.58643
-5.58603
-5.58596
-5.58588
-5.58517
-5.58576
-5.58602
-5.58694
-5.5869
-5.58718
-5.58714
-5.58711
-5.58773
-5.58835
-5.58801
-5.588
-5.58799
-5.58799
-5.58767
-5.58865
-5.58866
-5.589
-5.58903
-5.5897
-5.58941
-5.58978
-5.59014
-5.59116
-5.58992
-5.59062
-5.58971
-5.5901
-5.58985
-5.58992
-5.59
-5.59008
-5.59016
-5.59057
-5.59034
-5.59011
-5.58989
-5.58999
-5.59041
-5.59084
-5.5916
-5.59236
-5.59247
-5.59259
-5.594
-5.59411
-5.59391
-5.5937
-5.59382
-5.59361
-5.59373
-5.59417
-5.59429
-5.5944
-5.59452
-5.59463
-5.59442
-5.59517
-5.59463
-5.59409
-5.59354
-5.59397
-5.59406
-5.59415
-5.59392
-5.59433
-5.59441
-5.59416
-5.59455
-5.5943
-5.59501
-5.59539
-5.59577
-5.59614
-5.59586
-5.59622
-5.59658
-5.5966
-5.59662
-5.59696
-5.59633
-5.59634
-5.59666
-5.59698
-5.5973
-5.59696
-5.59726
-5.59692
-5.59657
-5.59589
-5.59553
-5.59581
-5.59673
-5.59636
-5.59566
-5.5956
-5.59586
-5.59612
-5.59573
-5.59598
-5.59558
-5.59583
-5.59575
-5.59599
-5.59623
-5.59647
-5.59735
-5.59726
-5.59717
-5.59708
-5.59634
-5.59593
-5.59616
-5.59606
-5.59564
-5.59555
-5.59578
-5.59504
-5.59495
-5.59421
-5.59445
-5.59403
-5.59362
-5.59354
-5.5941
-5.59338
-5.59298
-5.59322
-5.59315
-5.59308
-5.59237
-5.5923
-5.59256
-5.59251
-5.5918
-5.59208
-5.59203
-5.59199
-5.59195
-5.59159
-5.59188
-5.59186
-5.59184
-5.59214
-5.59213
-5.59244
-5.59179
-5.59147
-5.59082
-5.59051
-5.5902
-5.59021
-5.59088
-5.58993
-5.58996
-5.59096
-5.59132
-5.59136
-5.5914
-5.59144
-5.59181
-5.59154
-5.59191
-5.59196
-5.59169
-5.59143
-5.59149
-5.59187
-5.59193
-5.59199
-5.5927
-5.59276
-5.59282
-5.59289
-5.5923
-5.59236
-5.5921
-5.59151
-5.59189
-5.5913
-5.59168
-5.59141
-5.59146
-5.59184
-5.59188
-5.5916
-5.59165
-5.59201
-5.59205
-5.59176
-5.59147
-5.5915
-5.59185
-5.59188
-5.59288
-5.5929
-5.59195
-5.59164
-5.59165
-5.59199
-5.592
-5.592
-5.59104
-5.59169
-5.59104
-5.59039
-5.58974
-5.59071
-5.59071
-5.5907
-5.59069
-5.59068
-5.59067
-5.59098
-5.59194
-5.59257
-5.59256
-5.59255
-5.59286
-5.59284
-5.5925
-5.59216
-5.59215
-5.59181
-5.5918
-5.59178
-5.59177
-5.5924
-5.59272
-5.59206
-5.59204
-5.59171
-5.5917
-5.59169
-5.59136
-5.59135
-5.59134
-5.59101
-5.59133
-5.59132
-5.59099
-5.59034
-5.59034
-5.59034
-5.58969
-5.58968
-5.59
-5.59097
-5.59032
-5.59032
-5.58999
-5.58966
-5.58934
-5.58933
-5.58868
-5.58868
-5.58867
-5.58931
-5.58963
-5.58995
-5.58994
-5.58961
-5.58927
-5.58926
-5.58925
-5.58956
-5.58955
-5.58921
-5.58887
-5.58885
-5.58883
-5.58914
-5.5888
-5.58877
-5.58811
-5.58808
-5.58774
-5.58804
-5.58801
-5.58799
-5.58829
-5.58762
-5.58695
-5.58692
-5.58722
-5.58688
-5.58686
-5.58619
-5.58649
-5.58582
-5.58613
-5.58579
-5.58577
-5.58608
-5.58639
-5.58638
-5.58638
-5.58669
-5.58669
-5.58733
-5.58701
-5.58701
-5.58734
-5.58735
-5.58768
-5.58769
-5.58868
-5.5887
-5.58807
-5.58842
-5.58909
-5.58945
-5.59013
-5.59113
-5.59117
-5.59088
-5.59092
-5.59129
-5.59101
-5.5917
-5.59239
-5.59277
-5.59249
-5.5919
-5.59195
-5.59265
-5.59303
-5.59244
-5.5925
-5.59191
-5.59229
-5.59299
-5.59273
-5.59311
-5.59317
-5.59323
-5.59361
-5.59367
-5.5934
-5.59346
-5.59384
-5.5939
-5.59428
-5.59433
-5.59471
-5.59541
-5.59514
-5.59519
-5.59556
-5.59561
-5.59598
-5.59635
-5.5964
-5.59676
-5.5968
-5.59684
-5.59721
-5.59724
-5.59728
-5.59698
-5.59734
-5.59737
-5.59707
-5.59742
-5.59776
-5.59746
-5.59812
-5.59846
-5.59847
-5.5988
-5.59848
-5.59848
-5.5988
-5.59912
-5.59911
-5.5991
-5.59876
-5.59842
-5.59808
-5.5987
-5.599
-5.59896
-5.59893
-5.59824
-5.59885
-5.59881
-5.59876
-5.59839
-5.59866
-5.5986
-5.59822
-5.59881
-5.59842
-5.599
-5.59829
-5.59854
-5.5975
-5.59742
-5.59735
-5.59695
-5.59656
-5.59648
-5.59641
-5.59666
-5.59593
-5.59521
-5.59514
-5.59506
-5.59499
-5.59395
-5.59485
-5.59445
-5.59438
-5.59464
-5.59587
-5.59516
-5.59412
-5.59471
-5.59497
-5.59459
-5.59453
-5.5948
-5.59508
-5.59535
-5.59563
-5.59591
-5.59522
-5.5955
-5.5961
-5.59574
-5.5957
-5.59566
-5.59563
-5.59527
-5.59524
-5.59488
-5.59518
-5.5958
-5.59577
-5.59541
-5.59506
-5.59503
-5.59468
-5.59433
-5.59398
-5.59427
-5.59424
-5.59389
-5.59322
-5.59287
-5.59349
-5.59346
-5.59375
-5.59372
-5.59337
-5.59334
-5.59298
-5.59295
-5.59259
-5.59223
-5.5922
-5.59314
-5.59375
-5.59339
-5.59271
-5.593
-5.59231
-5.59195
-5.59159
-5.59155
-5.59248
-5.59212
-5.59176
-5.5914
-5.59233
-5.59262
-5.59226
-5.59255
-5.59219
-5.59248
-5.59212
-5.59208
-5.59205
-5.59137
-5.59167
-5.59164
-5.59161
-5.59191
-5.59253
-5.59251
-5.5912
-5.59118
-5.59116
-5.59147
-5.59179
-5.5921
-5.59242
-5.59177
-5.5921
-5.5921
-5.59243
-5.59211
-5.59277
-5.59279
-5.59216
-5.59153
-5.59188
-5.59126
-5.59097
-5.59165
-5.59137
-5.59173
-5.59146
-5.59118
-5.59124
-5.59097
-5.59135
-5.59174
-5.59213
-5.5922
-5.59195
-5.59236
-5.59276
-5.59284
-5.59358
-5.59237
-5.5915
-5.59062
-5.5904
-5.5905
-5.5906
-5.59038
-5.59049
-5.5906
-5.59038
-5.59049
-5.59125
-5.59104
-5.59083
-5.59126
-5.5917
-5.59181
-5.59128
-5.59074
-5.59053
-5.59031
-5.58913
-5.58924
-5.58902
-5.58944
-5.58987
-5.59029
-5.59006
-5.59015
-5.58992
-5.59
-5.58944
-5.5892
-5.58927
-5.58934
-5.58909
-5.58883
-5.58921
-5.58959
-5.58932
-5.59002
-5.59071
-5.5914
-5.59143
-5.59147
-5.59085
-5.59055
-5.59089
-5.59091
-5.59092
-5.59125
-5.59093
-5.59061
-5.59028
-5.5906
-5.59059
-5.59155
-5.59186
-5.59217
-5.59247
-5.59244
-5.59242
-5.59304
-5.59301
-5.59298
-5.59326
-5.5929
-5.59254
-5.59283
-5.59311
-5.59274
-5.59302
-5.59395
-5.59423
-5.59418
-5.59349
-5.59311
-5.59306
-5.59333
-5.59328
-5.59323
-5.5935
-5.59312
-5.59339
-5.59366
-5.59361
-5.59388
-5.59415
-5.59475
-5.59372
-5.59399
-5.59394
-5.59389
-5.59352
-5.59379
-5.59374
-5.59336
-5.59299
-5.59294
-5.59289
-5.59317
-5.59312
-5.59307
-5.59302
-5.59362
-5.59326
-5.59289
-5.59155
-5.59119
-5.59082
-5.59143
-5.59107
-5.59232
-5.59196
-5.59192
-5.59156
-5.59185
-5.59182
-5.59178
-5.59174
-5.59171
-5.592
-5.59197
-5.5929
-5.59287
-5.59219
-5.59216
-5.59278
-5.5934
-5.59401
-5.59463
-5.59395
-5.5936
-5.59357
-5.59419
-5.59416
-5.59413
-5.59378
-5.59375
-5.59404
-5.59466
-5.59463
-5.59428
-5.59425
-5.59455
-5.59452
-5.59449
-5.59478
-5.59411
-5.59408
-5.5934
-5.5937
-5.59399
-5.59364
-5.59361
-5.5939
-5.59387
-5.59384
-5.59381
-5.59314
-5.59311
-5.59275
-5.59143
-5.5914
-5.59073
-5.59005
-5.59035
-5.59032
-5.59062
-5.58994
-5.59024
-5.58989
-5.58987
-5.58887
-5.58852
-5.58882
-5.5888
-5.58943
-5.58876
-5.58874
-5.5884
-5.58935
-5.58966
-5.58932
-5.58931
-5.58929
-5.58928
-5.5896
-5.58959
-5.58926
-5.5899
-5.58925
-5.58958
-5.58926
-5.58894
-5.58894
-5.58863
-5.58831
-5.58833
-5.58802
-5.58868
-5.5887
-5.58776
-5.58778
-5.58781
-5.58817
-5.58788
-5.58759
-5.58795
-5.58864
-5.58966
-5.59003
-5.59041
-5.59046
-5.59052
-5.59058
-5.59032
-5.59104
-5.59143
-5.5915
-5.59093
-5.59101
-5.59141
-5.59182
-5.59126
-5.59134
-5.59143
-5.59185
-5.59226
-5.59235
-5.59277
-5.59287
-5.59296
-5.59274
-5.59251
-5.5926
-5.5927
-5.59312
-5.59321
-5.59298
-5.59339
-5.59348
-5.59389
-5.59429
-5.59438
-5.5951
-5.5955
-5.59525
-5.59499
-5.59441
-5.5935
-5.59356
-5.59328
-5.59366
-5.59306
-5.59342
-5.59378
-5.59349
-5.59384
-5.59419
-5.59453
-5.59454
-5.59455
-5.59456
-5.59488
-5.59423
-5.59423
-5.59422
-5.59453
-5.5942
-5.59385
-5.59383
-5.59381
-5.59411
-5.59505
-5.59535
-5.59531
-5.59495
-5.59492
-5.59456
-5.59484
-5.59416
-5.59412
-5.59537
-5.59501
-5.59464
-5.59493
-5.59488
-5.59452
-5.59383
-5.59346
-5.5931
-5.5937
-5.59334
-5.5933
-5.59326
-5.5929
-5.59286
-5.59218
-5.59247
-5.59244
-5.59305
-5.5927
-5.59267
-5.59232
-5.59261
-5.59259
-5.59257
-5.59254
-5.59252
-5.59282
-5.59216
-5.59214
-5.59148
-5.59179
-5.5921
-5.59209
-5.5924
-5.5924
-5.59239
-5.5927
-5.5927
-5.5927
-5.59269
-5.59301
-5.59301
-5.59236
-5.59236
-5.59236
-5.59236
-5.59268
-5.59366
-5.59366
-5.59333
-5.59334
-5.59366
-5.59398
-5.59334
-5.59334
-5.59366
-5.59399
-5.59463
-5.59463
-5.59463
-5.59527
-5.59527
-5.59494
-5.59525
-5.59492
-5.59523
-5.59522
-5.59554
-5.59455
-5.59487
-5.59485
-5.59484
-5.59514
-5.59545
-5.5951
-5.59508
-5.59506
-5.59503
-5.59533
-5.59498
-5.59593
-5.5959
-5.5962
-5.59682
-5.59646
-5.59611
-5.59672
-5.59702
-5.59731
-5.59727
-5.59692
-5.59753
-5.59782
-5.59714
-5.5971
-5.59707
-5.59671
-5.5983
-5.59827
-5.59888
-5.59918
-5.59915
-5.59944
-5.59909
-5.60004
-5.59969
-5.59999
-5.60062
-5.60027
-5.59961
-5.5996
-5.59926
-5.59893
-5.59893
-5.59892
-5.59893
-5.59926
-5.59927
-5.59798
-5.59832
-5.59835
-5.59805
-5.59743
-5.59746
-5.59718
-5.59819
-5.59824
-5.59796
-5.59769
-5.59807
-5.59846
-5.5982
-5.59827
-5.59833
-5.59905
-5.59913
-5.59953
-5.59928
-5.59936
-5.59944
-5.59952
-5.59927
-5.59935
-5.59911
-5.59951
-5.59958
-5.59966
-5.59973
-5.59915
-5.59857
-5.59864
-5.5987
-5.59941
-5.59979
-5.59984
-5.59989
-5.60058
-5.59998
-5.60002
-5.60006
-5.60009
-5.60012
-5.59982
-5.59985
-5.59954
-5.59924
-5.59958
-5.59959
-5.59961
-5.60026
-5.59995
-5.59963
-5.59964
-5.60029
-5.59965
-5.599
-5.59933
-5.59933
-5.59868
-5.59901
-5.59901
-5.59771
-5.59804
-5.59771
-5.59771
-5.59739
-5.59771
-5.59836
-5.59803
-5.59835
-5.59932
-5.59931
-5.59898
-5.59865
-5.59897
-5.59831
-5.59765
-5.59732
-5.59634
-5.59697
-5.59696
-5.59661
-5.5966
-5.59657
-5.59655
-5.59653
-5.5978
-5.59777
-5.59839
-5.59836
-5.59865
-5.59861
-5.5989
-5.59886
-5.59914
-5.59845
-5.59841
-5.59803
-5.59766
-5.59696
-5.59626
-5.59653
-5.59615
-5.59609
-5.59571
-5.59532
-5.59526
-5.59519
-5.5948
-5.59441
-5.59467
-5.59427
-5.59388
-5.59381
-5.59373
-5.59366
-5.59294
-5.59254
-5.59214
-5.59174
-5.59134
-5.59126
-5.59151
-5.59078
-5.59103
-5.5903
-5.59087
-5.59112
-5.59169
-5.59162
-5.59122
-5.59147
-5.59107
-5.59132
-5.59158
-5.59151
-5.59111
-5.59104
-5.59098
-5.59156
-5.5915
-5.59143
-5.59105
-5.59099
-5.59094
-5.59153
-5.59148
-5.59078
-5.59105
-5.591
-5.59096
-5.59124
-5.5925
-5.59246
-5.59243
-5.59208
-5.59205
-5.5917
-5.59135
-5.591
-5.59099
-5.59065
-5.59063
-5.59095
-5.59094
-5.59094
-5.59093
-5.59094
-5.59094
-5.59063
-5.59064
-5.59065
-5.59034
-5.59036
-5.59006
-5.59009
-5.58979
-5.59014
-5.59018
-5.59021
-5.59089
-5.59094
-5.59001
-5.58973
-5.58978
-5.59048
-5.59118
-5.5922
-5.59226
-5.59264
-5.5927
-5.59276
-5.59315
-5.59321
-5.59393
-5.59367
-5.59374
-5.59349
-5.59227
-5.59234
-5.59209
-5.59216
-5.59159
-5.59101
-5.59141
-5.59052
-5.59092
-5.59132
-5.59139
-5.59114
-5.59121
-5.59161
-5.59168
-5.59142
-5.59149
-5.59156
-5.5913
-5.59072
-5.59046
-5.59052
-5.59026
-5.59032
-5.59005
-5.59042
-5.59079
-5.59084
-5.59056
-5.59125
-5.59129
-5.59197
-5.59136
-5.59171
-5.59142
-5.59079
-5.59146
-5.59115
-5.59181
-5.59215
-5.59183
-5.59183
-5.59248
-5.59247
-5.59279
-5.59278
-5.59277
-5.59243
-5.5924
-5.59335
-5.59365
-5.59297
-5.59262
-5.59258
-5.59254
-5.59217
-5.59213
-5.59208
-5.59236
-5.59199
-5.59226
-5.5922
-5.59279
-5.59274
-5.59268
-5.59262
-5.59224
-5.59282
-5.59211
-5.59205
-5.59167
-5.59031
-5.59025
-5.59083
-5.59142
-5.59136
-5.59065
-5.59059
-5.59053
-5.59047
-5.59009
-5.58972
-5.58934
-5.58929
-5.58892
-5.58887
-5.58851
-5.58847
-5.58844
-5.58743
-5.58805
-5.58802
-5.58865
-5.58862
-5.58828
-5.58826
-5.58858
-5.58825
-5.58759
-5.58759
-5.58759
-5.5876
-5.58729
-5.58762
-5.58797
-5.58767
-5.58737
-5.58772
-5.58807
-5.58779
-5.58783
-5.58722
-5.5863
-5.58635
-5.58608
-5.58678
-5.58619
-5.58625
-5.58664
-5.58638
-5.58645
-5.58652
-5.58594
-5.58666
-5.58738
-5.58746
-5.58851
-5.58859
-5.58867
-5.58874
-5.59012
-5.59052
-5.58996
-5.59004
-5.59109
-5.59085
-5.59125
-5.591
-5.59043
-5.59051
-5.59026
-5.59001
-5.59008
-5.59015
-5.59022
-5.59029
-5.58971
-5.59009
-5.59015
-5.58988
-5.59026
-5.59031
-5.59036
-5.59105
-5.59077
-5.5921
-5.59214
-5.59184
-5.59155
-5.59157
-5.59159
-5.59128
-5.59162
-5.59195
-5.59196
-5.59197
-5.59229
-5.59196
-5.59195
-5.59194
-5.59257
-5.59288
-5.59286
-5.59283
-5.59313
-5.59471
-5.59468
-5.59529
-5.59558
-5.59554
-5.59582
-5.59577
-5.5954
-5.59535
-5.5953
-5.59524
-5.59519
-5.59513
-5.59507
-5.59437
-5.59495
-5.59522
-5.59515
-5.59574
-5.59632
-5.59658
-5.59652
-5.59645
-5.59671
-5.59697
-5.5969
-5.59651
-5.59613
-5.59574
-5.596
-5.59626
-5.59555
-5.59549
-5.5951
-5.59505
-5.59499
-5.59493
-5.59487
-5.59481
-5.59476
-5.59503
-5.59529
-5.59524
-5.59486
-5.59481
-5.59444
-5.59439
-5.59337
-5.59333
-5.59328
-5.59291
-5.59255
-5.59251
-5.59247
-5.59243
-5.59207
-5.59171
-5.59168
-5.59197
-5.59162
-5.59094
-5.59092
-5.5909
-5.59087
-5.59085
-5.59051
-5.59115
-5.59146
-5.59209
-5.59209
-5.5924
-5.59208
-5.59208
-5.59208
-5.59176
-5.59145
-5.59081
-5.5905
-5.58955
-5.58957
-5.58991
-5.58929
-5.58931
-5.58967
-5.5897
-5.58974
-5.58977
-5.59014
-5.59083
-5.59087
-5.59125
-5.5913
-5.5907
-5.59205
-5.59211
-5.59185
-5.59126
-5.59133
-5.59139
-5.59114
-5.59121
-5.59095
-5.59135
-5.59143
-5.59215
-5.59191
-5.59134
-5.59077
-5.59117
-5.59158
-5.59134
-5.59142
-5.5915
-5.59159
-5.59167
-5.59046
-5.59087
-5.59128
-5.59201
-5.59209
-5.59218
-5.59161
-5.5917
-5.59178
-5.59186
-5.59291
-5.593
-5.59307
-5.59315
-5.59323
-5.59331
-5.59273
-5.59248
-5.5932
-5.59328
-5.59335
-5.59342
-5.59284
-5.59387
-5.59361
-5.59335
-5.59244
-5.59153
-5.59159
-5.59326
-5.59429
-5.59466
-5.59535
-5.59475
-5.59544
-5.59548
-5.59519
-5.59522
-5.59525
-5.59528
-5.59498
-5.59597
-5.59632
-5.5973
-5.59796
-5.59797
-5.5983
-5.59862
-5.59862
-5.59894
-5.59893
-5.59892
-5.5989
-5.59856
-5.59821
-5.59786
-5.59848
-5.5978
-5.59745
-5.59676
-5.59639
-5.59635
-5.59565
-5.59496
-5.59523
-5.59517
-5.59576
-5.59538
-5.59531
-5.59524
-5.5955
-5.59446
-5.59406
-5.59464
-5.59456
-5.59481
-5.59408
-5.59432
-5.59424
-5.5935
-5.59342
-5.59268
-5.59259
-5.59283
-5.59274
-5.59297
-5.59256
-5.59247
-5.59237
-5.59228
-5.59218
-5.59176
-5.59199
-5.59254
-5.5931
-5.59268
-5.59194
-5.59216
-5.59272
-5.59327
-5.59382
-5.59373
-5.59363
-5.59354
-5.59344
-5.59238
-5.59228
-5.59154
-5.59178
-5.59136
-5.5903
-5.59054
-5.59012
-5.59036
-5.59027
-5.59051
-5.59107
-5.59099
-5.59155
-5.59115
-5.59204
-5.59131
-5.59091
-5.59115
-5.59075
-5.59036
-5.58932
-5.58957
-5.58983
-5.58879
-5.58905
-5.59028
-5.5899
-5.59017
-5.59044
-5.59038
-5.59066
-5.59093
-5.59121
-5.59117
-5.59081
-5.59142
-5.59042
-5.58974
-5.5894
-5.58937
-5.5887
-5.58869
-5.58867
-5.58769
-5.58736
-5.58736
-5.58736
-5.58704
-5.58705
-5.58674
-5.58675
-5.58774
-5.58776
-5.58843
-5.58846
-5.58784
-5.58723
-5.58726
-5.5873
-5.58702
-5.58674
-5.5871
-5.58651
-5.58688
-5.58693
-5.58731
-5.58736
-5.58677
-5.58715
-5.58655
-5.58629
-5.58667
-5.58705
-5.58775
-5.58813
-5.58852
-5.58857
-5.58895
-5.58836
-5.58874
-5.58847
-5.58884
-5.58825
-5.58765
-5.5877
-5.58774
-5.58778
-5.5875
-5.58754
-5.58726
-5.58762
-5.58733
-5.58704
-5.58707
-5.5871
-5.58616
-5.58618
-5.58621
-5.58623
-5.58593
-5.5866
-5.58759
-5.58728
-5.5873
-5.58699
-5.58765
-5.58766
-5.58735
-5.58704
-5.58737
-5.58706
-5.58707
-5.58675
-5.58611
-5.58645
-5.58613
-5.58646
-5.58647
-5.58615
-5.58616
-5.58617
-5.5865
-5.58619
-5.5862
-5.58621
-5.58622
-5.58591
-5.5869
-5.58659
-5.5866
-5.5863
-5.58696
-5.58601
-5.58635
-5.5867
-5.58705
-5.58675
-5.5871
-5.58778
-5.58813
-5.58848
-5.58851
-5.58855
-5.58826
-5.58862
-5.58898
-5.58805
-5.58809
-5.58781
-5.58785
-5.58757
-5.58794
-5.58832
-5.58804
-5.5881
-5.58783
-5.58788
-5.58826
-5.58799
-5.58837
-5.58875
-5.58881
-5.58855
-5.58926
-5.58964
-5.58938
-5.58912
-5.5895
-5.58924
-5.5893
-5.58968
-5.58942
-5.58948
-5.58889
-5.58959
-5.58997
-5.59034
-5.59039
-5.59044
-5.58984
-5.59053
-5.59025
-5.59061
-5.59032
-5.59035
-5.59103
-5.59041
-5.59043
-5.59045
-5.59046
-5.59047
-5.59047
-5.59112
-5.59112
-5.59111
-5.59109
-5.59108
-5.59138
-5.59233
-5.5923
-5.59259
-5.59255
-5.59283
-5.59311
-5.59338
-5.593
-5.59359
-5.59386
-5.59444
-5.59438
-5.59399
-5.59295
-5.59223
-5.59248
-5.59208
-5.592
-5.59225
-5.59217
-5.5921
-5.5917
-5.59195
-5.59155
-5.59148
-5.59108
-5.59134
-5.59127
-5.59153
-5.59146
-5.5914
-5.59135
-5.5913
-5.59028
-5.59023
-5.59019
-5.59048
-5.59012
-5.59009
-5.59039
-5.59069
-5.59068
-5.59002
-5.59034
-5.59067
-5.59067
-5.59068
-5.59101
-5.5907
-5.5904
-5.59042
-5.59142
-5.59145
-5.59181
-5.59217
-5.59221
-5.59225
-5.59165
-5.59105
-5.59142
-5.59115
-5.5912
-5.59191
-5.59229
-5.59202
-5.5924
-5.59246
-5.59219
-5.59226
-5.59264
-5.59238
-5.59244
-5.59315
-5.59353
-5.59359
-5.593
-5.59338
-5.59377
-5.59382
-5.59355
-5.59361
-5.59464
-5.59469
-5.5954
-5.59545
-5.59518
-5.5962
-5.59625
-5.59597
-5.59537
-5.59574
-5.59579
-5.59616
-5.59652
-5.5956
-5.59564
-5.596
-5.59604
-5.59575
-5.59579
-5.59582
-5.59521
-5.59621
-5.59722
-5.59757
-5.59792
-5.59795
-5.59765
-5.59768
-5.59802
-5.59837
-5.59806
-5.59776
-5.59842
-5.59843
-5.59812
-5.59781
-5.59846
-5.59782
-5.59848
-5.59816
-5.5988
-5.5988
-5.5988
-5.5988
-5.59911
-5.59975
-5.60007
-5.59973
-5.59971
-5.59937
-5.59935
-5.59933
-5.59996
-5.60058
-5.60055
-5.59987
-5.59952
-5.59981
-5.6001
-5.60038
-5.60002
-5.59933
-5.59896
-5.59924
-5.59757
-5.59752
-5.5978
-5.59774
-5.59704
-5.59666
-5.59627
-5.59653
-5.59615
-5.59641
-5.59666
-5.59821
-5.59814
-5.59807
-5.59734
-5.59759
-5.59687
-5.59614
-5.59606
-5.5963
-5.59686
-5.5971
-5.59701
-5.5966
-5.5978
-5.59771
-5.59698
-5.59688
-5.59614
-5.59605
-5.59628
-5.59618
-5.59609
-5.59567
-5.59525
-5.59516
-5.59507
-5.59497
-5.59488
-5.59544
-5.59567
-5.59558
-5.5955
-5.59509
-5.595
-5.59525
-5.59517
-5.59476
-5.59372
-5.59365
-5.59358
-5.59351
-5.59345
-5.59371
-5.59366
-5.59361
-5.59356
-5.59384
-5.59315
-5.59311
-5.59308
-5.5937
-5.59335
-5.59334
-5.59333
-5.59364
-5.59364
-5.59332
-5.59365
-5.59334
-5.59336
-5.59305
-5.59341
-5.59377
-5.59413
-5.59385
-5.5939
-5.59428
-5.59498
-5.59472
-5.59479
-5.59454
-5.59526
-5.59534
-5.59575
-5.59616
-5.59625
-5.5957
-5.59548
-5.59558
-5.59536
-5.59514
-5.5959
-5.59504
-5.5958
-5.59592
-5.59604
-5.59583
-5.59595
-5.59704
-5.59716
-5.59663
-5.59675
-5.59655
-5.59634
-5.59548
-5.59625
-5.59474
-5.59453
-5.59464
-5.5954
-5.59518
-5.5956
-5.59538
-5.59547
-5.59589
-5.59663
-5.59736
-5.59745
-5.5972
-5.59825
-5.59832
-5.59774
-5.5978
-5.59818
-5.59823
-5.59893
-5.59962
-5.59999
-5.59938
-5.59941
-5.60041
-5.60044
-5.6011
-5.60144
-5.60145
-5.60178
-5.60146
-5.60016
-5.60048
-5.60015
-5.60046
-5.60045
-5.60043
-5.59976
-5.59941
-5.59906
-5.59903
-5.59899
-5.59928
-5.59924
-5.59855
-5.59883
-5.59878
-5.59938
-5.59901
-5.59928
-5.59891
-5.59885
-5.5988
-5.59874
-5.59868
-5.59862
-5.59857
-5.59818
-5.5978
-5.59774
-5.59703
-5.59696
-5.59593
-5.59619
-5.59613
-5.59574
-5.59503
-5.59432
-5.59393
-5.59419
-5.5938
-5.59374
-5.59335
-5.59329
-5.59257
-5.59283
-5.59309
-5.59238
-5.592
-5.59193
-5.59155
-5.59181
-5.59272
-5.59266
-5.59227
-5.59254
-5.59248
-5.59209
-5.59139
-5.59101
-5.59095
-5.59057
-5.59117
-5.59144
-5.59139
-5.59199
-5.59129
-5.59125
-5.59023
-5.59019
-5.59015
-5.59012
-5.58943
-5.58972
-5.58969
-5.58999
-5.59061
-5.59027
-5.5896
-5.58959
-5.5899
-5.59022
-5.59021
-5.5915
-5.59151
-5.59151
-5.59151
-5.59185
-5.59251
-5.5922
-5.59189
-5.59223
-5.59291
-5.59423
-5.59426
-5.59461
-5.59496
-5.59467
-5.59503
-5.59474
-5.59381
-5.59288
-5.59292
-5.59264
-5.59268
-5.59272
-5.59308
-5.5928
-5.59349
-5.59385
-5.59422
-5.59425
-5.59429
-5.59401
-5.59372
-5.59311
-5.59217
-5.59253
-5.59224
-5.59291
-5.59294
-5.59297
-5.59267
-5.59172
-5.59239
-5.59306
-5.59308
-5.59406
-5.5944
-5.59442
-5.59411
-5.59444
-5.59445
-5.59478
-5.59478
-5.59511
-5.59544
-5.59512
-5.59512
-5.59512
-5.59479
-5.59511
-5.59446
-5.59381
-5.59381
-5.59412
-5.59444
-5.59444
-5.59378
-5.59442
-5.59441
-5.5944
-5.59471
-5.59373
-5.59307
-5.59306
-5.59337
-5.59401
-5.594
-5.59431
-5.59429
-5.59428
-5.59492
-5.5949
-5.59489
-5.59455
-5.59454
-5.59484
-5.59613
-5.59643
-5.59642
-5.59575
-5.59574
-5.5954
-5.59506
-5.59537
-5.59503
-5.59501
-5.59435
-5.59433
-5.59464
-5.5943
-5.59461
-5.59459
-5.59426
-5.59392
-5.5939
-5.59389
-5.5942
-5.59386
-5.59353
-5.5932
-5.59383
-5.59318
-5.59382
-5.59349
-5.59413
-5.59509
-5.59509
-5.59444
-5.59411
-5.59443
-5.59411
-5.59443
-5.59411
-5.59443
-5.59444
-5.59444
-5.59444
-5.59477
-5.5951
-5.59544
-5.59415
-5.59384
-5.59352
-5.59353
-5.59387
-5.59323
-5.59422
-5.59488
-5.59489
-5.59491
-5.5946
-5.59332
-5.59302
-5.59207
-5.59241
-5.59243
-5.59245
-5.59246
-5.59248
-5.5925
-5.59317
-5.59351
-5.59353
-5.59226
-5.59228
-5.59263
-5.59265
-5.59267
-5.59204
-5.59109
-5.59079
-5.59146
-5.5918
-5.59182
-5.59216
-5.59218
-5.5922
-5.59157
-5.59224
-5.59258
-5.5926
-5.5923
-5.59167
-5.59104
-5.59138
-5.5914
-5.59109
-5.59176
-5.59178
-5.5918
-5.59246
-5.59215
-5.59184
-5.59251
-5.5922
-5.59189
-5.59256
-5.59225
-5.59259
-5.59228
-5.59197
-5.59231
-5.59265
-5.59331
-5.59365
-5.59399
-5.59401
-5.59434
-5.59403
-5.5934
-5.59309
-5.5931
-5.59312
-5.5928
-5.59346
-5.59315
-5.59316
-5.59318
-5.59287
-5.5932
-5.59289
-5.59355
-5.59356
-5.59325
-5.59326
-5.59294
-5.59231
-5.59232
-5.59265
-5.59234
-5.59267
-5.59268
-5.59334
-5.5927
-5.59206
-5.59239
-5.59208
-5.59274
-5.59242
-5.59276
-5.59341
-5.59277
-5.59311
-5.59409
-5.59442
-5.59378
-5.59379
-5.5938
-5.59381
-5.59317
-5.59253
-5.59254
-5.5919
-5.59191
-5.59063
-5.59161
-5.59129
-5.59098
-5.59196
-5.5923
-5.59198
-5.59232
-5.59265
-5.59233
-5.59267
-5.593
-5.59333
-5.59334
-5.59237
-5.59271
-5.59271
-5.59337
-5.59337
-5.59435
-5.59435
-5.59403
-5.59435
-5.59435
-5.59403
-5.5937
-5.5937
-5.59369
-5.59336
-5.59335
-5.59334
-5.59397
-5.59396
-5.59297
-5.59198
-5.59229
-5.59227
-5.59192
-5.59157
-5.59187
-5.59184
-5.59148
-5.59016
-5.59012
-5.59009
-5.5907
-5.59066
-5.58997
-5.58992
-5.58956
-5.58983
-5.58979
-5.59006
-5.59001
-5.58996
-5.59088
-5.59083
-5.59077
-5.59136
-5.59131
-5.59222
-5.59281
-5.59275
-5.59205
-5.59199
-5.59193
-5.59188
-5.59149
-5.59111
-5.59138
-5.59164
-5.59094
-5.59088
-5.59115
-5.59174
-5.59071
-5.59098
-5.5906
-5.59023
-5.58985
-5.59013
-5.58975
-5.59003
-5.58998
-5.58994
-5.59054
-5.5905
-5.59013
-5.5901
-5.58973
-5.5897
-5.59031
-5.58963
-5.58927
-5.58892
-5.58954
-5.59016
-5.58949
-5.59011
-5.59041
-5.59006
-5.5894
-5.5897
-5.58936
-5.58902
-5.58901
-5.58899
-5.58898
-5.588
-5.58799
-5.58765
-5.58667
-5.58699
-5.58666
-5.58633
-5.586
-5.586
-5.586
-5.58568
-5.58535
-5.58503
-5.58471
-5.58439
-5.58439
-5.5844
-5.58441
-5.58441
-5.5841
-5.58411
-5.5838
-5.58446
-5.58382
-5.58351
-5.58353
-5.58452
-5.58551
-5.58585
-5.58587
-5.58557
-5.58689
-5.58756
-5.58759
-5.58826
-5.58764
-5.58735
-5.58771
-5.58709
-5.58713
-5.58717
-5.58688
-5.58724
-5.58761
-5.58798
-5.5877
-5.5884
-5.58845
-5.58817
-5.58888
-5.58829
-5.58867
-5.58905
-5.59008
-5.59046
-5.59117
-5.59156
-5.59163
-5.5917
-5.59177
-5.59184
-5.59223
-5.59263
-5.59368
-5.59311
-5.59318
-5.59261
-5.59269
-5.59277
-5.59253
-5.59326
-5.59301
-5.59277
-5.59253
-5.59229
-5.59269
-5.59213
-5.59221
-5.59261
-5.59269
-5.59277
-5.59285
-5.59325
-5.59365
-5.59373
-5.59445
-5.59517
-5.59525
-5.59597
-5.59636
-5.59675
-5.59682
-5.59656
-5.59629
-5.59603
-5.59674
-5.59679
-5.59717
-5.5969
-5.59662
-5.597
-5.59704
-5.59644
-5.59615
-5.59684
-5.5972
-5.59723
-5.59694
-5.59697
-5.597
-5.59702
-5.59736
-5.59803
-5.5974
-5.59709
-5.59743
-5.59744
-5.59777
-5.59713
-5.59681
-5.59714
-5.59747
-5.59811
-5.59779
-5.59844
-5.59843
-5.59843
-5.5981
-5.59842
-5.59906
-5.59938
-5.60034
-5.60066
-5.59935
-5.59967
-5.59901
-5.59868
-5.59867
-5.59899
-5.59866
-5.59865
-5.59929
-5.59929
-5.59928
-5.59895
-5.5983
-5.59797
-5.59765
-5.59732
-5.59765
-5.59764
-5.59764
-5.59797
-5.59764
-5.59797
-5.59797
-5.59797
-5.59797
-5.59796
-5.59828
-5.59861
-5.59828
-5.5986
-5.59892
-5.59859
-5.5989
-5.59921
-5.59855
-5.59821
-5.5969
-5.5972
-5.5975
-5.59812
-5.59777
-5.59741
-5.5977
-5.59765
-5.59793
-5.59821
-5.59783
-5.59745
-5.59707
-5.59603
-5.59597
-5.59687
-5.59712
-5.59704
-5.5963
-5.59654
-5.59548
-5.59539
-5.59432
-5.5939
-5.59412
-5.59336
-5.59293
-5.59282
-5.5927
-5.59291
-5.59279
-5.59234
-5.59286
-5.59274
-5.59326
-5.59313
-5.59333
-5.59288
-5.59307
-5.59326
-5.59313
-5.59398
-5.59385
-5.5934
-5.59262
-5.5925
-5.59205
-5.59225
-5.59278
-5.59266
-5.59254
-5.59372
-5.59361
-5.59414
-5.59404
-5.59329
-5.59286
-5.59276
-5.593
-5.59323
-5.59347
-5.59339
-5.59396
-5.59422
-5.59351
-5.59409
-5.59404
-5.59399
-5.59459
-5.59422
-5.59354
-5.59383
-5.59349
-5.59347
-5.59314
-5.59281
-5.59151
-5.59184
-5.59153
-5.59122
-5.59092
-5.59062
-5.59065
-5.59037
-5.59009
-5.58981
-5.58986
-5.58992
-5.59063
-5.5907
-5.59077
-5.59019
-5.5906
-5.591
-5.59109
-5.59182
-5.59256
-5.59331
-5.59308
-5.59286
-5.59231
-5.59176
-5.59187
-5.59197
-5.59208
-5.59186
-5.59165
-5.59143
-5.59186
-5.59197
-5.59111
-5.59186
-5.59164
-5.59207
-5.5925
-5.59292
-5.59367
-5.59442
-5.59386
-5.59396
-5.59372
-5.59446
-5.59487
-5.59398
-5.59438
-5.59413
-5.59453
-5.59493
-5.59565
-5.59571
-5.5961
-5.59615
-5.59621
-5.59626
-5.59631
-5.59635
-5.59607
-5.59611
-5.59582
-5.59617
-5.59685
-5.59752
-5.59787
-5.59789
-5.59791
-5.59792
-5.59793
-5.59762
-5.59762
-5.5973
-5.59763
-5.59795
-5.59827
-5.59858
-5.59857
-5.59889
-5.59887
-5.59788
-5.59754
-5.59752
-5.59749
-5.59747
-5.59776
-5.59709
-5.59641
-5.59605
-5.59602
-5.59598
-5.59627
-5.59558
-5.59586
-5.59518
-5.59449
-5.59412
-5.59473
-5.59436
-5.59431
-5.59459
-5.59519
-5.59514
-5.59445
-5.5944
-5.59468
-5.59398
-5.59426
-5.59389
-5.59384
-5.59412
-5.59375
-5.59435
-5.59463
-5.59426
-5.59455
-5.5945
-5.59414
-5.59378
-5.59406
-5.5937
-5.59366
-5.59395
-5.59424
-5.59485
-5.59514
-5.59511
-5.59411
-5.59441
-5.59438
-5.59403
-5.594
-5.59398
-5.59363
-5.5936
-5.59358
-5.59357
-5.59484
-5.59385
-5.59351
-5.5935
-5.59348
-5.59315
-5.59378
-5.59377
-5.59376
-5.59407
-5.59439
-5.59536
-5.59535
-5.59535
-5.59599
-5.59599
-5.59599
-5.59599
-5.59534
-5.59502
-5.59568
-5.59601
-5.59634
-5.59635
-5.59636
-5.59638
-5.59639
-5.59576
-5.59546
-5.59483
-5.59486
-5.59488
-5.59459
-5.59494
-5.59562
-5.59663
-5.59731
-5.59638
-5.59642
-5.59679
-5.59716
-5.59688
-5.59661
-5.59634
-5.59574
-5.59515
-5.59456
-5.59463
-5.59436
-5.59443
-5.59417
-5.59424
-5.59463
-5.59405
-5.5938
-5.59355
-5.5933
-5.59273
-5.59248
-5.59255
-5.5923
-5.59173
-5.59148
-5.59155
-5.59163
-5.59202
-5.59242
-5.59184
-5.59256
-5.59295
-5.59334
-5.59341
-5.5938
-5.59289
-5.59295
-5.59268
-5.59208
-5.59278
-5.59315
-5.59385
-5.59389
-5.5936
-5.59363
-5.59399
-5.59369
-5.59372
-5.59438
-5.5944
-5.59474
-5.59475
-5.59443
-5.59476
-5.59378
-5.59345
-5.59312
-5.59311
-5.59244
-5.59242
-5.59207
-5.59172
-5.59233
-5.59198
-5.59194
-5.5919
-5.59218
-5.59246
-5.59273
-5.59203
-5.59198
-5.59192
-5.59154
-5.59148
-5.59109
-5.59103
-5.59031
-5.58992
-5.5892
-5.58978
-5.58971
-5.58964
-5.58956
-5.58981
-5.58942
-5.58966
-5.59024
-5.59048
-5.59041
-5.59001
-5.58961
-5.58889
-5.58849
-5.58842
-5.58802
-5.58794
-5.58722
-5.58748
-5.58708
-5.58701
-5.58759
-5.5872
-5.58713
-5.58804
-5.58798
-5.58759
-5.58818
-5.58844
-5.58871
-5.58865
-5.58892
-5.58919
-5.58946
-5.58942
-5.58937
-5.58933
-5.58993
-5.59022
-5.59018
-5.59015
-5.59044
-5.59008
-5.59038
-5.59068
-5.58969
-5.58967
-5.58965
-5.58963
-5.58962
-5.58993
-5.59025
-5.59024
-5.58959
-5.58992
-5.59024
-5.59057
-5.59058
-5.59092
-5.59029
-5.58998
-5.58967
-5.5897
-5.59004
-5.59007
-5.5901
-5.58948
-5.59016
-5.59084
-5.59056
-5.59027
-5.59064
-5.59068
-5.59073
-5.5898
-5.59018
-5.59022
-5.58995
-5.59
-5.58941
-5.58914
-5.58952
-5.58958
-5.5906
-5.59034
-5.5904
-5.5911
-5.59148
-5.59187
-5.59192
-5.59166
-5.59204
-5.59177
-5.59248
-5.59253
-5.59194
-5.59134
-5.59172
-5.5921
-5.59247
-5.59252
-5.59257
-5.59261
-5.59298
-5.59303
-5.59307
-5.59311
-5.59315
-5.59287
-5.5929
-5.59294
-5.59362
-5.59365
-5.59336
-5.59371
-5.59341
-5.59376
-5.59314
-5.59283
-5.5935
-5.59384
-5.59386
-5.59387
-5.59291
-5.59325
-5.59293
-5.59294
-5.59327
-5.5936
-5.59392
-5.59425
-5.5949
-5.59489
-5.59489
-5.59489
-5.5952
-5.59422
-5.59486
-5.59518
-5.59484
-5.59483
-5.59449
-5.5948
-5.59381
-5.59347
-5.59313
-5.59279
-5.59277
-5.59274
-5.59272
-5.59335
-5.59332
-5.59298
-5.59295
-5.59292
-5.5929
-5.59255
-5.59187
-5.59216
-5.59246
-5.59275
-5.59272
-5.59205
-5.59137
-5.59134
-5.59131
-5.59063
-5.59059
-5.59121
-5.59118
-5.59147
-5.59176
-5.59205
-5.59202
-5.59166
-5.59098
-5.59062
-5.59058
-5.59087
-5.59116
-5.59177
-5.59141
-5.59008
-5.58972
-5.59
-5.59029
-5.59057
-5.58989
-5.59017
-5.59013
-5.59008
-5.59037
-5.58968
-5.58996
-5.58991
-5.58922
-5.58852
-5.58945
-5.58973
-5.58936
-5.58963
-5.58958
-5.58889
-5.58916
-5.58879
-5.58777
-5.58804
-5.58767
-5.58762
-5.58724
-5.58816
-5.58811
-5.58806
-5.58769
-5.58764
-5.58759
-5.58722
-5.58717
-5.58745
-5.5874
-5.58735
-5.58731
-5.58759
-5.58787
-5.58783
-5.58779
-5.58775
-5.58707
-5.58704
-5.58669
-5.58731
-5.58761
-5.58726
-5.58691
-5.58689
-5.5872
-5.58751
-5.58783
-5.5875
-5.5875
-5.58717
-5.58718
-5.58686
-5.5872
-5.58819
-5.58854
-5.58824
-5.58859
-5.58928
-5.58931
-5.58936
-5.5894
-5.58913
-5.58887
-5.58958
-5.58997
-5.59036
-5.59011
-5.59019
-5.59125
-5.59134
-5.59176
-5.59185
-5.59195
-5.59271
-5.59314
-5.59357
-5.59336
-5.59283
-5.59263
-5.5921
-5.59222
-5.59235
-5.59247
-5.5926
-5.5924
-5.5922
-5.59233
-5.59213
-5.59225
-5.59237
-5.59282
-5.59326
-5.59338
-5.59414
-5.59361
-5.5934
-5.59383
-5.59458
-5.59435
-5.59477
-5.59487
-5.59528
-5.59504
-5.59511
-5.59486
-5.59494
-5.59468
-5.59506
-5.59511
-5.59516
-5.59489
-5.59557
-5.59561
-5.59532
-5.5947
-5.59472
-5.59441
-5.59443
-5.59411
-5.59412
-5.5938
-5.59412
-5.59411
-5.59443
-5.59506
-5.59504
-5.59502
-5.59564
-5.59562
-5.59591
-5.59556
-5.59488
-5.59516
-5.59512
-5.59508
-5.59504
-5.59499
-5.59462
-5.59457
-5.59388
-5.5935
-5.59377
-5.59372
-5.59399
-5.59394
-5.5942
-5.59382
-5.59377
-5.59371
-5.59398
-5.59457
-5.59516
-5.59543
-5.59505
-5.59467
-5.59494
-5.59489
-5.59451
-5.59446
-5.59408
-5.59435
-5.59366
-5.59329
-5.59356
-5.59384
-5.59347
-5.59277
-5.59305
-5.59366
-5.59394
-5.5939
-5.59386
-5.59415
-5.59411
-5.59473
-5.59469
-5.59466
-5.59495
-5.5946
-5.59457
-5.59454
-5.59451
-5.59449
-5.59511
-5.59574
-5.59637
-5.59635
-5.59568
-5.59631
-5.59597
-5.59595
-5.59594
-5.59592
-5.59591
-5.59622
-5.59524
-5.59556
-5.5962
-5.59652
-5.59651
-5.59618
-5.59586
-5.59521
-5.59553
-5.5952
-5.59553
-5.59553
-5.59489
-5.59554
-5.59458
-5.5949
-5.59459
-5.59362
-5.59331
-5.59364
-5.59365
-5.59366
-5.59367
-5.59368
-5.59402
-5.59468
-5.5947
-5.59536
-5.59538
-5.59572
-5.59606
-5.59575
-5.59609
-5.59643
-5.59612
-5.59614
-5.59551
-5.59553
-5.59554
-5.59555
-5.59589
-5.59526
-5.59527
-5.59496
-5.59529
-5.59595
-5.59563
-5.59563
-5.59564
-5.59564
-5.59564
-5.59596
-5.59564
-5.59563
-5.59498
-5.59562
-5.59658
-5.59754
-5.59883
-5.59881
-5.59847
-5.59845
-5.59875
-5.5984
-5.59838
-5.59835
-5.59832
-5.59861
-5.59858
-5.59887
-5.59883
-5.59815
-5.59811
-5.59807
-5.59836
-5.59767
-5.59763
-5.59727
-5.59756
-5.59719
-5.59683
-5.59679
-5.59708
-5.59705
-5.59636
-5.59666
-5.59662
-5.5966
-5.59657
-5.59622
-5.59652
-5.5965
-5.59648
-5.59614
-5.59678
-5.59645
-5.59644
-5.59644
-5.59579
-5.59612
-5.59581
-5.59646
-5.5968
-5.5965
-5.59652
-5.59654
-5.59657
-5.59563
-5.59599
-5.59602
-5.59574
-5.59546
-5.59583
-5.59555
-5.5956
-5.59598
-5.59603
-5.59576
-5.5955
-5.59556
-5.59561
-5.59503
-5.59509
-5.59548
-5.59587
-5.59658
-5.596
-5.59606
-5.59548
-5.59521
-5.59592
-5.59566
-5.59604
-5.59642
-5.59713
-5.59718
-5.59723
-5.59728
-5.597
-5.59672
-5.59643
-5.59711
-5.59747
-5.59717
-5.59719
-5.59689
-5.59626
-5.5966
-5.59661
-5.59564
-5.59597
-5.59596
-5.59563
-5.59562
-5.59561
-5.59559
-5.59557
-5.5949
-5.59584
-5.59549
-5.59578
-5.59574
-5.59537
-5.59598
-5.59593
-5.59621
-5.59648
-5.59674
-5.59669
-5.59663
-5.59592
-5.5952
-5.59514
-5.59539
-5.59597
-5.5959
-5.5955
-5.59542
-5.59535
-5.59592
-5.59487
-5.59512
-5.59472
-5.59496
-5.59553
-5.59545
-5.59505
-5.5953
-5.59554
-5.59417
-5.59409
-5.59466
-5.59459
-5.59386
-5.59347
-5.59372
-5.59332
-5.59324
-5.5935
-5.59375
-5.59401
-5.59524
-5.59453
-5.59414
-5.59441
-5.59435
-5.59429
-5.59456
-5.59484
-5.59479
-5.59474
-5.59503
-5.59499
-5.5956
-5.59524
-5.59522
-5.59519
-5.59452
-5.59418
-5.59416
-5.59415
-5.59382
-5.59317
-5.59252
-5.5922
-5.59221
-5.59222
-5.59191
-5.5916
-5.59195
-5.59197
-5.59167
-5.59171
-5.59142
-5.59081
-5.59052
-5.59057
-5.59126
-5.59164
-5.59137
-5.59142
-5.59148
-5.59121
-5.59127
-5.59166
-5.59172
-5.59211
-5.59251
-5.5929
-5.59297
-5.59272
-5.59279
-5.59124
-5.59132
-5.59042
-5.5905
-5.59057
-5.59129
-5.59104
-5.59047
-5.59184
-5.59127
-5.59102
-5.59142
-5.59182
-5.5919
-5.59132
-5.59172
-5.59179
-5.59186
-5.59193
-5.59265
-5.59304
-5.59279
-5.59318
-5.59325
-5.59331
-5.59338
-5.59312
-5.59188
-5.59194
-5.59233
-5.59238
-5.59244
-5.59314
-5.59319
-5.59389
-5.59362
-5.59399
-5.59469
-5.59505
-5.5951
-5.59514
-5.59486
-5.59554
-5.59622
-5.59593
-5.59564
-5.59567
-5.5957
-5.5954
-5.5951
-5.59512
-5.59416
-5.5945
-5.59483
-5.59419
-5.59355
-5.59421
-5.59388
-5.59356
-5.59355
-5.59354
-5.59255
-5.59319
-5.59349
-5.59347
-5.59312
-5.59309
-5.59371
-5.59367
-5.59364
-5.59392
-5.5942
-5.59448
-5.5941
-5.59405
-5.59432
-5.59523
-5.5955
-5.59641
-5.59635
-5.59628
-5.59653
-5.59614
-5.59606
-5.59599
-5.59623
-5.59583
-5.59575
-5.59599
-5.59623
-5.59615
-5.59671
-5.59662
-5.59685
-5.59644
-5.59635
-5.59594
-5.59553
-5.59479
-5.5947
-5.59429
-5.59356
-5.59314
-5.59338
-5.59362
-5.59353
-5.59345
-5.59369
-5.59361
-5.59256
-5.59313
-5.59338
-5.59299
-5.59259
-5.59285
-5.59246
-5.59175
-5.59169
-5.59196
-5.59223
-5.59218
-5.59181
-5.59176
-5.5914
-5.59136
-5.591
-5.59097
-5.59159
-5.59125
-5.59123
-5.59122
-5.59121
-5.59152
-5.59152
-5.59217
-5.59218
-5.59283
-5.59252
-5.59222
-5.59257
-5.5926
-5.59295
-5.59331
-5.5927
-5.59242
-5.59279
-5.59284
-5.5929
-5.59295
-5.59334
-5.59372
-5.59379
-5.59354
-5.59361
-5.59401
-5.59344
-5.59255
-5.5923
-5.59239
-5.5928
-5.59256
-5.59264
-5.59273
-5.59185
-5.59161
-5.59009
-5.59083
-5.59092
-5.59068
-5.59142
-5.59118
-5.59159
-5.592
-5.59177
-5.59185
-5.59096
-5.59137
-5.59177
-5.5912
-5.59062
-5.59069
-5.59108
-5.5918
-5.59186
-5.59257
-5.59295
-5.59301
-5.59338
-5.59311
-5.59251
-5.59222
-5.59226
-5.5923
-5.59266
-5.59237
-5.59207
-5.59145
-5.59147
-5.59149
-5.59118
-5.59119
-5.5912
-5.59089
-5.59089
-5.59122
-5.5909
-5.5909
-5.59219
-5.59186
-5.59121
-5.59185
-5.59249
-5.59248
-5.59215
-5.59246
-5.59213
-5.59211
-5.59145
-5.59111
-5.59142
-5.59076
-5.59106
-5.59137
-5.59135
-5.59134
-5.59132
-5.5913
-5.59225
-5.59256
-5.59287
-5.59285
-5.59283
-5.59249
-5.59279
-5.59245
-5.59275
-5.59306
-5.59336
-5.59399
-5.59429
-5.59395
-5.59328
-5.59293
-5.59161
-5.59159
-5.59156
-5.59153
-5.59053
-5.59082
-5.59111
-5.59076
-5.59072
-5.59166
-5.59129
-5.59126
-5.59089
-5.59021
-5.59081
-5.58915
-5.58911
-5.58874
-5.58934
-5.58897
-5.58957
-5.58953
-5.58948
-5.58975
-5.58971
-5.58966
-5.59026
-5.59053
-5.59114
-5.59076
-5.59072
-5.59067
-5.5903
-5.58994
-5.5899
-5.59018
-5.59014
-5.5901
-5.58975
-5.58907
-5.58936
-5.58901
-5.59028
-5.59026
-5.59024
-5.59022
-5.58956
-5.58922
-5.58921
-5.58953
-5.5892
-5.58888
-5.58888
-5.58921
-5.58889
-5.5889
-5.58956
-5.59023
-5.59057
-5.59124
-5.59159
-5.59129
-5.59132
-5.59167
-5.59106
-5.59077
-5.59113
-5.59085
-5.59056
-5.59028
-5.59033
-5.58972
-5.59009
-5.5895
-5.5889
-5.58895
-5.58997
-5.59002
-5.58975
-5.5898
-5.58953
-5.58926
-5.58931
-5.58969
-5.58974
-5.58947
-5.58888
-5.58893
-5.58866
-5.58904
-5.58909
-5.58947
-5.58919
-5.58892
-5.58832
-5.58836
-5.58873
-5.58878
-5.58882
-5.58854
-5.5889
-5.58926
-5.58994
-5.58997
-5.58968
-5.59101
-5.59071
-5.58977
-5.58979
-5.59013
-5.59047
-5.59081
-5.59147
-5.59116
-5.59182
-5.5915
-5.59313
-5.59313
-5.59345
-5.59215
-5.5928
-5.59246
-5.59245
-5.59244
-5.59274
-5.59272
-5.59206
-5.59138
-5.59168
-5.5923
-5.59195
-5.59159
-5.59188
-5.59217
-5.5918
-5.59176
-5.5914
-5.59135
-5.59163
-5.59093
-5.59089
-5.59084
-5.59079
-5.59041
-5.59003
-5.58965
-5.5896
-5.58922
-5.58852
-5.58814
-5.58711
-5.58738
-5.58797
-5.58824
-5.58883
-5.58845
-5.58872
-5.58932
-5.58959
-5.59018
-5.59013
-5.59008
-5.591
-5.59095
-5.59123
-5.59215
-5.59243
-5.59142
-5.59105
-5.59069
-5.59065
-5.59061
-5.5909
-5.59087
-5.59117
-5.58985
-5.59014
-5.5898
-5.58978
-5.59008
-5.59006
-5.59005
-5.59003
-5.5897
-5.58936
-5.58936
-5.58903
-5.58935
-5.58935
-5.59032
-5.59097
-5.59131
-5.59131
-5.591
-5.59166
-5.59168
-5.59201
-5.59171
-5.5914
-5.5911
-5.59113
-5.59115
-5.59118
-5.59088
-5.59091
-5.59094
-5.59032
-5.59068
-5.59104
-5.59108
-5.59047
-5.5905
-5.59022
-5.59026
-5.5903
-5.59034
-5.5907
-5.59075
-5.59112
-5.59181
-5.59185
-5.59157
-5.59162
-5.59134
-5.59171
-5.59208
-5.5918
-5.59119
-5.59124
-5.59063
-5.59067
-5.59039
-5.59076
-5.5908
-5.59084
-5.59022
-5.59026
-5.59062
-5.59162
-5.59165
-5.592
-5.59138
-5.59172
-5.59239
-5.59273
-5.59275
-5.59309
-5.59342
-5.59408
-5.59376
-5.59279
-5.59182
-5.59246
-5.5931
-5.59277
-5.59308
-5.59338
-5.59272
-5.59334
-5.59364
-5.59296
-5.5926
-5.59289
-5.59317
-5.59313
-5.59244
-5.59239
-5.59202
-5.59165
-5.59159
-5.59121
-5.59147
-5.59174
-5.592
-5.59161
-5.59187
-5.59115
-5.59141
-5.59264
-5.59224
-5.59152
-5.59145
-5.59138
-5.59196
-5.59189
-5.59181
-5.59174
-5.59167
-5.59192
-5.59218
-5.59243
-5.59269
-5.5923
-5.59158
-5.59119
-5.59145
-5.59139
-5.59133
-5.5916
-5.59154
-5.59117
-5.59111
-5.59074
-5.59037
-5.59032
-5.59028
-5.59023
-5.58955
-5.58951
-5.58915
-5.5888
-5.58877
-5.5894
-5.58905
-5.58871
-5.58836
-5.58932
-5.58963
-5.58962
-5.59026
-5.58994
-5.58961
-5.58928
-5.58929
-5.58962
-5.58995
-5.58963
-5.58997
-5.58966
-5.59001
-5.59003
-5.5907
-5.59105
-5.59108
-5.59079
-5.59114
-5.59086
-5.59025
-5.59029
-5.58968
-5.58908
-5.58945
-5.58983
-5.59053
-5.59026
-5.58999
-5.58972
-5.58946
-5.58888
-5.58926
-5.589
-5.58875
-5.58882
-5.58856
-5.58863
-5.58774
-5.58781
-5.58724
-5.58764
-5.58803
-5.58843
-5.58819
-5.58826
-5.58866
-5.58841
-5.58848
-5.58888
-5.58895
-5.58903
-5.58942
-5.58982
-5.58988
-5.5893
-5.58937
-5.59041
-5.58982
-5.59021
-5.58994
-5.59
-5.59006
-5.58979
-5.58952
-5.58957
-5.58961
-5.58966
-5.58906
-5.58942
-5.58946
-5.58885
-5.58921
-5.58925
-5.5896
-5.58931
-5.58902
-5.58872
-5.58875
-5.58877
-5.58879
-5.58914
-5.58948
-5.58917
-5.58887
-5.58856
-5.58857
-5.58826
-5.58827
-5.5886
-5.58861
-5.58862
-5.5883
-5.5883
-5.58862
-5.58927
-5.5883
-5.58797
-5.58797
-5.58764
-5.58795
-5.58827
-5.58858
-5.58889
-5.58888
-5.58854
-5.58853
-5.58916
-5.58914
-5.58913
-5.58846
-5.58844
-5.58841
-5.58839
-5.58804
-5.58834
-5.58832
-5.58829
-5.58859
-5.58888
-5.5895
-5.58915
-5.58879
-5.58941
-5.5897
-5.58967
-5.58964
-5.58993
-5.59217
-5.59149
-5.59146
-5.59046
-5.59042
-5.59007
-5.58971
-5.58936
-5.58998
-5.58898
-5.5883
-5.58828
-5.58825
-5.58758
-5.58788
-5.58818
-5.58783
-5.58781
-5.58811
-5.58874
-5.58904
-5.58903
-5.58966
-5.58965
-5.58964
-5.58962
-5.58994
-5.58993
-5.58992
-5.59056
-5.58991
-5.5899
-5.5899
-5.5899
-5.59022
-5.59022
-5.59022
-5.59087
-5.59055
-5.59023
-5.59024
-5.5909
-5.59155
-5.59188
-5.59222
-5.59223
-5.5916
-5.59193
-5.59194
-5.59228
-5.59197
-5.59231
-5.59265
-5.59267
-5.59268
-5.59238
-5.59239
-5.59241
-5.59275
-5.59309
-5.59311
-5.59313
-5.59314
-5.59349
-5.59415
-5.5945
-5.59484
-5.59486
-5.5952
-5.5949
-5.59491
-5.59461
-5.59463
-5.59497
-5.59466
-5.59436
-5.59438
-5.59504
-5.59571
-5.59573
-5.59575
-5.5948
-5.59449
-5.59419
-5.59356
-5.59357
-5.59359
-5.59361
-5.59395
-5.59461
-5.59463
-5.59497
-5.59433
-5.59403
-5.59501
-5.5947
-5.59471
-5.59537
-5.59603
-5.59636
-5.59572
-5.5954
-5.59508
-5.59541
-5.59573
-5.59605
-5.59605
-5.59605
-5.59637
-5.59604
-5.5957
-5.59569
-5.59536
-5.59534
-5.59565
-5.59531
-5.59529
-5.5956
-5.59493
-5.59523
-5.59553
-5.59518
-5.59548
-5.59545
-5.59542
-5.59603
-5.59535
-5.595
-5.59431
-5.59428
-5.59392
-5.59388
-5.59417
-5.59478
-5.59474
-5.5934
-5.59336
-5.59332
-5.59264
-5.5926
-5.59223
-5.59187
-5.59216
-5.59244
-5.59208
-5.59205
-5.59266
-5.59359
-5.59356
-5.59353
-5.59349
-5.59346
-5.59311
-5.59275
-5.59272
-5.5927
-5.59234
-5.592
-5.59197
-5.59227
-5.59225
-5.59223
-5.59188
-5.59187
-5.5912
-5.59119
-5.59182
-5.59245
-5.59244
-5.59243
-5.59274
-5.59176
-5.59175
-5.59206
-5.59173
-5.5914
-5.59107
-5.59106
-5.59073
-5.5904
-5.5904
-5.59007
-5.59006
-5.58908
-5.58876
-5.58908
-5.58907
-5.59003
-5.59068
-5.59099
-5.59163
-5.59195
-5.59194
-5.59161
-5.59159
-5.59191
-5.59222
-5.59188
-5.5909
-5.59056
-5.59087
-5.59086
-5.59052
-5.59115
-5.59081
-5.59111
-5.5898
-5.58946
-5.58976
-5.58942
-5.58875
-5.5884
-5.58806
-5.58868
-5.58866
-5.58864
-5.58861
-5.58794
-5.58792
-5.58789
-5.58819
-5.58752
-5.58718
-5.58683
-5.58681
-5.58711
-5.58709
-5.58707
-5.5877
-5.58801
-5.58767
-5.58765
-5.58797
-5.58763
-5.58892
-5.58891
-5.58891
-5.58826
-5.58793
-5.58826
-5.58826
-5.58827
-5.58795
-5.58732
-5.58733
-5.58702
-5.58736
-5.58706
-5.58708
-5.58743
-5.58779
-5.58814
-5.5885
-5.58854
-5.58793
-5.5883
-5.58867
-5.58936
-5.59006
-5.58979
-5.58984
-5.5912
-5.59093
-5.59164
-5.59138
-5.59145
-5.59119
-5.59126
-5.591
-5.5914
-5.59244
-5.59219
-5.59226
-5.59299
-5.59338
-5.5941
-5.59385
-5.59392
-5.59399
-5.59406
-5.59413
-5.59387
-5.59394
-5.59465
-5.59471
-5.59477
-5.59451
-5.59456
-5.59429
-5.59466
-5.59471
-5.59475
-5.59479
-5.59548
-5.59583
-5.59619
-5.59654
-5.59657
-5.59724
-5.59725
-5.59792
-5.59858
-5.59826
-5.59762
-5.5973
-5.5973
-5.59826
-5.59794
-5.59793
-5.59759
-5.5979
-5.59756
-5.59689
-5.59719
-5.59717
-5.59649
-5.59549
-5.59579
-5.59511
-5.59475
-5.59471
-5.59499
-5.59463
-5.59362
-5.59326
-5.59354
-5.59382
-5.59377
-5.59373
-5.59368
-5.59396
-5.59359
-5.59355
-5.59318
-5.59313
-5.59308
-5.59271
-5.59234
-5.5923
-5.59225
-5.5922
-5.59248
-5.59244
-5.59207
-5.59171
-5.59166
-5.5913
-5.59061
-5.58961
-5.58989
-5.58986
-5.58918
-5.58947
-5.58943
-5.5894
-5.58905
-5.58967
-5.58997
-5.59027
-5.59025
-5.59023
-5.59021
-5.59019
-5.59017
-5.59113
-5.59079
-5.59078
-5.59077
-5.59044
-5.59075
-5.59107
-5.59138
-5.59138
-5.59105
-5.59072
-5.59072
-5.5904
-5.59007
-5.59039
-5.59039
-5.5891
-5.58878
-5.58911
-5.58911
-5.58879
-5.58944
-5.58945
-5.58945
-5.58881
-5.58979
-5.59012
-5.59045
-5.59111
-5.5908
-5.59081
-5.59081
-5.59082
-5.59019
-5.58955
-5.59021
-5.58958
-5.58959
-5.58928
-5.58994
-5.58931
-5.58868
-5.58902
-5.58936
-5.58905
-5.58907
-5.58844
-5.58846
-5.58848
-5.58883
-5.58917
-5.58952
-5.58987
-5.58957
-5.58927
-5.58865
-5.58933
-5.58903
-5.58906
-5.58973
-5.58976
-5.58979
-5.59014
-5.59049
-5.5902
-5.59023
-5.58961
-5.58964
-5.58967
-5.59067
-5.59102
-5.59104
-5.5914
-5.5911
-5.59047
-5.5905
-5.59149
-5.59119
-5.59089
-5.5909
-5.59124
-5.59093
-5.59062
-5.59128
-5.59097
-5.59098
-5.59131
-5.59163
-5.59131
-5.59099
-5.59099
-5.59001
-5.58969
-5.59033
-5.58999
-5.58998
-5.59062
-5.59028
-5.59059
-5.59122
-5.59121
-5.59183
-5.59214
-5.59147
-5.59145
-5.59078
-5.59075
-5.59041
-5.59038
-5.59003
-5.59001
-5.59031
-5.59028
-5.59026
-5.59024
-5.59054
-5.59052
-5.5905
-5.59177
-5.59143
-5.59141
-5.59205
-5.59171
-5.59202
-5.59169
-5.59168
-5.59168
-5.59168
-5.59168
-5.592
-5.59168
-5.59169
-5.59138
-5.59139
-5.5914
-5.59175
-5.59274
-5.59309
-5.59312
-5.59315
-5.59318
-5.59386
-5.59325
-5.59297
-5.59268
-5.59273
-5.59277
-5.59282
-5.59319
-5.59291
-5.59232
-5.59269
-5.59274
-5.59279
-5.59252
-5.59193
-5.59198
-5.59235
-5.59273
-5.59278
-5.5925
-5.59222
-5.59194
-5.59264
-5.593
-5.59336
-5.59502
-5.59505
-5.59508
-5.59608
-5.59546
-5.59418
-5.59517
-5.5955
-5.59518
-5.59584
-5.59583
-5.59615
-5.59582
-5.59548
-5.59547
