0.800399
0.801238
0.802056
0.802851
0.803619
0.80436
0.80507
0.805747
0.806388
0.806991
0.807551
0.808068
0.808537
0.808957
0.809326
0.809641
0.809899
0.8101
0.81024
0.810317
0.810331
0.810279
0.810158
0.809968
0.809706
0.809372
0.808963
0.808478
0.807917
0.807279
0.806565
0.805774
0.804906
0.80396
0.802937
0.801837
0.800662
0.799412
0.798091
0.796699
0.79524
0.793716
0.792131
0.790487
0.78879
0.787041
0.785248
0.783416
0.781548
0.779652
0.777732
0.775795
0.773849
0.771899
0.769952
0.768015
0.766096
0.764202
0.76234
0.760519
0.758744
0.757023
0.755364
0.753773
0.752256
0.750821
0.749473
0.748218
0.74706
0.746007
0.745061
0.744226
0.743507
0.742907
0.742426
0.742068
0.741834
0.741725
0.74174
0.741878
0.74214
0.742524
0.743028
0.743648
0.744383
0.745228
0.74618
0.747233
0.748384
0.749628
0.75096
0.752373
0.753863
0.755422
0.757046
0.758727
0.76046
0.762238
0.764055
0.765906
0.767782
0.769682
0.771598
0.773525
0.775455
0.777385
0.779309
0.781221
0.783117
0.784992
0.786844
0.788668
0.79046
0.792217
0.793936
0.795613
0.797246
0.798835
0.800377
0.80187
0.803312
0.804701
0.806037
0.807316
0.808537
0.809701
0.810805
0.81185
0.812836
0.813761
0.814625
0.815427
0.816168
0.816845
0.817459
0.818011
0.8185
0.818927
0.81929
0.819592
0.819831
0.820008
0.820124
0.82018
0.820176
0.820113
0.819992
0.819813
0.819578
0.819288
0.818944
0.818549
0.818103
0.817607
0.817063
0.816473
0.815839
0.815163
0.814445
0.813688
0.812894
0.812066
0.811205
0.810316
0.809399
0.808457
0.807492
0.806507
0.805501
0.804477
0.803437
0.802383
0.801317
0.800242
0.799158
0.798067
0.796971
0.79587
0.794767
0.793661
0.792554
0.791447
0.790342
0.789236
0.788133
0.787031
0.785932
0.784834
0.78374
0.782648
0.781558
0.780471
0.779388
0.778308
0.777229
0.776151
0.775074
0.773997
0.77292
0.771842
0.770762
0.769681
0.768598
0.767511
0.76642
0.765325
0.764224
0.763117
0.762004
0.760884
0.759756
0.75862
0.757475
0.756323
0.755161
0.75399
0.75281
0.75162
0.75042
0.749211
0.747992
0.746764
0.745526
0.744279
0.743023
0.741759
0.740487
0.739207
0.73792
0.736626
0.735326
0.734021
0.732711
0.731399
0.730083
0.728766
0.727448
0.726131
0.724816
0.723506
0.722202
0.720905
0.719614
0.718331
0.717058
0.715797
0.71455
0.713318
0.712101
0.710902
0.709723
0.708565
0.707431
0.706322
0.70524
0.704187
0.703165
0.702176
0.701222
0.700305
0.699428
0.698591
0.697797
0.697048
0.696346
0.695691
0.695086
0.694534
0.694036
0.693593
0.693207
0.69288
0.692614
0.692409
0.692267
0.69219
0.692179
0.692236
0.69236
0.692554
0.692819
0.693154
0.693561
0.694039
0.694592
0.695218
0.695916
0.696686
0.697529
0.698444
0.69943
0.700487
0.701612
0.702805
0.704064
0.705389
0.706778
0.70823
0.709741
0.71131
0.712934
0.714611
0.716339
0.718116
0.719938
0.721804
0.72371
0.725653
0.72763
0.729638
0.731674
0.733735
0.735817
0.737918
0.740035
0.742165
0.744304
0.746448
0.748595
0.750741
0.752883
0.755017
0.757142
0.759255
0.761351
0.76343
0.765489
0.767524
0.769535
0.771518
0.77347
0.775391
0.777278
0.779128
0.78094
0.782714
0.784446
0.786135
0.78778
0.789382
0.790938
0.792447
0.793909
0.795322
0.796686
0.798
0.799264
0.800477
0.801641
0.802755
0.803819
0.804832
0.805795
0.806708
0.807572
0.808387
0.809152
0.809869
0.810538
0.81116
0.811735
0.812263
0.812747
0.813187
0.813584
0.813938
0.814249
0.814519
0.81475
0.814941
0.815093
0.815207
0.815284
0.815324
0.815329
0.815298
0.815233
0.815134
0.815002
0.814837
0.814642
0.814415
0.814157
0.81387
0.813555
0.813211
0.81284
0.81244
0.812014
0.811561
0.811082
0.810577
0.810046
0.80949
0.808911
0.808308
0.807682
0.807034
0.806364
0.805672
0.804959
0.804226
0.803473
0.802703
0.801914
0.801106
0.800282
0.799441
0.798585
0.797715
0.796831
0.795934
0.795024
0.794103
0.79317
0.792228
0.791276
0.790317
0.789352
0.788381
0.787404
0.786422
0.785437
0.784449
0.783461
0.782474
0.781489
0.780504
0.779523
0.778546
0.777573
0.776606
0.775646
0.774694
0.77375
0.772815
0.77189
0.770975
0.770072
0.769182
0.768308
0.767449
0.766606
0.765778
0.764969
0.764178
0.763408
0.762658
0.761928
0.761218
0.760531
0.759867
0.759227
0.75861
0.758019
0.757454
0.756915
0.756404
0.755921
0.755466
0.75504
0.754643
0.754276
0.753938
0.753631
0.753355
0.75311
0.752897
0.752716
0.752567
0.752449
0.752363
0.752309
0.752287
0.752297
0.752338
0.752411
0.752514
0.752647
0.752811
0.753005
0.75323
0.753484
0.753767
0.754077
0.754415
0.754781
0.755173
0.75559
0.756031
0.756496
0.756984
0.757494
0.758026
0.75858
0.759154
0.759747
0.76036
0.760989
0.761636
0.762298
0.762975
0.763666
0.76437
0.765087
0.765816
0.766556
0.767307
0.768066
0.768833
0.769607
0.770387
0.771172
0.771961
0.772752
0.773546
0.77434
0.775136
0.775931
0.776724
0.777515
0.7783
0.779079
0.77985
0.780614
0.781369
0.782113
0.782845
0.783564
0.784267
0.784953
0.785621
0.786269
0.786895
0.787499
0.788079
0.788634
0.789162
0.789664
0.790136
0.790579
0.79099
0.791369
0.791714
0.792026
0.792302
0.792542
0.792745
0.792909
0.793035
0.793122
0.793168
0.793173
0.793137
0.793058
0.792938
0.792775
0.792571
0.792325
0.792037
0.791707
0.791335
0.790923
0.790471
0.789979
0.789446
0.788874
0.788264
0.787618
0.786935
0.786215
0.78546
0.784671
0.783848
0.782993
0.782108
0.781192
0.780247
0.779274
0.778275
0.77725
0.776201
0.775129
0.774036
0.772921
0.771787
0.770635
0.769466
0.768281
0.767083
0.765872
0.76465
0.763418
0.762177
0.760928
0.759673
0.758412
0.757146
0.755877
0.754606
0.753333
0.752059
0.750784
0.74951
0.748238
0.746967
0.745701
0.744438
0.74318
0.741926
0.740678
0.739437
0.738202
0.736975
0.735754
0.73454
0.733335
0.732139
0.730951
0.72977
0.728596
0.727429
0.72627
0.72512
0.723976
0.722839
0.72171
0.720589
0.719475
0.718369
0.717271
0.716179
0.715095
0.714018
0.71295
0.71189
0.710839
0.709797
0.708765
0.707742
0.706729
0.705724
0.704729
0.703743
0.702767
0.701802
0.700849
0.699908
0.69898
0.698065
0.697164
0.696277
0.695407
0.694553
0.693717
0.692899
0.692101
0.691323
0.690565
0.68983
0.689117
0.688429
0.687765
0.687127
0.686515
0.685931
0.685376
0.684849
0.684353
0.683889
0.683457
0.683058
0.682693
0.682363
0.682068
0.681808
0.681586
0.681401
0.681253
0.681145
0.681075
0.681045
0.681055
0.681106
0.681197
0.68133
0.681505
0.681721
0.681978
0.682275
0.682614
0.682993
0.683414
0.683876
0.684378
0.684921
0.685504
0.686127
0.68679
0.687492
0.688234
0.689016
0.689837
0.690697
0.691596
0.692533
0.693507
0.694521
0.695572
0.696662
0.697791
0.698957
0.700161
0.701403
0.702681
0.703997
0.705349
0.706738
0.708163
0.709626
0.711127
0.712664
0.714238
0.715848
0.717493
0.719175
0.720892
0.722644
0.724431
0.726253
0.728109
0.729999
0.731924
0.733881
0.735872
0.737894
0.739948
0.742035
0.744151
0.746296
0.74847
0.750671
0.752897
0.755148
0.757423
0.759719
0.762037
0.764374
0.76673
0.769103
0.771489
0.77389
0.776302
0.778724
0.781154
0.783589
0.786028
0.78847
0.790912
0.793351
0.795784
0.798211
0.800629
0.803034
0.805424
0.807798
0.810154
0.812489
0.814801
0.817087
0.819345
0.821572
0.823766
0.825924
0.828045
0.830128
0.83217
0.834169
0.836123
0.838029
0.839885
0.84169
0.843441
0.845137
0.846776
0.848356
0.849876
0.851335
0.85273
0.854062
0.855327
0.856527
0.857659
0.858724
0.859718
0.860641
0.861494
0.862275
0.862982
0.863616
0.864176
0.864661
0.865069
0.865402
0.86566
0.865841
0.865946
0.865974
0.865927
0.865805
0.865606
0.865332
0.864983
0.864559
0.864061
0.863488
0.862843
0.862125
0.861337
0.860477
0.859546
0.858546
0.857475
0.856337
0.855131
0.85386
0.852526
0.851128
0.849669
0.84815
0.846573
0.844937
0.843246
0.841502
0.839704
0.837855
0.835957
0.834013
0.832025
0.829993
0.827921
0.825811
0.823663
0.821481
0.819266
0.817021
0.814748
0.812449
0.810126
0.807782
0.80542
0.803042
0.800652
0.79825
0.795841
0.793426
0.79101
0.788594
0.786181
0.783773
0.781373
0.778984
0.776609
0.77425
0.77191
0.769593
0.7673
0.765036
0.762803
0.760603
0.758439
0.756314
0.754229
0.752187
0.750191
0.748245
0.746348
0.744503
0.742713
0.740977
0.739299
0.737681
0.736124
0.734628
0.733195
0.731827
0.730525
0.72929
0.728122
0.727022
0.725991
0.725027
0.724131
0.723303
0.722543
0.72185
0.721224
0.720665
0.720172
0.719743
0.719377
0.719072
0.718827
0.718641
0.718511
0.718437
0.718416
0.718447
0.718528
0.718656
0.71883
0.719047
0.719304
0.7196
0.719933
0.7203
0.720698
0.721123
0.721574
0.722047
0.722539
0.723049
0.723574
0.724111
0.724657
0.725211
0.725769
0.726329
0.726887
0.727442
0.727992
0.728534
0.729065
0.729583
0.730087
0.730575
0.731044
0.731492
0.731918
0.732319
0.732695
0.733043
0.733362
0.733651
0.733909
0.734135
0.734328
0.734488
0.734612
0.7347
0.734753
0.734769
0.73475
0.734693
0.7346
0.734471
0.734306
0.734105
0.733869
0.733597
0.733292
0.732952
0.732579
0.732174
0.731738
0.731271
0.730777
0.730255
0.729707
0.729133
0.728535
0.727916
0.727278
0.726622
0.725948
0.725259
0.724555
0.723839
0.723114
0.72238
0.721639
0.720893
0.720145
0.719396
0.718648
0.717902
0.717161
0.716428
0.715705
0.714992
0.714293
0.713608
0.712938
0.712286
0.711653
0.711042
0.710453
0.70989
0.709351
0.708839
0.708354
0.707897
0.70747
0.707073
0.706707
0.706375
0.706076
0.705811
0.705581
0.705385
0.705225
0.705099
0.705009
0.704954
0.704934
0.70495
0.705002
0.70509
0.705211
0.705367
0.705558
0.705782
0.706039
0.706329
0.706651
0.707005
0.707388
0.707801
0.708243
0.708714
0.709213
0.709739
0.71029
0.710868
0.711469
0.712094
0.712741
0.713412
0.714104
0.714818
0.715551
0.716305
0.717077
0.717868
0.718677
0.719503
0.720346
0.721204
0.722078
0.722967
0.723871
0.724789
0.725721
0.726667
0.727627
0.728601
0.729586
0.730584
0.731593
0.732614
0.733648
0.734693
0.73575
0.736818
0.737897
0.738987
0.740088
0.741198
0.742318
0.743448
0.744587
0.745734
0.746891
0.748055
0.749227
0.750406
0.751591
0.752782
0.753978
0.755178
0.756382
0.757589
0.758798
0.760007
0.761216
0.762424
0.76363
0.764832
0.766029
0.76722
0.768402
0.769576
0.77074
0.771892
0.773031
0.774155
0.775262
0.776352
0.777423
0.778472
0.779499
0.780502
0.781481
0.782433
0.783356
0.78425
0.785112
0.785942
0.786738
0.7875
0.788226
0.788916
0.789569
0.790184
0.79076
0.791298
0.791797
0.792255
0.792672
0.793048
0.793383
0.793678
0.793934
0.79415
0.794327
0.794465
0.794568
0.794635
0.794667
0.794665
0.794631
0.794567
0.794472
0.794349
0.7942
0.794026
0.793829
0.79361
0.793373
0.793118
0.792847
0.792563
0.792269
0.791966
0.791657
0.791343
0.791025
0.790706
0.790387
0.790071
0.789759
0.789453
0.789153
0.78886
0.788575
0.7883
0.788037
0.787784
0.787544
0.787317
0.787104
0.786904
0.786719
0.786549
0.786393
0.786252
0.786125
0.786011
0.785911
0.785824
0.785749
0.785684
0.78563
0.785585
0.785549
0.785521
0.785499
0.785481
0.785467
0.785457
0.78545
0.785445
0.785439
0.785431
0.78542
0.785405
0.785384
0.785358
0.785324
0.785282
0.78523
0.785168
0.785095
0.78501
0.784912
0.784801
0.784675
0.784534
0.784378
0.784207
0.78402
0.783817
0.783596
0.783358
0.783103
0.782831
0.782542
0.782235
0.781912
0.781571
0.781212
0.780837
0.780445
0.780037
0.779614
0.779175
0.778722
0.778257
0.777778
0.777287
0.776783
0.776268
0.775742
0.775207
0.774664
0.774112
0.773553
0.772988
0.772419
0.771845
0.771268
0.77069
0.770111
0.769532
0.768954
0.768379
0.767809
0.767244
0.766686
0.766138
0.765598
0.765068
0.76455
0.764046
0.763557
0.763085
0.76263
0.762193
0.761775
0.761377
0.760999
0.760643
0.76031
0.760002
0.759719
0.759463
0.759234
0.759033
0.758859
0.758715
0.7586
0.758516
0.758461
0.758439
0.758448
0.758491
0.758565
0.758672
0.758811
0.758982
0.759185
0.759418
0.759683
0.759979
0.760304
0.760659
0.761043
0.761454
0.761893
0.762358
0.762848
0.763362
0.763899
0.764458
0.76504
0.765641
0.76626
0.766896
0.767547
0.768213
0.768892
0.769582
0.77028
0.770985
0.771695
0.772408
0.773124
0.77384
0.774554
0.775265
0.775969
0.776665
0.777351
0.778026
0.778687
0.779334
0.779965
0.780578
0.781171
0.781742
0.782289
0.782811
0.783306
0.783773
0.784211
0.784619
0.784995
0.785337
0.785645
0.785918
0.786156
0.786357
0.78652
0.786646
0.786734
0.786782
0.786792
0.786763
0.786694
0.786588
0.786444
0.786262
0.786043
0.785787
0.785495
0.785168
0.784805
0.784409
0.783982
0.783522
0.783033
0.782513
0.781965
0.781391
0.780792
0.780169
0.779525
0.778859
0.778173
0.777469
0.77675
0.776015
0.775267
0.774507
0.773736
0.772958
0.772172
0.77138
0.770582
0.769781
0.768978
0.768175
0.767372
0.766571
0.765774
0.76498
0.764192
0.763409
0.762634
0.761865
0.761105
0.760354
0.759613
0.758884
0.758167
0.757461
0.756768
0.756087
0.755418
0.754762
0.754119
0.753489
0.752872
0.752267
0.751675
0.751097
0.750533
0.749982
0.749444
0.748919
0.748405
0.747905
0.747417
0.746942
0.746478
0.746026
0.745587
0.74516
0.744746
0.744344
0.743954
0.743575
0.743206
0.742848
0.742501
0.742164
0.741838
0.741523
0.741217
0.740922
0.740637
0.740363
0.740099
0.739847
0.739604
0.739372
0.739151
0.738942
0.738744
0.738556
0.738379
0.738213
0.738058
0.737913
0.73778
0.737657
0.737546
0.737448
0.737361
0.737285
0.737222
0.737171
0.737135
0.737111
0.7371
0.737101
0.737116
0.737144
0.737184
0.737238
0.737307
0.73739
0.737487
0.737598
0.737723
0.737862
0.738017
0.738186
0.738371
0.738571
0.738787
0.739018
0.739266
0.73953
0.739811
0.740111
0.740429
0.740765
0.741121
0.741497
0.741893
0.74231
0.742748
0.743208
0.74369
0.744195
0.744724
0.745276
0.745855
0.746459
0.74709
0.747746
0.748428
0.749138
0.749876
0.75064
0.751432
0.752251
0.753099
0.753973
0.754876
0.755805
0.756762
0.757746
0.758757
0.759795
0.760859
0.761947
0.76306
0.764197
0.765357
0.766539
0.767743
0.768967
0.77021
0.771471
0.772748
0.774038
0.775342
0.776657
0.777983
0.779317
0.780658
0.782005
0.783355
0.784707
0.78606
0.787412
0.788762
0.790109
0.791448
0.79278
0.794103
0.795415
0.796715
0.798001
0.79927
0.800523
0.801759
0.802974
0.804168
0.805339
0.806486
0.807608
0.808703
0.80977
0.810807
0.811814
0.812788
0.813728
0.814633
0.815503
0.816336
0.81713
0.817884
0.818596
0.819266
0.819891
0.820472
0.821007
0.821494
0.821932
0.822322
0.822662
0.822952
0.823188
0.82337
0.823497
0.823569
0.823584
0.823542
0.823443
0.823285
0.823067
0.822791
0.822455
0.822059
0.821602
0.821086
0.820512
0.819877
0.819184
0.818432
0.81762
0.81675
0.815821
0.814835
0.813792
0.812692
0.811537
0.810328
0.809066
0.807752
0.806387
0.804973
0.803511
0.802003
0.80045
0.798855
0.797217
0.79554
0.793825
0.792074
0.790288
0.788469
0.786619
0.78474
0.782834
0.780903
0.778949
0.776973
0.774978
0.772965
0.770939
0.7689
0.766852
0.764795
0.762732
0.760666
0.758598
0.75653
0.754465
0.752407
0.750358
0.748318
0.74629
0.744276
0.742278
0.740298
0.738338
0.736401
0.734489
0.732604
0.730748
0.728922
0.72713
0.725373
0.723652
0.721971
0.720332
0.718736
0.717186
0.715681
0.714224
0.712816
0.711459
0.710154
0.708905
0.707711
0.706573
0.705494
0.704473
0.703514
0.702616
0.701781
0.70101
0.700304
0.699662
0.699087
0.698578
0.698135
0.697758
0.69745
0.697211
0.697039
0.696934
0.696896
0.696924
0.697019
0.697178
0.697403
0.697693
0.698044
0.698458
0.698934
0.69947
0.700064
0.700714
0.701419
0.702175
0.702982
0.703836
0.704736
0.70568
0.706665
0.707688
0.708747
0.709838
0.710958
0.712105
0.713276
0.714466
0.715674
0.716895
0.718126
0.719365
0.720607
0.721849
0.723088
0.72432
0.725543
0.726754
0.727949
0.729125
0.730281
0.731412
0.732515
0.733589
0.734632
0.73564
0.736611
0.737543
0.738436
0.739287
0.740094
0.740855
0.741569
0.742235
0.742853
0.743421
0.74394
0.744408
0.744826
0.745192
0.745507
0.745769
0.745981
0.746142
0.746252
0.746313
0.746325
0.746289
0.746206
0.746077
0.745903
0.745686
0.745426
0.745126
0.744786
0.744409
0.743995
0.743546
0.743063
0.742549
0.742006
0.741436
0.740842
0.740225
0.739587
0.738932
0.738261
0.737575
0.736878
0.736173
0.73546
0.734743
0.734023
0.733305
0.732589
0.731878
0.731176
0.730485
0.729807
0.729143
0.728497
0.727871
0.727267
0.726688
0.726136
0.725613
0.72512
0.72466
0.724234
0.723845
0.723494
0.723182
0.722912
0.722684
0.722499
0.722359
0.722263
0.722213
0.722209
0.722251
0.72234
0.722475
0.722657
0.722885
0.72316
0.723481
0.72385
0.724264
0.724723
0.725228
0.725777
0.726369
0.727005
0.727682
0.728399
0.729157
0.729952
0.730783
0.73165
0.732551
0.733485
0.734452
0.73545
0.736477
0.737531
0.738612
0.739719
0.740852
0.742008
0.743187
0.744386
0.745605
0.746841
0.748093
0.749361
0.750643
0.751938
0.753245
0.754562
0.755889
0.757224
0.758568
0.759918
0.761275
0.762637
0.764004
0.765374
0.766748
0.768124
0.769501
0.77088
0.77226
0.77364
0.775019
0.776398
0.777778
0.779156
0.780533
0.781909
0.783282
0.784654
0.786024
0.787392
0.788759
0.790123
0.791486
0.792846
0.794205
0.795562
0.796918
0.798273
0.799625
0.800976
0.802325
0.803672
0.805016
0.806358
0.807698
0.809034
0.810368
0.8117
0.81303
0.814357
0.81568
0.816999
0.818313
0.819622
0.820926
0.822225
0.823517
0.824803
0.826082
0.827352
0.828613
0.829864
0.831105
0.832334
0.833552
0.834757
0.835949
0.837126
0.838289
0.839437
0.84057
0.841688
0.842791
0.843876
0.844943
0.845992
0.847021
0.848029
0.849015
0.849979
0.850921
0.85184
0.852736
0.853607
0.854453
0.855273
0.856069
0.856838
0.857581
0.858297
0.858986
0.859649
0.860284
0.860891
0.86147
0.86202
0.862543
0.863039
0.863507
0.863946
0.864356
0.864736
0.865088
0.86541
0.865702
0.865965
0.866199
0.866404
0.866579
0.866724
0.86684
0.866926
0.866983
0.86701
0.867007
0.866976
0.866915
0.866825
0.866705
0.866556
0.866379
0.866173
0.865939
0.865676
0.865384
0.865062
0.864711
0.864333
0.863926
0.86349
0.863025
0.862531
0.862009
0.86146
0.860884
0.860281
0.859651
0.858994
0.858309
0.857597
0.856857
0.856091
0.855297
0.854476
0.853628
0.852753
0.851854
0.850929
0.849979
0.849005
0.848008
0.846987
0.845943
0.844876
0.843787
0.842676
0.841544
0.840392
0.839219
0.838027
0.836816
0.835588
0.834343
0.833081
0.831804
0.830511
0.829203
0.827881
0.826547
0.8252
0.82384
0.822468
0.821084
0.819691
0.818288
0.816875
0.815454
0.814023
0.812584
0.811135
0.809678
0.808214
0.806743
0.805266
0.803783
0.802294
0.800797
0.799293
0.797782
0.796265
0.794741
0.79321
0.791672
0.790126
0.788573
0.787013
0.785445
0.78387
0.782287
0.780696
0.779097
0.777489
0.775872
0.774246
0.77261
0.770963
0.769307
0.767639
0.76596
0.764269
0.762566
0.76085
0.759121
0.757378
0.755622
0.753852
0.752068
0.75027
0.748458
0.746634
0.744796
0.742945
0.74108
0.739203
0.737313
0.73541
0.733497
0.731572
0.729638
0.727694
0.725742
0.723784
0.721819
0.719849
0.717876
0.7159
0.713923
0.711948
0.709975
0.708007
0.706044
0.704089
0.702145
0.700214
0.698297
0.696397
0.694515
0.692655
0.690818
0.689008
0.687226
0.685476
0.683759
0.682079
0.680437
0.678836
0.67728
0.675771
0.67431
0.6729
0.671545
0.670245
0.669003
0.667822
0.666704
0.665651
0.664665
0.663748
0.662901
0.662126
0.661423
0.660796
0.660243
0.659767
0.659368
0.659048
0.658806
0.658643
0.65856
0.658556
0.658631
0.658786
0.659019
0.65933
0.659719
0.660186
0.660727
0.661343
0.662031
0.662791
0.66362
0.664518
0.665481
0.666507
0.667593
0.668737
0.669937
0.671188
0.672489
0.673836
0.675227
0.676657
0.678124
0.679624
0.681154
0.682711
0.684292
0.685894
0.687511
0.689141
0.69078
0.692424
0.694069
0.695712
0.697351
0.698982
0.7006
0.702202
0.703787
0.705349
0.706886
0.708395
0.709873
0.711318
0.712725
0.714093
0.715419
0.716701
0.717936
0.719122
0.720256
0.721339
0.722367
0.72334
0.724257
0.725114
0.725912
0.726649
0.727325
0.727938
0.72849
0.728979
0.729406
0.72977
0.730072
0.730312
0.73049
0.730607
0.730664
0.730662
0.730602
0.730484
0.73031
0.73008
0.729796
0.72946
0.729073
0.728637
0.728154
0.727627
0.727056
0.726444
0.725792
0.725103
0.724379
0.723623
0.722836
0.722021
0.721181
0.720318
0.719433
0.718531
0.717612
0.71668
0.715736
0.714784
0.713826
0.712865
0.711902
0.710939
0.709981
0.709029
0.708086
0.707153
0.706233
0.705328
0.70444
0.703571
0.702723
0.701899
0.7011
0.700329
0.699589
0.698882
0.698208
0.69757
0.696967
0.696403
0.695879
0.695397
0.694958
0.694561
0.694209
0.693904
0.693646
0.693435
0.693273
0.69316
0.693096
0.693083
0.69312
0.693206
0.693344
0.693534
0.693774
0.694067
0.694411
0.694806
0.695252
0.695749
0.696296
0.696893
0.697538
0.698232
0.698973
0.699761
0.700595
0.701474
0.702397
0.703363
0.704371
0.705419
0.706506
0.707632
0.708795
0.709993
0.711225
0.71249
0.713786
0.715112
0.716466
0.717848
0.719255
0.720686
0.72214
0.723615
0.725109
0.72662
0.728147
0.729689
0.731244
0.732811
0.734387
0.735972
0.737563
0.739158
0.740756
0.742357
0.743957
0.745555
0.747151
0.748743
0.750331
0.751911
0.753484
0.755047
0.7566
0.758139
0.759664
0.761174
0.762667
0.764143
0.7656
0.767038
0.768454
0.769848
0.771218
0.772564
0.773884
0.77518
0.776449
0.77769
0.778902
0.780085
0.781238
0.78236
0.783451
0.78451
0.785537
0.786532
0.787494
0.788423
0.789319
0.790181
0.79101
0.791806
0.792571
0.793304
0.794004
0.794672
0.79531
0.795917
0.796494
0.797041
0.797559
0.798048
0.798511
0.798949
0.799361
0.79975
0.800117
0.800463
0.800788
0.801096
0.801386
0.801661
0.801922
0.80217
0.802405
0.802628
0.802843
0.80305
0.803251
0.803447
0.803637
0.803823
0.804007
0.804189
0.804371
0.804553
0.804737
0.804923
0.805111
0.805302
0.805497
0.805696
0.805898
0.806105
0.806315
0.806529
0.806746
0.806969
0.807195
0.807426
0.80766
0.807896
0.808136
0.808377
0.808621
0.808866
0.809111
0.809356
0.809601
0.809846
0.810089
0.81033
0.810569
0.810805
0.811038
0.811266
0.81149
0.811709
0.811923
0.812129
0.812329
0.81252
0.812703
0.812877
0.813043
0.8132
0.813347
0.813483
0.81361
0.813727
0.813833
0.81393
0.814016
0.814091
0.814155
0.814208
0.814249
0.814279
0.814299
0.814307
0.814304
0.81429
0.814266
0.81423
0.814183
0.814124
0.814053
0.81397
0.813878
0.813775
0.81366
0.813534
0.813396
0.813247
0.813086
0.812913
0.812727
0.812529
0.812317
0.812092
0.811853
0.811599
0.81133
0.811046
0.810747
0.810431
0.8101
0.809753
0.809389
0.809008
0.808609
0.808192
0.807755
0.8073
0.806824
0.806328
0.805812
0.805274
0.804713
0.80413
0.803524
0.802894
0.802242
0.801566
0.800865
0.800139
0.799388
0.798612
0.797811
0.796985
0.796134
0.795258
0.794358
0.793434
0.792488
0.791519
0.790527
0.789514
0.78848
0.787425
0.786351
0.785258
0.784148
0.783021
0.781878
0.780721
0.779549
0.778366
0.777172
0.775968
0.774757
0.773539
0.772318
0.771095
0.769869
0.768643
0.76742
0.766199
0.764984
0.763775
0.762575
0.761385
0.760206
0.75904
0.757889
0.756755
0.755638
0.75454
0.753462
0.752407
0.751375
0.750368
0.749387
0.748434
0.74751
0.746615
0.745751
0.744918
0.744118
0.74335
0.742616
0.741917
0.741253
0.740623
0.740029
0.73947
0.738947
0.73846
0.73801
0.737596
0.737219
0.736877
0.736569
0.736295
0.736054
0.735848
0.735674
0.735532
0.735423
0.735344
0.735294
0.735273
0.735279
0.735311
0.735369
0.735452
0.735559
0.735689
0.735841
0.736013
0.736207
0.73642
0.736653
0.736905
0.737175
0.737462
0.737767
0.738088
0.738426
0.73878
0.73915
0.739536
0.739939
0.740357
0.740792
0.741241
0.741707
0.742189
0.742687
0.743203
0.743737
0.74429
0.74486
0.745448
0.746054
0.74668
0.747324
0.747986
0.748668
0.749371
0.750093
0.750835
0.751598
0.752381
0.753184
0.754006
0.754848
0.755708
0.756586
0.757483
0.758397
0.759329
0.760278
0.761241
0.76222
0.763215
0.764223
0.765242
0.766272
0.76731
0.768355
0.769405
0.770459
0.771516
0.772573
0.773629
0.774683
0.775733
0.776777
0.777813
0.778841
0.779857
0.78086
0.781847
0.782817
0.783767
0.784697
0.785603
0.786486
0.787344
0.788174
0.788976
0.789746
0.790484
0.79119
0.79186
0.792495
0.793092
0.79365
0.794169
0.794647
0.795083
0.795478
0.795831
0.796141
0.796406
0.796627
0.796804
0.796936
0.797023
0.797065
0.797062
0.797014
0.796922
0.796785
0.796606
0.796383
0.796118
0.795812
0.795464
0.795077
0.794651
0.794188
0.793688
0.793152
0.792582
0.791979
0.791344
0.79068
0.789988
0.78927
0.788526
0.78776
0.786974
0.786168
0.785345
0.784506
0.783656
0.782796
0.781927
0.781051
0.780171
0.779289
0.778407
0.777527
0.77665
0.77578
0.774918
0.774067
0.773228
0.772403
0.771596
0.770808
0.770041
0.769296
0.768576
0.767882
0.767215
0.766578
0.765972
0.765399
0.764861
0.764357
0.763889
0.763459
0.763066
0.762712
0.762398
0.762125
0.761893
0.761701
0.761551
0.761443
0.761378
0.761355
0.761373
0.761432
0.761531
0.76167
0.761848
0.762064
0.762318
0.762609
0.762935
0.763297
0.76369
0.764116
0.764571
0.765055
0.765565
0.7661
0.766657
0.767236
0.767834
0.768451
0.769084
0.76973
0.770389
0.771057
0.771733
0.772415
0.7731
0.773786
0.774472
0.775156
0.775837
0.776511
0.777176
0.77783
0.778472
0.779098
0.779708
0.7803
0.780871
0.781421
0.781947
0.782448
0.782922
0.783368
0.783784
0.78417
0.784522
0.784841
0.785123
0.78537
0.785578
0.785749
0.78588
0.785971
0.786021
0.786028
0.785993
0.785915
0.785794
0.785629
0.785418
0.785164
0.784865
0.78452
0.784131
0.783698
0.783221
0.782698
0.78213
0.781516
0.780858
0.780154
0.779405
0.778613
0.777777
0.776898
0.775978
0.775015
0.774012
0.772968
0.771884
0.770761
0.769601
0.768404
0.767171
0.765903
0.764602
0.763268
0.761903
0.760507
0.759083
0.75763
0.756151
0.754645
0.753116
0.751565
0.749992
0.748398
0.746784
0.745152
0.743504
0.741841
0.740164
0.738476
0.736777
0.73507
0.733357
0.731639
0.72992
0.728201
0.726484
0.724771
0.723064
0.721364
0.719675
0.717999
0.716337
0.714691
0.713065
0.711461
0.709882
0.708329
0.706808
0.705319
0.703866
0.70245
0.701074
0.699741
0.698454
0.697215
0.696027
0.694893
0.693814
0.692793
0.691834
0.690939
0.69011
0.689349
0.688658
0.688039
0.687493
0.687023
0.686629
0.686313
0.686076
0.68592
0.685844
0.685851
0.685941
0.686113
0.686367
0.686703
0.687121
0.687619
0.688197
0.688854
0.689589
0.690399
0.691284
0.692242
0.69327
0.694368
0.695531
0.696757
0.698044
0.699388
0.700787
0.702238
0.703738
0.705284
0.70687
0.708493
0.710149
0.711836
0.713548
0.715284
0.717039
0.71881
0.720592
0.722382
0.724175
0.72597
0.727761
0.729544
0.731318
0.733077
0.73482
0.736543
0.738243
0.739916
0.741561
0.743174
0.744754
0.746298
0.747805
0.749271
0.750696
0.752077
0.753412
0.754699
0.755938
0.757126
0.758264
0.759351
0.760385
0.761367
0.762296
0.763169
0.763989
0.764755
0.765466
0.766123
0.766724
0.767273
0.767768
0.76821
0.7686
0.768939
0.769229
0.76947
0.769663
0.769811
0.769914
0.769972
0.769988
0.769964
0.769899
0.769796
0.769657
0.769484
0.769279
0.769043
0.768778
0.768484
0.768162
0.767816
0.767446
0.767055
0.766644
0.766215
0.76577
0.765311
0.764838
0.764353
0.763856
0.76335
0.762835
0.762314
0.761787
0.761256
0.760722
0.760187
0.759652
0.759119
0.75859
0.758063
0.757539
0.757021
0.756508
0.756
0.7555
0.755007
0.754521
0.754044
0.753576
0.753118
0.752671
0.752237
0.751814
0.751405
0.751009
0.750627
0.750259
0.749906
0.749568
0.749245
0.748937
0.748645
0.748369
0.748109
0.747865
0.747637
0.747425
0.74723
0.747051
0.746888
0.74674
0.746607
0.746489
0.746382
0.746288
0.746206
0.746133
0.74607
0.746015
0.745967
0.745925
0.745887
0.745853
0.745819
0.745786
0.745751
0.745714
0.745671
0.745623
0.745567
0.745502
0.745427
0.74534
0.74524
0.745126
0.744998
0.744857
0.744699
0.744525
0.744333
0.744124
0.743896
0.743649
0.743382
0.743094
0.742785
0.742455
0.742106
0.741736
0.741347
0.740938
0.74051
0.740064
0.739602
0.739124
0.738631
0.738125
0.737606
0.737076
0.736538
0.735992
0.73544
0.734885
0.734327
0.733769
0.733213
0.732659
0.73211
0.731568
0.731036
0.730514
0.730006
0.729513
0.729036
0.728577
0.728138
0.727722
0.727331
0.726965
0.726627
0.726319
0.726044
0.725802
0.725595
0.725425
0.725294
0.725203
0.725152
0.725144
0.72518
0.725261
0.725387
0.72556
0.72578
0.726048
0.726365
0.726732
0.727149
0.727618
0.728137
0.728707
0.729328
0.73
0.730723
0.731497
0.732323
0.733201
0.734131
0.735112
0.736145
0.737228
0.738361
0.739544
0.740776
0.742056
0.743384
0.744758
0.746179
0.747644
0.749153
0.750706
0.752302
0.753941
0.75562
0.75734
0.759099
0.760894
0.762725
0.764591
0.76649
0.76842
0.77038
0.772368
0.774383
0.776424
0.778488
0.780573
0.782676
0.784796
0.78693
0.789077
0.791235
0.793402
0.795573
0.797748
0.799924
0.802097
0.804265
0.806425
0.808574
0.81071
0.812831
0.814932
0.817011
0.819065
0.821091
0.823087
0.825049
0.826976
0.828864
0.830713
0.832518
0.834278
0.83599
0.837652
0.839261
0.840815
0.842313
0.843753
0.845133
0.84645
0.847704
0.848892
0.850013
0.851066
0.85205
0.852963
0.853806
0.854579
0.85528
0.855908
0.856463
0.856945
0.857356
0.857694
0.857962
0.858158
0.858283
0.858338
0.858323
0.858239
0.858087
0.857868
0.857585
0.857238
0.856829
0.856359
0.855828
0.855241
0.854597
0.8539
0.853151
0.852351
0.851503
0.850609
0.84967
0.84869
0.847669
0.846612
0.84552
0.844395
0.84324
0.842056
0.840846
0.839611
0.838353
0.837074
0.835776
0.834463
0.833136
0.831796
0.830445
0.829084
0.827715
0.826339
0.824958
0.823575
0.822188
0.8208
0.819412
0.818023
0.816635
0.815249
0.813866
0.812486
0.811111
0.80974
0.808374
0.807012
0.805655
0.804302
0.802955
0.801613
0.800277
0.798945
0.797618
0.796296
0.794978
0.793662
0.792349
0.791039
0.789731
0.788424
0.787118
0.78581
0.784502
0.783191
0.781878
0.780563
0.779244
0.777921
0.776593
0.77526
0.773921
0.772575
0.771224
0.769866
0.768501
0.767128
0.765749
0.764363
0.762968
0.761565
0.760154
0.758734
0.757305
0.755868
0.754423
0.75297
0.75151
0.750044
0.748571
0.747091
0.745607
0.744117
0.742622
0.741124
0.739623
0.738118
0.736612
0.735104
0.733596
0.732089
0.730583
0.72908
0.727581
0.726087
0.724599
0.72312
0.72165
0.720189
0.718741
0.717306
0.715886
0.714483
0.713097
0.711729
0.710381
0.709053
0.707746
0.706462
0.705202
0.703967
0.70276
0.701581
0.700432
0.699313
0.698225
0.69717
0.696149
0.695164
0.694216
0.693305
0.692432
0.691598
0.690804
0.690051
0.689339
0.688669
0.68804
0.687455
0.686912
0.686413
0.685959
0.68555
0.685185
0.684865
0.684589
0.684359
0.684174
0.684034
0.683938
0.683887
0.683882
0.683921
0.684003
0.68413
0.684301
0.684515
0.684772
0.685071
0.685413
0.685796
0.686221
0.686686
0.687193
0.687739
0.688326
0.688951
0.689616
0.690319
0.691061
0.691841
0.692657
0.693509
0.694396
0.695318
0.696274
0.697265
0.698287
0.699342
0.700427
0.701544
0.70269
0.703865
0.705068
0.706298
0.707555
0.708838
0.710146
0.711478
0.712832
0.714207
0.715603
0.717017
0.718449
0.719898
0.721363
0.722843
0.724336
0.725842
0.72736
0.728886
0.73042
0.731958
0.7335
0.735044
0.73659
0.738133
0.739675
0.741212
0.742741
0.744263
0.745775
0.747276
0.748763
0.750234
0.751687
0.753121
0.754534
0.755924
0.75729
0.758629
0.75994
0.761221
0.76247
0.763686
0.764867
0.766012
0.767119
0.768186
0.769214
0.770199
0.771141
0.77204
0.772893
0.773699
0.77446
0.775172
0.775837
0.776452
0.77702
0.777538
0.778006
0.778423
0.778791
0.779109
0.779377
0.779595
0.779764
0.779884
0.779955
0.779979
0.779956
0.779886
0.779771
0.779612
0.77941
0.779166
0.778882
0.778558
0.778196
0.777796
0.777361
0.776893
0.776392
0.775861
0.7753
0.774712
0.774097
0.773461
0.772802
0.772124
0.771427
0.770715
0.76999
0.769255
0.76851
0.767759
0.767004
0.766246
0.765489
0.764733
0.763983
0.763241
0.762508
0.761788
0.761082
0.760392
0.759721
0.759071
0.758444
0.757842
0.757268
0.756725
0.756213
0.755736
0.755295
0.754893
0.754531
0.75421
0.753931
0.753697
0.753507
0.753365
0.75327
0.753225
0.75323
0.753287
0.753396
0.753557
0.753771
0.754039
0.754361
0.754737
0.755166
0.755649
0.756185
0.756773
0.757412
0.758103
0.758843
0.759633
0.760471
0.761357
0.762288
0.763262
0.764278
0.765335
0.766432
0.767566
0.768735
0.769937
0.771169
0.772429
0.773715
0.775025
0.776356
0.777706
0.779072
0.780452
0.781844
0.783245
0.784652
0.786062
0.787474
0.788886
0.790293
0.791695
0.79309
0.794474
0.795847
0.797205
0.798546
0.79987
0.801173
0.802453
0.803708
0.804938
0.806142
0.807316
0.80846
0.809572
0.81065
0.811694
0.812702
0.813674
0.814608
0.815503
0.816358
0.817174
0.817951
0.818687
0.819381
0.820034
0.820646
0.821216
0.821745
0.822231
0.822677
0.823082
0.823447
0.823772
0.824057
0.824304
0.824512
0.824684
0.824819
0.824916
0.824977
0.825003
0.824996
0.824957
0.824883
0.824778
0.824641
0.824473
0.824275
0.824046
0.823787
0.823499
0.823183
0.822839
0.822468
0.822071
0.821646
0.821195
0.820719
0.820216
0.819688
0.819134
0.818554
0.817949
0.817318
0.816661
0.815979
0.815272
0.814538
0.813777
0.81299
0.812176
0.811334
0.810464
0.809566
0.80864
0.807685
0.806701
0.805689
0.804649
0.803579
0.80248
0.801351
0.800193
0.799006
0.797788
0.796541
0.795263
0.793956
0.792619
0.791253
0.789858
0.788436
0.786987
0.78551
0.784008
0.78248
0.780928
0.779352
0.777755
0.776137
0.774501
0.772847
0.771176
0.769491
0.767793
0.766084
0.764366
0.762639
0.760908
0.759174
0.757438
0.755704
0.753973
0.752249
0.750532
0.748827
0.747134
0.745458
0.7438
0.742163
0.740549
0.73896
0.7374
0.735869
0.734371
0.732909
0.731484
0.730101
0.72876
0.727465
0.726217
0.725019
0.723871
0.722777
0.721737
0.720754
0.719827
0.718959
0.718152
0.717407
0.716725
0.716106
0.715551
0.71506
0.714635
0.714274
0.713978
0.713747
0.71358
0.713476
0.713437
0.71346
0.713544
0.713689
0.713892
0.714154
0.714471
0.714843
0.715266
0.715741
0.716264
0.716834
0.717449
0.718107
0.718804
0.719541
0.720314
0.721119
0.721956
0.722822
0.723714
0.724631
0.725569
0.726526
0.727501
0.72849
0.729491
0.730503
0.731522
0.732547
0.733576
0.734608
0.735639
0.736669
0.737695
0.738716
0.73973
0.740735
0.741731
0.742716
0.743689
0.744648
0.745593
0.746523
0.747436
0.748332
0.749209
0.750067
0.750906
0.751726
0.752524
0.753303
0.754061
0.754798
0.755514
0.756208
0.756882
0.757536
0.758169
0.758781
0.759373
0.759946
0.760499
0.761033
0.761549
0.762047
0.762528
0.762991
0.763438
0.763869
0.764284
0.764684
0.765069
0.76544
0.765799
0.766146
0.766479
0.7668
0.767107
0.767403
0.767688
0.767962
0.768225
0.768478
0.768721
0.768956
0.76918
0.769394
0.769599
0.769794
0.769981
0.77016
0.770328
0.770486
0.770635
0.770775
0.770904
0.771023
0.771133
0.771233
0.771322
0.7714
0.771466
0.771521
0.771564
0.771595
0.771614
0.77162
0.771614
0.771596
0.771564
0.771518
0.771459
0.771386
0.771299
0.7712
0.771088
0.770962
0.770822
0.77067
0.770504
0.770326
0.770135
0.769931
0.769715
0.769487
0.769249
0.769001
0.768743
0.768475
0.768198
0.767914
0.767624
0.767326
0.767021
0.76671
0.766393
0.766073
0.76575
0.765424
0.765096
0.764767
0.764439
0.764111
0.763785
0.763463
0.763144
0.762829
0.762521
0.76222
0.761926
0.761641
0.761364
0.761097
0.76084
0.760594
0.760362
0.760143
0.759938
0.759746
0.75957
0.759408
0.759263
0.759134
0.759021
0.758927
0.758851
0.758793
0.758754
0.758735
0.758734
0.758754
0.758793
0.758852
0.758931
0.759031
0.759152
0.759294
0.759457
0.759641
0.759847
0.760076
0.760328
0.760603
0.7609
0.761219
0.76156
0.761923
0.762308
0.762715
0.763144
0.763594
0.764065
0.764559
0.765075
0.765612
0.766169
0.766746
0.767341
0.767953
0.768582
0.769227
0.769889
0.770565
0.771254
0.771956
0.77267
0.773394
0.774129
0.774872
0.775622
0.776378
0.77714
0.777906
0.778674
0.779445
0.780216
0.780984
0.781751
0.782514
0.783271
0.78402
0.784761
0.785492
0.786211
0.786919
0.787615
0.788298
0.788965
0.789616
0.79025
0.790866
0.791463
0.792039
0.792593
0.793127
0.793637
0.794124
0.794588
0.795026
0.795438
0.795824
0.796181
0.79651
0.79681
0.79708
0.797321
0.797531
0.797709
0.797853
0.797964
0.79804
0.79808
0.798084
0.798049
0.797975
0.797861
0.797705
0.797506
0.797261
0.79697
0.79663
0.796241
0.795801
0.795309
0.794761
0.794157
0.793496
0.792775
0.791994
0.791153
0.79025
0.789284
0.788253
0.787157
0.785996
0.78477
0.783478
0.78212
0.780698
0.779212
0.777663
0.776051
0.774378
0.772646
0.770855
0.769009
0.767109
0.765158
0.763157
0.761111
0.759024
0.756898
0.754737
0.752543
0.750322
0.748078
0.745811
0.743527
0.741231
0.738925
0.736616
0.734306
0.732
0.729703
0.727418
0.725151
0.722904
0.720682
0.718488
0.716326
0.714199
0.712113
0.710069
0.70807
0.706118
0.704218
0.70237
0.700578
0.698844
0.69717
0.695558
0.694009
0.692524
0.691104
0.689749
0.688462
0.687242
0.68609
0.685004
0.683986
0.683036
0.682152
0.681334
0.680582
0.679894
0.67927
0.678708
0.678207
0.677766
0.677384
0.677059
0.676789
0.676571
0.676406
0.676289
0.676221
0.676197
0.676219
0.676281
0.676384
0.676524
0.676699
0.676909
0.677151
0.677422
0.677722
0.678048
0.678399
0.678771
0.679165
0.679578
0.680009
0.680455
0.680917
0.681393
0.681881
0.68238
0.68289
0.68341
0.683938
0.684475
0.685018
0.685568
0.686123
0.686683
0.687249
0.68782
0.688394
0.688974
0.689559
0.690148
0.690743
0.691342
0.691948
0.692559
0.693176
0.693799
0.694431
0.69507
0.695718
0.696375
0.697043
0.697722
0.698412
0.699114
0.699829
0.700558
0.701301
0.70206
0.702837
0.703632
0.704444
0.705274
0.706123
0.706992
0.707882
0.708793
0.709725
0.710679
0.711655
0.712653
0.713673
0.714718
0.715786
0.71688
0.717997
0.71914
0.720308
0.721502
0.722723
0.723969
0.725241
0.726539
0.727864
0.729214
0.730592
0.731994
0.733423
0.734879
0.73636
0.737868
0.739401
0.740959
0.742542
0.74415
0.745783
0.747439
0.749119
0.75082
0.752543
0.754288
0.756052
0.757835
0.759636
0.761453
0.763287
0.765136
0.766997
0.768871
0.770756
0.77265
0.774552
0.776461
0.778375
0.780294
0.782217
0.784144
0.786073
0.788001
0.789927
0.791849
0.793766
0.795676
0.797579
0.799472
0.801354
0.803225
0.805083
0.806928
0.808759
0.810574
0.812374
0.814156
0.815922
0.81767
0.8194
0.821112
0.822805
0.824479
0.826134
0.82777
0.829386
0.830982
0.832557
0.834111
0.835646
0.837161
0.838656
0.84013
0.841584
0.843016
0.844428
0.845821
0.847194
0.848549
0.849885
0.8512
0.852496
0.853771
0.855026
0.856261
0.857475
0.858667
0.859838
0.860988
0.862116
0.863222
0.864305
0.865364
0.8664
0.867412
0.868399
0.869362
0.870299
0.871211
0.872097
0.872956
0.873786
0.874588
0.875361
0.876104
0.876817
0.877498
0.878146
0.878762
0.879345
0.879893
0.880407
0.880885
0.881327
0.881732
0.882099
0.882426
0.882713
0.882961
0.883168
0.883333
0.883456
0.883537
0.883574
0.883568
0.883517
0.88342
0.883278
0.88309
0.882855
0.882576
0.88225
0.881877
0.881456
0.880988
0.880473
0.87991
0.879298
0.878639
0.877931
0.877175
0.876371
0.87552
0.87462
0.873674
0.872681
0.871642
0.870557
0.869424
0.868246
0.867024
0.865758
0.864447
0.863092
0.861693
0.860251
0.858767
0.857241
0.855676
0.85407
0.852425
0.850742
0.849022
0.847266
0.845475
0.843649
0.841791
0.8399
0.83798
0.836031
0.834053
0.832047
0.830017
0.827963
0.825886
0.823787
0.821667
0.819528
0.817372
0.815201
0.813016
0.810817
0.808605
0.806383
0.804151
0.801911
0.799665
0.797416
0.795165
0.792911
0.790657
0.788404
0.786153
0.783906
0.781664
0.779428
0.777201
0.774982
0.772774
0.770577
0.768393
0.766222
0.764066
0.761925
0.759801
0.757695
0.755606
0.753536
0.751486
0.749455
0.747446
0.74546
0.743496
0.741554
0.739635
0.737739
0.735867
0.734018
0.732194
0.730394
0.728619
0.726867
0.725139
0.723435
0.721754
0.720097
0.718464
0.716854
0.715267
0.713702
0.712161
0.710642
0.709147
0.707675
0.706225
0.704798
0.703393
0.702009
0.700647
0.699307
0.697989
0.696692
0.695417
0.694165
0.692936
0.691729
0.690546
0.689388
0.688254
0.687146
0.686064
0.685008
0.68398
0.682981
0.682011
0.681072
0.680165
0.679292
0.678455
0.677653
0.676889
0.676163
0.675478
0.674833
0.67423
0.673672
0.673159
0.672691
0.672269
0.671895
0.671571
0.671296
0.671072
0.670901
0.670781
0.670713
0.670697
0.670733
0.670821
0.670962
0.671154
0.671396
0.671688
0.67203
0.672422
0.672861
0.673348
0.67388
0.674458
0.675077
0.675737
0.676436
0.677173
0.677945
0.678751
0.679589
0.680458
0.681357
0.682282
0.683232
0.684203
0.685196
0.686208
0.687237
0.688281
0.689337
0.690403
0.691477
0.692556
0.69364
0.694727
0.695814
0.696899
0.69798
0.699056
0.700126
0.701186
0.702237
0.703276
0.704303
0.705315
0.706312
0.707292
0.708253
0.709195
0.710118
0.711018
0.711897
0.712752
0.713581
0.714384
0.715161
0.71591
0.71663
0.717321
0.717984
0.718615
0.719216
0.719784
0.720321
0.720825
0.721296
0.721735
0.722142
0.722515
0.722856
0.723164
0.723439
0.723683
0.723896
0.724076
0.724225
0.724343
0.724432
0.724491
0.72452
0.724521
0.724495
0.724442
0.724364
0.724262
0.724135
0.723986
0.723815
0.723623
0.723412
0.723183
0.722937
0.722676
0.722402
0.722114
0.721815
0.721506
0.721189
0.720864
0.720533
0.720197
0.719858
0.719515
0.719171
0.718828
0.718486
0.718147
0.717813
0.717484
0.717163
0.716851
0.716549
0.716259
0.71598
0.715714
0.715461
0.715224
0.715003
0.7148
0.714617
0.714453
0.71431
0.714189
0.714091
0.714016
0.713966
0.71394
0.71394
0.713967
0.71402
0.714102
0.714213
0.714353
0.714525
0.714726
0.71496
0.715226
0.715524
0.715855
0.716219
0.716616
0.717047
0.717513
0.718013
0.718548
0.719117
0.71972
0.720358
0.72103
0.721738
0.722482
0.723261
0.724075
0.724924
0.725807
0.726724
0.727675
0.728659
0.729677
0.730728
0.731811
0.732927
0.734073
0.735251
0.736461
0.737701
0.738971
0.740269
0.741595
0.742948
0.744328
0.745733
0.747164
0.748618
0.750096
0.751596
0.753118
0.75466
0.75622
0.757799
0.759395
0.761007
0.762635
0.764278
0.765934
0.767603
0.769284
0.770976
0.772676
0.774385
0.776101
0.777823
0.779551
0.781283
0.783019
0.784757
0.786497
0.788238
0.78998
0.791722
0.793462
0.795198
0.796931
0.798658
0.80038
0.802095
0.803803
0.805503
0.807194
0.808877
0.810549
0.812212
0.813863
0.815503
0.817131
0.818746
0.820348
0.821937
0.823512
0.825073
0.826618
0.828147
0.829661
0.831157
0.832638
0.8341
0.835546
0.836973
0.838383
0.839774
0.841146
0.842499
0.843831
0.845143
0.846432
0.8477
0.848945
0.850167
0.851365
0.85254
0.853691
0.854817
0.855918
0.856993
0.858043
0.859069
0.86007
0.861046
0.861995
0.862916
0.863809
0.864672
0.865507
0.866311
0.867084
0.867825
0.868535
0.869215
0.869864
0.870481
0.871064
0.871613
0.872128
0.872609
0.873055
0.873464
0.873839
0.874177
0.874478
0.874743
0.874971
0.875162
0.875315
0.875432
0.87551
0.87555
0.875552
0.875516
0.87544
0.875324
0.875169
0.874976
0.874743
0.874471
0.874161
0.873811
0.873423
0.872997
0.872532
0.872029
0.871488
0.870909
0.870293
0.869639
0.868947
0.868219
0.867454
0.866653
0.865816
0.864944
0.864038
0.863099
0.862126
0.861119
0.86008
0.859009
0.857905
0.85677
0.855603
0.854406
0.853179
0.851922
0.850636
0.849321
0.847977
0.846606
0.845208
0.843783
0.842332
0.840856
0.839355
0.83783
0.836282
0.83471
0.833115
0.831498
0.82986
0.828201
0.826521
0.82482
0.8231
0.821362
0.819605
0.817832
0.816043
0.814238
0.812419
0.810586
0.808739
0.806879
0.805008
0.803127
0.801237
0.799338
0.797434
0.795526
0.793613
0.791697
0.789779
0.787861
0.785943
0.784027
0.782114
0.780205
0.778303
0.776408
0.774521
0.772644
0.77078
0.768929
0.767094
0.765275
0.763475
0.761695
0.759937
0.758204
0.756497
0.754817
0.753165
0.751544
0.749955
0.7484
0.74688
0.745397
0.743952
0.742547
0.741185
0.739865
0.738591
0.737362
0.736181
0.735049
0.733968
0.732939
0.731963
0.731041
0.730175
0.729365
0.728612
0.727916
0.727277
0.726698
0.726178
0.725718
0.725318
0.724979
0.724699
0.724479
0.724319
0.724218
0.724176
0.724194
0.724269
0.724401
0.724589
0.724832
0.725129
0.725479
0.725879
0.726328
0.726825
0.727367
0.727955
0.728584
0.729254
0.729962
0.730706
0.731483
0.732292
0.73313
0.733995
0.734884
0.735795
0.736724
0.737668
0.738627
0.739596
0.740574
0.741558
0.742546
0.743534
0.744518
0.745498
0.746469
0.747429
0.748376
0.749308
0.750224
0.751121
0.751996
0.752848
0.753674
0.754472
0.755242
0.755982
0.756688
0.757361
0.757999
0.7586
0.759165
0.759692
0.76018
0.760629
0.761038
0.761407
0.761734
0.762021
0.762268
0.762475
0.762641
0.762768
0.762855
0.762903
0.762914
0.762886
0.762821
0.762721
0.762585
0.762416
0.762214
0.761982
0.761719
0.761428
0.761108
0.760763
0.760394
0.760002
0.759589
0.759158
0.758711
0.758249
0.757774
0.757288
0.756792
0.756288
0.755779
0.755265
0.754748
0.754232
0.753717
0.753205
0.752697
0.752197
0.751704
0.751222
0.750751
0.750292
0.749849
0.749422
0.749012
0.74862
0.748248
0.747895
0.747564
0.747255
0.746968
0.746705
0.746466
0.746252
0.746063
0.745898
0.745758
0.745644
0.745554
0.745489
0.745448
0.745431
0.745438
0.745467
0.74552
0.745594
0.745689
0.745803
0.745935
0.746084
0.74625
0.74643
0.746626
0.746833
0.747051
0.747279
0.747514
0.747757
0.748006
0.748259
0.748514
0.74877
0.749026
0.749279
0.74953
0.749777
0.750019
0.750254
0.75048
0.750697
0.750904
0.751098
0.75128
0.751449
0.751603
0.751741
0.751863
0.751969
0.752056
0.752126
0.752177
0.75221
0.752224
0.752219
0.752194
0.752151
0.752088
0.752006
0.751905
0.751785
0.751647
0.751492
0.75132
0.751132
0.750928
0.750709
0.750477
0.750232
0.749976
0.749709
0.749433
0.749148
0.748857
0.748559
0.748258
0.747955
0.74765
0.747347
0.747044
0.746745
0.746451
0.746163
0.745882
0.74561
0.74535
0.745102
0.744867
0.744649
0.744447
0.744263
0.744098
0.743952
0.743828
0.743725
0.743644
0.743587
0.743554
0.743545
0.74356
0.743601
0.743667
0.74376
0.743878
0.744023
0.744195
0.744393
0.744616
0.744861
0.74513
0.74542
0.745731
0.746061
0.746409
0.746774
0.747154
0.747548
0.747955
0.748373
0.748799
0.749234
0.749674
0.750117
0.750563
0.75101
0.751456
0.751898
0.752336
0.752766
0.753188
0.7536
0.754
0.754386
0.754757
0.755112
0.755449
0.755766
0.756062
0.756337
0.756589
0.756817
0.75702
0.757198
0.757349
0.757473
0.757569
0.757638
0.757678
0.75769
0.757672
0.757625
0.757548
0.757442
0.757307
0.757144
0.756952
0.756731
0.756484
0.756207
0.755904
0.755573
0.755216
0.754833
0.754425
0.753993
0.753538
0.753061
0.752563
0.752045
0.751507
0.750952
