0.8
0.799921
0.799683
0.799288
0.798734
0.798021
0.797151
0.796123
0.794937
0.793593
0.792093
0.790435
0.788621
0.786652
0.784527
0.782247
0.779813
0.777228
0.774491
0.771603
0.768566
0.765382
0.762053
0.75858
0.754962
0.7512
0.747295
0.743249
0.739064
0.734742
0.730283
0.725687
0.720956
0.716092
0.711096
0.705971
0.700718
0.695339
0.689837
0.684214
0.678471
0.67261
0.666635
0.660548
0.654352
0.64805
0.641646
0.635143
0.628541
0.621845
0.615058
0.608182
0.601223
0.594184
0.587069
0.579881
0.572624
0.565303
0.55792
0.550481
0.54299
0.535451
0.527868
0.520246
0.512591
0.504906
0.497197
0.489469
0.481725
0.473973
0.466216
0.45846
0.450711
0.442973
0.435252
0.427554
0.419884
0.412247
0.404649
0.397095
0.389591
0.382143
0.374755
0.367434
0.360184
0.353012
0.345923
0.338921
0.332013
0.325203
0.318496
0.311898
0.305414
0.299048
0.292804
0.286688
0.280703
0.274855
0.269147
0.263583
0.258166
0.252902
0.247793
0.242842
0.238052
0.233426
0.228967
0.224677
0.220559
0.216614
0.212844
0.209251
0.205837
0.202602
0.199547
0.196673
0.19398
0.191469
0.18914
0.186992
0.185024
0.183236
0.181628
0.180198
0.178944
0.177866
0.176962
0.176228
0.175663
0.175266
0.175033
0.174961
0.175047
0.17529
0.175684
0.176228
0.176917
0.177748
0.178717
0.17982
0.181054
0.182415
0.183897
0.185498
0.187212
0.189036
0.190965
0.192994
0.195118
0.197335
0.199638
0.202023
0.204486
0.207022
0.209627
0.212296
0.215024
0.217807
0.22064
0.22352
0.226441
0.229399
0.23239
0.235409
0.238453
0.241517
0.244598
0.247692
0.250795
0.253904
0.257014
0.260121
0.263223
0.266316
0.269397
0.272463
0.27551
0.278536
0.281538
0.284513
0.287458
0.290372
0.293251
0.296094
0.298898
0.301661
0.304381
0.307057
0.309687
0.312268
0.3148
0.317281
0.31971
0.322086
0.324408
0.326675
0.328886
0.331042
0.33314
0.335182
0.337166
0.339093
0.340961
0.34277
0.344521
0.346213
0.347848
0.349425
0.350944
0.352406
0.353811
0.35516
0.356454
0.357692
0.358876
0.360007
0.361085
0.362111
0.363087
0.364014
0.364893
0.365724
0.36651
0.367251
0.36795
0.368606
0.369222
0.3698
0.37034
0.370845
0.371316
0.371754
0.372161
0.372539
0.372888
0.373212
0.37351
0.373786
0.374041
0.374277
0.374495
0.374697
0.374886
0.375061
0.375226
0.375381
0.375529
0.375672
0.37581
0.375944
0.376078
0.376212
0.376347
0.376486
0.376629
0.376777
0.376933
0.377097
0.377271
0.377455
0.377651
0.377861
0.378084
0.378323
0.378577
0.378849
0.379139
0.379447
0.379774
0.380122
0.38049
0.38088
0.381292
0.381726
0.382181
0.382658
0.383158
0.38368
0.384226
0.384795
0.385386
0.386
0.386637
0.387297
0.387979
0.388684
0.389412
0.390161
0.390932
0.391723
0.392535
0.393367
0.394218
0.395088
0.395976
0.396882
0.397805
0.398744
0.399698
0.400667
0.401649
0.402645
0.403654
0.404673
0.405704
0.406745
0.407795
0.408854
0.409922
0.410996
0.412076
0.413161
0.414252
0.415346
0.416443
0.417542
0.418643
0.419744
0.420845
0.421945
0.423044
0.424141
0.425235
0.426325
0.427411
0.428492
0.429567
0.430637
0.431699
0.432754
0.433802
0.434841
0.435871
0.436892
0.437904
0.438906
0.439898
0.440879
0.441849
0.442807
0.443753
0.444688
0.445611
0.446521
0.447419
0.448303
0.449174
0.450033
0.450878
0.451708
0.452524
0.453326
0.454113
0.454885
0.455642
0.456385
0.457113
0.457826
0.458524
0.459207
0.459876
0.460529
0.461167
0.461788
0.462393
0.462982
0.463555
0.464112
0.464652
0.465176
0.465683
0.466173
0.466646
0.467103
0.467542
0.467965
0.46837
0.468759
0.46913
0.469482
0.469817
0.470134
0.470433
0.470713
0.470974
0.471215
0.471438
0.471641
0.471825
0.471989
0.472133
0.472256
0.472359
0.472441
0.472501
0.472541
0.472559
0.472556
0.47253
0.472482
0.472412
0.472318
0.472202
0.472062
0.471898
0.47171
0.471499
0.471263
0.471002
0.470718
0.470409
0.470076
0.469718
0.469335
0.468926
0.46849
0.468029
0.467541
0.467027
0.466486
0.465918
0.465324
0.464702
0.464055
0.46338
0.462678
0.461948
0.461192
0.460408
0.459596
0.458757
0.457891
0.456998
0.456077
0.455129
0.454157
0.453158
0.452133
0.451082
0.450005
0.448902
0.447775
0.446621
0.445443
0.444241
0.443014
0.441764
0.44049
0.439193
0.437874
0.436533
0.435171
0.433789
0.432387
0.430965
0.429524
0.428065
0.42659
0.425097
0.423589
0.422065
0.420527
0.418978
0.417415
0.41584
0.414254
0.412659
0.411053
0.409439
0.407818
0.406192
0.40456
0.402926
0.401289
0.39965
0.398011
0.396373
0.394737
0.393106
0.391478
0.389857
0.388242
0.386635
0.385037
0.383449
0.381873
0.380309
0.378759
0.377226
0.375709
0.374209
0.372729
0.371268
0.369829
0.368411
0.367018
0.365648
0.364305
0.362988
0.361699
0.360439
0.359208
0.358007
0.356839
0.355703
0.3546
0.353531
0.352498
0.3515
0.350539
0.349614
0.348728
0.34788
0.34707
0.346299
0.345568
0.344876
0.344225
0.343614
0.343044
0.342515
0.342028
0.341582
0.341178
0.340815
0.340493
0.340213
0.339974
0.339776
0.339619
0.339502
0.339426
0.33939
0.339393
0.339435
0.339516
0.339635
0.339792
0.339986
0.340216
0.340483
0.340785
0.341123
0.341494
0.341898
0.342334
0.342802
0.3433
0.343829
0.344386
0.344973
0.345587
0.346228
0.346895
0.347588
0.348305
0.349045
0.349808
0.350593
0.351399
0.352225
0.35307
0.353934
0.354816
0.355714
0.35663
0.35756
0.358505
0.359464
0.360437
0.361423
0.36242
0.363428
0.364446
0.365473
0.366509
0.367553
0.368605
0.369664
0.370728
0.371799
0.372875
0.373956
0.375041
0.376131
0.377224
0.378321
0.379421
0.380523
0.381627
0.382733
0.383841
0.384949
0.386059
0.38717
0.388281
0.389391
0.390502
0.391612
0.392721
0.393829
0.394936
0.396042
0.397147
0.398251
0.399352
0.400452
0.401549
0.402644
0.403737
0.404829
0.405918
0.407006
0.40809
0.409171
0.410249
0.411322
0.412392
0.413458
0.414519
0.415577
0.416629
0.417677
0.41872
0.419759
0.420793
0.421822
0.422847
0.423865
0.424878
0.425886
0.426889
0.427885
0.428875
0.429858
0.430833
0.431802
0.432764
0.433718
0.434664
0.4356
0.436527
0.437445
0.438353
0.439252
0.44014
0.441018
0.441886
0.442741
0.443586
0.444418
0.445239
0.446048
0.446844
0.447628
0.448398
0.449156
0.4499
0.450629
0.451345
0.452045
0.452732
0.453404
0.454061
0.454703
0.455329
0.455939
0.456533
0.45711
0.45767
0.458213
0.458739
0.459248
0.459739
0.460214
0.460671
0.461111
0.461533
0.461937
0.462324
0.462693
0.463043
0.463374
0.463688
0.463985
0.464262
0.464523
0.464765
0.464989
0.465194
0.465382
0.465552
0.465703
0.465838
0.465955
0.466055
0.466138
0.466204
0.466253
0.466286
0.466301
0.466301
0.466285
0.466253
0.466208
0.466147
0.466071
0.465981
0.465879
0.465763
0.465632
0.465489
0.465332
0.465162
0.46498
0.464784
0.464577
0.464358
0.464128
0.463888
0.463637
0.463375
0.463102
0.46282
0.462527
0.462224
0.461911
0.46159
0.461261
0.460923
0.460577
0.460221
0.459857
0.459484
0.459103
0.458714
0.458318
0.457915
0.457503
0.457084
0.456658
0.456225
0.455784
0.455337
0.454882
0.454421
0.453953
0.453478
0.452997
0.452509
0.452014
0.451513
0.451005
0.45049
0.449968
0.44944
0.448905
0.448364
0.447817
0.447263
0.446703
0.446137
0.445564
0.444984
0.444398
0.443805
0.443206
0.442601
0.441989
0.441371
0.440746
0.440115
0.439478
0.438835
0.438187
0.437532
0.436871
0.436205
0.435533
0.434855
0.434172
0.433484
0.43279
0.432092
0.431389
0.430682
0.42997
0.429254
0.428534
0.427811
0.427084
0.426353
0.425618
0.42488
0.42414
0.423397
0.422651
0.421903
0.421154
0.420404
0.419653
0.418902
0.418152
0.417402
0.416653
0.415906
0.415159
0.414415
0.413672
0.412933
0.412198
0.411467
0.410739
0.410017
0.4093
0.408588
0.407882
0.407183
0.406491
0.405806
0.40513
0.404462
0.403803
0.403154
0.402515
0.401887
0.40127
0.400665
0.400072
0.399491
0.398925
0.398371
0.397832
0.397307
0.396797
0.396303
0.395824
0.395363
0.394918
0.39449
0.394079
0.393685
0.393309
0.39295
0.39261
0.39229
0.391988
0.391705
0.391441
0.391196
0.39097
0.390763
0.390575
0.390407
0.390259
0.39013
0.390019
0.389928
0.389856
0.389803
0.38977
0.389756
0.389759
0.389781
0.389821
0.389878
0.389953
0.390045
0.390155
0.390282
0.390424
0.390583
0.390757
0.390946
0.39115
0.391367
0.391598
0.391842
0.392098
0.392366
0.392646
0.392935
0.393235
0.393545
0.393863
0.394191
0.394526
0.394868
0.395217
0.395573
0.395933
0.396298
0.396665
0.397036
0.39741
0.397786
0.398162
0.398539
0.398913
0.399286
0.399657
0.400023
0.400385
0.400742
0.401092
0.401436
0.401771
0.402098
0.402415
0.402723
0.403018
0.403302
0.403573
0.403831
0.404074
0.404303
0.404516
0.404712
0.404891
0.405052
0.405194
0.405317
0.40542
0.405502
0.405563
0.405603
0.40562
0.405614
0.405585
0.405532
0.405456
0.405355
0.40523
0.40508
0.404905
0.404703
0.404474
0.404219
0.403937
0.403628
0.403293
0.402931
0.402541
0.402124
0.401681
0.40121
0.400713
0.400189
0.399638
0.399061
0.398458
0.397828
0.397174
0.396495
0.39579
0.395061
0.394308
0.39353
0.392729
0.391904
0.391057
0.390187
0.389297
0.388387
0.387456
0.386506
0.385538
0.384552
0.38355
0.382531
0.381497
0.380448
0.379386
0.378312
0.377227
0.376133
0.37503
0.373918
0.3728
0.371675
0.370545
0.369413
0.368277
0.367141
0.366005
0.36487
0.363738
0.362612
0.36149
0.360376
0.359269
0.358171
0.357084
0.356009
0.354946
0.353898
0.352866
0.351851
0.350854
0.349877
