           1   -0.414193	-0.414193	0
           2   -0.417086	-0.41564	0.00144661
           3   -0.415823	-0.415701	0.000837421
           4   -0.412435	-0.414884	0.00100866
           5   -0.411401	-0.414188	0.00104681
           6   -0.413995	-0.414156	0.000855314
           7   -0.411174	-0.41373	0.000838991
           8   -0.415596	-0.413963	0.000763132
           9   -0.412976	-0.413853	0.000681902
          10   -0.416159	-0.414084	0.000652036
          11   -0.413255	-0.414008	0.000594584
          12   -0.417173	-0.414272	0.000603461
          13   -0.413346	-0.414201	0.000559653
          14   -0.415887	-0.414321	0.000531957
          15   -0.413323	-0.414255	0.00049968
          16   -0.415452	-0.41433	0.00047336
          17   -0.416528	-0.414459	0.000463063
          18   -0.414273	-0.414449	0.000436702
          19   -0.416444	-0.414554	0.000426222
          20   -0.415745	-0.414613	0.00040871
          21    -0.41302	-0.414537	0.000396099
          22   -0.417754	-0.414684	0.000404983
          23   -0.414228	-0.414664	0.000387481
          24    -0.41118	-0.414519	0.000398372
          25   -0.413792	-0.41449	0.000383208
          26   -0.412837	-0.414426	0.000373622
          27    -0.41242	-0.414352	0.000367113
          28   -0.417271	-0.414456	0.000368807
          29   -0.412179	-0.414377	0.000364421
          30   -0.415776	-0.414424	0.000355137
          31   -0.414347	-0.414422	0.000343499
          32   -0.413655	-0.414398	0.000333454
          33   -0.413496	-0.41437	0.000324344
          34   -0.411899	-0.414298	0.000322948
          35   -0.416662	-0.414365	0.000320777
          36   -0.418535	-0.414481	0.000332566
          37    -0.41331	-0.414449	0.000324997
          38   -0.414714	-0.414456	0.000316406
          39   -0.414853	-0.414467	0.000308354
          40   -0.414647	-0.414471	0.00030058
          41   -0.414186	-0.414464	0.00029324
          42   -0.413086	-0.414431	0.000288047
          43   -0.415144	-0.414448	0.000281756
          44   -0.412557	-0.414405	0.000278612
          45   -0.414382	-0.414404	0.00027235
          46   -0.411996	-0.414352	0.000271462
          47   -0.413076	-0.414325	0.000267007
          48   -0.412361	-0.414284	0.000264567
          49   -0.413073	-0.414259	0.000260286
          50   -0.418104	-0.414336	0.000266367
          51   -0.413457	-0.414319	0.000261661
          52   -0.412127	-0.414277	0.000260017
          53   -0.415448	-0.414299	0.000256019
          54   -0.419541	-0.414396	0.000269338
          55   -0.414284	-0.414394	0.000264404
          56   -0.416576	-0.414433	0.000262548
          57   -0.414541	-0.414435	0.000257908
          58   -0.414776	-0.414441	0.00025349
          59   -0.411952	-0.414398	0.000252702
          60   -0.414519	-0.4144	0.000248463
          61   -0.416476	-0.414434	0.000246712
          62   -0.412397	-0.414402	0.000244915
          63   -0.413612	-0.414389	0.000241321
          64   -0.414198	-0.414386	0.00023754
          65   -0.411205	-0.414337	0.000238921
          66   -0.413224	-0.41432	0.000235877
          67   -0.413273	-0.414305	0.000232855
          68   -0.414785	-0.414312	0.000229514
          69   -0.417928	-0.414364	0.000232156
          70   -0.415646	-0.414382	0.000229546
          71   -0.415831	-0.414403	0.000227208
          72   -0.416565	-0.414433	0.000226033
          73    -0.41464	-0.414436	0.000222933
          74   -0.414728	-0.41444	0.000219936
          75   -0.410981	-0.414394	0.000221829
          76   -0.413677	-0.414384	0.000219093
          77   -0.411087	-0.414341	0.000220428
          78   -0.415231	-0.414353	0.000217882
          79   -0.414634	-0.414356	0.000215136
          80   -0.413887	-0.41435	0.000212511
          81   -0.412764	-0.414331	0.000210783
          82   -0.412749	-0.414312	0.000209088
          83   -0.412775	-0.414293	0.000207382
          84   -0.413985	-0.414289	0.000204931
          85   -0.412972	-0.414274	0.000203098
          86   -0.412346	-0.414251	0.00020197
          87   -0.413118	-0.414238	0.00020006
          88   -0.414947	-0.414246	0.000197937
          89   -0.415243	-0.414258	0.00019602
          90   -0.417002	-0.414288	0.000196213
          91    -0.41076	-0.414249	0.00019788
          92   -0.415772	-0.414266	0.000196416
          93   -0.414303	-0.414266	0.000194293
          94   -0.416883	-0.414294	0.00019422
          95   -0.412391	-0.414274	0.000193206
          96   -0.415428	-0.414286	0.000191561
          97   -0.418302	-0.414328	0.000194043
          98    -0.41816	-0.414367	0.000195994
          99   -0.416047	-0.414384	0.000194745
         100    -0.41421	-0.414382	0.000192796
