   0.0323165	 0	 0
   0.0969496	 0	 0
    0.161583	 0	 0
    0.226216	 0	 0
    0.290849	 0	 0
    0.355482	 0	 0
    0.420115	 0	 0
    0.484748	 0	 0
    0.549381	 0	 0
    0.614014	 0	 0
    0.678647	 0	 0
     0.74328	 0	 0
    0.807913	 0	 0
    0.872546	 0.00730393	 0.00441138
    0.937179	 0.191402	 0.0253385
     1.00181	 1.22307	 0.0672919
     1.06645	 2.92952	 0.113763
     1.13108	 3.38576	 0.0979768
     1.19571	 2.73437	 0.0840124
     1.26034	 2.3947	 0.0749236
     1.32498	 2.11093	 0.0759763
     1.38961	 1.70903	 0.0572759
     1.45424	 1.56789	 0.0418701
     1.51888	 1.4068	 0.0414214
     1.58351	 1.27864	 0.0310687
     1.64814	 1.23986	 0.0402702
     1.71278	 1.20566	 0.0414892
     1.77741	 1.20808	 0.0440173
     1.84204	 1.12353	 0.0340488
     1.90667	 1.16428	 0.0351191
     1.97131	 1.08642	 0.028488
     2.03594	 1.19426	 0.0308854
     2.10057	 1.14241	 0.028591
     2.16521	 1.18632	 0.0338514
     2.22984	 1.08364	 0.0255464
     2.29447	 1.12769	 0.0244316
     2.35911	 1.09486	 0.024855
     2.42374	 1.11501	 0.0269679
     2.48837	 1.05471	 0.0250218
     2.55301	 1.01833	 0.0252173
     2.61764	 1.011	 0.0290339
     2.68227	 1.03669	 0.0246273
      2.7469	 0.968091	 0.0196066
     2.81154	 1.05378	 0.021469
     2.87617	 1.03044	 0.0175886
      2.9408	 1.00677	 0.0209018
     3.00544	 0.970807	 0.0223536
     3.07007	 0.93343	 0.0148307
      3.1347	 0.965936	 0.0181637
     3.19934	 0.922154	 0.0176532
     3.26397	 0.957048	 0.0146692
      3.3286	 0.979738	 0.0159183
     3.39323	 0.98441	 0.0183841
     3.45787	 0.96038	 0.0148363
      3.5225	 0.923579	 0.0149613
     3.58713	 0.931613	 0.0160963
     3.65177	 0.950158	 0.0142805
      3.7164	 1.00824	 0.0169817
     3.78103	 1.01217	 0.0161733
     3.84567	 1.03361	 0.0209184
      3.9103	 0.962266	 0.0167263
     3.97493	 0.952683	 0.0174436
     4.03957	 0.923565	 0.0140057
      4.1042	 0.91914	 0.0152651
     4.16883	 0.919582	 0.0119436
     4.23346	 0.970042	 0.0126539
      4.2981	 0.991872	 0.0163835
     4.36273	 0.936281	 0.0128587
     4.42736	 0.90196	 0.0109856
       4.492	 0.911839	 0.0142353
     4.55663	 0.956795	 0.00968166
     4.62126	 0.97388	 0.0119931
      4.6859	 0.949621	 0.0111443
     4.75053	 0.982026	 0.010234
     4.81516	 0.978744	 0.0120802
     4.87979	 1.00361	 0.0104081
     4.94443	 0.999598	 0.0129354
     5.00906	 0.997526	 0.0108171
     5.07369	 0.993704	 0.0111958
     5.13833	 0.976673	 0.0112444
     5.20296	 0.997622	 0.0127952
     5.26759	 1.00058	 0.00886773
     5.33223	 0.981405	 0.0108198
     5.39686	 0.990664	 0.0103794
     5.46149	 0.950808	 0.00970295
     5.52612	 0.9673	 0.00908368
     5.59076	 0.972202	 0.0107057
     5.65539	 0.95554	 0.0114261
     5.72002	 0.986555	 0.0120991
     5.78466	 0.998698	 0.00963509
     5.84929	 1.00607	 0.00935819
     5.91392	 1.03704	 0.0113157
     5.97856	 1.0116	 0.00810451
     6.04319	 0.969722	 0.00999231
     6.10782	 0.962939	 0.00867725
     6.17246	 1.01578	 0.00804835
     6.23709	 1.00366	 0.00854129
     6.30172	 1.01255	 0.00798139
     6.36635	 1.03052	 0.00977482
     6.43099	 1.0071	 0.0083762
