0.399776   0.114183   0.345473
-0.0973395   0.177642   -0.420654
0.0559424   -0.429425   -0.0588658
0.349663   -0.0161568   0.452884
-0.297921   0.16137   0.288974
0.055844   -0.341533   0.244124
-0.39061   -0.404677   0.274302
-0.439423   0.167891   -0.423536
-0.224734   -0.0387232   0.371577
-0.174904   0.413734   0.0636272
0.18328   0.146528   0.22999
-0.0549732   -0.298253   -0.32323
-0.0967326   -0.00419842   0.441572
-0.290442   0.388022   0.242177
-0.13417   -0.486066   0.0736476
-0.291918   0.222345   -0.33934
-0.20116   0.447493   -0.0668021
-0.270084   -0.381078   0.133806
0.0959473   0.0657016   -0.0190395
0.0388919   -0.132893   -0.407229
0.386105   0.150218   -0.470999
-0.13302   0.262071   -0.349026
0.00403579   -0.214367   -0.363792
0.0410909   0.481269   -0.0370895
-0.145701   0.250123   0.321071
0.336516   -0.332036   0.163859
-0.265812   -0.465777   0.43427
0.0311048   0.494489   -0.483635
-0.346878   -0.466352   0.399302
-0.23193   0.0121205   -0.00919258
0.135946   0.490794   0.387928
-0.406377   0.452448   0.161671
-0.269309   -0.0541874   -0.209015
0.142887   -0.406022   0.450947
-0.400526   -0.40904   -0.128574
-0.492732   -0.216059   0.481424
0.219591   0.388019   0.292353
0.205344   -0.176194   0.13577
0.0820306   0.449599   0.185815
0.229091   -0.475415   -0.00349447
0.422421   -0.360562   -0.495154
-0.111717   0.48942   -0.296567
-0.434248   -0.285938   0.393195
0.0384528   -0.46605   0.160786
-0.291764   0.0915428   -0.393308
-0.222793   -0.164889   -0.385889
-0.0599259   0.194877   0.17642
0.410506   -0.235043   0.174344
0.0246557   0.238639   -0.240264
-0.149328   -0.0417555   0.275626
0.0960513   0.0689638   0.347024
-0.130851   -0.195113   -0.234287
-0.273712   0.0105225   0.156768
-0.433247   0.498833   -0.350567
0.161682   0.0508453   0.282477
-0.35169   -0.212198   0.343554
0.0871155   -0.198805   0.148911
0.402158   0.271509   0.136783
0.326706   -0.323988   -0.0942269
-0.136294   -0.184803   -0.456148
0.207944   -0.0109676   -0.144479
-0.0642633   -0.242144   -0.250955
-0.16389   -0.113071   -0.310533
0.48584   -0.336329   0.120023
-0.433229   0.274317   0.0964095
0.420897   0.305304   -0.47908
-0.469876   0.414695   0.123143
0.425062   -0.159258   0.236849
-0.328286   -0.382657   0.494239
0.102422   -0.467938   0.474565
0.336674   -0.427318   0.0125889
-0.114578   -0.122821   0.395027
0.133167   -0.198337   -0.383957
0.132875   0.25051   -0.266895
0.283587   -0.380052   -0.34359
0.0280197   -0.223813   -0.451536
0.0715375   -0.378047   -0.419386
-0.262318   -0.0873962   -0.41529
-0.343025   0.108504   0.486562
-0.392898   -0.450419   -0.0517175
-0.223172   -0.210772   0.354412
-0.0179566   -0.151638   0.149149
0.304104   0.210566   -0.256553
-0.32017   -0.236657   0.00319942
0.493704   0.423897   -0.265459
-0.186918   -0.257934   -0.0617264
-0.295257   0.0400839   -0.311864
0.0980006   -0.102028   0.101405
0.414748   0.0713804   0.0824302
0.433573   -0.191546   -0.262605
0.312238   -0.318486   -0.281934
-0.0370055   -0.0642976   0.254482
-0.422523   0.10253   -0.497393
0.33262   0.187468   -0.0774637
0.384352   -0.086862   0.464521
-0.159861   -0.144223   0.464073
0.274896   0.200197   -0.141577
0.183534   -0.320753   0.237768
-0.358451   0.041858   -0.475745
-0.293414   -0.343678   -0.371968
0.241163   -0.304366   0.337855
0.449196   0.324277   0.195144
-0.0868063   -0.0776201   0.320529
0.13417   0.451617   0.463263
-0.346362   -0.310178   -0.436255
-0.377867   -0.160769   0.0187679
0.370759   0.288539   -0.300849
0.392301   -0.337527   -0.275608
