0 -0.767364 0.00618567
1 -0.767108 0.00568505
2 -0.772269 0.00454901
3 -0.772915 0.0048232
4 -0.777823 0.00584033
5 -0.780047 0.00575993
6 -0.780087 0.00574029
7 -0.780067 0.00588405
8 -0.779182 0.00439649
9 -0.778632 0.00446852
10 -0.779727 0.00428629
11 -0.778981 0.00429887
12 -0.777017 0.00441826
13 -0.775604 0.00452659
14 -0.774855 0.00345888
15 -0.777172 0.0043189
16 -0.77887 0.00421069
17 -0.778163 0.00475664
18 -0.784312 0.00389047
19 -0.785107 0.00411584
20 -0.783641 0.0033666
21 -0.782316 0.00386251
22 -0.78387 0.00417374
23 -0.780856 0.00377914
24 -0.781801 0.00318434
25 -0.784954 0.00275985
26 -0.784521 0.00230333
27 -0.781887 0.00254028
28 -0.78296 0.00382628
29 -0.782297 0.00258101
30 -0.782458 0.00310478
31 -0.777765 0.0027173
32 -0.77807 0.00304859
33 -0.774292 0.00348031
34 -0.774875 0.0039833
35 -0.77687 0.00395582
36 -0.774704 0.00390947
37 -0.78051 0.00405949
38 -0.77656 0.00382059
39 -0.776069 0.00409147
40 -0.779724 0.00325455
41 -0.780181 0.00392077
42 -0.780901 0.00426537
43 -0.780626 0.00353931
44 -0.780051 0.00437032
45 -0.779721 0.00377133
46 -0.778115 0.00406447
47 -0.77762 0.00442224
48 -0.779664 0.00377353
49 -0.780758 0.00382831
50 -0.785548 0.00419505
51 -0.787373 0.00380781
52 -0.788706 0.00389193
53 -0.790056 0.00375535
54 -0.783919 0.00432747
55 -0.784886 0.00463437
56 -0.783867 0.00458546
57 -0.782531 0.00429932
58 -0.782413 0.00457337
59 -0.782324 0.00438194
60 -0.783639 0.00358513
61 -0.782916 0.00371222
62 -0.777644 0.00353779
63 -0.777855 0.00368078
64 -0.778642 0.00380311
65 -0.777434 0.00373069
66 -0.782144 0.00395294
67 -0.781482 0.00381097
68 -0.780173 0.00471267
69 -0.777101 0.00451824
70 -0.777783 0.00429841
71 -0.777659 0.00380632
72 -0.778555 0.00312706
73 -0.77785 0.00392517
74 -0.778002 0.00358314
75 -0.776579 0.00325434
76 -0.775229 0.00352526
77 -0.776671 0.00331307
78 -0.779557 0.00281821
79 -0.777928 0.00271654
80 -0.778942 0.00310528
81 -0.778556 0.00287782
82 -0.785092 0.00308065
83 -0.784688 0.00218823
84 -0.780647 0.0033036
85 -0.782694 0.00354368
86 -0.780802 0.00327159
87 -0.782038 0.00338454
88 -0.780753 0.00333284
89 -0.778462 0.00268573
90 -0.777457 0.0023755
91 -0.776797 0.00298923
92 -0.776915 0.00399881
93 -0.777743 0.00359296
94 -0.773788 0.00397618
95 -0.773655 0.00384883
96 -0.777052 0.0034112
97 -0.777632 0.00325915
98 -0.778657 0.00317711
99 -0.777004 0.00390381
100 -0.776437 0.00333766
101 -0.779487 0.00407201
102 -0.775994 0.00389347
103 -0.774291 0.00406257
104 -0.774428 0.00368223
105 -0.776152 0.0036762
106 -0.775771 0.00372022
107 -0.776491 0.00415372
108 -0.777034 0.00420163
109 -0.779386 0.00348963
110 -0.781243 0.00298627
111 -0.78173 0.00325399
112 -0.78233 0.00373273
113 -0.780617 0.00311197
114 -0.780279 0.00307224
115 -0.779674 0.00299315
116 -0.781029 0.00286592
117 -0.77738 0.00308762
118 -0.777354 0.00348728
119 -0.778531 0.00344396
120 -0.777045 0.003419
121 -0.779909 0.00312685
122 -0.779213 0.00290073
123 -0.782425 0.00343225
124 -0.781911 0.00317291
125 -0.783901 0.00315469
126 -0.782902 0.0036894
127 -0.782285 0.00340486
128 -0.781393 0.00334795
129 -0.782718 0.00309369
130 -0.783139 0.00263284
131 -0.784394 0.00314195
132 -0.783459 0.00325902
133 -0.781398 0.00322361
134 -0.782855 0.00254717
135 -0.780006 0.00335765
136 -0.77901 0.00338548
137 -0.779513 0.00271948
138 -0.778588 0.00251972
139 -0.775925 0.00272212
140 -0.774308 0.00276678
141 -0.778011 0.00328026
142 -0.780032 0.0036102
143 -0.779415 0.00369372
144 -0.778047 0.00326284
145 -0.777453 0.00299093
146 -0.780576 0.00386618
147 -0.780267 0.00358714
148 -0.784262 0.00309425
149 -0.782615 0.00282858
150 -0.781981 0.00262442
151 -0.780927 0.00311524
152 -0.783533 0.00301264
153 -0.785885 0.00274892
154 -0.784391 0.00315238
155 -0.782838 0.00259054
156 -0.784971 0.003012
157 -0.784268 0.00262241
158 -0.784541 0.00280356
159 -0.784202 0.0030506
160 -0.784789 0.00330322
161 -0.781958 0.0031236
162 -0.776687 0.00323787
163 -0.777282 0.00290988
164 -0.777556 0.00286759
165 -0.779009 0.00279155
166 -0.783108 0.00343075
167 -0.781088 0.00358711
168 -0.781492 0.0032038
169 -0.777701 0.0033022
170 -0.778742 0.00349912
171 -0.779937 0.00346701
172 -0.781065 0.00302896
173 -0.782578 0.0027765
174 -0.781128 0.00320351
175 -0.779332 0.00330642
176 -0.780122 0.00351293
177 -0.779328 0.00376007
178 -0.780718 0.00369376
179 -0.77842 0.00305072
180 -0.777369 0.00364636
181 -0.779944 0.003254
182 -0.783438 0.00389433
183 -0.782801 0.00377504
184 -0.782509 0.0036898
185 -0.7888 0.0044356
186 -0.790085 0.00472012
187 -0.78902 0.00429546
188 -0.786989 0.00427586
189 -0.786223 0.00465955
190 -0.7851 0.0044431
191 -0.782915 0.00379756
192 -0.782252 0.0033027
193 -0.785333 0.00213917
194 -0.785119 0.00229241
195 -0.784971 0.00277085
196 -0.780013 0.00306178
197 -0.782241 0.00375303
198 -0.78117 0.00336685
199 -0.778923 0.00297813
200 -0.777167 0.0034662
201 -0.775201 0.00317457
202 -0.774227 0.00282661
203 -0.777077 0.00227446
204 -0.773681 0.00244646
205 -0.771748 0.00265601
206 -0.7748 0.00356425
207 -0.776561 0.00393588
208 -0.777408 0.00423049
209 -0.779065 0.0044121
210 -0.7778 0.0043711
211 -0.781449 0.00346475
212 -0.778264 0.00326831
213 -0.779078 0.00379867
214 -0.782349 0.00320071
215 -0.779694 0.00324704
216 -0.779824 0.0027811
217 -0.775747 0.00270908
218 -0.779169 0.00265361
219 -0.782043 0.00261156
220 -0.784088 0.0025554
221 -0.783219 0.0023772
222 -0.782605 0.0033707
223 -0.783748 0.00326414
224 -0.778246 0.00332185
225 -0.781259 0.00401065
226 -0.78097 0.00374444
227 -0.781297 0.00345471
228 -0.779779 0.00398353
229 -0.77842 0.00410467
230 -0.777548 0.00445776
231 -0.779974 0.00424784
232 -0.780413 0.00383332
233 -0.780188 0.00394849
234 -0.779828 0.00398085
235 -0.781213 0.00400732
236 -0.775932 0.00326115
237 -0.775243 0.00379192
238 -0.773067 0.00421423
239 -0.772598 0.00392945
240 -0.77235 0.00376436
241 -0.774661 0.00407297
242 -0.780541 0.00409246
243 -0.77873 0.00349986
244 -0.784631 0.00361926
245 -0.784524 0.00343175
246 -0.782229 0.0035282
247 -0.782357 0.00325612
248 -0.783087 0.00284423
249 -0.786084 0.00353887
250 -0.786841 0.00357894
251 -0.783689 0.00305949
252 -0.779674 0.00346684
253 -0.781409 0.00383263
254 -0.782101 0.00350596
255 -0.783997 0.00401528
256 -0.78312 0.00334749
257 -0.785146 0.00407959
258 -0.785854 0.00380918
259 -0.784128 0.00363425
260 -0.784312 0.00372761
261 -0.781527 0.00358969
262 -0.784071 0.00401003
263 -0.782968 0.00385573
264 -0.783199 0.00453827
265 -0.781933 0.00400244
266 -0.78402 0.00478574
267 -0.788004 0.00401943
268 -0.788752 0.0040598
269 -0.795685 0.00384205
270 -0.789687 0.0037878
271 -0.789881 0.00351016
272 -0.789068 0.00352031
273 -0.7852 0.00294579
274 -0.783304 0.00288343
275 -0.783454 0.00290894
276 -0.78102 0.00450451
277 -0.781462 0.00462029
278 -0.783643 0.00400385
279 -0.782442 0.00425769
280 -0.783065 0.00328272
281 -0.785073 0.00375109
282 -0.783832 0.00347658
283 -0.782253 0.00478171
284 -0.782593 0.00482922
285 -0.77892 0.00428693
286 -0.77958 0.005187
287 -0.777475 0.00540924
288 -0.776629 0.00604749
289 -0.776197 0.00627989
290 -0.776168 0.00676693
291 -0.77636 0.00706251
292 -0.775893 0.00695032
293 -0.776619 0.00609055
294 -0.774546 0.00676604
295 -0.774466 0.00627612
296 -0.775329 0.00580508
297 -0.771823 0.00445439
298 -0.767607 0.00484914
299 -0.761566 0.00529089
