   0.0128248	 0	 0
   0.0384745	 0	 0
   0.0641241	 0	 0
   0.0897737	 0	 0
    0.115423	 0	 0
    0.141073	 0	 0
    0.166723	 0	 0
    0.192372	 0	 0
    0.218022	 0	 0
    0.243672	 0	 0
    0.269321	 0	 0
    0.294971	 0	 0
     0.32062	 0	 0
     0.34627	 0	 0
     0.37192	 0	 0
    0.397569	 0	 0
    0.423219	 0	 0
    0.448869	 0	 0
    0.474518	 0	 0
    0.500168	 0	 0
    0.525818	 0	 0
    0.551467	 0	 0
    0.577117	 0	 0
    0.602767	 0	 0
    0.628416	 0	 0
    0.654066	 0	 0
    0.679715	 0	 0
    0.705365	 0	 0
    0.731015	 0	 0
    0.756664	 0	 0
    0.782314	 0	 0
    0.807964	 0	 0
    0.833613	 0	 0
    0.859263	 1.57564e-005	 2.6185e-006
    0.884913	 0.00122775	 2.52273e-005
    0.910562	 0.0241275	 0.000123997
    0.936212	 0.165127	 0.000401215
    0.961861	 0.563808	 0.000897311
    0.987511	 1.20183	 0.0012201
     1.01316	 1.86328	 0.00138157
     1.03881	 2.33595	 0.00125494
     1.06446	 2.55169	 0.00108356
     1.09011	 2.55064	 0.000989332
     1.11576	 2.40689	 0.00093106
     1.14141	 2.19949	 0.00106397
     1.16706	 1.97275	 0.00110737
     1.19271	 1.755	 0.00105498
     1.21836	 1.56004	 0.00105581
     1.24401	 1.38912	 0.000906375
     1.26966	 1.24633	 0.000860198
     1.29531	 1.12508	 0.00081603
     1.32096	 1.02401	 0.000659185
     1.34661	 0.940878	 0.00052741
     1.37226	 0.873394	 0.000552758
     1.39791	 0.817532	 0.000471986
     1.42355	 0.773913	 0.000478789
      1.4492	 0.738373	 0.000463708
     1.47485	 0.7112	 0.000469908
      1.5005	 0.691324	 0.000470379
     1.52615	 0.678096	 0.000517837
      1.5518	 0.671125	 0.000477099
     1.57745	 0.670091	 0.000517635
      1.6031	 0.674539	 0.000431949
     1.62875	 0.685271	 0.00045393
      1.6544	 0.700866	 0.000500913
     1.68005	 0.722275	 0.000449703
      1.7057	 0.748776	 0.00044782
     1.73135	 0.779798	 0.000516324
       1.757	 0.815249	 0.000506201
     1.78265	 0.853542	 0.000492903
      1.8083	 0.894813	 0.000525371
     1.83395	 0.935539	 0.000556097
      1.8596	 0.977915	 0.000517382
     1.88525	 1.01949	 0.000569991
      1.9109	 1.05876	 0.000526097
     1.93655	 1.09593	 0.000479658
      1.9622	 1.13039	 0.000475518
     1.98785	 1.16131	 0.000406439
      2.0135	 1.18559	 0.000450554
     2.03915	 1.20415	 0.000477526
      2.0648	 1.21298	 0.000373688
     2.09045	 1.21513	 0.000500463
      2.1161	 1.20825	 0.000485202
     2.14174	 1.19456	 0.00051245
     2.16739	 1.17471	 0.000521651
     2.19304	 1.15148	 0.000530319
     2.21869	 1.12451	 0.000511649
     2.24434	 1.09549	 0.000467635
     2.26999	 1.06737	 0.000486978
     2.29564	 1.03886	 0.000460438
     2.32129	 1.013	 0.000389136
     2.34694	 0.98828	 0.000391066
     2.37259	 0.966692	 0.000392254
     2.39824	 0.947832	 0.000342367
     2.42389	 0.931654	 0.000365726
     2.44954	 0.918757	 0.000338274
     2.47519	 0.908409	 0.000335061
     2.50084	 0.894718	 0.000348416
     2.52649	 0.885475	 0.00034082
     2.55214	 0.885062	 0.000346494
