1.8
1.8
1.8
1.8
1.8
1.8
1.8
1.8
1.8
1.8
1.80001
1.80001
1.80001
1.80001
1.80001
1.80001
1.80001
1.80002
1.80002
1.80002
1.80002
1.80002
1.80003
1.80003
1.80003
1.80003
1.80004
1.80004
1.80004
1.80005
1.80005
1.80005
1.80006
1.80006
1.80006
1.80007
1.80007
1.80007
1.80008
1.80008
1.80009
1.80009
1.80009
1.8001
1.8001
1.80011
1.80011
1.80012
1.80012
1.80013
1.80013
1.80014
1.80014
1.80015
1.80015
1.80016
1.80017
1.80017
1.80018
1.80018
1.80019
1.8002
1.8002
1.80021
1.80022
1.80022
1.80023
1.80024
1.80024
1.80025
1.80026
1.80027
1.80027
1.80028
1.80029
1.8003
1.8003
1.80031
1.80032
1.80033
1.80034
1.80034
1.80035
1.80036
1.80037
1.80038
1.80039
1.8004
1.80041
1.80042
1.80043
1.80043
1.80044
1.80045
1.80046
1.80047
1.80048
1.80049
1.8005
1.80051
1.80052
1.80054
1.80055
1.80056
1.80057
1.80058
1.80059
1.8006
1.80061
1.80062
1.80063
1.80065
1.80066
1.80067
1.80068
1.80069
1.80071
1.80072
1.80073
1.80074
1.80076
1.80077
1.80078
1.80079
1.80081
1.80082
1.80083
1.80085
1.80086
1.80087
1.80089
1.8009
1.80091
1.80093
1.80094
1.80096
1.80097
1.80099
1.801
1.80101
1.80103
1.80104
1.80106
1.80107
1.80109
1.80111
1.80112
1.80114
1.80115
1.80117
1.80118
1.8012
1.80122
1.80123
1.80125
1.80126
1.80128
1.8013
1.80131
1.80133
1.80135
1.80137
1.80138
1.8014
1.80142
1.80144
1.80145
1.80147
1.80149
1.80151
1.80153
1.80154
1.80156
1.80158
1.8016
1.80162
1.80164
1.80166
1.80168
1.80169
1.80171
1.80173
1.80175
1.80177
1.80179
1.80181
1.80183
1.80185
1.80187
1.80189
1.80191
1.80193
1.80196
1.80198
1.802
1.80202
1.80204
1.80206
1.80208
1.8021
1.80213
1.80215
1.80217
1.80219
1.80222
1.80224
1.80226
1.80228
1.80231
1.80233
1.80235
1.80238
1.8024
1.80242
1.80245
1.80247
1.80249
1.80252
1.80254
1.80257
1.80259
1.80261
1.80264
1.80266
1.80269
1.80271
1.80274
1.80276
1.80279
1.80282
1.80284
1.80287
1.80289
1.80292
1.80294
1.80297
1.803
1.80302
1.80305
1.80308
1.80311
1.80313
1.80316
1.80319
1.80321
1.80324
1.80327
1.8033
1.80333
1.80335
1.80338
1.80341
1.80344
1.80347
1.8035
1.80353
1.80356
1.80359
1.80362
1.80365
1.80368
1.80371
1.80374
1.80377
1.8038
1.80383
1.80386
1.80389
1.80392
1.80395
1.80398
1.80401
1.80405
1.80408
1.80411
1.80414
1.80417
1.80421
1.80424
1.80427
1.8043
1.80434
1.80437
1.8044
1.80444
1.80447
1.8045
1.80454
1.80457
1.80461
1.80464
1.80468
1.80471
1.80475
1.80478
1.80482
1.80485
1.80489
1.80492
1.80496
1.805
1.80503
1.80507
1.8051
1.80514
1.80518
1.80522
1.80525
1.80529
1.80533
1.80537
1.8054
1.80544
1.80548
1.80552
1.80556
1.8056
1.80563
1.80567
1.80571
1.80575
1.80579
1.80583
1.80587
1.80591
1.80595
1.80599
1.80603
1.80607
1.80612
1.80616
1.8062
1.80624
1.80628
1.80632
1.80637
1.80641
1.80645
1.80649
1.80654
1.80658
1.80662
1.80667
1.80671
1.80675
1.8068
1.80684
1.80689
1.80693
1.80698
1.80702
1.80707
1.80711
1.80716
1.8072
1.80725
1.8073
1.80734
1.80739
1.80744
1.80748
1.80753
1.80758
1.80763
1.80767
1.80772
1.80777
1.80782
1.80787
1.80792
1.80797
1.80802
1.80807
1.80812
1.80817
1.80822
1.80827
1.80832
1.80837
1.80842
1.80847
1.80852
1.80857
1.80863
1.80868
1.80873
1.80878
1.80884
1.80889
1.80894
1.809
1.80905
1.8091
1.80916
1.80921
1.80927
1.80932
1.80938
1.80943
1.80949
1.80954
1.8096
1.80966
1.80971
1.80977
1.80983
1.80988
1.80994
1.81
1.81006
1.81012
1.81018
1.81023
1.81029
1.81035
1.81041
1.81047
1.81053
1.81059
1.81065
1.81071
1.81078
1.81084
1.8109
1.81096
1.81102
1.81109
1.81115
1.81121
1.81127
1.81134
1.8114
1.81147
1.81153
1.81159
1.81166
1.81172
1.81179
1.81186
1.81192
1.81199
1.81206
1.81212
1.81219
1.81226
1.81232
1.81239
1.81246
1.81253
1.8126
1.81267
1.81274
1.81281
1.81288
1.81295
1.81302
1.81309
1.81316
1.81323
1.8133
1.81338
1.81345
1.81352
1.8136
1.81367
1.81374
1.81382
1.81389
1.81397
1.81404
1.81412
1.81419
1.81427
1.81434
1.81442
1.8145
1.81458
1.81465
1.81473
1.81481
1.81489
1.81497
1.81505
1.81513
1.81521
1.81529
1.81537
1.81545
1.81553
1.81561
1.8157
1.81578
1.81586
1.81594
1.81603
1.81611
1.8162
1.81628
1.81637
1.81645
1.81654
1.81662
1.81671
1.8168
1.81689
1.81697
1.81706
1.81715
1.81724
1.81733
1.81742
1.81751
1.8176
1.81769
1.81778
1.81787
1.81796
1.81806
1.81815
1.81824
1.81834
1.81843
1.81853
1.81862
1.81872
1.81881
1.81891
1.819
1.8191
1.8192
1.8193
1.8194
1.81949
1.81959
1.81969
1.81979
1.81989
1.81999
1.8201
1.8202
1.8203
1.8204
1.82051
1.82061
1.82071
1.82082
1.82092
1.82103
1.82114
1.82124
1.82135
1.82146
1.82156
1.82167
1.82178
1.82189
1.822
1.82211
1.82222
1.82233
1.82245
1.82256
1.82267
1.82278
1.8229
1.82301
1.82313
1.82324
1.82336
1.82348
1.82359
1.82371
1.82383
1.82395
1.82407
1.82419
1.82431
1.82443
1.82455
1.82467
1.82479
1.82492
1.82504
1.82516
1.82529
1.82541
1.82554
1.82567
1.82579
1.82592
1.82605
1.82618
1.82631
1.82644
1.82657
1.8267
1.82683
1.82696
1.82709
1.82723
1.82736
1.8275
1.82763
1.82777
1.8279
1.82804
1.82818
1.82832
1.82846
1.8286
1.82874
1.82888
1.82902
1.82916
1.8293
1.82945
1.82959
1.82974
1.82988
1.83003
1.83018
1.83032
1.83047
1.83062
1.83077
1.83092
1.83107
1.83122
1.83138
1.83153
1.83168
1.83184
1.83199
1.83215
1.8323
1.83246
1.83262
1.83278
1.83294
1.8331
1.83326
1.83342
1.83358
1.83375
1.83391
1.83408
1.83424
1.83441
1.83457
1.83474
1.83491
1.83508
1.83525
1.83542
1.83559
1.83576
1.83594
1.83611
1.83629
1.83646
1.83664
1.83682
1.83699
1.83717
1.83735
1.83753
1.83771
1.8379
1.83808
1.83826
1.83845
1.83863
1.83882
1.839
1.83919
1.83938
1.83957
1.83976
1.83995
1.84014
1.84034
1.84053
1.84073
1.84092
1.84112
1.84132
1.84151
1.84171
1.84191
1.84211
1.84231
1.84252
1.84272
1.84293
1.84313
1.84334
1.84354
1.84375
1.84396
1.84417
1.84438
1.84459
1.8448
1.84502
1.84523
1.84545
1.84566
1.84588
1.8461
1.84632
1.84654
1.84676
1.84698
1.8472
1.84742
1.84765
1.84787
1.8481
1.84832
1.84855
1.84878
1.84901
1.84924
1.84947
1.8497
1.84994
1.85017
1.85041
1.85064
1.85088
1.85111
1.85135
1.85159
1.85183
1.85207
1.85231
1.85256
1.8528
1.85304
1.85329
1.85354
1.85378
1.85403
1.85428
1.85453
1.85478
1.85503
1.85528
1.85553
1.85578
1.85604
1.85629
1.85655
1.8568
1.85706
1.85732
1.85757
1.85783
1.85809
1.85835
1.85861
1.85887
1.85913
1.85939
1.85966
1.85992
1.86018
1.86045
1.86071
1.86098
1.86124
1.86151
1.86177
1.86204
1.86231
1.86257
1.86284
1.86311
1.86337
1.86364
1.86391
1.86418
1.86445
1.86471
1.86498
1.86525
1.86552
1.86579
1.86605
1.86632
1.86659
1.86686
1.86712
1.86739
1.86765
1.86792
1.86818
1.86845
1.86871
1.86897
1.86924
1.8695
1.86976
1.87002
1.87027
1.87053
1.87079
1.87104
1.8713
1.87155
1.8718
1.87205
1.8723
1.87254
1.87279
1.87303
1.87327
1.87351
1.87374
1.87398
1.87421
1.87444
1.87467
1.87489
1.87511
1.87533
1.87554
1.87576
1.87597
1.87617
1.87637
1.87657
1.87677
1.87696
1.87715
1.87733
1.87751
1.87768
1.87785
1.87802
1.87818
1.87833
1.87848
1.87863
1.87877
1.8789
1.87903
1.87915
1.87927
1.87938
1.87948
1.87958
1.87966
1.87975
1.87982
1.87989
1.87995
1.88
1.88005
1.88009
1.88011
1.88013
1.88014
1.88015
1.88014
1.88012
1.8801
1.88006
1.88002
1.87997
1.8799
1.87983
1.87974
1.87964
1.87954
1.87942
1.87929
1.87915
1.879
1.87884
1.87866
1.87848
1.87828
1.87807
1.87785
1.87761
1.87736
1.87711
1.87683
1.87655
1.87626
1.87595
1.87563
1.87529
1.87495
1.87459
1.87422
1.87384
1.87344
1.87304
1.87262
1.87219
1.87175
1.8713
1.87084
1.87036
1.86988
1.86939
1.86888
1.86837
1.86785
1.86732
1.86678
1.86623
1.86567
1.86511
1.86454
1.86397
1.86339
1.86281
1.86222
1.86163
1.86103
1.86043
1.85984
1.85924
1.85864
1.85804
1.85744
1.85684
1.85625
1.85566
1.85508
1.8545
1.85392
1.85336
1.8528
1.85225
1.8517
1.85117
1.85065
1.85015
1.84965
1.84917
1.8487
1.84825
1.84781
1.84739
1.84699
1.8466
1.84624
1.84589
1.84556
1.84526
1.84497
1.84471
1.84447
1.84425
1.84406
1.84389
1.84374
1.84362
1.84353
1.84346
1.84342
1.8434
1.84341
1.84345
1.84351
1.8436
1.84372
1.84386
1.84403
1.84423
1.84446
1.84471
1.84499
1.8453
1.84563
1.84599
1.84638
1.8468
1.84724
1.8477
1.84819
1.84871
1.84925
1.84982
1.85041
1.85102
1.85166
1.85232
1.853
1.85371
1.85444
1.85518
1.85595
1.85674
1.85754
1.85837
1.85921
1.86007
1.86095
1.86184
1.86275
1.86368
1.86461
1.86557
1.86653
1.86751
1.8685
1.8695
1.87051
1.87153
1.87256
1.8736
1.87464
1.87569
1.87675
1.87781
1.87888
1.87995
1.88103
1.88211
1.88319
1.88427
1.88535
1.88643
1.88751
1.88859
1.88967
1.89075
1.89182
1.89289
1.89395
1.89501
1.89607
1.89712
1.89816
1.8992
1.90023
1.90125
1.90226
1.90327
1.90427
1.90525
1.90623
1.9072
1.90816
1.9091
1.91004
1.91097
1.91188
1.91278
1.91368
1.91456
1.91542
1.91628
1.91712
1.91795
1.91877
1.91958
1.92037
1.92115
1.92192
1.92268
1.92342
1.92415
1.92487
1.92557
1.92627
1.92695
1.92761
1.92827
1.92891
1.92954
1.93016
1.93077
1.93136
1.93194
1.93251
1.93307
1.93362
1.93415
1.93468
1.93519
1.93569
1.93618
1.93666
1.93713
1.93759
1.93804
1.93847
1.9389
1.93932
1.93973
1.94013
1.94051
1.94089
1.94126
1.94162
1.94197
1.94231
1.94265
1.94297
1.94329
1.9436
1.94389
1.94419
1.94447
1.94474
1.94501
1.94527
1.94552
1.94576
1.946
1.94623
1.94645
1.94666
1.94687
1.94707
1.94726
1.94745
1.94763
1.9478
1.94797
1.94813
1.94828
1.94842
1.94856
1.9487
1.94883
1.94895
1.94906
1.94917
1.94927
1.94937
1.94946
1.94955
1.94962
1.9497
1.94976
1.94983
1.94988
1.94993
1.94998
1.95002
1.95005
1.95008
1.9501
1.95012
1.95013
1.95014
1.95014
1.95014
1.95013
1.95012
1.9501
1.95008
1.95005
1.95002
1.94998
1.94993
1.94989
1.94984
1.94978
1.94972
1.94965
1.94959
1.94951
1.94943
1.94935
1.94927
1.94918
1.94908
1.94899
1.94888
1.94878
1.94867
1.94856
1.94845
1.94833
1.94821
1.94808
1.94796
1.94783
1.9477
1.94756
1.94742
1.94728
1.94714
1.947
1.94685
1.9467
1.94655
1.9464
1.94625
1.94609
1.94593
1.94578
1.94562
1.94546
1.94529
1.94513
1.94497
1.9448
1.94463
1.94447
1.9443
1.94413
1.94396
1.94379
1.94362
1.94345
1.94327
1.9431
1.94292
1.94275
1.94257
1.94239
1.94221
1.94203
1.94185
1.94167
1.94148
1.9413
1.94111
1.94092
1.94073
1.94053
1.94034
1.94014
1.93994
1.93973
1.93953
1.93932
1.93911
1.93889
1.93867
1.93845
1.93822
1.93799
1.93775
1.93751
1.93727
1.93701
1.93676
1.9365
1.93623
1.93596
1.93568
1.9354
1.9351
1.93481
1.9345
1.93419
1.93388
1.93355
1.93322
1.93288
1.93254
1.93219
1.93183
1.93146
1.93109
1.93071
1.93032
1.92993
1.92953
1.92912
1.92871
1.92829
1.92787
1.92744
1.927
1.92656
1.92612
1.92567
1.92521
1.92475
1.92429
1.92383
1.92336
1.9229
1.92243
1.92196
1.92149
1.92102
1.92055
1.92009
1.91962
1.91916
1.91871
1.91826
1.91781
1.91737
1.91694
1.91651
1.91609
1.91569
1.91529
1.9149
1.91452
1.91416
1.91381
1.91347
1.91315
1.91284
1.91255
1.91227
1.91201
1.91177
1.91155
1.91135
1.91117
1.91101
1.91087
1.91076
1.91066
1.91059
1.91055
1.91053
1.91053
1.91056
1.91061
1.91069
1.91079
1.91092
1.91108
1.91127
1.91148
1.91172
1.91199
1.91228
1.9126
1.91295
1.91333
1.91373
1.91416
1.91461
1.9151
1.9156
1.91614
1.91669
1.91728
1.91788
1.91851
1.91917
1.91984
1.92053
1.92125
1.92199
1.92274
1.92351
1.9243
1.92511
1.92593
1.92676
1.92761
1.92847
1.92935
1.93023
1.93112
1.93202
1.93292
1.93383
1.93475
1.93567
1.93659
1.93752
1.93844
1.93937
1.94029
1.94121
1.94213
1.94305
1.94395
1.94486
1.94575
1.94664
1.94752
1.94839
1.94925
1.95011
1.95094
1.95177
1.95259
1.95339
1.95418
1.95496
1.95572
1.95647
1.9572
1.95792
1.95862
1.9593
1.95998
1.96063
1.96127
1.96189
1.9625
1.96308
1.96366
1.96421
1.96475
1.96528
1.96578
1.96628
1.96675
1.96721
1.96765
1.96808
1.96849
1.96889
1.96927
1.96964
1.96999
1.97033
1.97065
1.97096
1.97126
1.97154
1.97181
1.97207
1.97232
1.97255
1.97277
1.97298
1.97318
1.97337
1.97355
1.97372
1.97387
1.97402
1.97416
1.97429
1.97441
1.97453
1.97463
1.97473
1.97482
1.9749
1.97498
1.97505
1.97511
1.97516
1.97521
1.97526
1.9753
1.97533
1.97536
1.97538
1.9754
1.97542
1.97543
1.97543
1.97543
1.97543
1.97543
1.97542
1.9754
1.97539
1.97537
1.97534
1.97532
1.97529
1.97526
1.97523
1.97519
1.97515
1.97511
1.97507
1.97502
1.97498
1.97493
1.97488
1.97482
1.97477
1.97471
1.97465
1.97459
1.97453
1.97446
1.9744
1.97433
1.97426
1.97419
1.97412
1.97405
1.97398
1.9739
1.97383
1.97375
1.97367
1.97359
1.97352
1.97344
1.97335
1.97327
1.97319
1.97311
1.97303
1.97294
1.97286
1.97277
1.97269
1.97261
1.97252
1.97244
1.97236
1.97227
1.97219
1.97211
1.97203
1.97195
1.97187
1.97179
1.97171
1.97163
1.97156
1.97148
1.97141
1.97134
1.97127
1.9712
1.97114
1.97107
1.97101
1.97095
1.9709
1.97084
1.97079
1.97074
1.97069
1.97065
1.97061
1.97057
1.97054
1.97051
1.97048
1.97046
1.97044
1.97042
1.97041
1.9704
1.9704
1.9704
1.9704
1.97041
1.97042
1.97044
1.97046
1.97048
1.97051
1.97054
1.97058
1.97063
1.97067
1.97073
1.97078
1.97085
1.97091
1.97098
1.97106
1.97114
1.97123
1.97132
1.97141
1.97151
1.97161
1.97172
1.97184
1.97195
1.97207
1.9722
1.97233
1.97246
1.9726
1.97274
1.97289
1.97304
1.97319
1.97335
1.97351
1.97367
1.97384
1.97401
1.97418
1.97436
1.97454
1.97472
1.9749
1.97509
1.97528
1.97547
1.97566
1.97585
1.97605
1.97625
1.97644
1.97664
1.97684
1.97705
1.97725
1.97745
1.97765
1.97786
1.97806
1.97827
1.97847
1.97867
1.97888
1.97908
1.97928
1.97949
1.97969
1.97989
1.98009
1.98029
1.98048
1.98068
1.98088
1.98107
1.98126
1.98145
1.98164
1.98183
1.98201
1.9822
1.98238
1.98256
1.98273
1.98291
1.98308
1.98325
1.98342
1.98359
1.98375
1.98391
1.98407
1.98422
1.98438
1.98453
1.98468
1.98482
1.98496
1.98511
1.98524
1.98538
1.98551
1.98564
1.98577
1.98589
1.98601
1.98613
1.98625
1.98636
1.98648
1.98659
1.98669
1.9868
1.9869
1.987
1.98709
1.98719
1.98728
1.98737
1.98746
1.98754
1.98763
1.98771
1.98779
1.98787
1.98794
1.98801
1.98809
1.98816
1.98822
1.98829
1.98836
1.98842
1.98848
1.98854
1.9886
1.98866
1.98872
1.98877
1.98883
1.98888
1.98893
1.98899
1.98904
1.98909
1.98914
1.98919
1.98924
1.98929
1.98933
1.98938
1.98943
1.98948
1.98953
1.98957
1.98962
1.98967
1.98972
1.98977
1.98982
1.98987
1.98992
1.98997
1.99002
1.99008
1.99013
1.99018
1.99024
1.9903
1.99035
1.99041
1.99047
1.99053
1.9906
1.99066
1.99072
1.99079
1.99086
1.99093
1.991
1.99107
1.99114
1.99122
1.99129
1.99137
1.99145
1.99153
1.99161
1.9917
1.99178
1.99187
1.99196
1.99205
1.99215
1.99224
1.99234
1.99243
1.99253
1.99263
1.99274
1.99284
1.99295
1.99305
1.99316
1.99327
1.99338
1.9935
1.99361
1.99373
1.99385
1.99396
1.99408
1.9942
1.99433
1.99445
1.99457
1.9947
1.99483
1.99495
1.99508
1.99521
1.99534
1.99547
1.9956
1.99573
1.99587
1.996
1.99613
1.99627
1.9964
1.99653
1.99667
1.9968
1.99694
1.99707
1.99721
1.99734
1.99748
1.99761
1.99775
1.99788
1.99801
1.99815
1.99828
1.99841
1.99854
1.99867
1.9988
1.99893
1.99906
1.99919
1.99931
1.99944
1.99956
1.99969
1.99981
1.99993
2.00005
2.00016
2.00028
2.00039
2.0005
2.00062
2.00072
2.00083
2.00094
2.00104
2.00114
2.00124
2.00134
2.00143
2.00152
2.00161
2.0017
2.00178
2.00187
2.00195
2.00202
2.0021
2.00217
2.00224
2.0023
2.00237
2.00243
2.00248
2.00254
2.00259
2.00263
2.00268
2.00272
2.00276
2.00279
2.00282
2.00285
2.00287
2.00289
2.0029
2.00292
2.00292
2.00293
2.00293
2.00292
2.00292
2.0029
2.00289
2.00287
2.00284
2.00282
2.00278
2.00275
2.00271
2.00266
2.00261
2.00256
2.0025
2.00244
2.00237
2.0023
2.00222
2.00214
2.00205
2.00197
2.00187
2.00177
2.00167
2.00156
2.00145
2.00134
2.00122
2.00109
2.00096
2.00083
2.00069
2.00055
2.0004
2.00025
2.0001
1.99994
1.99978
1.99962
1.99945
1.99927
1.9991
1.99892
1.99873
1.99855
1.99836
1.99817
1.99797
1.99777
1.99757
1.99737
1.99716
1.99695
1.99674
1.99653
1.99632
1.9961
1.99589
1.99567
1.99545
1.99523
1.99501
1.99479
1.99457
1.99435
1.99412
1.9939
1.99369
1.99347
1.99325
1.99303
1.99282
1.99261
1.9924
1.99219
1.99199
1.99179
1.99159
1.99139
1.9912
1.99102
1.99083
1.99066
1.99048
1.99032
1.99015
1.99
1.98985
1.9897
1.98957
1.98943
1.98931
1.98919
1.98908
1.98898
1.98889
1.9888
1.98872
1.98865
1.98859
1.98853
1.98849
1.98845
1.98843
1.98841
1.9884
1.9884
1.9884
1.98842
1.98845
1.98848
1.98853
1.98858
1.98864
1.98871
1.98879
1.98888
1.98897
1.98907
1.98918
1.9893
1.98943
1.98956
1.9897
1.98985
1.99
1.99016
1.99032
1.99049
1.99066
1.99084
1.99102
1.99121
1.9914
1.99159
1.99179
1.99198
1.99218
1.99238
1.99258
1.99279
1.99299
1.99319
1.99339
1.99359
1.99379
1.99399
1.99418
1.99437
1.99456
1.99474
1.99492
1.9951
1.99527
1.99544
1.99561
1.99576
1.99592
1.99606
1.9962
1.99634
1.99647
1.99659
1.99671
1.99681
1.99692
1.99701
1.9971
1.99718
1.99726
1.99732
1.99739
1.99744
1.99749
1.99753
1.99756
1.99759
1.99761
1.99763
1.99764
1.99765
1.99765
1.99764
1.99763
1.99762
1.9976
1.99758
1.99756
1.99753
1.9975
1.99747
1.99743
1.9974
1.99736
1.99733
1.99729
1.99726
1.99722
1.99719
1.99716
1.99713
1.99711
1.99709
1.99707
1.99705
1.99704
1.99704
1.99704
1.99704
1.99705
1.99707
1.9971
1.99713
1.99717
1.99722
1.99727
1.99733
1.99741
1.99749
1.99757
1.99767
1.99778
1.99789
1.99802
1.99815
1.99829
1.99844
1.9986
1.99877
1.99895
1.99913
1.99933
1.99953
1.99974
1.99996
2.00019
2.00042
2.00066
2.00091
2.00116
2.00142
2.00168
2.00195
2.00223
2.00251
2.00279
2.00307
2.00336
2.00365
2.00394
2.00424
2.00453
2.00483
2.00513
2.00542
2.00571
2.00601
2.0063
2.00659
2.00687
2.00715
2.00743
2.0077
2.00797
2.00824
2.00849
2.00875
2.00899
2.00923
2.00946
2.00969
2.0099
2.01011
2.01031
2.0105
2.01068
2.01086
2.01102
2.01117
2.01132
2.01145
2.01158
2.01169
2.0118
2.01189
2.01197
2.01205
2.01211
2.01217
2.01221
2.01224
2.01227
2.01228
2.01229
2.01228
2.01227
2.01225
2.01222
2.01218
2.01213
2.01208
2.01202
2.01195
2.01187
2.01179
2.0117
2.01161
2.01151
2.01141
2.0113
2.01119
2.01107
2.01096
2.01084
2.01072
2.01059
2.01047
2.01035
2.01022
2.0101
2.00998
2.00986
2.00974
2.00962
2.00951
2.0094
2.00929
2.00919
2.00909
2.009
2.00891
2.00883
2.00876
2.00869
2.00862
2.00857
2.00852
2.00848
2.00844
2.00841
2.0084
2.00838
2.00838
2.00839
2.0084
2.00842
2.00845
2.00849
2.00853
2.00858
2.00865
2.00872
2.00879
2.00888
2.00897
2.00907
2.00918
2.00929
2.00942
2.00954
2.00968
2.00982
2.00997
2.01012
2.01028
2.01044
2.01061
2.01079
2.01097
2.01115
2.01134
2.01153
2.01172
2.01192
2.01213
2.01233
2.01254
2.01275
2.01296
2.01318
2.0134
2.01362
2.01384
2.01406
2.01429
2.01451
2.01474
2.01497
2.0152
2.01543
2.01566
2.01589
2.01612
2.01636
2.01659
2.01682
2.01706
2.01729
2.01753
2.01776
2.018
2.01823
2.01846
2.0187
2.01893
2.01917
2.0194
2.01964
2.01987
2.02011
2.02034
2.02058
2.02081
2.02104
2.02128
2.02151
2.02174
2.02198
2.02221
2.02244
2.02268
2.02291
2.02314
2.02337
2.02361
2.02384
2.02407
2.0243
2.02453
2.02476
2.02499
2.02522
2.02545
2.02568
2.0259
2.02613
2.02636
2.02658
2.02681
2.02703
2.02726
2.02748
2.0277
2.02792
2.02814
2.02836
2.02857
2.02879
2.029
2.02921
2.02942
2.02963
2.02984
2.03004
2.03025
2.03045
2.03065
2.03085
2.03104
2.03124
2.03143
2.03162
2.0318
2.03199
2.03217
2.03235
2.03252
2.03269
2.03286
2.03303
2.0332
2.03336
2.03351
2.03367
2.03382
2.03397
2.03411
2.03425
2.03439
2.03452
2.03465
2.03477
2.03489
2.03501
2.03512
2.03523
2.03533
2.03543
2.03553
2.03562
2.0357
2.03578
2.03586
2.03593
2.036
2.03606
2.03611
2.03616
2.03621
2.03624
2.03628
2.0363
2.03633
2.03634
2.03635
2.03635
2.03635
2.03634
2.03632
2.0363
2.03627
2.03623
2.03619
2.03614
2.03608
2.03602
2.03594
2.03586
2.03577
2.03568
2.03557
2.03546
2.03534
2.03521
2.03507
2.03493
2.03477
2.03461
2.03444
2.03426
2.03406
2.03386
2.03366
2.03344
2.03321
2.03297
2.03272
2.03246
2.0322
2.03192
2.03163
2.03134
2.03103
2.03071
2.03038
2.03005
2.0297
2.02934
2.02897
2.0286
2.02821
2.02781
2.02741
2.02699
2.02657
2.02613
2.02569
2.02524
2.02478
2.02431
2.02383
2.02335
2.02286
2.02236
2.02185
2.02134
2.02083
2.0203
2.01978
2.01925
2.01871
2.01818
2.01764
2.0171
2.01655
2.01601
2.01547
2.01493
2.01439
2.01385
2.01331
2.01278
2.01226
2.01174
2.01122
2.01072
2.01022
2.00973
2.00925
2.00878
2.00832
2.00788
2.00745
2.00703
2.00662
2.00623
2.00586
2.0055
2.00517
2.00484
2.00454
2.00425
2.00399
2.00374
2.00351
2.00331
2.00312
2.00296
2.00281
2.00269
2.00259
2.0025
2.00244
2.0024
2.00238
2.00238
2.0024
2.00244
2.0025
2.00257
2.00267
2.00278
2.0029
2.00305
2.00321
2.00338
2.00357
2.00377
2.00398
2.0042
2.00444
2.00468
2.00493
2.00519
2.00546
2.00573
2.00601
2.00629
2.00658
2.00687
2.00716
2.00745
2.00774
2.00803
2.00832
2.0086
2.00889
2.00917
2.00944
2.00971
2.00998
2.01024
2.01049
2.01073
2.01097
2.0112
2.01142
2.01163
2.01184
2.01203
2.01221
2.01239
2.01256
2.01271
2.01286
2.01299
2.01312
2.01324
2.01334
2.01344
2.01353
2.01361
2.01368
2.01374
2.01379
2.01384
2.01387
2.0139
2.01392
2.01394
2.01395
2.01395
2.01394
2.01394
2.01392
2.01391
2.01389
2.01386
2.01384
2.01381
2.01378
2.01375
2.01372
2.01369
2.01366
2.01363
2.0136
2.01358
2.01355
2.01354
2.01352
2.01351
2.01351
2.01351
2.01351
2.01353
2.01355
2.01357
2.01361
2.01365
2.0137
2.01376
2.01383
2.0139
2.01399
2.01409
2.01419
2.01431
2.01443
2.01457
2.01471
2.01487
2.01504
2.01521
2.0154
2.0156
2.01581
2.01602
2.01625
2.01649
2.01674
2.01699
2.01726
2.01753
2.01782
2.01811
2.01841
2.01872
2.01903
2.01935
2.01968
2.02002
2.02036
2.02071
2.02106
2.02142
2.02178
2.02215
2.02252
2.02289
2.02327
2.02364
2.02402
2.02441
2.02479
2.02517
2.02556
2.02594
2.02633
2.02671
2.0271
2.02748
2.02786
2.02823
2.02861
2.02898
2.02935
2.02972
2.03008
2.03044
2.03079
2.03114
2.03149
2.03183
2.03216
2.03249
2.03282
2.03314
2.03345
2.03376
2.03406
2.03435
2.03464
2.03493
2.0352
2.03547
2.03573
2.03599
2.03624
2.03648
2.03672
2.03695
2.03717
2.03738
2.03759
2.03779
2.03799
2.03818
2.03836
2.03853
2.0387
2.03887
2.03902
2.03917
2.03932
2.03945
2.03958
2.03971
2.03983
2.03995
2.04005
2.04016
2.04026
2.04035
2.04044
2.04052
2.0406
2.04068
2.04075
2.04082
2.04088
2.04094
2.04099
2.04104
2.04109
2.04113
2.04118
2.04121
2.04125
2.04128
2.04131
2.04134
2.04137
2.04139
2.04141
2.04143
2.04145
2.04147
2.04149
2.0415
2.04152
2.04153
2.04154
2.04155
2.04156
2.04157
2.04159
2.0416
2.04161
2.04162
2.04163
2.04164
2.04165
2.04166
2.04167
2.04168
2.04169
2.0417
2.04172
2.04173
2.04175
2.04176
2.04178
2.0418
2.04181
2.04183
2.04185
2.04188
2.0419
2.04192
2.04195
2.04197
2.042
2.04202
2.04205
2.04208
2.04211
2.04214
2.04217
2.04221
2.04224
2.04228
2.04231
2.04235
2.04238
2.04242
2.04246
2.0425
2.04254
2.04257
2.04261
2.04265
2.0427
2.04274
2.04278
2.04282
2.04286
2.0429
2.04294
2.04298
2.04302
2.04306
2.0431
2.04314
2.04318
2.04322
2.04325
2.04329
2.04333
2.04336
2.0434
2.04343
2.04346
2.0435
2.04353
2.04356
2.04358
2.04361
2.04364
2.04366
2.04368
2.0437
2.04372
2.04374
2.04376
2.04377
2.04379
2.0438
2.04381
2.04382
2.04382
2.04383
2.04383
2.04383
2.04383
2.04382
2.04382
2.04381
2.0438
2.04378
2.04377
2.04375
2.04373
2.04371
2.04369
2.04366
2.04364
2.04361
2.04358
2.04354
2.04351
2.04347
2.04343
2.04338
2.04334
2.04329
2.04324
2.04319
2.04314
2.04308
2.04302
2.04296
2.0429
2.04284
2.04277
2.04271
2.04264
2.04257
2.04249
2.04242
2.04234
2.04226
2.04218
2.0421
2.04202
2.04194
2.04185
2.04176
2.04167
2.04159
2.04149
2.0414
2.04131
2.04122
2.04112
2.04102
2.04093
2.04083
2.04073
2.04063
2.04053
2.04043
2.04033
2.04023
2.04013
2.04002
2.03992
2.03982
2.03972
2.03961
2.03951
2.0394
2.0393
2.0392
2.03909
2.03899
2.03888
2.03878
2.03868
2.03857
2.03847
2.03837
2.03826
2.03816
2.03805
2.03795
2.03785
2.03774
2.03764
2.03754
2.03743
2.03733
2.03723
2.03712
2.03702
2.03691
2.0368
2.0367
2.03659
2.03648
2.03637
2.03626
2.03615
2.03604
2.03593
2.03581
2.03569
2.03557
2.03545
2.03533
2.0352
2.03507
2.03494
2.0348
2.03467
2.03452
2.03438
2.03423
2.03408
2.03392
2.03375
2.03359
2.03341
2.03324
2.03305
2.03286
2.03267
2.03247
2.03226
2.03204
2.03182
2.03159
2.03135
2.0311
2.03085
2.03059
2.03032
2.03004
2.02975
2.02945
2.02915
2.02883
2.0285
2.02817
2.02782
2.02746
2.0271
2.02672
2.02633
2.02593
2.02552
2.0251
2.02467
2.02423
2.02378
2.02332
2.02284
2.02236
2.02187
2.02136
2.02085
2.02032
2.01979
2.01925
2.0187
2.01814
2.01757
2.01699
2.01641
2.01582
2.01522
2.01462
2.01401
2.0134
2.01278
2.01216
2.01154
2.01091
2.01029
2.00966
2.00903
2.0084
2.00777
2.00715
2.00653
2.00591
2.00529
2.00468
2.00408
2.00348
2.00289
2.00231
2.00174
2.00117
2.00062
2.00008
1.99955
1.99903
1.99852
1.99803
1.99755
1.99708
1.99663
1.9962
1.99578
1.99537
1.99498
1.99461
1.99425
1.99391
1.99358
1.99327
1.99298
1.9927
1.99244
1.9922
1.99197
1.99175
1.99156
1.99137
1.9912
1.99105
1.99091
1.99078
1.99067
1.99057
1.99048
1.9904
1.99034
1.99028
1.99024
1.99021
1.99019
1.99018
1.99018
1.99019
1.99021
1.99023
1.99027
1.99032
1.99037
1.99043
1.9905
1.99058
1.99067
1.99077
1.99087
1.99099
1.99111
1.99125
1.99139
1.99154
1.9917
1.99188
1.99206
1.99225
1.99246
1.99267
1.9929
1.99314
1.99339
1.99366
1.99393
1.99422
1.99453
1.99485
1.99518
1.99552
1.99588
1.99626
1.99665
1.99705
1.99747
1.99791
1.99836
1.99882
1.9993
1.99979
2.0003
2.00082
2.00136
2.00191
2.00247
2.00305
2.00363
2.00423
2.00485
2.00547
2.0061
2.00675
2.0074
2.00806
2.00873
2.00941
2.01009
2.01079
2.01148
2.01218
2.01289
2.0136
2.01431
2.01502
2.01574
2.01645
2.01717
2.01788
2.0186
2.01931
2.02002
2.02072
2.02142
2.02212
2.02282
2.0235
2.02418
2.02486
2.02553
2.02619
2.02684
2.02749
2.02812
2.02875
2.02937
2.02998
2.03058
2.03117
2.03175
2.03232
2.03288
2.03343
2.03397
2.03449
2.03501
2.03551
2.03601
2.03649
2.03696
2.03742
2.03787
2.03831
2.03873
2.03915
2.03955
2.03995
2.04033
2.0407
2.04106
2.04141
2.04174
2.04207
2.04239
2.0427
2.04299
2.04328
2.04355
2.04382
2.04408
2.04432
2.04456
2.04479
2.04501
2.04521
2.04541
2.04561
2.04579
2.04596
2.04613
2.04628
2.04643
2.04657
2.04671
2.04683
2.04695
2.04706
2.04716
2.04725
2.04734
2.04742
2.04749
2.04756
2.04761
2.04767
2.04771
2.04775
2.04778
2.04781
2.04782
2.04784
2.04784
2.04784
2.04784
2.04782
2.0478
2.04778
2.04775
2.04771
2.04767
2.04762
2.04757
2.04751
2.04744
2.04737
2.04729
2.04721
2.04712
2.04702
2.04692
2.04682
2.04671
2.04659
2.04647
2.04634
2.0462
2.04606
2.04592
2.04577
2.04561
2.04545
2.04528
2.0451
2.04492
2.04474
2.04454
2.04435
2.04414
2.04393
2.04372
2.0435
2.04327
2.04304
2.0428
2.04255
2.0423
2.04204
2.04178
2.04151
2.04123
2.04095
2.04066
2.04037
2.04007
2.03976
2.03944
2.03913
2.0388
2.03847
2.03813
2.03778
2.03743
2.03708
2.03671
2.03634
2.03597
2.03559
2.0352
2.03481
2.03441
2.034
2.03359
2.03318
2.03275
2.03233
2.03189
2.03145
2.03101
2.03056
2.03011
2.02965
2.02919
2.02872
2.02825
2.02778
2.0273
2.02682
2.02634
2.02585
2.02536
2.02487
2.02437
2.02388
2.02338
2.02288
2.02238
2.02188
2.02138
2.02088
2.02039
2.01989
2.01939
2.0189
2.01841
2.01792
2.01744
2.01696
2.01649
2.01602
2.01555
2.0151
2.01464
2.0142
2.01377
2.01334
2.01292
2.01251
2.01211
2.01173
2.01135
2.01098
2.01063
2.01029
2.00997
2.00965
2.00936
2.00907
2.00881
2.00856
2.00832
2.0081
2.0079
2.00772
2.00756
2.00741
2.00728
2.00717
2.00708
2.00701
2.00696
2.00693
2.00692
2.00693
2.00696
2.00701
2.00708
2.00717
2.00729
2.00742
2.00757
2.00774
2.00793
2.00814
2.00837
2.00862
2.00888
2.00917
2.00947
2.00979
2.01012
2.01048
2.01084
2.01123
2.01163
2.01204
2.01247
2.01291
2.01336
2.01383
2.0143
2.01479
2.01529
2.0158
2.01631
2.01684
2.01737
2.01791
2.01846
2.01901
2.01957
2.02013
2.02069
2.02126
2.02184
2.02241
2.02299
2.02357
2.02415
2.02473
2.02531
2.02589
2.02646
2.02704
2.02762
2.02819
2.02876
2.02932
2.02989
2.03044
2.031
2.03155
2.03209
2.03263
2.03317
2.0337
2.03422
2.03474
2.03525
2.03576
2.03626
2.03675
2.03724
2.03771
2.03819
2.03865
2.03911
2.03956
2.04
2.04044
2.04087
2.04129
2.04171
2.04211
2.04251
2.0429
2.04329
2.04367
2.04404
2.0444
2.04476
2.04511
2.04545
2.04578
2.04611
2.04643
2.04674
2.04705
2.04735
2.04765
2.04793
2.04821
2.04849
2.04876
2.04902
2.04928
2.04953
2.04977
2.05001
2.05024
2.05047
2.05069
2.05091
2.05112
2.05132
2.05152
2.05172
2.05191
2.05209
2.05228
2.05245
2.05262
2.05279
2.05295
2.05311
2.05327
2.05342
2.05356
2.05371
2.05384
2.05398
2.05411
2.05424
2.05436
2.05448
2.0546
2.05471
2.05482
2.05493
2.05503
2.05513
2.05523
2.05533
2.05542
2.05551
2.05559
2.05568
2.05576
2.05584
2.05591
2.05598
2.05606
2.05612
2.05619
2.05625
2.05631
2.05637
2.05643
2.05649
2.05654
2.05659
2.05664
2.05668
2.05673
2.05677
2.05681
2.05685
2.05688
2.05692
2.05695
2.05698
2.05701
2.05704
2.05706
2.05708
2.0571
2.05712
2.05714
2.05716
2.05717
2.05718
2.05719
2.0572
2.0572
2.05721
2.05721
2.05721
2.05721
2.05721
2.0572
2.05719
2.05718
2.05717
2.05716
2.05714
2.05712
2.0571
2.05708
2.05705
2.05703
2.057
2.05697
2.05693
2.0569
2.05686
2.05682
2.05677
2.05673
2.05668
2.05663
2.05657
2.05651
2.05645
2.05639
2.05633
2.05626
2.05618
2.05611
2.05603
2.05595
2.05587
2.05578
2.05569
2.05559
2.05549
2.05539
2.05529
2.05518
2.05507
2.05495
2.05483
2.05471
2.05458
2.05445
2.05431
2.05417
2.05403
2.05388
2.05373
2.05358
2.05342
2.05325
2.05308
2.05291
2.05274
2.05256
2.05237
2.05218
2.05199
2.05179
2.05159
2.05139
2.05118
2.05096
2.05075
2.05052
2.0503
2.05007
2.04984
2.0496
2.04937
2.04912
2.04888
2.04863
2.04838
2.04813
2.04787
2.04762
2.04736
2.04709
2.04683
2.04657
2.0463
2.04604
2.04577
2.0455
2.04523
2.04497
2.0447
2.04444
2.04417
2.04391
2.04365
2.04339
2.04313
2.04288
2.04263
2.04238
2.04214
2.0419
2.04167
2.04144
2.04122
2.041
2.04079
2.04058
2.04038
2.04019
2.04001
2.03983
2.03966
2.0395
2.03935
2.03921
2.03907
2.03895
2.03883
2.03873
2.03863
2.03855
2.03847
2.0384
2.03835
2.0383
2.03827
2.03824
2.03823
2.03822
2.03823
2.03824
2.03827
2.0383
2.03835
2.0384
2.03846
2.03854
2.03862
2.03871
2.03881
2.03891
2.03903
2.03915
2.03927
2.03941
2.03955
2.0397
2.03985
2.04
2.04017
2.04033
2.0405
2.04067
2.04085
2.04103
2.04121
2.04139
2.04157
2.04175
2.04194
2.04212
2.0423
2.04249
2.04267
2.04285
2.04302
2.0432
2.04337
2.04354
2.04371
2.04387
2.04403
2.04418
2.04433
2.04448
2.04462
2.04475
2.04488
2.04501
2.04513
2.04524
2.04535
2.04545
2.04555
2.04564
2.04572
2.0458
2.04587
2.04594
2.04599
2.04605
2.0461
2.04614
2.04617
2.0462
2.04623
2.04624
2.04626
2.04626
2.04626
2.04626
2.04625
2.04624
2.04622
2.0462
2.04617
2.04614
2.0461
2.04606
2.04602
2.04597
2.04592
2.04587
2.04581
2.04575
2.04569
2.04562
2.04555
2.04548
2.04541
2.04534
2.04526
2.04519
2.04511
2.04503
2.04495
2.04486
2.04478
2.0447
2.04461
2.04453
2.04444
2.04436
2.04427
2.04418
2.0441
2.04401
2.04392
2.04384
2.04375
2.04367
2.04358
2.04349
2.04341
2.04332
2.04324
2.04315
2.04307
2.04298
2.0429
2.04282
2.04274
2.04265
2.04257
2.04249
2.04241
2.04234
2.04226
2.04218
2.0421
2.04203
2.04196
2.04188
2.04181
2.04174
2.04167
2.04161
2.04154
2.04148
2.04142
2.04136
2.04131
2.04126
2.04121
2.04116
2.04112
2.04108
2.04105
2.04101
2.04099
2.04097
2.04095
2.04094
2.04093
2.04093
2.04094
2.04095
2.04097
2.041
2.04103
2.04108
2.04113
2.04118
2.04125
2.04132
2.04141
2.0415
2.0416
2.04171
2.04184
2.04197
2.04211
2.04226
2.04242
2.0426
2.04278
2.04298
2.04318
2.0434
2.04362
2.04386
2.04411
2.04437
2.04464
2.04492
2.04521
2.04551
2.04582
2.04613
2.04646
2.0468
2.04715
2.04751
2.04787
2.04824
2.04862
2.04901
2.04941
2.04981
2.05022
2.05063
2.05105
2.05148
2.05191
2.05234
2.05278
2.05322
2.05367
2.05411
2.05456
2.05502
2.05547
2.05592
2.05638
2.05683
2.05729
2.05775
2.0582
2.05865
2.0591
2.05955
2.06
2.06045
2.06089
2.06133
2.06177
2.0622
2.06263
2.06306
2.06348
2.06389
2.06431
2.06472
2.06512
2.06552
2.06591
2.0663
2.06668
2.06706
2.06743
2.0678
2.06816
2.06852
2.06887
2.06922
2.06956
2.0699
2.07023
2.07055
2.07087
2.07119
2.0715
2.07181
2.07211
2.07241
2.0727
2.07299
2.07328
2.07356
2.07384
2.07411
2.07438
2.07465
2.07492
2.07518
2.07544
2.0757
2.07596
2.07621
2.07646
2.07671
2.07696
2.07721
2.07746
2.07771
2.07796
2.0782
2.07845
2.0787
2.07894
2.07919
2.07944
2.07969
2.07994
2.08019
2.08044
2.0807
2.08096
2.08121
2.08147
2.08174
2.082
2.08227
2.08254
2.08281
2.08308
2.08336
2.08364
2.08392
2.08421
2.08449
2.08478
2.08508
2.08537
2.08567
2.08597
2.08627
2.08658
2.08689
2.0872
2.08751
2.08782
2.08814
2.08846
2.08878
2.0891
2.08942
2.08974
2.09006
2.09039
2.09071
2.09103
2.09135
2.09168
2.092
2.09231
2.09263
2.09294
2.09326
2.09357
2.09387
2.09417
2.09447
2.09476
2.09505
2.09533
2.0956
2.09587
2.09613
2.09638
2.09663
2.09686
2.09709
2.0973
2.0975
2.0977
2.09788
2.09805
2.0982
2.09834
2.09847
2.09858
2.09867
2.09875
2.09881
2.09886
2.09888
2.09889
2.09887
2.09884
2.09878
2.0987
2.0986
2.09848
2.09833
2.09816
2.09796
2.09773
2.09749
2.09721
2.09691
2.09657
2.09622
2.09583
2.09541
2.09497
2.09449
2.09399
2.09346
2.0929
2.0923
2.09168
2.09103
2.09036
2.08965
2.08892
2.08816
2.08737
2.08656
2.08573
2.08487
2.08399
2.08309
2.08217
2.08123
2.08028
2.07931
2.07833
2.07735
2.07635
2.07535
2.07435
2.07335
2.07235
2.07136
2.07038
2.06941
2.06845
2.06751
2.0666
2.0657
2.06483
2.064
2.06319
2.06242
2.06169
2.061
2.06036
2.05976
2.0592
2.0587
2.05824
2.05784
2.0575
2.05721
2.05697
2.05679
2.05667
2.05661
2.0566
2.05664
2.05674
2.05689
2.0571
2.05736
2.05766
2.05801
2.05841
2.05884
2.05932
2.05983
2.06038
2.06096
2.06157
2.0622
2.06285
2.06352
2.06421
2.0649
2.06561
2.06633
2.06704
2.06776
2.06848
2.06919
2.06989
2.07058
2.07126
2.07193
2.07258
2.07321
2.07382
2.0744
2.07497
2.07551
2.07602
2.07651
2.07697
2.0774
2.07781
2.07818
2.07852
2.07884
2.07912
2.07938
2.0796
2.07979
2.07996
2.0801
2.08021
2.08029
2.08035
2.08038
2.08038
2.08036
2.08032
2.08026
2.08017
2.08007
2.07995
2.07982
2.07966
2.0795
2.07932
2.07913
2.07893
2.07873
2.07852
2.0783
2.07808
2.07786
2.07764
2.07742
2.07721
2.07699
2.07679
2.07659
2.0764
2.07622
2.07606
2.0759
2.07576
2.07564
2.07553
2.07544
2.07537
2.07532
2.07529
2.07529
2.0753
2.07534
2.0754
2.07548
2.07559
2.07572
2.07588
2.07607
2.07628
2.07651
2.07677
2.07706
2.07737
2.0777
2.07806
2.07845
2.07886
2.07929
2.07974
2.08021
2.08071
2.08122
2.08176
2.08231
2.08288
2.08347
2.08408
2.0847
2.08533
2.08598
2.08664
2.08731
2.08799
2.08867
2.08937
2.09008
2.09079
2.0915
2.09222
2.09295
2.09368
2.0944
2.09513
2.09586
2.09659
2.09732
2.09804
2.09877
2.09948
2.1002
2.10091
2.10161
2.10231
2.103
2.10368
2.10436
2.10503
2.10569
2.10634
2.10699
2.10762
2.10824
2.10886
2.10946
2.11006
2.11064
2.11121
2.11177
2.11232
2.11286
2.11339
2.11391
2.11442
2.11491
2.1154
2.11587
2.11633
2.11679
2.11723
2.11765
2.11807
2.11848
2.11888
2.11926
2.11964
2.12
2.12036
2.1207
2.12103
2.12136
2.12167
2.12198
2.12227
2.12256
2.12283
2.1231
2.12336
2.12361
2.12385
2.12408
2.1243
2.12452
2.12473
2.12493
2.12512
2.1253
2.12548
2.12565
2.12581
2.12597
2.12612
2.12626
2.12639
2.12652
2.12665
2.12676
2.12687
2.12698
2.12708
2.12717
2.12726
2.12734
2.12742
2.12749
2.12756
2.12762
2.12768
2.12773
2.12778
2.12783
2.12786
2.1279
2.12793
2.12796
2.12798
2.128
2.12801
2.12803
2.12803
2.12804
2.12804
2.12803
2.12803
2.12802
2.128
2.12799
2.12797
2.12794
2.12792
2.12789
2.12786
2.12782
2.12778
2.12774
2.12769
2.12765
2.1276
2.12754
2.12749
2.12743
2.12737
2.1273
2.12724
2.12717
2.12709
2.12702
2.12694
2.12686
2.12678
2.12669
2.1266
2.12651
2.12641
2.12632
2.12622
2.12611
2.12601
2.1259
2.12579
2.12567
2.12556
2.12544
2.12531
2.12519
2.12506
2.12493
2.12479
2.12466
2.12451
2.12437
2.12422
2.12407
2.12392
2.12376
2.1236
2.12344
2.12327
2.1231
2.12293
2.12275
2.12257
2.12239
2.1222
2.12201
2.12182
2.12162
2.12142
2.12121
2.121
2.12079
2.12057
2.12035
2.12013
2.1199
2.11967
2.11944
2.1192
2.11896
2.11871
2.11846
2.11821
2.11795
2.11769
2.11743
2.11716
2.11689
2.11661
2.11633
2.11605
2.11576
2.11548
2.11518
2.11489
2.11459
2.11429
2.11398
2.11367
2.11336
2.11305
2.11274
2.11242
2.1121
2.11178
2.11145
2.11112
2.1108
2.11047
2.11014
2.1098
2.10947
2.10914
2.1088
2.10847
2.10813
2.1078
2.10746
2.10713
2.10679
2.10646
2.10613
2.1058
2.10547
2.10514
2.10482
2.1045
2.10418
2.10386
2.10355
2.10324
2.10293
2.10263
2.10233
2.10203
2.10175
2.10146
2.10118
2.10091
2.10064
2.10038
2.10012
2.09987
2.09962
2.09939
2.09915
2.09893
2.09871
2.0985
2.0983
2.0981
2.09792
2.09774
2.09756
2.0974
2.09724
2.09709
2.09695
2.09681
2.09669
2.09657
2.09646
2.09635
2.09626
2.09617
2.09609
2.09601
2.09595
2.09589
2.09583
2.09579
2.09575
2.09571
2.09568
2.09566
2.09565
2.09564
2.09563
2.09563
2.09563
2.09564
2.09566
2.09567
2.09569
2.09572
2.09575
2.09578
2.09581
2.09585
2.09588
2.09592
2.09597
2.09601
2.09605
2.0961
2.09614
2.09619
2.09624
2.09629
2.09633
2.09638
2.09642
2.09647
2.09651
2.09656
2.0966
2.09664
2.09668
2.09672
2.09675
2.09679
2.09682
2.09685
2.09688
2.09691
2.09693
2.09695
2.09697
2.09699
2.097
2.09701
2.09702
2.09703
2.09704
2.09704
2.09704
2.09704
2.09703
2.09703
2.09702
2.09701
2.097
2.09699
2.09697
2.09696
2.09694
2.09692
2.0969
2.09688
2.09686
2.09684
2.09682
2.09679
2.09677
2.09675
2.09672
2.0967
2.09668
2.09665
2.09663
2.09661
2.09659
2.09657
2.09655
2.09653
2.09652
2.09651
2.09649
2.09648
2.09647
2.09647
2.09646
2.09646
2.09646
2.09646
2.09646
2.09647
2.09648
2.09649
2.0965
2.09652
2.09654
2.09656
2.09658
2.09661
2.09664
2.09667
2.0967
2.09674
2.09677
2.09681
2.09686
2.0969
2.09694
2.09699
2.09704
2.09709
2.09714
2.0972
2.09725
2.0973
2.09736
2.09742
2.09747
2.09753
2.09759
2.09764
2.0977
2.09776
2.09781
2.09787
2.09792
2.09798
2.09803
2.09808
2.09813
2.09818
2.09823
2.09827
2.09832
2.09836
2.0984
2.09843
2.09847
2.0985
2.09853
2.09856
2.09859
2.09861
2.09863
2.09865
2.09867
2.09869
2.0987
2.09871
2.09872
2.09873
2.09873
2.09873
2.09874
2.09874
2.09874
2.09874
2.09873
2.09873
2.09873
2.09872
2.09872
2.09872
2.09871
2.09871
2.09871
2.09871
2.09871
2.09871
2.09871
2.09872
2.09873
2.09873
2.09875
2.09876
2.09878
2.0988
2.09882
2.09884
2.09887
2.0989
2.09894
2.09898
2.09902
2.09906
2.09911
2.09916
2.09921
2.09927
2.09932
2.09938
2.09945
2.09951
2.09957
2.09964
2.09971
2.09977
2.09984
2.09991
2.09997
2.10003
2.1001
2.10015
2.10021
2.10026
2.1003
2.10034
2.10038
2.10041
2.10043
2.10044
2.10044
2.10043
2.10041
2.10038
2.10034
2.10028
2.10021
2.10013
2.10003
2.09991
2.09978
2.09963
2.09945
2.09926
2.09905
2.09882
2.09857
2.09829
2.098
2.09767
2.09733
2.09696
2.09657
2.09615
2.09571
2.09524
2.09475
2.09423
2.09369
2.09312
2.09253
2.09192
2.09128
2.09062
2.08994
2.08924
2.08852
2.08778
2.08702
2.08624
2.08545
2.08465
2.08384
2.08302
2.08219
2.08136
2.08053
2.0797
2.07886
2.07804
2.07722
2.07642
2.07562
2.07485
2.07409
2.07336
2.07265
2.07197
2.07132
2.07071
2.07013
2.06959
2.0691
2.06865
2.06825
2.0679
2.06759
2.06735
2.06715
2.06702
2.06694
2.06692
2.06696
2.06705
2.06721
2.06743
2.06771
2.06804
2.06843
2.06888
2.06939
2.06995
2.07056
2.07122
2.07193
2.07269
2.07349
2.07433
2.07521
2.07613
2.07708
2.07805
2.07906
2.08009
2.08114
2.08221
2.0833
2.0844
2.08551
2.08662
2.08775
2.08887
2.08999
2.09112
2.09223
2.09334
2.09445
2.09554
2.09661
2.09768
2.09873
2.09976
2.10078
2.10177
2.10274
2.1037
2.10463
2.10554
2.10642
2.10728
2.10811
2.10892
2.10971
2.11047
2.1112
2.11191
2.11259
2.11324
2.11387
2.11447
2.11505
2.1156
2.11613
2.11663
2.1171
2.11755
2.11798
2.11838
2.11876
2.11911
2.11945
2.11976
2.12004
2.12031
2.12055
2.12077
2.12097
2.12116
2.12132
2.12146
2.12158
2.12168
2.12177
2.12183
2.12188
2.12191
2.12192
2.12192
2.1219
2.12186
2.12181
2.12174
2.12166
2.12156
2.12145
2.12132
2.12117
2.12102
2.12085
2.12066
2.12046
2.12025
2.12002
2.11979
2.11954
2.11927
2.119
2.11871
2.11841
2.11809
2.11777
2.11743
2.11708
2.11672
2.11635
2.11597
2.11557
2.11517
2.11475
2.11432
2.11388
2.11343
2.11296
2.11249
2.112
2.11151
2.111
2.11048
2.10995
2.10941
2.10886
2.10829
2.10772
2.10713
2.10653
2.10592
2.1053
2.10467
2.10403
2.10337
2.1027
2.10203
2.10134
2.10063
2.09992
2.09919
2.09846
2.09771
2.09695
2.09618
2.09539
2.0946
2.09379
2.09297
2.09215
2.09131
2.09046
2.0896
2.08873
2.08784
2.08695
2.08605
2.08515
2.08423
2.0833
2.08237
2.08143
2.08049
2.07953
2.07858
2.07762
2.07665
2.07568
2.07471
2.07374
2.07277
2.0718
2.07083
2.06987
2.06891
2.06795
2.067
2.06606
2.06513
2.06421
2.0633
2.0624
2.06152
2.06065
2.0598
2.05897
2.05816
2.05737
2.0566
2.05586
2.05514
2.05445
2.05379
2.05316
2.05256
2.05199
2.05145
2.05095
2.05049
2.05006
2.04967
2.04932
2.04901
2.04874
2.04851
2.04832
2.04817
2.04807
2.048
2.04798
2.04801
2.04807
2.04818
2.04833
2.04852
2.04875
2.04903
2.04934
2.04969
2.05009
2.05052
2.05099
2.05149
2.05203
2.05261
2.05321
2.05385
2.05452
2.05521
2.05594
2.05668
2.05746
2.05825
2.05907
2.05991
2.06076
2.06163
2.06252
2.06342
2.06433
2.06525
2.06618
2.06711
2.06806
2.069
2.06995
2.0709
2.07185
2.0728
2.07375
2.07469
2.07562
2.07655
2.07747
2.07839
2.07929
2.08018
