-0.0404294
-0.0404296
-0.0404274
-0.0404278
-0.0404282
-0.0404287
-0.0404294
-0.0404325
-0.0404357
-0.0404366
-0.0404353
-0.0404365
-0.040433
-0.040432
-0.0404335
-0.0404327
-0.0404344
-0.0404385
-0.0404404
-0.0404424
-0.0404445
-0.0404467
-0.040449
-0.0404514
-0.0404515
-0.0404541
-0.0404592
-0.040462
-0.0404649
-0.0404703
-0.0404734
-0.0404767
-0.0404824
-0.0404858
-0.0404893
-0.0404906
-0.0404967
-0.0405029
-0.0405045
-0.0405086
-0.0405127
-0.040517
-0.0405214
-0.0405235
-0.040528
-0.0405303
-0.0405351
-0.0405376
-0.0405426
-0.0405477
-0.0405528
-0.0405558
-0.0405612
-0.0405643
-0.0405722
-0.040578
-0.0405838
-0.0405897
-0.0405957
-0.0406018
-0.040608
-0.0406167
-0.0406207
-0.0406296
-0.0406386
-0.040643
-0.0406498
-0.0406568
-0.0406638
-0.040671
-0.0406782
-0.040688
-0.0406954
-0.040703
-0.0407083
-0.0407137
-0.0407216
-0.0407248
-0.0407281
-0.040734
-0.0407423
-0.0407483
-0.0407592
-0.0407678
-0.0407788
-0.0407877
-0.0407966
-0.0408056
-0.0408124
-0.0408264
-0.0408381
-0.0408476
-0.0408571
-0.0408644
-0.0408742
-0.0408841
-0.0408941
-0.0409042
-0.0409144
-0.0409247
-0.0409375
-0.0409527
-0.0409633
-0.0409741
-0.0409873
-0.0409959
-0.0410069
-0.0410181
-0.0410317
-0.0410431
-0.0410569
-0.0410685
-0.0410802
-0.0410944
-0.0411063
-0.0411159
-0.0411328
-0.0411427
-0.041155
-0.0411675
-0.04118
-0.0411927
-0.0412055
-0.0412184
-0.0412338
-0.0412445
-0.0412577
-0.041271
-0.0412821
-0.0412933
-0.0413069
-0.0413207
-0.0413346
-0.0413486
-0.0413626
-0.0413768
-0.0413912
-0.0414008
-0.0414154
-0.0414324
-0.0414471
-0.041462
-0.0414746
-0.0414897
-0.0415049
-0.0415202
-0.0415333
-0.0415512
-0.0415668
-0.041585
-0.0416056
-0.041624
-0.0416401
-0.0416587
-0.041675
-0.0416938
-0.0417128
-0.0417318
-0.0417486
-0.0417655
-0.0417873
-0.0418068
-0.0418241
-0.0418415
-0.0418566
-0.0418742
-0.0418967
-0.0419145
-0.0419325
-0.0419506
-0.041964
-0.0419847
-0.0420008
-0.0420194
-0.0420404
-0.0420616
-0.0420805
-0.0420995
-0.042121
-0.0421403
-0.0421573
-0.0421768
-0.0421941
-0.0422162
-0.042236
-0.042256
-0.0422761
-0.0422963
-0.0423167
-0.0423395
-0.0423601
-0.0423808
-0.0424017
-0.042425
-0.0424484
-0.0424696
-0.0424933
-0.0425148
-0.0425364
-0.0425581
-0.0425799
-0.0425995
-0.0426239
-0.0426485
-0.0426684
-0.0426909
-0.0427158
-0.0427385
-0.0427614
-0.0427819
-0.042805
-0.0428306
-0.0428539
-0.042875
-0.0428986
-0.04292
-0.0429415
-0.0429702
-0.0429943
-0.0430186
-0.0430429
-0.0430674
-0.0430921
-0.0431145
-0.0431394
-0.0431644
-0.0431896
-0.0432101
-0.0432356
-0.0432635
-0.0432892
-0.0433198
-0.0433457
-0.0433718
-0.0433981
-0.0434244
-0.0434509
-0.0434776
-0.0435043
-0.0435313
-0.0435559
-0.0435831
-0.0436105
-0.0436379
-0.0436632
-0.0436909
-0.0437188
-0.0437468
-0.043775
-0.0438009
-0.0438246
-0.0438532
-0.0438843
-0.0439108
-0.0439398
-0.0439689
-0.0439982
-0.0440277
-0.044062
-0.0440941
-0.044124
-0.0441516
-0.0441818
-0.0442145
-0.0442449
-0.0442732
-0.0443015
-0.0443348
-0.0443682
-0.0444018
-0.0444355
-0.0444694
-0.0445011
-0.0445353
-0.0445672
-0.0445993
-0.0446316
-0.044664
-0.0446942
-0.0447269
-0.0447598
-0.0447929
-0.044826
-0.0448618
-0.0448953
-0.0449289
-0.0449627
-0.0450014
-0.0450308
-0.0450651
-0.0450972
-0.0451318
-0.045169
-0.0452015
-0.0452366
-0.0452719
-0.0453073
-0.0453453
-0.045381
-0.045417
-0.0454602
-0.045494
-0.0455305
-0.045567
-0.0456038
-0.0456407
-0.0456802
-0.045715
-0.0457525
-0.0457901
-0.0458302
-0.0458681
-0.0459062
-0.0459445
-0.0459829
-0.0460239
-0.0460627
-0.0461041
-0.0461385
-0.0461778
-0.0462173
-0.0462569
-0.0462968
-0.0463392
-0.0463794
-0.0464198
-0.0464627
-0.0465058
-0.0465468
-0.0465902
-0.0466315
-0.046673
-0.0467123
-0.0467541
-0.0467962
-0.0468384
-0.0468808
-0.0469234
-0.0469638
-0.0470067
-0.0470499
-0.0470908
-0.0471367
-0.0471805
-0.0472244
-0.0472685
-0.0473152
-0.0473597
-0.0474043
-0.0474492
-0.0474919
-0.0475372
-0.047585
-0.0476355
-0.0476837
-0.0477298
-0.0477737
-0.0478178
-0.0478621
-0.047909
-0.0479561
-0.0480081
-0.0480556
-0.0481009
-0.0481512
-0.0482017
-0.04825
-0.0482986
-0.0483497
-0.048401
-0.0484478
-0.0484972
-0.0485444
-0.0485919
-0.0486419
-0.0486897
-0.0487402
-0.0487885
-0.0488394
-0.0488881
-0.0489394
-0.048991
-0.0490404
-0.0490924
-0.0491446
-0.049197
-0.0492544
-0.0493026
-0.0493581
-0.0494138
-0.049465
-0.0495189
-0.0495729
-0.0496272
-0.0496817
-0.0497388
-0.0497938
-0.0498513
-0.0499068
-0.0499648
-0.0500208
-0.0500769
-0.0501333
-0.0501876
-0.0502421
-0.0502992
-0.0503566
-0.0504095
-0.0504674
-0.0505231
-0.0505839
-0.0506425
-0.0507013
-0.0507605
-0.0508198
-0.0508818
-0.0509417
-0.0510019
-0.0510623
-0.0511229
-0.0511838
-0.051245
-0.0513064
-0.0513705
-0.0514324
-0.0514946
-0.0515571
-0.0516223
-0.0516876
-0.0517509
-0.0518169
-0.0518807
-0.0519472
-0.0520116
-0.0520762
-0.0521459
-0.0522135
-0.052279
-0.0523447
-0.0524108
-0.0524771
-0.0525461
-0.052613
-0.052685
-0.0527524
-0.0528202
-0.0528859
-0.0529542
-0.0530229
-0.0530894
-0.0531563
-0.0532258
-0.0532933
-0.0533658
-0.0534362
-0.0535069
-0.0535779
-0.0536493
-0.0537186
-0.0537905
-0.0538651
-0.0539401
-0.0540106
-0.0540838
-0.0541573
-0.0542335
-0.0543053
-0.0543774
-0.0544522
-0.0545273
-0.0546028
-0.0546785
-0.0547546
-0.054831
-0.0549078
-0.0549849
-0.0550623
-0.0551376
-0.0552157
-0.0552918
-0.0553705
-0.0554496
-0.0555291
-0.0556088
-0.0556913
-0.0557694
-0.0558526
-0.0559338
-0.0560153
-0.0560972
-0.0561818
-0.0562644
-0.056345
-0.0564236
-0.0565072
-0.0565889
-0.0566733
-0.0567581
-0.0568432
-0.0569287
-0.0570146
-0.0570961
-0.0571851
-0.0572721
-0.0573595
-0.0574473
-0.0575331
-0.0576192
-0.0577105
-0.0577999
-0.0578896
-0.0579797
-0.0580701
-0.0581634
-0.0582499
-0.058344
-0.0584361
-0.0585286
-0.0586215
-0.0587148
-0.0588085
-0.058905
-0.0589996
-0.0590969
-0.0591923
-0.0592881
-0.059382
-0.0594786
-0.0595805
-0.059678
-0.0597759
-0.0598743
-0.0599731
-0.0600723
-0.0601744
-0.0602721
-0.0603751
-0.0604761
-0.0605776
-0.0606795
-0.0607818
-0.0608823
-0.0609856
-0.0610893
-0.0611935
-0.0612958
-0.0614009
-0.0615041
-0.0616102
-0.0617167
-0.0618214
-0.0619289
-0.0620368
-0.0621453
-0.0622566
-0.0623637
-0.0624736
-0.062584
-0.0626925
-0.0628015
-0.0629158
-0.0630282
-0.0631387
-0.0632545
-0.0633661
-0.0634829
-0.0635978
-0.0637133
-0.0638293
-0.0639434
-0.0640629
-0.0641804
-0.0642985
-0.0644148
-0.0645339
-0.0646536
-0.0647739
-0.0648899
-0.0650113
-0.0651355
-0.0652603
-0.0653857
-0.0655092
-0.0656334
-0.0657557
-0.0658809
-0.0660067
-0.0661331
-0.0662601
-0.0663876
-0.0665134
-0.066642
-0.0667737
-0.0669012
-0.0670317
-0.0671604
-0.067292
-0.0674243
-0.0675571
-0.0676882
-0.0678223
-0.067957
-0.0680923
-0.0682329
-0.0683718
-0.0685066
-0.0686468
-0.0687828
-0.0689219
-0.0690616
-0.0692019
-0.0693452
-0.0694844
-0.0696267
-0.0697696
-0.0699179
-0.0700669
-0.0702118
-0.0703573
-0.0705036
-0.0706504
-0.070798
-0.0709462
-0.0710928
-0.0712424
-0.0713927
-0.071546
-0.0716953
-0.0718453
-0.0719984
-0.0721545
-0.072309
-0.0724642
-0.0726201
-0.0727791
-0.0729364
-0.0730945
-0.0732532
-0.0734127
-0.0735753
-0.0737363
-0.073898
-0.0740628
-0.074226
-0.07439
-0.0745547
-0.0747201
-0.0748864
-0.0750533
-0.0752211
-0.0753872
-0.0755564
-0.0757265
-0.0758973
-0.0760689
-0.0762413
-0.0764144
-0.076586
-0.0767584
-0.0769363
-0.0771127
-0.0772874
-0.0774654
-0.0776441
-0.0778213
-0.0780017
-0.0781829
-0.078365
-0.0785478
-0.0787315
-0.0789184
-0.0791037
-0.0792946
-0.0794817
-0.0796695
-0.0798582
-0.0800478
-0.0802382
-0.0804294
-0.0806191
-0.0808121
-0.0810059
-0.0811982
-0.0813913
-0.0815877
-0.081785
-0.0819832
-0.0821822
-0.0823821
-0.0825828
-0.0827821
-0.0829846
-0.083188
-0.0833947
-0.0836022
-0.0838107
-0.0840129
-0.0842184
-0.0844248
-0.0846345
-0.084845
-0.0850565
-0.0852688
-0.0854844
-0.0856986
-0.0859136
-0.0861296
-0.0863464
-0.0865642
-0.0867828
-0.0870047
-0.0872276
-0.0874489
-0.0876712
-0.0878944
-0.0881208
-0.0883458
-0.0885716
-0.0888008
-0.0890284
-0.0892593
-0.0894888
-0.0897191
-0.0899504
-0.0901825
-0.0904155
-0.0906494
-0.0908818
-0.0911174
-0.0913539
-0.0915913
-0.0918295
-0.092071
-0.0923134
-0.0925565
-0.0927982
-0.0930407
-0.0932841
-0.0935259
-0.0937709
-0.094019
-0.0942657
-0.0945155
-0.0947637
-0.0950127
-0.0952649
-0.0955155
-0.0957668
-0.0960189
-0.0962718
-0.096523
-0.0967772
-0.0970322
-0.0972903
-0.0975491
-0.0978061
-0.0980662
-0.0983269
-0.0985836
-0.0988432
-0.0991058
-0.0993666
-0.0996303
-0.0998922
-0.10015
-0.100413
-0.100676
-0.10094
-0.101205
-0.101469
-0.101735
-0.102003
-0.102269
-0.102535
-0.102804
-0.103071
-0.103338
-0.103605
-0.10387
-0.104138
-0.104406
-0.104676
-0.104944
-0.105212
-0.10548
-0.105748
-0.106016
-0.106284
-0.106552
-0.106819
-0.107086
-0.107353
-0.10762
-0.107886
-0.108149
-0.108412
-0.108674
-0.108941
-0.109207
-0.109467
-0.109729
-0.109988
-0.110248
-0.11051
-0.110768
-0.111026
-0.111282
-0.111537
-0.11179
-0.112042
-0.112293
-0.112542
-0.11279
-0.113038
-0.113283
-0.113525
-0.113765
-0.114001
-0.114237
-0.114467
-0.114698
-0.114927
-0.115154
-0.115376
-0.115592
-0.115811
-0.116026
-0.116238
-0.116448
-0.116653
-0.116856
-0.117054
-0.117249
-0.117438
-0.117625
-0.117811
-0.11799
-0.118166
-0.118336
-0.118504
-0.118664
-0.118819
-0.118969
-0.119117
-0.119254
-0.11939
-0.119515
-0.119637
-0.119753
-0.119865
-0.119968
-0.120065
-0.120154
-0.120234
-0.120307
-0.120375
-0.120436
-0.120489
-0.120533
-0.12057
-0.120598
-0.120618
-0.120632
-0.120637
-0.120628
-0.120609
-0.120584
-0.120549
-0.120505
-0.12045
-0.120388
-0.120313
-0.12023
-0.120134
-0.12003
-0.119914
-0.119788
-0.119643
-0.119492
-0.119326
-0.119152
-0.118966
-0.11877
-0.11856
-0.118337
-0.118105
-0.117861
-0.117603
-0.117331
-0.117046
-0.116752
-0.116444
-0.116123
-0.11579
-0.115445
-0.11509
-0.114722
-0.114343
-0.113949
-0.113545
-0.113125
-0.112699
-0.112256
-0.111804
-0.111339
-0.110868
-0.110382
-0.109888
-0.109384
-0.108871
-0.108351
-0.10782
-0.10728
-0.10673
-0.106173
-0.105612
-0.105043
-0.104469
-0.103892
-0.103308
-0.102715
-0.102123
-0.101528
-0.100931
-0.100332
-0.0997346
-0.0991348
-0.0985355
-0.0979376
-0.0973417
-0.0967486
-0.0961616
-0.0955766
-0.0949945
-0.0944184
-0.0938493
-0.0932902
-0.0927396
-0.0921983
-0.0916673
-0.0911496
-0.090639
-0.0901435
-0.089659
-0.0891912
-0.0887384
-0.0883014
-0.087881
-0.0874802
-0.0870952
-0.0867289
-0.0863797
-0.0860601
-0.0857541
-0.0854695
-0.0852068
-0.0849667
-0.0847496
-0.0845561
-0.0843866
-0.0842416
-0.0841215
-0.0840267
-0.0839598
-0.0839166
-0.0838995
-0.083909
-0.0839451
-0.0840081
-0.0840982
-0.0842153
-0.0843597
-0.084529
-0.084728
-0.0849542
-0.0852053
-0.0854836
-0.0857912
-0.0861258
-0.0864872
-0.0868751
-0.0872893
-0.0877321
-0.0881959
-0.08869
-0.0892069
-0.0897487
-0.0903174
-0.0909078
-0.0915243
-0.0921618
-0.0928221
-0.0935047
-0.0942093
-0.0949352
-0.0956821
-0.0964493
-0.0972386
-0.0980449
-0.0988722
-0.0997199
-0.100576
-0.101451
-0.102344
-0.103251
-0.104176
-0.105117
-0.106071
-0.107036
-0.108014
-0.109003
-0.110004
-0.111014
-0.112037
-0.113066
-0.114105
-0.115153
-0.116207
-0.117264
-0.118327
-0.119395
-0.120465
-0.12154
-0.122616
-0.123698
-0.124779
-0.125861
-0.126946
-0.128025
-0.129107
-0.130181
-0.131259
-0.13233
-0.133399
-0.134465
-0.13552
-0.136578
-0.137628
-0.138676
-0.139712
-0.140742
-0.141764
-0.142777
-0.14378
-0.144777
-0.145767
-0.146745
-0.147713
-0.148671
-0.149618
-0.150555
-0.151478
-0.152393
-0.153298
-0.15419
-0.15507
-0.155935
-0.156791
-0.157637
-0.158468
-0.159287
-0.160093
-0.160887
-0.161668
-0.162434
-0.163187
-0.163928
-0.164656
-0.165374
-0.166074
-0.166764
-0.167444
-0.168112
-0.168767
-0.169412
-0.170042
-0.17066
-0.171266
-0.17186
-0.172442
-0.173012
-0.17357
-0.174117
-0.174652
-0.175176
-0.175689
-0.17619
-0.176681
-0.177161
-0.17763
-0.178088
-0.178536
-0.178974
-0.179401
-0.179819
-0.180226
-0.180624
-0.181012
-0.181391
-0.18176
-0.182121
-0.182467
-0.182809
-0.183144
-0.183469
-0.18378
-0.184087
-0.184386
-0.184677
-0.184962
-0.185237
-0.185503
-0.18576
-0.186013
-0.186257
-0.186491
-0.186719
-0.186941
-0.187157
-0.187369
-0.187569
-0.187762
-0.187948
-0.188125
-0.188297
-0.188463
-0.188622
-0.188777
-0.188926
-0.189066
-0.189199
-0.189329
-0.18945
-0.189565
-0.189674
-0.189776
-0.189873
-0.189964
-0.190051
-0.19013
-0.190203
-0.190275
-0.190337
-0.190393
-0.190444
-0.190489
-0.19053
-0.190564
-0.19059
-0.190613
-0.190631
-0.190644
-0.190653
-0.190655
-0.190652
-0.190646
-0.19063
-0.190607
-0.190584
-0.190558
-0.190526
-0.190483
-0.190441
-0.190394
-0.190342
-0.190283
-0.190223
-0.190158
-0.190086
-0.190013
-0.189935
-0.189853
-0.189767
-0.18968
-0.189589
-0.189491
-0.189393
-0.189286
-0.189176
-0.189067
-0.188952
-0.188832
-0.188711
-0.188585
-0.188458
-0.188328
-0.188196
-0.188064
-0.187926
-0.187786
-0.187642
-0.1875
-0.187354
-0.187203
-0.187058
-0.186908
-0.186757
-0.186602
-0.186445
-0.186285
-0.186128
-0.185967
-0.185805
-0.185641
-0.185477
-0.185312
-0.185145
-0.184978
-0.18481
-0.184641
-0.184471
-0.1843
-0.184128
-0.183958
-0.183784
-0.18361
-0.183435
-0.183259
-0.183079
-0.182901
-0.182722
-0.182541
-0.18236
-0.182174
-0.18199
-0.181801
-0.181613
-0.181426
-0.181235
-0.181044
-0.180848
-0.180652
-0.180451
-0.180248
-0.180044
-0.179837
-0.179622
-0.179406
-0.179186
-0.178963
-0.178735
-0.178506
-0.17827
-0.178029
-0.177783
-0.177533
-0.177274
-0.177013
-0.176746
-0.176474
-0.176195
-0.175911
-0.175623
-0.175328
-0.175027
-0.174716
-0.174399
-0.174078
-0.173747
-0.17341
-0.173065
-0.172718
-0.172359
-0.171993
-0.171618
-0.171238
-0.170852
-0.170456
-0.170054
-0.169647
-0.169235
-0.168816
-0.168391
-0.16796
-0.16752
-0.167079
-0.166633
-0.166183
-0.165729
-0.165274
-0.164811
-0.16435
-0.163884
-0.163419
-0.16295
-0.162481
-0.162014
-0.161543
-0.16108
-0.160617
-0.160156
-0.159696
-0.15924
-0.158784
-0.158338
-0.157897
-0.157462
-0.157036
-0.156621
-0.156212
-0.155814
-0.155426
-0.155047
-0.15468
-0.154331
-0.153993
-0.15367
-0.153362
-0.15307
-0.152795
-0.152535
-0.152293
-0.152075
-0.151874
-0.151694
-0.151531
-0.151391
-0.151275
-0.151181
-0.151111
-0.151065
-0.151042
-0.151045
-0.15107
-0.151125
-0.151204
-0.15131
-0.151441
-0.1516
-0.151782
-0.151992
-0.152232
-0.152501
-0.152793
-0.153114
-0.153463
-0.153841
-0.154243
-0.15467
-0.155126
-0.155608
-0.156115
-0.156649
-0.157209
-0.157791
-0.158398
-0.159025
-0.159677
-0.160354
-0.161047
-0.161763
-0.162501
-0.163253
-0.164026
-0.164815
-0.165621
-0.166442
-0.167277
-0.168123
-0.168984
-0.169853
-0.170738
-0.171629
-0.172528
-0.173436
-0.17435
-0.175267
-0.176187
-0.17711
-0.178037
-0.178967
-0.17989
-0.180814
-0.181735
-0.182658
-0.183572
-0.18448
-0.185378
-0.186274
-0.187163
-0.188043
-0.188914
-0.189775
-0.190628
-0.191466
-0.192294
-0.19311
-0.193908
-0.194698
-0.195471
-0.196233
-0.196978
-0.197713
-0.19843
-0.199133
-0.199819
-0.200489
-0.201141
-0.20178
-0.202402
-0.203005
-0.203594
-0.204167
-0.204723
-0.205263
-0.205787
-0.206296
-0.206787
-0.207265
-0.207724
-0.208167
-0.208594
-0.209006
-0.209403
-0.209785
-0.210152
-0.210504
-0.210842
-0.211166
-0.211476
-0.211773
-0.212057
-0.21233
-0.212585
-0.212831
-0.213064
-0.213286
-0.213497
-0.213696
-0.213884
-0.21406
-0.214228
-0.214386
-0.214534
-0.214673
-0.214804
-0.214925
-0.215041
-0.215146
-0.215243
-0.215333
-0.215413
-0.215484
-0.215552
-0.215612
-0.215668
-0.215721
-0.215763
-0.215801
-0.215835
-0.215863
-0.215889
-0.215908
-0.215924
-0.215939
-0.215945
-0.215946
-0.215949
-0.215943
-0.215933
-0.21592
-0.215904
-0.215885
-0.215858
-0.215833
-0.215804
-0.215774
-0.21574
-0.215707
-0.215668
-0.215627
-0.215584
-0.215539
-0.215494
-0.215444
-0.215393
-0.21534
-0.215284
-0.215227
-0.215171
-0.21511
-0.215048
-0.214984
-0.214921
-0.214854
-0.214784
-0.214714
-0.214643
-0.214571
-0.214498
-0.214423
-0.214345
-0.214271
-0.214196
-0.214117
-0.214035
-0.21396
-0.213879
-0.213798
-0.213716
-0.213631
-0.213548
-0.213464
-0.213378
-0.213294
-0.213211
-0.213127
-0.213045
-0.212961
-0.212878
-0.212802
-0.212719
-0.212642
-0.21256
-0.212482
-0.212402
-0.212323
-0.212245
-0.212171
-0.2121
-0.212028
-0.211953
-0.21188
-0.211811
-0.211745
-0.21168
-0.211621
-0.21156
-0.2115
-0.211446
-0.211389
-0.211338
-0.211291
-0.211242
-0.211199
-0.211159
-0.211122
-0.211083
-0.211055
-0.211028
-0.211006
-0.210986
-0.21097
-0.210958
-0.210951
-0.210951
-0.210948
-0.210952
-0.21096
-0.210972
-0.21099
-0.211011
-0.211036
-0.211063
-0.211102
-0.211146
-0.211189
-0.211237
-0.211287
-0.211344
-0.211404
-0.211471
-0.211542
-0.211618
-0.211694
-0.211782
-0.21187
-0.211964
-0.212064
-0.212168
-0.212276
-0.212389
-0.212506
-0.21263
-0.212755
-0.212885
-0.21302
-0.21316
-0.213304
-0.21345
-0.213603
-0.213756
-0.213913
-0.214073
-0.214237
-0.214404
-0.214574
-0.214747
-0.214922
-0.215103
-0.215284
-0.215466
-0.215652
-0.21584
-0.21603
-0.216222
-0.216413
-0.216609
-0.216806
-0.217006
-0.217206
-0.217408
-0.21761
-0.21781
-0.21801
-0.218216
-0.21842
-0.218624
-0.218828
-0.219032
-0.219236
-0.219443
-0.219648
-0.219851
-0.220054
-0.220255
-0.220463
-0.22066
-0.220857
-0.221054
-0.221251
-0.221446
-0.221637
-0.221829
-0.222017
-0.222206
-0.222393
-0.222578
-0.222763
-0.222942
-0.223124
-0.223303
-0.223478
-0.223651
-0.223821
-0.223989
-0.224152
-0.224316
-0.224474
-0.22463
-0.224784
-0.224937
-0.225088
-0.225234
-0.225379
-0.225522
-0.225663
-0.225803
-0.22594
-0.226073
-0.226203
-0.22633
-0.226452
-0.226574
-0.226694
-0.226813
-0.226927
-0.227039
-0.227148
-0.227254
-0.227356
-0.22746
-0.227557
-0.227654
-0.227751
-0.227846
-0.227933
-0.228021
-0.228106
-0.22819
-0.228271
-0.228348
-0.228428
-0.228501
-0.228574
-0.228646
-0.228716
-0.228784
-0.22885
-0.228915
-0.228981
-0.229043
-0.229104
-0.229161
-0.229221
-0.229278
-0.229334
-0.229391
-0.229447
-0.2295
-0.229552
-0.229606
-0.229657
-0.229709
-0.229759
-0.229806
-0.229852
-0.229898
-0.229947
-0.229995
-0.230043
-0.230091
-0.230142
-0.23019
-0.230238
-0.230287
-0.230337
-0.230389
-0.230436
-0.230489
-0.230538
-0.230586
-0.230639
-0.230692
-0.230744
-0.230802
-0.230856
-0.230916
-0.230975
-0.231034
-0.231095
-0.231162
-0.231225
-0.23129
-0.231356
-0.231424
-0.231492
-0.231563
-0.231635
-0.231708
-0.23178
-0.231857
-0.231935
-0.232015
-0.232098
-0.232181
-0.232266
-0.232352
-0.23244
-0.232529
-0.23262
-0.232713
-0.232807
-0.232901
-0.232997
-0.233094
-0.233192
-0.233295
-0.233399
-0.233504
-0.233612
-0.233723
-0.233831
-0.233942
-0.234055
-0.23417
-0.234288
-0.234405
-0.234529
-0.234648
-0.234769
-0.234894
-0.235017
-0.235141
-0.235264
-0.23539
-0.23552
-0.235651
-0.235777
-0.235909
-0.236038
-0.236171
-0.236303
-0.236438
-0.236571
-0.236704
-0.236838
-0.236972
-0.237109
-0.237243
-0.237378
-0.237511
-0.237646
-0.237781
-0.237916
-0.238048
-0.238182
-0.238317
-0.23845
-0.238584
-0.238717
-0.23885
-0.238982
-0.239115
-0.239248
-0.239378
-0.239505
-0.239633
-0.239762
-0.239888
-0.240011
-0.240135
-0.240258
-0.240379
-0.240499
-0.240618
-0.240735
-0.240853
-0.240967
-0.241081
-0.241194
-0.241298
-0.241405
-0.24151
-0.241613
-0.241714
-0.241813
-0.24191
-0.242002
-0.242099
-0.242188
-0.242278
-0.242363
-0.242445
-0.242525
-0.242605
-0.242679
-0.242753
-0.242824
-0.242892
-0.242955
-0.243015
-0.243074
-0.243128
-0.243178
-0.243223
-0.243267
-0.243308
-0.243345
-0.243376
-0.243406
-0.243433
-0.243456
-0.243475
-0.24349
-0.243502
-0.24351
-0.243512
-0.24351
-0.243506
-0.243498
-0.243486
-0.24347
-0.243453
-0.243428
-0.2434
-0.243365
-0.243326
-0.243285
-0.243239
-0.24319
-0.243136
-0.243082
-0.243019
-0.242952
-0.24288
-0.242804
-0.242723
-0.242641
-0.242554
-0.242458
-0.242359
-0.242257
-0.242149
-0.242038
-0.241922
-0.241802
-0.241677
-0.241546
-0.241413
-0.241275
-0.241134
-0.240988
-0.240841
-0.240689
-0.240532
-0.240368
-0.240205
-0.240031
-0.239856
-0.239679
-0.239502
-0.239316
-0.239139
-0.23895
-0.238757
-0.238564
-0.238368
-0.238169
-0.237966
-0.237762
-0.237554
-0.237344
-0.237131
-0.236918
-0.236705
-0.236488
-0.236272
-0.236053
-0.235833
-0.235611
-0.235388
-0.235169
-0.234948
-0.234727
-0.23451
-0.234288
-0.23407
-0.233853
-0.233642
-0.233428
-0.233216
-0.233004
-0.232794
-0.232592
-0.232391
-0.232195
-0.232001
-0.23181
-0.231623
-0.231441
-0.231264
-0.231086
-0.230921
-0.230759
-0.230603
-0.230452
-0.230308
-0.23017
-0.230039
-0.229917
-0.229803
-0.229693
-0.229593
-0.229498
-0.229411
-0.229333
-0.229265
-0.2292
-0.229146
-0.229101
-0.229065
-0.229033
-0.229014
-0.229
-0.229001
-0.229007
-0.229024
-0.22905
-0.229083
-0.229129
-0.229179
-0.229243
-0.229313
-0.229392
-0.229478
-0.229576
-0.229681
-0.229792
-0.229912
-0.23004
-0.230173
-0.230312
-0.230458
-0.230611
-0.230769
-0.230932
-0.231101
-0.231275
-0.231451
-0.231631
-0.231817
-0.232007
-0.232199
-0.232397
-0.232592
-0.232791
-0.232991
-0.23319
-0.233392
-0.233596
-0.233798
-0.233999
-0.234201
-0.234399
-0.234593
-0.234787
-0.234978
-0.235167
-0.235352
-0.235533
-0.23571
-0.235883
-0.236051
-0.236212
-0.236375
-0.236527
-0.236674
-0.236815
-0.236947
-0.237073
-0.237196
-0.237311
-0.23742
-0.237524
-0.237617
-0.237706
-0.237785
-0.237857
-0.237925
-0.237986
-0.238043
-0.23809
-0.238129
-0.238166
-0.238194
-0.238216
-0.238233
-0.238248
-0.238253
-0.238253
-0.238249
-0.238237
-0.238226
-0.238208
-0.238187
-0.238163
-0.238133
-0.238101
-0.23807
-0.238039
-0.238004
-0.237969
-0.237936
-0.237901
-0.237868
-0.237834
-0.237799
-0.237766
-0.23774
-0.237717
-0.237695
-0.237676
-0.237659
-0.237649
-0.237644
-0.237644
-0.23765
-0.237662
-0.237678
-0.237703
-0.23773
-0.23777
-0.237817
-0.237869
-0.237932
-0.238006
-0.238083
-0.238171
-0.238269
-0.238372
-0.238487
-0.238611
-0.238744
-0.238889
-0.239037
-0.239197
-0.239363
-0.239541
-0.239727
-0.239922
-0.240124
-0.240337
-0.240556
-0.240782
-0.241013
-0.241253
-0.2415
-0.241753
-0.242012
-0.242276
-0.242543
-0.242817
-0.243096
-0.243378
-0.243664
-0.243954
-0.244245
-0.244538
-0.244832
-0.24513
-0.245425
-0.245723
-0.246021
-0.246315
-0.246608
-0.2469
-0.247186
-0.247471
-0.247755
-0.248033
-0.248309
-0.248576
-0.248839
-0.249097
-0.249349
-0.249594
-0.249838
-0.250069
-0.250293
-0.250512
-0.250718
-0.250917
-0.251111
-0.251293
-0.251466
-0.251632
-0.251786
-0.251933
-0.252067
-0.252192
-0.252307
-0.252414
-0.252508
-0.252597
-0.252671
-0.252733
-0.252789
-0.252838
-0.252872
-0.252896
-0.252911
-0.252918
-0.252916
-0.252903
-0.252883
-0.252853
-0.252814
-0.252767
-0.252712
-0.25265
-0.252581
-0.252502
-0.252418
-0.25233
-0.252239
-0.252138
-0.252037
-0.25193
-0.251816
-0.251704
-0.251587
-0.251468
-0.251347
-0.251224
-0.251101
-0.250977
-0.250853
-0.25073
-0.25061
-0.25049
-0.250371
-0.250255
-0.250142
-0.250032
-0.249926
-0.249824
-0.249726
-0.249634
-0.249544
-0.249465
-0.249389
-0.249319
-0.249256
-0.249198
-0.249151
-0.249109
-0.249079
-0.249052
-0.249033
-0.249024
-0.249021
-0.249026
-0.249038
-0.249062
-0.249093
-0.249133
-0.249174
-0.24923
-0.249289
-0.249359
-0.249434
-0.249519
-0.249612
-0.249715
-0.24982
-0.249934
-0.250056
-0.250182
-0.250319
-0.25046
-0.250608
-0.250758
-0.250919
-0.251081
-0.251251
-0.251425
-0.251604
-0.251787
-0.251973
-0.252164
-0.252357
-0.252556
-0.252761
-0.252964
-0.253173
-0.253384
-0.253595
-0.253811
-0.254029
-0.254247
-0.254468
-0.254692
-0.254917
-0.25514
-0.255366
-0.255592
-0.255821
-0.256052
-0.256285
-0.256517
-0.256749
-0.256982
-0.257213
-0.257444
-0.257678
-0.257914
-0.258148
-0.258387
-0.25862
-0.258857
-0.259091
-0.259326
-0.259563
-0.259798
-0.260032
-0.260264
-0.260499
-0.260733
-0.260965
-0.261199
-0.261433
-0.261667
-0.261901
-0.262135
-0.262368
-0.262602
-0.262835
-0.263068
-0.263306
-0.263538
-0.263773
-0.264005
-0.264237
-0.264471
-0.264703
-0.264934
-0.265167
-0.265397
-0.265624
-0.265854
-0.266083
-0.266308
-0.266536
-0.266763
-0.266989
-0.267217
-0.267442
-0.267668
-0.267889
-0.268111
-0.268332
-0.268552
-0.268771
-0.268989
-0.269205
-0.26942
-0.269636
-0.269848
-0.270052
-0.270261
-0.270468
-0.270671
-0.270872
-0.271072
-0.271269
-0.271467
-0.271665
-0.271858
-0.272052
-0.27224
-0.272427
-0.27261
-0.272792
-0.27297
-0.273146
-0.273321
-0.273491
-0.27366
-0.273824
-0.273982
-0.274142
-0.274294
-0.274447
-0.274595
-0.274738
-0.274879
-0.275017
-0.27515
-0.275284
-0.275408
-0.275529
-0.275646
-0.275756
-0.275864
-0.275968
-0.276067
-0.276164
-0.276254
-0.27634
-0.276423
-0.276498
-0.276569
-0.276632
-0.27669
-0.276745
-0.276797
-0.276842
-0.27688
-0.276916
-0.276936
-0.276957
-0.276972
-0.276981
-0.276982
-0.276978
-0.276969
-0.276952
-0.276934
-0.276904
-0.276867
-0.276821
-0.27677
-0.276715
-0.276649
-0.276576
-0.276496
-0.276407
-0.276313
-0.276209
-0.276097
-0.275976
-0.27585
-0.275712
-0.275566
-0.275412
-0.275248
-0.275078
-0.274896
-0.274706
-0.274506
-0.274299
-0.27408
-0.273852
-0.273616
-0.273366
-0.273111
-0.272846
-0.272569
-0.272284
-0.271987
-0.271679
-0.271362
-0.271035
-0.270695
-0.27035
-0.269995
-0.26963
-0.269253
-0.268866
-0.268466
-0.26806
-0.267644
-0.267222
-0.266787
-0.266344
-0.265895
-0.265434
-0.264966
-0.264487
-0.264
-0.263509
-0.263013
-0.262508
-0.261998
-0.261483
-0.260962
-0.260435
-0.259905
-0.259368
-0.258831
-0.258292
-0.25775
-0.25721
-0.256665
-0.256122
-0.255583
-0.255043
-0.254505
-0.25397
-0.25344
-0.252915
-0.252395
-0.251881
-0.251375
-0.250877
-0.250385
-0.249906
-0.249437
-0.248979
-0.248531
-0.248099
-0.247676
-0.247271
-0.246882
-0.246509
-0.246152
-0.245812
-0.24549
-0.245186
-0.244901
-0.244632
-0.244386
-0.244159
-0.243953
-0.243769
-0.243607
-0.243462
-0.243338
-0.243235
-0.243151
-0.243087
-0.243049
-0.243028
-0.24303
-0.24305
-0.243088
-0.243143
-0.243219
-0.243313
-0.243424
-0.243552
-0.243695
-0.243854
-0.244025
-0.244215
-0.244413
-0.244625
-0.244849
-0.245083
-0.245327
-0.245582
-0.245842
-0.246109
-0.246384
-0.246663
-0.246945
-0.247234
-0.247522
-0.247812
-0.248103
-0.248393
-0.248679
-0.248967
-0.249253
-0.249539
-0.249818
-0.250093
-0.250366
-0.250628
-0.250886
-0.251141
-0.251385
-0.251623
-0.251852
-0.252073
-0.252285
-0.252489
-0.252683
-0.252868
-0.253044
-0.253205
-0.253361
-0.253509
-0.253648
-0.253774
-0.253898
-0.254005
-0.254105
-0.254191
-0.25427
-0.254339
-0.254403
-0.254455
-0.254499
-0.254535
-0.254564
-0.254585
-0.254597
-0.254606
-0.254608
-0.254607
-0.254598
-0.254588
-0.254571
-0.25455
-0.254526
-0.2545
-0.254472
-0.254442
-0.254412
-0.254383
-0.254352
-0.254322
-0.254294
-0.254269
-0.254245
-0.254221
-0.2542
-0.254186
-0.254174
-0.254169
-0.25417
-0.254176
-0.254191
-0.254209
-0.254235
-0.254272
-0.254314
-0.254364
-0.254426
-0.254493
-0.254568
-0.254654
-0.254752
-0.254858
-0.254973
-0.255094
-0.255227
-0.255373
-0.255529
-0.255696
-0.255873
-0.256058
-0.256258
-0.256468
-0.256688
-0.256916
-0.257153
-0.2574
-0.257659
-0.257925
-0.258202
-0.258485
-0.258779
-0.259079
-0.259385
-0.259698
-0.260018
-0.260347
-0.260683
-0.261027
-0.261374
-0.261724
-0.262082
-0.262442
-0.262808
-0.263176
-0.263549
-0.263927
-0.264306
-0.264689
-0.265071
-0.265455
-0.265839
-0.266224
-0.266609
-0.266991
-0.267379
-0.267762
-0.268144
-0.268521
-0.268899
-0.269271
-0.269644
-0.270013
-0.270379
-0.270739
-0.271098
-0.27145
-0.2718
-0.272145
-0.272486
-0.272821
-0.273151
-0.273476
-0.273795
-0.274111
-0.274418
-0.274719
-0.275014
-0.275305
-0.275588
-0.275863
-0.27613
-0.276395
-0.276649
-0.276898
-0.277141
-0.277376
-0.277605
-0.27783
-0.278045
-0.278254
-0.278456
-0.278651
-0.278837
-0.279016
-0.279192
-0.279361
-0.279523
-0.279681
-0.279831
-0.279975
-0.28011
-0.280245
-0.280368
-0.280489
-0.280603
-0.280712
-0.280816
-0.280915
-0.281006
-0.281097
-0.281181
-0.281258
-0.281333
-0.281404
-0.28147
-0.281532
-0.281591
-0.281648
-0.281699
-0.281747
-0.281794
-0.281835
-0.281878
-0.281919
-0.281952
-0.281978
-0.282009
-0.282035
-0.282061
-0.282083
-0.282106
-0.282125
-0.282143
-0.282159
-0.282171
-0.282185
-0.282198
-0.282211
-0.282222
-0.282236
-0.282249
-0.282261
-0.282271
-0.282281
-0.282294
-0.282304
-0.282314
-0.282324
-0.282335
-0.282348
-0.28236
-0.282372
-0.282385
-0.282401
-0.282415
-0.28243
-0.282445
-0.282457
-0.282475
-0.282493
-0.282512
-0.282533
-0.282551
-0.282576
-0.282599
-0.282623
-0.282649
-0.282668
-0.282695
-0.282726
-0.282757
-0.282787
-0.282818
-0.282853
-0.282885
-0.282919
-0.282954
-0.282991
-0.283027
-0.283064
-0.283099
-0.283137
-0.283175
-0.283216
-0.283256
-0.283293
-0.283333
-0.283374
-0.283417
-0.283457
-0.283498
-0.283539
-0.283578
-0.283618
-0.283659
-0.283699
-0.283737
-0.283781
-0.283818
-0.283857
-0.283896
-0.283931
-0.283965
-0.284002
-0.284042
-0.284077
-0.284108
-0.284141
-0.284172
-0.2842
-0.28423
-0.28426
-0.284287
-0.284313
-0.284335
-0.284357
-0.284379
-0.284401
-0.284421
-0.28444
-0.284457
-0.28447
-0.284482
-0.284491
-0.284501
-0.284507
-0.284511
-0.284513
-0.284513
-0.284511
-0.284505
-0.284499
-0.28449
-0.28448
-0.284468
-0.284453
-0.284437
-0.284418
-0.284397
-0.284374
-0.284348
-0.284323
-0.284293
-0.284261
-0.284227
-0.284193
-0.284159
-0.284119
-0.284076
-0.284031
-0.283984
-0.283932
-0.283881
-0.28383
-0.283774
-0.283716
-0.283657
-0.283595
-0.283534
-0.283468
-0.283401
-0.283332
-0.283261
-0.283188
-0.283113
-0.283037
-0.282956
-0.282874
-0.282793
-0.282708
-0.282624
-0.282538
-0.282446
-0.282358
-0.282269
-0.282175
-0.282083
-0.281988
-0.281894
-0.281799
-0.2817
-0.281603
-0.281506
-0.281412
-0.281315
-0.281215
-0.281115
-0.281013
-0.280912
-0.280812
-0.28071
-0.280607
-0.280504
-0.280403
-0.280302
-0.280198
-0.280094
-0.279991
-0.279884
-0.27978
-0.279676
-0.279572
-0.279468
-0.279362
-0.279258
-0.279154
-0.279051
-0.278947
-0.278843
-0.27874
-0.278636
-0.278531
-0.278425
-0.278324
-0.27822
-0.278116
-0.278015
-0.277911
-0.277806
-0.277704
-0.277598
-0.277493
-0.277386
-0.277277
-0.277169
-0.277057
-0.276947
-0.276836
-0.276716
-0.276604
-0.276488
-0.276368
-0.276249
-0.276125
-0.275999
-0.27587
-0.275738
-0.275606
-0.275474
-0.275335
-0.275196
-0.27505
-0.274901
-0.274747
-0.274587
-0.274424
-0.274254
-0.274077
-0.273899
-0.273715
-0.273525
-0.273325
-0.273123
-0.272914
-0.272699
-0.272476
-0.272246
-0.272008
-0.271763
-0.271509
-0.271249
-0.270979
-0.270699
-0.270411
-0.270113
-0.269806
-0.269487
-0.269163
-0.268827
-0.26848
-0.268124
-0.267757
-0.267382
-0.266996
-0.266598
-0.266188
-0.265768
-0.265338
-0.264896
-0.264447
-0.263984
-0.263513
-0.26303
-0.262534
-0.26203
-0.261518
-0.260994
-0.260461
-0.259919
-0.259365
-0.258806
-0.258238
-0.257657
-0.257074
-0.256486
-0.25589
-0.255287
-0.254679
-0.254066
-0.253449
-0.252826
-0.2522
-0.251574
-0.250947
-0.250318
-0.249689
-0.249058
-0.248431
-0.247806
-0.247179
-0.246558
-0.245943
-0.245334
-0.244727
-0.24413
-0.243538
-0.242961
-0.242388
-0.241827
-0.241274
-0.240731
-0.2402
-0.239681
-0.239175
-0.238679
-0.238197
-0.237732
-0.237278
-0.236844
-0.236423
-0.236023
-0.235633
-0.235259
-0.234899
-0.23456
-0.234234
-0.233925
-0.233627
-0.233348
-0.233087
-0.23284
-0.23261
-0.232396
-0.232198
-0.232017
-0.231848
-0.231693
-0.231552
-0.231425
-0.231311
-0.231211
-0.231122
-0.231046
-0.230982
-0.230929
-0.230885
-0.230856
-0.230835
-0.230825
-0.230824
-0.230833
-0.230856
-0.230884
-0.23092
-0.230966
-0.231022
-0.231087
-0.231158
-0.231238
-0.231327
-0.231421
-0.231523
-0.231637
-0.231761
-0.231894
-0.232034
-0.232189
-0.232351
-0.232521
-0.232706
-0.232904
-0.233108
-0.233329
-0.233559
-0.233798
-0.234052
-0.234314
-0.234594
-0.234885
-0.235191
-0.235507
-0.235839
-0.236185
-0.236543
-0.236911
-0.237298
-0.237703
-0.238123
-0.238557
-0.239004
-0.239465
-0.239949
-0.24044
-0.24095
-0.241474
-0.24201
-0.24256
-0.243122
-0.243703
-0.244294
-0.244894
-0.245506
-0.246129
-0.246765
-0.247407
-0.248057
-0.248719
-0.249389
-0.250067
-0.250752
-0.251445
-0.252144
-0.252845
-0.253548
-0.254256
-0.254968
-0.255681
-0.256396
-0.257112
-0.257827
-0.258542
-0.259256
-0.259972
-0.260679
-0.261385
-0.262087
-0.262785
-0.263478
-0.264165
-0.264845
-0.26552
-0.266188
-0.266849
-0.267503
-0.26815
-0.268787
-0.269416
-0.270032
-0.270642
-0.271244
-0.271835
-0.272415
-0.272982
-0.273541
-0.274085
-0.274625
-0.275152
-0.275668
-0.276173
-0.276669
-0.277149
-0.277622
-0.278082
-0.278531
-0.278971
-0.279397
-0.279812
-0.280215
-0.280608
-0.280987
-0.281355
-0.281715
-0.282064
-0.282402
-0.282732
-0.283049
-0.283353
-0.283647
-0.283933
-0.284209
-0.284475
-0.284731
-0.284978
-0.285215
-0.285438
-0.285656
-0.285863
-0.286065
-0.286259
-0.286441
-0.286617
-0.286783
-0.286939
-0.287093
-0.287231
-0.287361
-0.287486
-0.287602
-0.287712
-0.287818
-0.28791
-0.287996
-0.288076
-0.288148
-0.288214
-0.288275
-0.288329
-0.288373
-0.288414
-0.28845
-0.288475
-0.288494
-0.288506
-0.288512
-0.288507
-0.288498
-0.288487
-0.288469
-0.288441
-0.288411
-0.288376
-0.288333
-0.288285
-0.288228
-0.28817
-0.288107
-0.288037
-0.28796
-0.287874
-0.287785
-0.287691
-0.287593
-0.287487
-0.287375
-0.287258
-0.287135
-0.287006
-0.286872
-0.286732
-0.286586
-0.286432
-0.286273
-0.28611
-0.285944
-0.285769
-0.285587
-0.285403
-0.285211
-0.285013
-0.284812
-0.284603
-0.284387
-0.284166
-0.283938
-0.283705
-0.283465
-0.28322
-0.282968
-0.282711
-0.282445
-0.282175
-0.281899
-0.281612
-0.281323
-0.281033
-0.280735
-0.280428
-0.280114
-0.279795
-0.279469
-0.279137
-0.278798
-0.278454
-0.278103
-0.277744
-0.277378
-0.277004
-0.276629
-0.276247
-0.27586
-0.275467
-0.275067
-0.274662
-0.274252
-0.273835
-0.273413
-0.272986
-0.27255
-0.272112
-0.271672
-0.271223
-0.270775
-0.270318
-0.269856
-0.269389
-0.268919
-0.268447
-0.267969
-0.267488
-0.267006
-0.266519
-0.266029
-0.265534
-0.265037
-0.264544
-0.264046
-0.263548
-0.263046
-0.262549
-0.262049
-0.261553
-0.261054
-0.26056
-0.260063
-0.259572
-0.259091
-0.258604
-0.258121
-0.257641
-0.257167
-0.256695
-0.256231
-0.255773
-0.255323
-0.254879
-0.254446
-0.254021
-0.253603
-0.253194
-0.252796
-0.252408
-0.252034
-0.251671
-0.251319
-0.250977
-0.250653
-0.250339
-0.250041
-0.249761
-0.249492
-0.249238
-0.249001
-0.248784
-0.248583
-0.2484
-0.248235
-0.248089
-0.247961
-0.247853
-0.247761
-0.247691
-0.247641
-0.247611
-0.2476
-0.247608
-0.247638
-0.247688
-0.247761
-0.247852
-0.247963
-0.248092
-0.248243
-0.248414
-0.248604
-0.248814
-0.249043
-0.249293
-0.249561
-0.249848
-0.250149
-0.250471
-0.250805
-0.251158
-0.251524
-0.251908
-0.252307
-0.25272
-0.253147
-0.253588
-0.254043
-0.254509
-0.254983
-0.255471
-0.255966
-0.256474
-0.256993
-0.257518
-0.25805
-0.258588
-0.259134
-0.259684
-0.260244
-0.260807
-0.261373
-0.261943
-0.262519
-0.263097
-0.263674
-0.264253
-0.264841
-0.265421
-0.266001
-0.26658
-0.267158
-0.267734
-0.268308
-0.26888
-0.269449
-0.270013
-0.270576
-0.271141
-0.271696
-0.272246
-0.272792
-0.273334
-0.273869
-0.274401
-0.274925
-0.275445
-0.275955
-0.276463
-0.27696
-0.277452
-0.277938
-0.278415
-0.278887
-0.279352
-0.27981
-0.280261
-0.2807
-0.281136
-0.281565
-0.281987
-0.282401
-0.282808
-0.283208
-0.2836
-0.283982
-0.284362
-0.284735
-0.285096
-0.28545
-0.285798
-0.286142
-0.286477
-0.286807
-0.28713
-0.287447
-0.287754
-0.288055
-0.288351
-0.288638
-0.288919
-0.289196
-0.289467
-0.289729
-0.289985
-0.290233
-0.290477
-0.290713
-0.290944
-0.291173
-0.291397
-0.291613
-0.291824
-0.29203
-0.292228
-0.292423
-0.292612
-0.292797
-0.292978
-0.293152
-0.293324
-0.293491
-0.293654
-0.293815
-0.293969
-0.294119
-0.294261
-0.294403
-0.294542
-0.294676
-0.294805
-0.294932
-0.295055
-0.295178
-0.295295
-0.295411
-0.295521
-0.295628
-0.295732
-0.295832
-0.295928
-0.296023
-0.296114
-0.296204
-0.29629
-0.296376
-0.296457
-0.296533
-0.296609
-0.296682
-0.296753
-0.296821
-0.296885
-0.296948
-0.297007
-0.297069
-0.297126
-0.297178
-0.297231
-0.297281
-0.297325
-0.297368
-0.297413
-0.297452
-0.297493
-0.297531
-0.297565
-0.297604
-0.297636
-0.297666
-0.297692
-0.297719
-0.297741
-0.297762
-0.297783
-0.297802
-0.297821
-0.297834
-0.297845
-0.297857
-0.297867
-0.297875
-0.297883
-0.297887
-0.297887
-0.297884
-0.297883
-0.297879
-0.297873
-0.297865
-0.297858
-0.297846
-0.29783
-0.297816
-0.297798
-0.297778
-0.297755
-0.297733
-0.297706
-0.297677
-0.297643
-0.297614
-0.297577
-0.297539
-0.297497
-0.297453
-0.297409
-0.297363
-0.297309
-0.297254
-0.2972
-0.297142
-0.297077
-0.297009
-0.29694
-0.296868
-0.296793
-0.296715
-0.296634
-0.296549
-0.296462
-0.296371
-0.296276
-0.296183
-0.296081
-0.295976
-0.295868
-0.295755
-0.295642
-0.295517
-0.295394
-0.295266
-0.295135
-0.294997
-0.294858
-0.294714
-0.294567
-0.294415
-0.29426
-0.2941
-0.293934
-0.293768
-0.293596
-0.29342
-0.293239
-0.293054
-0.292865
-0.292672
-0.292475
-0.292274
-0.292069
-0.291862
-0.291649
-0.291431
-0.291211
-0.290984
-0.290755
-0.290524
-0.290288
-0.29005
-0.289808
-0.289563
-0.289316
-0.289063
-0.288812
-0.288557
-0.288299
-0.28804
-0.287778
-0.287515
-0.287251
-0.286983
-0.286714
-0.286445
-0.286178
-0.285911
-0.285641
-0.285373
-0.285107
-0.284845
-0.28458
-0.284319
-0.284061
-0.283802
-0.283549
-0.283299
-0.283052
-0.282807
-0.282569
-0.282335
-0.282106
-0.281883
-0.281665
-0.281456
-0.281253
-0.281052
-0.280863
-0.280679
-0.280503
-0.280334
-0.280172
-0.280018
-0.279877
-0.279745
-0.27962
-0.279505
-0.279401
-0.279307
-0.279221
-0.279145
-0.279079
-0.279023
-0.278975
-0.278939
-0.278914
-0.278897
-0.278889
-0.2789
-0.278915
-0.27894
-0.278975
-0.279018
-0.279075
-0.27914
-0.279211
-0.279292
-0.279382
-0.279478
-0.279584
-0.279697
-0.279818
-0.279946
-0.280083
-0.280223
-0.280367
-0.280519
-0.280678
-0.28084
-0.281005
-0.281174
-0.281347
-0.281522
-0.281702
-0.281882
-0.282064
-0.282244
-0.282427
-0.282606
-0.28279
-0.28297
-0.283152
-0.283333
-0.283515
-0.283692
-0.28387
-0.284042
-0.284211
-0.28438
-0.28454
-0.284698
-0.284852
-0.285002
-0.285148
-0.285286
-0.285421
-0.285552
-0.285676
-0.285793
-0.285907
-0.286015
-0.286117
-0.286213
-0.286301
-0.286385
-0.286463
-0.286534
-0.286598
-0.286655
-0.286708
-0.286755
-0.286797
-0.286827
-0.286859
-0.286881
-0.286894
-0.286904
-0.286909
-0.28691
-0.286909
-0.286898
-0.286884
-0.286864
-0.286841
-0.286815
-0.286784
-0.286748
-0.286708
-0.286666
-0.286619
-0.286568
-0.286512
-0.286455
-0.286398
-0.286335
-0.28627
-0.286204
-0.286132
-0.286063
-0.285989
-0.285913
-0.285836
-0.285758
-0.285678
-0.285595
-0.285515
-0.285432
-0.285348
-0.285264
-0.285179
-0.285093
-0.28501
-0.284926
-0.284842
-0.284755
-0.284664
-0.284575
-0.284488
-0.284402
-0.284313
-0.284222
-0.284136
-0.284051
-0.283968
-0.283885
-0.2838
-0.283714
-0.28363
-0.283547
-0.283464
-0.283382
-0.2833
-0.283219
-0.283139
-0.283052
-0.282969
-0.282888
-0.282811
-0.282736
-0.282658
-0.282584
-0.28251
-0.282439
-0.282369
-0.282301
-0.28223
-0.282166
-0.282103
-0.282043
-0.281981
-0.281926
-0.281876
-0.281827
-0.281776
-0.281734
-0.281695
-0.281663
-0.281634
-0.281606
-0.281584
-0.281568
-0.281559
-0.281551
-0.281551
-0.281558
-0.281573
-0.28159
-0.281617
-0.281651
-0.281693
-0.281742
-0.281798
-0.281866
-0.281946
-0.282029
-0.282122
-0.282222
-0.282334
-0.282453
-0.282585
-0.282727
-0.282879
-0.283041
-0.283214
-0.2834
-0.283592
-0.283797
-0.284013
-0.28424
-0.284479
-0.284727
-0.284988
-0.285257
-0.285537
-0.285829
-0.286127
-0.286439
-0.286756
-0.287085
-0.287424
-0.287771
-0.288127
-0.288492
-0.288865
-0.289246
-0.289636
-0.290024
-0.290426
-0.290834
-0.291249
-0.291666
-0.292089
-0.292521
-0.292958
-0.293396
-0.293836
-0.294281
-0.294726
-0.295181
-0.295635
-0.296089
-0.296539
-0.296994
-0.297447
-0.297903
-0.298358
-0.298815
-0.299268
-0.299715
-0.300165
-0.300613
-0.301056
-0.301499
-0.301939
-0.302375
-0.302809
-0.30324
-0.303666
-0.304087
-0.304505
-0.304917
-0.305325
-0.305729
-0.306127
-0.306521
-0.306909
-0.307293
-0.307671
-0.308044
-0.308414
-0.308776
-0.309136
-0.309487
-0.309836
-0.310178
-0.310514
-0.310845
-0.311169
-0.31149
-0.311806
-0.312115
-0.312424
-0.312726
-0.313024
-0.313318
-0.313608
-0.313893
-0.314175
-0.314451
-0.314726
-0.314997
-0.315266
-0.315531
-0.315794
-0.316055
-0.316313
-0.316569
-0.316823
-0.317078
-0.317332
-0.317584
-0.317833
-0.318079
-0.318324
-0.318573
-0.31882
-0.319066
-0.319313
-0.319558
-0.319801
-0.32005
-0.320299
-0.32055
-0.320799
-0.32105
-0.321304
-0.321559
-0.321812
-0.322075
-0.322337
-0.322606
-0.322873
-0.323142
-0.323411
-0.323688
-0.323967
-0.324246
-0.324531
-0.324823
-0.32511
-0.325398
-0.325691
-0.325989
-0.326287
-0.326588
-0.326893
-0.327199
-0.327511
-0.327822
-0.328134
-0.32845
-0.328766
-0.329084
-0.329405
-0.329726
-0.330047
-0.330369
-0.330689
-0.331012
-0.33134
-0.331658
-0.33198
-0.332302
-0.332622
-0.332941
-0.333255
-0.333569
-0.333881
-0.33419
-0.334495
-0.334796
-0.335095
-0.335385
-0.335669
-0.33595
-0.336224
-0.336492
-0.336752
-0.337004
-0.337248
-0.337485
-0.33771
-0.337926
-0.33813
-0.338323
-0.338506
-0.338676
-0.338833
-0.338977
-0.339101
-0.339212
-0.339309
-0.339388
-0.339449
-0.339492
-0.339519
-0.339525
-0.33951
-0.339478
-0.339421
-0.339343
-0.339244
-0.33912
-0.338971
-0.338796
-0.338601
-0.338375
-0.338126
-0.337852
-0.337549
-0.337215
-0.336856
-0.336469
-0.336053
-0.335606
-0.335132
-0.334628
-0.334096
-0.333539
-0.332945
-0.332325
-0.331676
-0.331003
-0.330297
-0.329564
-0.328804
-0.328018
-0.327204
-0.326368
-0.32551
-0.324632
-0.323731
-0.322809
-0.321869
-0.320916
-0.31995
-0.318972
-0.317983
-0.316991
-0.315991
-0.314988
-0.313987
-0.312992
-0.312003
-0.311022
-0.310049
-0.309092
-0.308154
-0.307238
-0.306342
-0.305473
-0.304635
-0.303831
-0.303061
-0.302328
-0.301633
-0.300986
-0.300385
-0.299833
-0.299327
-0.298872
-0.298471
-0.298123
-0.297834
-0.297602
-0.297423
-0.297293
-0.297227
-0.297215
-0.29726
-0.297358
-0.297507
-0.29771
-0.297966
-0.298271
-0.298622
-0.299016
-0.299453
-0.29993
-0.300444
-0.300991
-0.30157
-0.302176
-0.302804
-0.303459
-0.304133
-0.304821
-0.30552
-0.306228
-0.306942
-0.30766
-0.308375
-0.309091
-0.309803
-0.310501
-0.311194
-0.311874
-0.31254
-0.313186
-0.313816
-0.314427
-0.315015
-0.31558
-0.31612
-0.316635
-0.31712
-0.31758
-0.318012
-0.318417
-0.318791
-0.319134
-0.319448
-0.31973
-0.319981
-0.320206
-0.320403
-0.320571
-0.320708
-0.320818
-0.320902
-0.320958
-0.320987
-0.320995
-0.320976
-0.320935
-0.320874
-0.320796
-0.320693
-0.320573
-0.320434
-0.320285
-0.320119
-0.319939
-0.319751
-0.319553
-0.319347
-0.319138
-0.318922
-0.318702
-0.318479
-0.318256
-0.318037
-0.317818
-0.317606
-0.317401
-0.317203
-0.317014
-0.316833
-0.316667
-0.316513
-0.316372
-0.31625
-0.316143
-0.316056
-0.315986
-0.315936
-0.315906
-0.315895
-0.315909
-0.315946
-0.316006
-0.316091
-0.316197
-0.316331
-0.316492
-0.316677
-0.316886
-0.317121
-0.317382
-0.317665
-0.317978
-0.318316
-0.318675
-0.319059
-0.319467
-0.319897
-0.320347
-0.320821
-0.321314
-0.32183
-0.322365
-0.322921
-0.323491
-0.324079
-0.324686
-0.325308
-0.325944
-0.326588
-0.327249
-0.327922
-0.328599
-0.329289
-0.329984
-0.330689
-0.3314
-0.332116
-0.332837
-0.333564
-0.33429
-0.335019
-0.335748
-0.33648
-0.337206
-0.337934
-0.338661
-0.339381
-0.340097
-0.340811
-0.34152
-0.342226
-0.342922
-0.343611
-0.344292
-0.344969
-0.345636
-0.346296
-0.346951
-0.347596
-0.34823
-0.348858
-0.349477
-0.350079
-0.35067
-0.351254
-0.351827
-0.352389
-0.35294
-0.35348
-0.354009
-0.354527
-0.355036
-0.355532
-0.356016
-0.35649
-0.356954
-0.357408
-0.35785
-0.358279
-0.358697
-0.359107
-0.359503
-0.359887
-0.360262
-0.360626
-0.360978
-0.361322
-0.361656
-0.36198
-0.362292
-0.362597
-0.362889
-0.363172
-0.363448
-0.363715
-0.363973
-0.364225
-0.364461
-0.364693
-0.364917
-0.365133
-0.36534
-0.36554
-0.365732
-0.365916
-0.366093
-0.366263
-0.366425
-0.366583
-0.366732
-0.366874
-0.36701
-0.367139
-0.367262
-0.367378
-0.367489
-0.367594
-0.367693
-0.367784
-0.367875
-0.367958
-0.368037
-0.36811
-0.368177
-0.36824
-0.368297
-0.368348
-0.368396
-0.368438
-0.368477
-0.368512
-0.368543
-0.368575
-0.368598
-0.368621
-0.368636
-0.368641
-0.368653
-0.368657
-0.368657
-0.368653
-0.368644
-0.368637
-0.368623
-0.368606
-0.368586
-0.368563
-0.368536
-0.368505
-0.368474
-0.368436
-0.3684
-0.368361
-0.368317
-0.368267
-0.368217
-0.368163
-0.368107
-0.368051
-0.367992
-0.367928
-0.367861
-0.367793
-0.367721
-0.367648
-0.367567
-0.367484
-0.3674
-0.367314
-0.367225
-0.367131
-0.367034
-0.366937
-0.366837
-0.366734
-0.366628
-0.36652
-0.366406
-0.366292
-0.366172
-0.366055
-0.365932
-0.365806
-0.365679
-0.365548
-0.36541
-0.365273
-0.365132
-0.364988
-0.364843
-0.364695
-0.364541
-0.364382
-0.364222
-0.364059
-0.363892
-0.36372
-0.363549
-0.363374
-0.363197
-0.363013
-0.362823
-0.362633
-0.362441
-0.36224
-0.362039
-0.361834
-0.361627
-0.361417
-0.361199
-0.360981
-0.36076
-0.360535
-0.360304
-0.36007
-0.359831
-0.359586
-0.359341
-0.359091
-0.358835
-0.358578
-0.358317
-0.358053
-0.357785
-0.357513
-0.357238
-0.356956
-0.356672
-0.356386
-0.356097
-0.355805
-0.355509
-0.355211
-0.354909
-0.354607
-0.354299
-0.353991
-0.353678
-0.353363
-0.353047
-0.352727
-0.352404
-0.35208
-0.351753
-0.351425
-0.351094
-0.350763
-0.35043
-0.350093
-0.349761
-0.349426
-0.349092
-0.348754
-0.348419
-0.348084
-0.347749
-0.347418
-0.347085
-0.346753
-0.346423
-0.346094
-0.345767
-0.345445
-0.345125
-0.344808
-0.344491
-0.34418
-0.34387
-0.343561
-0.343258
-0.342957
-0.342663
-0.342374
-0.342091
-0.341812
-0.341538
-0.341269
-0.341006
-0.340749
-0.340501
-0.340259
-0.340019
-0.339788
-0.339566
-0.339348
-0.33914
-0.338937
-0.338739
-0.338549
-0.338368
-0.338195
-0.338028
-0.337873
-0.337723
-0.337581
-0.337446
-0.33732
-0.337198
-0.337087
-0.336986
-0.336887
-0.336796
-0.336712
-0.336638
-0.336571
-0.336511
-0.336458
-0.336411
-0.336374
-0.33634
-0.336312
-0.33629
-0.336274
-0.336264
-0.336258
-0.336258
-0.33626
-0.336273
-0.336286
-0.336304
-0.336327
-0.336351
-0.336379
-0.33641
-0.336443
-0.336479
-0.336517
-0.336557
-0.336599
-0.33664
-0.336682
-0.336725
-0.336771
-0.336818
-0.336862
-0.336912
-0.336954
-0.337001
-0.337047
-0.337092
-0.337139
-0.337182
-0.337227
-0.337268
-0.337312
-0.33735
-0.337381
-0.337417
-0.33745
-0.33748
-0.337508
-0.337534
-0.337558
-0.337581
-0.337598
-0.337617
-0.337632
-0.337646
-0.337659
-0.337664
-0.337669
-0.337669
-0.33767
-0.337673
-0.33767
-0.337662
-0.337657
-0.337647
-0.337634
-0.337619
-0.337602
-0.337586
-0.337569
-0.337548
-0.337528
-0.337508
-0.337486
-0.337464
-0.337442
-0.337418
-0.337395
-0.337372
-0.337346
-0.33732
-0.337297
-0.337274
-0.33725
-0.337229
-0.337208
-0.337189
-0.337171
-0.337154
-0.337138
-0.337124
-0.337109
-0.337101
-0.337095
-0.337085
-0.337085
-0.33708
-0.33708
-0.337079
-0.337083
-0.337089
-0.337096
-0.337107
-0.337121
-0.337134
-0.337153
-0.337172
-0.337195
-0.337224
-0.337255
-0.337285
-0.337318
-0.337349
-0.337387
-0.337429
-0.33747
-0.337516
-0.337564
-0.337609
-0.337665
-0.337713
-0.337764
-0.337817
-0.337866
-0.337921
-0.337977
-0.338037
-0.338094
-0.338151
-0.338208
-0.33827
-0.338327
-0.338384
-0.338442
-0.338493
-0.33855
-0.338608
-0.338661
-0.33871
-0.338758
-0.338806
-0.338851
-0.338896
-0.33894
-0.338977
-0.339016
-0.339053
-0.339089
-0.339119
-0.339157
-0.339186
-0.33921
-0.339234
-0.339256
-0.339277
-0.339295
-0.339312
-0.339327
-0.339338
-0.33935
-0.339359
-0.339367
-0.33937
-0.339373
-0.339373
-0.339373
-0.339372
-0.339372
-0.339369
-0.339363
-0.339359
-0.339356
-0.339352
-0.339349
-0.339346
-0.339349
-0.339348
-0.339349
-0.33935
-0.339351
-0.339356
-0.339363
-0.339375
-0.339389
-0.339403
-0.33942
-0.339439
-0.339462
-0.339485
-0.339511
-0.339545
-0.33958
-0.339613
-0.339656
-0.339698
-0.339745
-0.339794
-0.339847
-0.339902
-0.33996
-0.340018
-0.34008
-0.340141
-0.340206
-0.340274
-0.340341
-0.340408
-0.340474
-0.340543
-0.340608
-0.340671
-0.340732
-0.34079
-0.340845
-0.34089
-0.340936
-0.340977
-0.341011
-0.341038
-0.341058
-0.341069
-0.341074
-0.341066
-0.341047
-0.341017
-0.340974
-0.340916
-0.340846
-0.340764
-0.340663
-0.340546
-0.34041
-0.340258
-0.340089
-0.339897
-0.339684
-0.339457
-0.339202
-0.338927
-0.338629
-0.338306
-0.337959
-0.337593
-0.337202
-0.33679
-0.336347
-0.335882
-0.335393
-0.334878
-0.334336
-0.333767
-0.333177
-0.33256
-0.331925
-0.331265
-0.330583
-0.329881
-0.329161
-0.32842
-0.327662
-0.326888
-0.3261
-0.325299
-0.324485
-0.323664
-0.322839
-0.322005
-0.321173
-0.320339
-0.319506
-0.318678
-0.317861
-0.317056
-0.316264
-0.315488
-0.314731
-0.313997
-0.313287
-0.312607
-0.311959
-0.311345
-0.310768
-0.310231
-0.309737
-0.309287
-0.308885
-0.308532
-0.308233
-0.307985
-0.307792
-0.307656
-0.307577
-0.307556
-0.307594
-0.307692
-0.30785
-0.308065
-0.308344
-0.308679
-0.309072
-0.309522
-0.310028
-0.310588
-0.311199
-0.311862
-0.312572
-0.313329
-0.314129
-0.314973
-0.315855
-0.316771
-0.31772
-0.318699
-0.319707
-0.320735
-0.32179
-0.32286
-0.323947
-0.325046
-0.326156
-0.327273
-0.328395
-0.329519
-0.330648
-0.33177
-0.332889
-0.334
-0.335102
-0.336193
-0.337269
-0.338334
-0.339383
-0.340418
-0.341432
-0.342432
-0.343403
-0.344356
-0.345287
-0.346195
-0.347078
-0.347938
-0.348775
-0.349585
-0.350367
-0.351126
-0.351858
-0.352565
-0.353246
-0.353902
-0.354531
-0.355136
-0.355713
-0.356264
-0.356792
-0.357294
-0.357775
-0.358225
-0.358652
-0.359054
-0.359427
-0.359785
-0.360119
-0.360431
-0.360718
-0.360983
-0.361226
-0.361448
-0.36165
-0.361831
-0.361992
-0.362133
-0.362252
-0.36236
-0.362444
-0.362505
-0.362553
-0.362588
-0.362602
-0.362598
-0.362575
-0.362539
-0.362486
-0.362417
-0.362334
-0.362232
-0.362118
-0.361989
-0.361846
-0.361687
-0.36151
-0.361325
-0.361127
-0.360915
-0.360687
-0.360449
-0.360196
-0.359932
-0.359653
-0.359362
-0.359062
-0.358749
-0.358421
-0.358084
-0.357736
-0.357375
-0.357003
-0.356618
-0.356223
-0.355816
-0.355398
-0.354972
-0.354531
-0.35408
-0.353617
-0.353143
-0.35266
-0.352164
-0.351654
-0.351132
-0.350602
-0.350059
-0.349506
-0.348937
-0.348362
-0.347776
-0.34718
-0.346573
-0.34595
-0.345315
-0.344669
-0.344014
-0.343346
-0.342673
-0.341985
-0.341285
-0.340571
-0.339846
-0.339109
-0.338365
-0.337604
-0.336833
-0.336047
-0.335252
-0.334448
-0.333628
-0.3328
-0.331961
-0.331113
-0.33025
-0.329379
-0.328501
-0.327613
-0.326716
-0.325809
-0.324892
-0.323972
-0.323039
-0.3221
-0.321154
-0.320202
-0.319245
-0.318286
-0.317321
-0.316353
-0.315381
-0.314408
-0.313439
-0.312467
-0.311499
-0.310536
-0.309575
-0.308621
-0.307674
-0.306733
-0.3058
-0.304878
-0.303965
-0.303068
-0.302184
-0.301315
-0.300467
-0.299633
-0.298822
-0.298034
-0.297267
-0.296527
-0.29581
-0.295122
-0.294459
-0.293827
-0.293229
-0.292661
-0.292129
-0.291626
-0.291162
-0.290735
-0.290345
-0.289997
-0.289685
-0.289414
-0.289185
-0.288998
-0.288848
-0.288745
-0.288682
-0.288662
-0.288684
-0.288751
-0.288859
-0.289008
-0.2892
-0.289433
-0.289707
-0.290022
-0.290381
-0.290774
-0.291206
-0.291674
-0.292177
-0.292716
-0.29329
-0.293894
-0.294531
-0.295196
-0.295892
-0.296615
-0.297369
-0.29814
-0.298938
-0.299755
-0.300594
-0.301449
-0.30232
-0.303206
-0.304103
-0.305011
-0.305932
-0.306862
-0.307801
-0.308743
-0.309689
-0.310638
-0.311588
-0.312536
-0.313484
-0.31443
-0.315371
-0.316305
-0.317234
-0.318156
-0.319069
-0.319972
-0.320864
