1.8001
1.8003
1.80052
1.80075
1.801
1.80125
1.80152
1.80181
1.8021
1.80241
1.80272
1.80305
1.80339
1.80374
1.8041
1.80447
1.80485
1.80524
1.80564
1.80604
1.80646
1.80688
1.80731
1.80775
1.8082
1.80865
1.80911
1.80958
1.81005
1.81053
1.81101
1.8115
1.81199
1.81249
1.81299
1.81349
1.814
1.81452
1.81503
1.81555
1.81607
1.8166
1.81712
1.81765
1.81818
1.81871
1.81924
1.81977
1.82031
1.82084
1.82138
1.82191
1.82245
1.82298
1.82351
1.82405
1.82458
1.82511
1.82564
1.82617
1.82669
1.82722
1.82774
1.82826
1.82878
1.82929
1.8298
1.83031
1.83082
1.83132
1.83182
1.83232
1.83281
1.8333
1.83379
1.83427
1.83474
1.83522
1.83569
1.83615
1.83661
1.83706
1.83751
1.83795
1.83839
1.83883
1.83925
1.83967
1.84009
1.8405
1.84091
1.8413
1.8417
1.84208
1.84246
1.84283
1.8432
1.84356
1.84391
1.84426
1.8446
1.84493
1.84525
1.84557
1.84588
1.84618
1.84648
1.84676
1.84704
1.84731
1.84758
1.84783
1.84808
1.84832
1.84855
1.84877
1.84899
1.84919
1.84939
1.84958
1.84975
1.84993
1.85009
1.85024
1.85038
1.85052
1.85064
1.85076
1.85087
1.85096
1.85105
1.85113
1.8512
1.85126
1.85131
1.85135
1.85138
1.8514
1.85141
1.85141
1.8514
1.85138
1.85135
1.85131
1.85126
1.8512
1.85113
1.85105
1.85096
1.85085
1.85074
1.85062
1.85049
1.85034
1.85019
1.85003
1.84985
1.84967
1.84947
1.84927
1.84905
1.84883
1.84859
1.84834
1.84809
1.84782
1.84754
1.84726
1.84696
1.84665
1.84634
1.84601
1.84568
1.84533
1.84498
1.84462
1.84425
1.84387
1.84348
1.84308
1.84268
1.84227
1.84185
1.84142
1.84098
1.84054
1.8401
1.83964
1.83918
1.83872
1.83825
1.83777
1.83729
1.8368
1.83632
1.83582
1.83533
1.83483
1.83433
1.83383
1.83332
1.83282
1.83231
1.8318
1.8313
1.83079
1.83029
1.82978
1.82928
1.82878
1.82829
1.82779
1.82731
1.82682
1.82634
1.82586
1.82539
1.82493
1.82447
1.82402
1.82357
1.82313
1.8227
1.82228
1.82186
1.82146
1.82106
1.82067
1.8203
1.81993
1.81957
1.81922
1.81889
1.81856
1.81825
1.81795
1.81765
1.81737
1.81711
1.81685
1.81661
1.81638
1.81616
1.81595
1.81576
1.81558
1.81541
1.81525
1.81511
1.81498
1.81486
1.81476
1.81467
1.81459
1.81452
1.81447
1.81443
1.8144
1.81439
1.81438
1.81439
1.81442
1.81445
1.8145
1.81456
1.81463
1.81471
1.81481
1.81491
1.81503
1.81516
1.8153
1.81545
1.81561
1.81578
1.81597
1.81616
1.81636
1.81658
1.8168
1.81703
1.81727
1.81752
1.81778
1.81805
1.81833
1.81861
1.8189
1.8192
1.81951
1.81982
1.82014
1.82047
1.8208
1.82113
1.82148
1.82183
1.82218
1.82254
1.8229
1.82326
1.82363
1.82401
1.82438
1.82476
1.82514
1.82552
1.82591
1.82629
1.82668
1.82707
1.82746
1.82785
1.82824
1.82862
1.82901
1.8294
1.82978
1.83017
1.83055
1.83093
1.83131
1.83168
1.83205
1.83242
1.83279
1.83315
1.83351
1.83386
1.83421
1.83455
1.83489
1.83523
1.83556
1.83588
1.8362
1.83651
1.83682
1.83712
1.83742
1.8377
1.83799
1.83826
1.83853
1.83879
1.83904
1.83929
1.83953
1.83976
1.83998
1.8402
1.8404
1.8406
1.84079
1.84098
1.84115
1.84132
1.84148
1.84163
1.84177
1.8419
1.84203
1.84214
1.84225
1.84235
1.84244
1.84252
1.8426
1.84266
1.84272
1.84276
1.8428
1.84283
1.84285
1.84286
1.84287
1.84286
1.84285
1.84283
1.8428
1.84276
1.84271
1.84265
1.84259
1.84252
1.84244
1.84235
1.84225
1.84215
1.84203
1.84191
1.84178
1.84165
1.8415
1.84135
1.84119
1.84102
1.84085
1.84067
1.84048
1.84028
1.84008
1.83987
1.83965
1.83943
1.8392
1.83896
1.83872
1.83847
1.83821
1.83795
1.83768
1.83741
1.83713
1.83685
1.83656
1.83626
1.83596
1.83565
1.83535
1.83503
1.83471
1.83439
1.83406
1.83374
1.8334
1.83307
1.83273
1.83239
1.83205
1.8317
1.83135
1.83101
1.83066
1.83031
1.82996
1.82961
1.82927
1.82892
1.82858
1.82823
1.82789
1.82756
1.82722
1.82689
1.82657
1.82625
1.82593
1.82562
1.82532
1.82502
1.82473
1.82445
1.82417
1.82391
1.82365
1.8234
1.82316
1.82294
1.82272
1.82251
1.82232
1.82214
1.82196
1.8218
1.82166
1.82152
1.8214
1.82129
1.8212
1.82112
1.82105
1.82099
1.82095
1.82092
1.8209
1.8209
1.82091
1.82093
1.82096
1.82101
1.82107
1.82113
1.82121
1.8213
1.8214
1.82151
1.82163
1.82176
1.8219
1.82204
1.82219
1.82235
1.82252
1.82269
1.82286
1.82304
1.82322
1.82341
1.82359
1.82378
1.82397
1.82416
1.82436
1.82455
1.82474
1.82493
1.82511
1.8253
1.82548
1.82566
1.82583
1.826
1.82616
1.82632
1.82648
1.82663
1.82677
1.82691
1.82704
1.82717
1.82728
1.82739
1.8275
1.8276
1.82769
1.82777
1.82785
1.82792
1.82798
1.82804
1.82809
1.82813
1.82817
1.8282
1.82823
1.82825
1.82826
1.82827
1.82828
1.82828
1.82828
1.82827
1.82826
1.82825
1.82824
1.82822
1.8282
1.82818
1.82816
1.82815
1.82813
1.82811
1.82809
1.82808
1.82806
1.82805
1.82805
1.82804
1.82804
1.82805
1.82806
1.82807
1.82809
1.82812
1.82815
1.82819
1.82824
1.82829
1.82835
1.82842
1.8285
1.82859
1.82869
1.82879
1.82891
1.82903
1.82916
1.8293
1.82946
1.82962
1.82979
1.82997
1.83017
1.83037
1.83058
1.8308
1.83103
1.83127
1.83152
1.83178
1.83204
1.83232
1.8326
1.8329
1.8332
1.8335
1.83382
1.83414
1.83447
1.83481
1.83515
1.83549
1.83585
1.8362
1.83657
1.83693
1.8373
1.83767
1.83805
1.83843
1.83881
1.83919
1.83958
1.83996
1.84035
1.84073
1.84112
1.84151
1.84189
1.84227
1.84266
1.84304
1.84342
1.84379
1.84416
1.84453
1.8449
1.84526
1.84562
1.84598
1.84633
1.84667
1.84702
1.84735
1.84768
1.84801
1.84833
1.84864
1.84895
1.84925
1.84955
1.84984
1.85012
1.8504
1.85067
1.85094
1.8512
1.85145
1.85169
1.85193
1.85216
1.85239
1.8526
1.85281
1.85302
1.85322
1.85341
1.85359
1.85377
1.85394
1.8541
1.85426
1.85441
1.85456
1.8547
1.85483
1.85496
1.85508
1.8552
1.85531
1.85541
1.85551
1.8556
1.85569
1.85577
1.85585
1.85592
1.85599
1.85605
1.85611
1.85617
1.85622
1.85626
1.8563
1.85634
1.85637
1.8564
1.85643
1.85645
1.85647
1.85648
1.8565
1.8565
1.85651
1.85651
1.85651
1.85651
1.8565
1.8565
1.85648
1.85647
1.85645
1.85644
1.85642
1.85639
1.85637
1.85634
1.85631
1.85628
1.85624
1.8562
1.85616
1.85612
1.85608
1.85603
1.85598
1.85593
1.85588
1.85582
1.85577
1.8557
1.85564
1.85557
1.8555
1.85543
1.85535
1.85527
1.85519
1.8551
1.85501
1.85492
1.85482
1.85472
1.85461
1.8545
1.85439
1.85427
1.85414
1.85401
1.85387
1.85373
1.85358
1.85343
1.85327
1.8531
1.85293
1.85275
1.85257
1.85237
1.85217
1.85196
1.85175
1.85152
1.85129
1.85105
1.8508
1.85055
1.85028
1.85001
1.84972
1.84943
1.84913
1.84882
1.84851
1.84818
1.84784
1.8475
1.84714
1.84678
1.84641
1.84603
1.84564
1.84524
1.84484
1.84443
1.844
1.84358
1.84314
1.8427
1.84225
1.8418
1.84134
1.84088
1.84041
1.83993
1.83946
1.83898
1.8385
1.83802
1.83753
1.83705
1.83657
1.83608
1.8356
1.83513
1.83465
1.83419
1.83372
1.83326
1.83281
1.83237
1.83194
1.83152
1.8311
1.8307
1.83031
1.82993
1.82957
1.82922
1.82889
1.82857
1.82828
1.82799
1.82773
1.82749
1.82726
1.82706
1.82688
1.82672
1.82658
1.82646
1.82636
1.82629
1.82624
1.82622
1.82621
1.82623
1.82628
1.82635
1.82644
1.82655
1.82669
1.82685
1.82704
1.82725
1.82748
1.82773
1.828
1.82829
1.82861
1.82895
1.8293
1.82967
1.83007
1.83048
1.83091
1.83135
1.83181
1.83229
1.83278
1.83328
1.8338
1.83433
1.83488
1.83543
1.836
1.83657
1.83716
1.83775
1.83835
1.83896
1.83958
1.8402
1.84083
1.84146
1.8421
1.84274
1.84338
1.84403
1.84468
1.84533
1.84598
1.84663
1.84728
1.84793
1.84858
1.84923
1.84988
1.85053
1.85117
1.85182
1.85245
1.85309
1.85372
1.85435
1.85498
1.8556
1.85621
1.85682
1.85743
1.85803
1.85863
1.85922
1.8598
1.86038
1.86095
1.86152
1.86208
1.86263
1.86318
1.86372
1.86426
1.86478
1.86531
1.86582
1.86633
1.86683
1.86732
1.86781
1.86828
1.86876
1.86922
1.86968
1.87013
1.87057
1.87101
1.87143
1.87185
1.87227
1.87267
1.87307
1.87346
1.87384
1.87422
1.87459
1.87495
1.8753
1.87564
1.87598
1.87631
1.87663
1.87695
1.87725
1.87755
1.87784
1.87812
1.8784
1.87866
1.87892
1.87917
1.87941
1.87964
1.87987
1.88008
1.88029
1.88049
1.88068
1.88086
1.88103
1.8812
1.88135
1.8815
1.88163
1.88176
1.88188
1.88198
1.88208
1.88217
1.88224
1.88231
1.88237
1.88242
1.88245
1.88248
1.88249
1.88249
1.88249
1.88247
1.88244
1.88239
1.88234
1.88227
1.8822
1.8821
1.882
1.88189
1.88176
1.88162
1.88146
1.88129
1.88111
1.88092
1.88071
1.88049
1.88025
1.88
1.87974
1.87946
1.87916
1.87885
1.87853
1.87819
1.87784
1.87747
1.87708
1.87668
1.87627
1.87584
1.87539
1.87493
1.87445
1.87396
1.87345
1.87293
1.87239
1.87183
1.87126
1.87068
1.87008
1.86946
1.86883
1.86819
1.86753
1.86686
1.86617
1.86547
1.86476
1.86404
1.8633
1.86255
1.86179
1.86102
1.86024
1.85945
1.85865
1.85784
1.85703
1.85621
1.85538
1.85455
1.85371
1.85287
1.85203
1.85118
1.85034
1.84949
1.84865
1.84781
1.84697
1.84613
1.8453
1.84448
1.84366
1.84285
1.84205
1.84126
1.84049
1.83972
1.83897
1.83823
1.83751
1.8368
1.83611
1.83544
1.83478
1.83415
1.83353
1.83294
1.83236
1.83181
1.83128
1.83077
1.83029
1.82983
1.82939
1.82897
1.82858
1.82821
1.82786
1.82754
1.82724
1.82696
1.82671
1.82647
1.82626
1.82607
1.8259
1.82575
1.82562
1.82551
1.82541
1.82533
1.82527
1.82523
1.8252
1.82518
1.82517
1.82518
1.8252
1.82523
1.82527
1.82532
1.82537
1.82543
1.8255
1.82558
1.82566
1.82574
1.82582
1.82591
1.826
1.82609
1.82618
1.82627
1.82636
1.82645
1.82653
1.82661
1.82669
1.82677
1.82684
1.82691
1.82698
1.82704
1.82709
1.82714
1.82719
1.82722
1.82726
1.82729
1.82731
1.82732
1.82733
1.82734
1.82734
1.82733
1.82731
1.82729
1.82727
1.82724
1.8272
1.82716
1.82711
1.82705
1.82699
1.82693
1.82686
1.82678
1.8267
1.82662
1.82652
1.82643
1.82633
1.82622
1.82611
1.82599
1.82587
1.82575
1.82562
1.82548
1.82534
1.8252
1.82505
1.8249
1.82474
1.82458
1.82441
1.82424
1.82407
1.82389
1.82371
1.82352
1.82333
1.82313
1.82294
1.82274
1.82253
1.82233
1.82212
1.82191
1.82169
1.82148
1.82127
1.82106
1.82085
1.82064
1.82043
1.82022
1.82003
1.81983
1.81964
1.81946
1.81929
1.81912
1.81897
1.81883
1.8187
1.81859
1.81849
1.81841
1.81835
1.8183
1.81828
1.81828
1.81831
1.81836
1.81844
1.81854
1.81867
1.81884
1.81903
1.81925
1.81951
1.8198
1.82013
1.82049
1.82089
1.82132
1.82178
1.82229
1.82283
1.8234
1.82401
1.82465
1.82533
1.82604
1.82679
1.82756
1.82837
1.82921
1.83008
1.83097
1.83189
1.83283
1.8338
1.83479
1.83579
1.83682
1.83786
1.83892
1.83999
1.84107
1.84216
1.84325
1.84435
1.84546
1.84657
1.84768
1.84879
1.8499
1.851
1.8521
1.85319
1.85428
1.85535
1.85642
1.85747
1.85851
1.85954
1.86056
1.86156
1.86254
1.86351
1.86446
1.86539
1.86631
1.8672
1.86808
1.86894
1.86978
1.8706
1.8714
1.87218
1.87294
1.87368
1.8744
1.8751
1.87578
1.87644
1.87709
1.87771
1.87831
1.87889
1.87945
1.88
1.88052
1.88103
1.88152
1.88199
1.88244
1.88288
1.8833
1.8837
1.88408
1.88445
1.8848
1.88514
1.88546
1.88577
1.88606
1.88634
1.8866
1.88685
1.88708
1.8873
1.88751
1.88771
1.88789
1.88806
1.88821
1.88836
1.88849
1.88861
1.88872
1.88882
1.88891
1.88899
1.88905
1.88911
1.88916
1.88919
1.88922
1.88923
1.88924
1.88923
1.88922
1.8892
1.88917
1.88913
1.88908
1.88902
1.88896
1.88888
1.8888
1.88871
1.88861
1.8885
1.88839
1.88827
1.88814
1.888
1.88785
1.8877
1.88754
1.88737
1.8872
1.88702
1.88683
1.88664
1.88644
1.88623
1.88601
1.88579
1.88557
1.88533
1.8851
1.88485
1.8846
1.88435
1.88408
1.88382
1.88355
1.88327
1.88299
1.8827
1.88241
1.88212
1.88182
1.88151
1.88121
1.88089
1.88058
1.88026
1.87994
1.87962
1.87929
1.87896
1.87863
1.8783
1.87797
1.87763
1.8773
1.87696
1.87663
1.87629
1.87595
1.87562
1.87528
1.87495
1.87461
1.87428
1.87395
1.87363
1.8733
1.87298
1.87266
1.87235
1.87204
1.87174
1.87144
1.87114
1.87086
1.87057
1.8703
1.87003
1.86977
1.86951
1.86926
1.86902
1.86879
1.86857
1.86835
1.86815
1.86795
1.86777
1.86759
1.86743
1.86727
1.86713
1.86699
1.86687
1.86676
1.86665
1.86656
1.86649
1.86642
1.86636
1.86632
1.86629
1.86627
1.86626
1.86626
1.86627
1.8663
1.86633
1.86638
1.86644
1.86651
1.86659
1.86668
1.86678
1.8669
1.86702
1.86715
1.86729
1.86744
1.8676
1.86777
1.86795
1.86814
1.86833
1.86853
1.86874
1.86896
1.86918
1.86941
1.86965
1.86989
1.87013
1.87038
1.87064
1.8709
1.87117
1.87143
1.87171
1.87198
1.87226
1.87254
1.87282
1.8731
1.87339
1.87368
1.87397
1.87425
1.87454
1.87483
1.87512
1.87541
1.8757
1.87598
1.87627
1.87655
1.87683
1.87711
1.87739
1.87767
1.87794
1.87821
1.87848
1.87874
1.879
1.87926
1.87951
1.87976
1.88001
1.88025
1.88049
1.88072
1.88095
1.88118
1.8814
1.88161
1.88182
1.88202
1.88222
1.88242
1.88261
1.88279
1.88297
1.88314
1.8833
1.88346
1.88362
1.88377
1.88391
1.88404
1.88417
1.88429
1.88441
1.88452
1.88462
1.88472
1.88481
1.88489
1.88497
1.88504
1.8851
1.88516
1.88521
1.88525
1.88528
1.88531
1.88533
1.88534
1.88534
1.88534
1.88533
1.88531
1.88529
1.88526
1.88522
1.88517
1.88511
1.88505
1.88498
1.8849
1.88481
1.88472
1.88461
1.8845
1.88439
1.88426
1.88412
1.88398
1.88383
1.88367
1.88351
1.88333
1.88315
1.88296
1.88276
1.88255
1.88234
1.88212
1.88189
1.88165
1.8814
1.88115
1.88088
1.88061
1.88034
1.88005
1.87976
1.87946
1.87915
1.87883
1.87851
1.87818
1.87784
1.8775
1.87714
1.87679
1.87642
1.87605
1.87567
1.87528
1.87489
1.87449
1.87408
1.87367
1.87325
1.87282
1.87239
1.87196
1.87151
1.87107
1.87061
1.87015
1.86969
1.86922
1.86874
1.86826
1.86778
1.86729
1.86679
1.8663
1.86579
1.86528
1.86477
1.86426
1.86374
1.86321
1.86268
1.86215
1.86161
1.86107
1.86053
1.85998
1.85943
1.85888
1.85832
1.85776
1.8572
1.85663
1.85606
1.85549
1.85491
1.85433
1.85375
1.85316
1.85257
1.85198
1.85138
1.85078
1.85018
1.84958
1.84897
1.84836
1.84775
1.84713
1.84651
1.84589
1.84527
1.84464
1.84401
1.84338
1.84274
1.84211
1.84147
1.84082
1.84018
1.83953
1.83889
1.83824
1.83759
1.83693
1.83628
1.83563
1.83497
1.83432
1.83366
1.83301
1.83235
1.8317
1.83105
1.8304
1.82975
1.8291
1.82846
1.82782
1.82719
1.82656
1.82593
1.82532
1.82471
1.8241
1.82351
1.82292
1.82235
1.82178
1.82123
1.82068
1.82015
1.81964
1.81914
1.81865
1.81818
1.81773
1.8173
1.81688
1.81649
1.81612
1.81577
1.81544
1.81513
1.81485
1.8146
1.81437
1.81417
1.81399
1.81384
1.81373
1.81364
1.81358
1.81355
1.81355
1.81359
1.81365
1.81375
1.81388
1.81404
1.81424
1.81446
1.81472
1.81501
1.81534
1.81569
1.81608
1.8165
1.81694
1.81742
1.81793
1.81847
1.81904
1.81963
1.82026
1.82091
1.82158
1.82228
1.82301
1.82376
1.82453
1.82532
1.82613
1.82697
1.82782
1.82869
1.82957
1.83047
1.83139
1.83232
1.83327
1.83422
1.83519
1.83616
1.83715
1.83814
1.83914
1.84015
1.84116
1.84218
1.8432
1.84423
1.84526
1.84628
1.84731
1.84834
1.84937
1.8504
1.85143
1.85245
1.85347
1.85448
1.8555
1.8565
1.8575
1.8585
1.85949
1.86047
1.86145
1.86241
1.86337
1.86432
1.86527
1.8662
1.86712
1.86803
1.86894
1.86983
1.87071
1.87158
1.87244
1.87329
1.87413
1.87495
1.87577
1.87657
1.87735
1.87813
1.87889
1.87964
1.88038
1.88111
1.88182
1.88252
1.8832
1.88388
1.88453
1.88518
1.88581
1.88643
1.88704
1.88763
1.88821
1.88878
1.88933
1.88987
1.8904
1.89091
1.89141
1.8919
1.89238
1.89284
1.89329
1.89372
1.89415
1.89456
1.89496
1.89535
1.89572
1.89609
1.89644
1.89678
1.89711
1.89742
1.89773
1.89802
1.8983
1.89858
1.89884
1.89909
1.89933
1.89956
1.89978
1.89999
1.90018
1.90037
1.90055
1.90072
1.90089
1.90104
1.90118
1.90131
1.90144
1.90156
1.90166
1.90176
1.90186
1.90194
1.90202
1.90208
1.90215
1.9022
1.90225
1.90229
1.90232
1.90234
1.90236
1.90238
1.90238
1.90238
1.90238
1.90237
1.90235
1.90233
1.9023
1.90227
1.90223
1.90218
1.90214
1.90208
1.90203
1.90196
1.9019
1.90183
1.90175
1.90168
1.90159
1.90151
1.90142
1.90133
1.90123
1.90113
1.90103
1.90093
1.90082
1.90071
1.9006
1.90049
1.90037
1.90025
1.90013
1.90001
1.89989
1.89976
1.89963
1.89951
1.89938
1.89925
1.89912
1.89899
1.89885
1.89872
1.89859
1.89845
1.89832
1.89819
1.89805
1.89792
1.89778
1.89765
1.89752
1.89739
1.89725
1.89712
1.89699
1.89686
1.89674
1.89661
1.89648
1.89636
1.89624
1.89612
1.896
1.89588
1.89576
1.89565
1.89553
1.89542
1.89532
1.89521
1.89511
1.895
1.8949
1.89481
1.89471
1.89462
1.89453
1.89444
1.89436
1.89428
1.8942
1.89412
1.89405
1.89398
1.89391
1.89385
1.89379
1.89373
1.89367
1.89362
1.89357
1.89352
1.89348
1.89344
1.8934
1.89336
1.89333
1.8933
1.89327
1.89325
1.89323
1.89321
1.8932
1.89319
1.89318
1.89317
1.89316
1.89316
1.89316
1.89317
1.89317
1.89318
1.89319
1.8932
1.89322
1.89323
1.89325
1.89327
1.89329
1.89332
1.89334
1.89337
1.8934
1.89343
1.89346
1.8935
1.89353
1.89357
1.8936
1.89364
1.89368
1.89371
1.89375
1.89379
1.89383
1.89387
1.89391
1.89395
1.89399
1.89403
1.89407
1.8941
1.89414
1.89418
1.89421
1.89425
1.89428
1.89431
1.89434
1.89437
1.89439
1.89442
1.89444
1.89446
1.89447
1.89449
1.8945
1.8945
1.89451
1.89451
1.8945
1.8945
1.89449
1.89447
1.89445
1.89442
1.89439
1.89436
1.89432
1.89427
1.89422
1.89416
1.89409
1.89402
1.89394
1.89385
1.89375
1.89365
1.89354
1.89342
1.89329
1.89315
1.893
1.89284
1.89266
1.89248
1.89229
1.89208
1.89187
1.89163
1.89139
1.89113
1.89086
1.89057
1.89027
1.88995
1.88961
1.88926
1.88889
1.8885
1.8881
1.88767
1.88722
1.88676
1.88627
1.88576
1.88522
1.88467
1.88409
1.88348
1.88285
1.8822
1.88152
1.88081
1.88007
1.87931
1.87852
1.87769
1.87684
1.87596
1.87505
1.87411
1.87314
1.87213
1.8711
1.87003
1.86894
1.86781
1.86665
1.86546
1.86425
1.863
1.86172
1.86042
1.85909
1.85774
1.85636
1.85496
1.85354
1.8521
1.85064
1.84917
1.84769
1.8462
1.8447
1.8432
1.8417
1.84021
1.83872
1.83725
1.83578
1.83434
1.83293
1.83154
1.83018
1.82886
1.82758
1.82634
1.82516
1.82402
1.82295
1.82194
1.821
1.82012
1.81932
1.8186
1.81795
1.81739
1.81692
1.81653
1.81622
1.81601
1.81589
1.81585
1.81591
1.81606
1.8163
1.81662
1.81703
1.81753
1.81811
1.81876
1.8195
1.8203
1.82118
1.82212
1.82312
1.82419
1.8253
1.82647
1.82768
1.82893
1.83021
1.83153
1.83288
1.83425
1.83564
1.83705
1.83847
1.8399
1.84133
1.84276
1.8442
1.84563
1.84705
1.84846
1.84986
1.85124
1.85261
1.85396
1.85529
1.85659
1.85788
1.85914
1.86038
1.86159
1.86277
1.86393
1.86506
1.86616
1.86724
1.86829
1.86931
1.8703
1.87126
1.8722
1.8731
1.87398
1.87484
1.87567
1.87647
1.87724
1.87799
1.87872
1.87942
1.8801
1.88076
1.88139
1.882
1.88259
1.88316
1.88371
1.88424
1.88475
1.88524
1.88571
1.88617
1.8866
1.88703
1.88743
1.88782
1.8882
1.88856
1.8889
1.88924
1.88955
1.88986
1.89015
1.89043
1.8907
1.89096
1.8912
1.89144
1.89166
1.89188
1.89208
1.89227
1.89246
1.89263
1.8928
1.89295
1.8931
1.89324
1.89337
1.89349
1.89361
1.89372
1.89382
1.89391
1.894
1.89407
1.89415
1.89421
1.89427
1.89432
1.89437
1.89441
1.89444
1.89447
1.89449
1.8945
1.89451
1.89452
1.89452
1.89451
1.8945
1.89448
1.89446
1.89444
1.8944
1.89437
1.89433
1.89428
1.89423
1.89418
1.89412
1.89406
1.89399
1.89392
1.89385
1.89377
1.89369
1.89361
1.89352
1.89343
1.89333
1.89324
1.89313
1.89303
1.89292
1.89281
1.8927
1.89259
1.89247
1.89235
1.89222
1.8921
1.89197
1.89184
1.89171
1.89158
1.89144
1.89131
1.89117
1.89103
1.89089
1.89075
1.8906
1.89046
1.89031
1.89016
1.89001
1.88986
1.88971
1.88956
1.88941
1.88926
1.8891
1.88895
1.88879
1.88864
1.88848
1.88833
1.88817
1.88801
1.88786
1.8877
1.88754
1.88738
1.88723
1.88707
1.88691
1.88675
1.88659
1.88643
1.88627
1.88611
1.88595
1.88579
1.88563
1.88547
1.88531
1.88515
1.88498
1.88482
1.88466
1.88449
1.88433
1.88416
1.884
1.88383
1.88366
1.88349
1.88332
1.88315
1.88298
1.88281
1.88263
1.88245
1.88228
1.8821
1.88191
1.88173
1.88155
1.88136
1.88117
1.88098
1.88078
1.88059
1.88039
1.88019
1.87998
1.87978
1.87957
1.87935
1.87914
1.87892
1.8787
1.87847
1.87824
1.87801
1.87778
1.87754
1.8773
1.87705
1.8768
1.87655
1.87629
1.87603
1.87576
1.87549
1.87522
1.87494
1.87466
1.87437
1.87409
1.87379
1.8735
1.87319
1.87289
1.87258
1.87227
1.87195
1.87163
1.87131
1.87098
1.87065
1.87031
1.86997
1.86963
1.86929
1.86894
1.86859
1.86824
1.86788
1.86752
1.86716
1.8668
1.86643
1.86606
1.86569
1.86532
1.86495
1.86458
1.8642
1.86383
1.86345
1.86308
1.8627
1.86233
1.86195
1.86157
1.8612
1.86083
1.86045
1.86008
1.85971
1.85935
1.85898
1.85862
1.85826
1.8579
1.85755
1.85719
1.85685
1.8565
1.85616
1.85583
1.85549
1.85517
1.85484
1.85453
1.85421
1.8539
1.8536
1.8533
1.85301
1.85272
1.85244
1.85216
1.85189
1.85163
1.85137
1.85112
1.85087
1.85063
1.85039
1.85016
1.84993
1.84971
1.8495
1.84929
1.84909
1.84889
1.8487
1.84851
1.84832
1.84814
1.84797
1.84779
1.84763
1.84746
1.8473
1.84714
1.84699
1.84683
1.84668
1.84654
1.84639
1.84625
1.84611
1.84596
1.84582
1.84569
1.84555
1.84541
1.84527
1.84513
1.84499
1.84486
1.84472
1.84457
1.84443
1.84429
1.84415
1.844
1.84385
1.8437
1.84355
1.8434
1.84324
1.84308
1.84292
1.84276
1.8426
1.84243
1.84226
1.84209
1.84192
1.84174
1.84156
1.84138
1.84119
1.84101
1.84082
1.84063
1.84044
1.84024
1.84005
1.83985
1.83965
1.83945
1.83925
1.83904
1.83884
1.83863
1.83842
1.83821
1.838
1.83779
1.83757
1.83736
1.83714
1.83693
1.83671
1.83649
1.83628
1.83606
1.83584
1.83562
1.83539
1.83517
1.83495
1.83472
1.8345
1.83427
1.83404
1.83381
1.83358
1.83335
1.83311
1.83287
1.83264
1.83239
1.83215
1.83191
1.83166
1.83141
1.83116
1.8309
1.83064
1.83038
1.83012
1.82985
1.82958
1.82931
1.82903
1.82875
1.82847
1.82819
1.82791
1.82762
1.82733
1.82704
1.82675
1.82646
1.82616
1.82587
1.82558
1.82529
1.825
1.82471
1.82443
1.82415
1.82387
1.82361
1.82334
1.82309
1.82284
1.8226
1.82237
1.82215
1.82195
1.82176
1.82158
1.82142
1.82127
1.82115
1.82104
1.82095
1.82088
1.82084
1.82082
1.82082
1.82085
1.8209
1.82098
1.82109
1.82123
1.82139
1.82159
1.82182
1.82208
1.82236
1.82268
1.82304
1.82342
1.82384
1.82428
1.82476
1.82527
1.82582
1.82639
1.82699
1.82762
1.82828
1.82897
1.82969
1.83043
1.8312
1.83199
1.8328
1.83364
1.83449
1.83537
1.83626
1.83717
1.83809
1.83903
1.83998
1.84094
1.84191
1.84289
1.84388
1.84487
1.84586
1.84686
1.84785
1.84885
1.84985
1.85084
1.85183
1.85281
1.85379
1.85476
1.85572
1.85667
1.85761
1.85855
1.85947
1.86037
1.86127
1.86215
1.86301
1.86386
1.8647
1.86552
1.86632
1.86711
1.86787
1.86863
1.86936
1.87008
1.87077
1.87145
1.87211
1.87276
1.87338
1.87399
1.87458
1.87515
1.8757
1.87624
1.87675
1.87725
1.87773
1.8782
1.87864
1.87907
1.87949
1.87988
1.88026
1.88063
1.88098
1.88131
1.88163
1.88194
1.88223
1.8825
1.88277
1.88302
1.88325
1.88348
1.88369
1.88388
1.88407
1.88425
1.88441
1.88457
1.88471
1.88484
1.88496
1.88508
1.88518
1.88528
1.88536
1.88544
1.88551
1.88558
1.88563
1.88568
1.88572
1.88576
1.88579
1.88581
1.88583
1.88584
1.88585
1.88585
1.88585
1.88585
1.88584
1.88582
1.88581
1.88578
1.88576
1.88573
1.8857
1.88567
1.88564
1.8856
1.88556
1.88553
1.88548
1.88544
1.8854
1.88536
1.88531
1.88527
1.88522
1.88517
1.88513
1.88508
1.88504
1.88499
1.88495
1.8849
1.88486
1.88482
1.88477
1.88473
1.88469
1.88466
1.88462
1.88458
1.88455
1.88452
1.88449
1.88446
1.88443
1.88441
1.88439
1.88437
1.88435
1.88433
1.88432
1.8843
1.88429
1.88429
1.88428
1.88428
1.88428
1.88428
1.88428
1.88429
1.8843
1.88431
1.88432
1.88434
1.88435
1.88437
1.88439
1.88442
1.88444
1.88447
1.8845
1.88453
1.88457
1.8846
1.88464
1.88468
1.88472
1.88476
1.8848
1.88485
1.88489
1.88494
1.88499
1.88503
1.88508
1.88513
1.88519
1.88524
1.88529
1.88534
1.88539
1.88545
1.8855
1.88555
1.8856
1.88566
1.88571
1.88576
1.8858
1.88585
1.8859
1.88595
1.88599
1.88603
1.88607
1.88611
1.88615
1.88618
1.88621
1.88624
1.88626
1.88628
1.8863
1.88632
1.88633
1.88634
1.88634
1.88634
1.88633
1.88632
1.8863
1.88628
1.88626
1.88622
1.88618
1.88614
1.88609
1.88603
1.88596
1.88589
1.88581
1.88572
1.88563
1.88552
1.88541
1.88529
1.88516
1.88502
1.88487
1.88471
1.88454
1.88436
1.88416
1.88396
1.88375
1.88352
1.88328
1.88303
1.88277
1.8825
1.88221
1.88191
1.88159
1.88126
1.88092
1.88056
1.88019
1.87981
1.8794
1.87899
1.87856
1.87811
1.87764
1.87717
1.87667
1.87616
1.87563
1.87509
1.87453
1.87395
1.87336
1.87275
1.87212
1.87148
1.87083
1.87015
1.86946
1.86876
1.86804
1.8673
1.86655
1.86579
1.86501
1.86422
1.86342
1.8626
1.86177
1.86093
1.86008
1.85922
1.85835
1.85748
1.85659
1.8557
1.8548
1.8539
1.853
1.85209
1.85118
1.85027
1.84936
1.84845
1.84754
1.84664
1.84575
1.84486
1.84397
1.8431
1.84224
1.84139
1.84055
1.83972
1.83891
1.83811
1.83733
1.83657
1.83583
1.8351
1.8344
1.83372
1.83306
1.83242
1.83181
1.83121
1.83064
1.8301
1.82958
1.82908
1.82861
1.82816
1.82773
1.82733
1.82695
1.82659
1.82626
1.82594
1.82565
1.82537
1.82512
1.82488
1.82465
1.82444
1.82425
1.82406
1.82389
1.82373
1.82357
1.82342
1.82328
1.82314
1.823
1.82287
1.82273
1.82259
1.82244
1.82229
1.82214
1.82197
1.8218
1.82162
1.82142
1.82121
1.82099
1.82076
1.82051
1.82025
1.81997
1.81967
1.81936
1.81903
1.81869
1.81833
1.81796
1.81757
1.81717
1.81675
1.81632
1.81588
1.81544
1.81498
1.81452
1.81405
1.81359
1.81312
1.81265
1.81219
1.81173
1.81128
1.81085
1.81042
1.81002
1.80963
1.80927
1.80892
1.80861
1.80832
1.80807
1.80784
1.80766
1.80751
1.8074
1.80733
1.8073
1.80731
1.80737
1.80748
1.80763
1.80782
1.80806
1.80835
1.80868
1.80905
1.80947
1.80993
1.81043
1.81097
1.81155
1.81216
1.81281
1.81349
1.81419
1.81492
1.81567
1.81645
1.81724
1.81804
1.81886
1.81968
1.82052
1.82135
1.82218
1.82301
1.82384
1.82465
1.82546
1.82625
1.82702
1.82778
1.82852
1.82923
1.82992
1.83058
1.83122
1.83183
1.8324
1.83295
1.83346
1.83394
1.83438
1.83479
1.83516
1.83549
1.83579
1.83605
1.83627
1.83646
1.83661
1.83672
1.83679
1.83683
1.83683
1.83679
1.83672
1.83662
1.83648
1.83631
1.8361
1.83587
1.8356
1.83531
1.83498
1.83463
1.83425
1.83385
1.83342
1.83297
1.8325
1.832
1.83149
1.83096
1.83041
1.82985
1.82927
1.82868
1.82808
1.82747
1.82685
1.82622
1.82558
1.82494
1.8243
1.82365
1.823
1.82235
1.8217
1.82106
1.82041
1.81977
1.81914
1.81851
1.81789
1.81728
1.81667
1.81608
1.8155
1.81493
1.81437
1.81382
1.81328
1.81276
1.81226
1.81177
1.81129
1.81083
1.81038
1.80995
1.80954
1.80914
1.80876
1.80839
1.80804
1.8077
1.80738
1.80707
1.80678
1.8065
1.80624
1.80598
1.80574
1.80551
1.80529
1.80509
1.80489
1.8047
1.80452
1.80434
1.80418
1.80402
1.80386
1.80371
1.80357
1.80343
1.80329
1.80315
1.80302
1.80289
1.80277
1.80264
1.80252
1.8024
1.80228
1.80216
1.80205
1.80194
1.80183
1.80172
1.80163
1.80153
1.80144
1.80136
1.80129
1.80123
1.80118
1.80114
1.80111
1.8011
1.8011
1.80112
1.80116
1.80122
1.8013
1.8014
1.80152
1.80167
1.80185
1.80206
1.80229
1.80256
1.80285
1.80318
1.80353
1.80392
1.80435
1.80481
1.8053
1.80582
1.80638
1.80697
1.80759
1.80825
1.80894
1.80965
1.8104
1.81117
1.81198
1.81281
1.81366
1.81453
1.81543
1.81635
1.81728
1.81823
1.8192
1.82017
1.82116
1.82216
1.82316
1.82417
1.82518
1.82619
1.8272
1.82821
1.82922
1.83022
1.83121
1.83219
1.83316
1.83412
1.83507
1.83601
1.83692
1.83783
1.83871
1.83958
1.84042
1.84125
1.84205
1.84284
1.8436
1.84434
1.84505
1.84574
1.84641
1.84706
1.84768
1.84827
1.84884
1.84939
1.84991
1.85041
1.85088
1.85133
1.85175
1.85215
1.85252
1.85287
1.8532
1.8535
1.85378
1.85403
1.85426
1.85447
1.85466
1.85482
1.85496
1.85508
1.85517
1.85525
1.8553
1.85533
1.85534
1.85532
1.85529
1.85523
1.85516
1.85506
1.85494
1.8548
1.85464
1.85446
1.85426
1.85404
1.85379
1.85353
1.85324
1.85294
1.85261
1.85226
1.85189
1.85149
1.85108
1.85064
1.85018
1.8497
1.8492
1.84867
1.84812
1.84755
1.84695
1.84633
1.84568
1.84501
1.84431
1.84359
1.84284
1.84207
1.84127
1.84045
1.8396
1.83872
1.83782
1.83688
1.83593
1.83494
1.83394
1.8329
1.83184
1.83075
1.82964
1.8285
1.82734
1.82616
1.82495
1.82372
1.82247
1.8212
1.81992
1.81861
1.81729
1.81596
1.81462
1.81327
1.81191
1.81054
1.80918
1.80781
1.80645
1.80509
1.80374
1.80241
1.80109
1.79979
1.79851
1.79726
1.79603
1.79484
1.79369
1.79258
1.79151
1.79049
1.78952
1.7886
1.78774
1.78694
1.78621
1.78554
1.78494
1.78441
1.78395
1.78357
1.78326
1.78303
1.78288
1.78281
1.78281
1.78289
1.78305
1.78328
1.78359
1.78397
1.78443
1.78495
1.78554
1.7862
1.78692
1.78769
1.78853
1.78941
1.79035
1.79133
1.79235
1.79342
1.79451
1.79564
1.7968
1.79798
1.79918
1.80039
1.80162
1.80287
1.80411
1.80537
1.80662
1.80788
1.80912
1.81037
1.8116
1.81283
1.81404
1.81523
1.81641
1.81757
1.81872
1.81984
1.82094
1.82202
1.82308
1.82411
1.82512
1.8261
1.82706
1.82799
1.8289
1.82978
1.83063
1.83146
1.83226
1.83304
1.83379
1.83452
1.83522
1.8359
1.83656
1.83719
1.8378
1.83838
1.83895
1.83949
1.84001
1.84051
1.84099
1.84145
1.8419
1.84232
1.84273
1.84312
1.84349
1.84384
1.84418
1.84451
1.84482
1.84512
1.8454
1.84567
1.84593
1.84618
1.84641
1.84664
1.84685
1.84705
1.84724
1.84743
1.8476
1.84777
1.84792
1.84807
1.84821
1.84835
1.84848
1.8486
1.84871
1.84882
1.84892
1.84902
1.84911
1.8492
1.84928
1.84936
1.84943
1.8495
1.84957
1.84963
1.84969
1.84974
1.8498
1.84985
1.84989
1.84994
1.84998
1.85002
1.85006
1.85009
1.85013
1.85016
1.85019
1.85022
1.85025
1.85027
1.8503
1.85032
1.85035
1.85037
1.85039
1.85041
1.85043
1.85045
1.85047
1.85048
1.8505
1.85052
1.85053
1.85055
1.85057
1.85058
1.8506
1.85061
1.85063
1.85064
1.85065
1.85067
1.85068
1.8507
1.85071
1.85072
1.85074
1.85075
1.85076
1.85078
1.85079
1.8508
1.85081
1.85083
1.85084
1.85085
1.85086
1.85088
1.85089
1.8509
1.85091
1.85092
1.85093
1.85094
1.85095
1.85096
1.85097
1.85098
1.85099
1.851
1.85101
1.85101
1.85102
1.85103
1.85103
1.85103
1.85104
1.85104
1.85104
1.85104
1.85104
1.85104
1.85103
1.85103
1.85103
1.85102
1.85101
1.851
1.85099
1.85098
1.85096
1.85095
1.85093
1.85091
1.85089
1.85086
1.85084
1.85081
1.85078
1.85074
1.85071
1.85067
1.85063
1.85059
1.85054
1.8505
1.85044
1.85039
1.85033
1.85027
1.85021
1.85014
1.85007
1.85
1.84993
1.84984
1.84976
1.84967
1.84958
1.84949
1.84939
1.84928
1.84918
1.84907
1.84895
1.84883
1.8487
1.84858
1.84844
1.8483
1.84816
1.84801
1.84786
1.8477
1.84754
1.84737
1.8472
1.84702
1.84684
1.84665
1.84646
1.84626
1.84606
1.84585
1.84563
1.84541
1.84519
1.84496
1.84472
1.84448
1.84423
1.84398
1.84372
1.84346
1.84319
1.84291
1.84263
1.84235
1.84206
1.84176
1.84146
1.84115
1.84084
1.84053
1.84021
1.83988
1.83955
1.83921
1.83887
1.83853
1.83818
1.83782
1.83747
1.83711
1.83674
1.83637
1.836
1.83562
1.83524
1.83486
1.83448
1.83409
1.8337
1.83331
1.83292
1.83252
1.83212
1.83173
1.83133
1.83093
1.83053
1.83013
1.82973
1.82932
1.82892
1.82853
1.82813
1.82773
1.82734
1.82694
1.82655
1.82616
1.82578
1.8254
1.82502
1.82464
1.82427
1.8239
1.82354
1.82318
1.82283
1.82248
1.82214
1.8218
1.82147
1.82115
1.82083
1.82052
1.82022
1.81992
1.81964
1.81936
1.81908
1.81882
1.81856
1.81832
1.81808
1.81785
1.81763
1.81742
1.81722
1.81702
1.81684
1.81667
1.8165
1.81635
1.81621
1.81607
1.81595
1.81583
1.81573
1.81563
1.81555
1.81548
1.81541
1.81536
1.81531
1.81528
1.81525
1.81524
1.81523
1.81524
1.81525
1.81527
1.81531
1.81535
1.8154
1.81546
1.81552
1.8156
1.81568
1.81577
1.81587
1.81598
1.8161
1.81622
1.81635
1.81648
1.81663
1.81678
1.81693
1.81709
1.81726
1.81743
1.81761
1.81779
1.81797
1.81816
1.81836
1.81856
1.81876
1.81896
1.81917
1.81938
1.81959
1.81981
1.82002
1.82024
1.82046
1.82068
1.8209
1.82112
1.82134
1.82155
1.82177
1.82199
1.82221
1.82242
1.82263
1.82284
1.82305
1.82325
1.82345
1.82365
1.82384
1.82403
1.82422
1.8244
1.82458
1.82475
1.82491
1.82507
1.82523
1.82537
1.82552
1.82565
1.82578
1.8259
1.82602
1.82612
1.82623
1.82632
1.8264
1.82648
1.82655
1.82661
1.82666
1.82671
1.82674
1.82677
1.82679
1.8268
1.8268
1.8268
1.82678
1.82676
1.82672
1.82668
1.82664
1.82658
1.82651
1.82644
1.82636
1.82627
1.82617
1.82606
1.82595
1.82583
1.8257
1.82557
1.82543
1.82528
1.82513
1.82497
1.8248
1.82463
1.82445
1.82427
1.82409
1.8239
1.8237
1.8235
1.8233
1.8231
1.82289
1.82268
1.82247
1.82225
1.82204
1.82182
1.8216
1.82139
1.82117
1.82095
1.82074
1.82052
1.82031
1.82009
1.81988
1.81968
1.81947
1.81927
1.81907
1.81888
1.81868
1.8185
1.81832
1.81814
1.81796
1.8178
1.81764
1.81748
1.81733
1.81719
1.81705
1.81692
1.81679
1.81667
1.81656
1.81646
1.81636
1.81627
1.81619
1.81611
1.81604
1.81598
1.81593
1.81588
1.81584
1.81581
1.81579
1.81577
1.81576
1.81575
1.81576
1.81577
1.81578
1.8158
1.81583
1.81587
1.81591
1.81596
1.81601
1.81607
1.81613
1.8162
1.81628
1.81635
1.81644
1.81652
1.81662
1.81671
1.81681
1.81691
1.81702
1.81713
1.81724
1.81735
1.81747
1.81759
1.81771
1.81783
1.81796
1.81809
1.81821
1.81834
1.81847
1.8186
1.81873
1.81886
1.819
1.81913
1.81926
1.81939
1.81952
1.81966
1.81979
1.81992
1.82005
1.82018
1.82031
1.82044
1.82056
1.82069
1.82082
1.82094
1.82106
1.82119
1.82131
1.82143
1.82155
1.82167
1.82179
1.8219
1.82202
1.82214
1.82225
1.82236
1.82248
1.82259
1.8227
1.82281
1.82292
1.82303
1.82314
1.82325
1.82336
1.82347
1.82357
1.82368
1.82379
1.8239
1.82401
1.82411
1.82422
1.82433
1.82444
1.82455
1.82466
1.82477
1.82488
1.825
1.82511
1.82522
1.82534
1.82546
1.82557
1.82569
1.82581
1.82593
1.82606
1.82618
1.8263
1.82643
1.82656
1.82669
1.82682
1.82696
1.82709
1.82723
1.82737
1.82751
1.82765
1.82779
1.82794
1.82808
1.82823
1.82839
1.82854
1.82869
1.82885
1.82901
1.82917
1.82933
1.82949
1.82966
1.82983
1.83
1.83017
1.83034
1.83051
1.83069
1.83087
1.83104
1.83122
1.83141
1.83159
1.83177
1.83196
1.83215
1.83233
1.83252
1.83271
1.8329
1.8331
1.83329
1.83348
1.83368
1.83387
1.83407
1.83427
1.83447
1.83466
1.83486
1.83506
1.83526
1.83546
1.83566
1.83586
1.83606
1.83626
1.83646
1.83666
1.83686
1.83706
1.83726
1.83746
1.83766
1.83786
1.83806
1.83826
1.83845
1.83865
1.83885
1.83904
1.83924
1.83943
1.83962
1.83982
1.84001
1.8402
1.84039
1.84057
1.84076
1.84095
1.84113
1.84132
1.8415
1.84168
1.84186
1.84204
1.84221
1.84239
1.84257
1.84274
1.84291
1.84308
1.84325
1.84342
1.84358
1.84374
1.84391
1.84407
1.84423
1.84438
1.84454
1.84469
1.84485
1.845
1.84515
1.8453
1.84544
1.84559
1.84573
1.84587
1.84601
1.84614
1.84628
1.84641
1.84655
1.84668
1.84681
1.84693
1.84706
1.84718
1.8473
1.84742
1.84754
1.84766
1.84777
1.84789
1.848
1.84811
1.84822
1.84832
1.84843
1.84853
1.84863
1.84873
1.84883
1.84892
1.84902
1.84911
1.8492
1.84929
1.84938
1.84947
1.84955
1.84963
1.84971
1.84979
1.84987
1.84995
1.85002
1.85009
1.85016
1.85023
1.8503
1.85037
1.85043
1.85049
1.85055
1.85061
1.85067
1.85073
1.85078
1.85083
1.85088
1.85093
1.85098
1.85102
1.85106
1.85111
1.85115
1.85118
1.85122
1.85125
1.85128
1.85131
1.85134
1.85137
1.85139
1.85141
1.85143
1.85145
1.85147
1.85148
1.85149
1.8515
1.85151
1.85151
1.85152
1.85152
1.85151
1.85151
1.8515
1.85149
1.85148
1.85147
1.85145
1.85143
1.85141
1.85138
1.85136
1.85133
1.85129
1.85126
1.85122
1.85118
1.85113
1.85108
1.85103
1.85098
1.85092
1.85086
1.8508
1.85073
1.85066
1.85058
1.85051
1.85042
1.85034
1.85025
1.85016
1.85006
1.84996
1.84986
1.84975
1.84964
1.84952
1.8494
1.84927
1.84914
1.84901
1.84887
1.84872
1.84858
1.84842
1.84826
1.8481
1.84793
1.84776
1.84758
1.84739
1.8472
1.84701
1.8468
1.8466
1.84638
1.84616
1.84594
1.84571
1.84547
1.84522
1.84497
1.84471
1.84445
1.84417
1.8439
1.84361
1.84332
1.84302
1.84271
1.84239
1.84207
1.84174
1.8414
1.84106
1.8407
1.84034
1.83998
1.8396
1.83922
1.83882
1.83842
1.83802
1.8376
1.83718
1.83675
1.83631
1.83587
1.83542
1.83496
1.8345
1.83403
1.83355
1.83307
1.83258
1.83209
1.83159
1.83109
1.83058
1.83007
1.82956
1.82904
1.82852
1.828
1.82748
1.82696
1.82644
1.82593
1.82541
1.82489
1.82438
1.82388
1.82338
1.82288
1.82239
1.82191
1.82144
1.82098
1.82052
1.82008
1.81965
1.81924
1.81884
1.81845
1.81808
1.81772
1.81738
1.81707
1.81677
1.81649
1.81623
1.81599
1.81577
1.81557
1.8154
1.81525
1.81513
1.81503
1.81495
1.8149
1.81487
1.81487
1.81489
1.81494
1.81501
1.81511
1.81523
1.81537
1.81554
1.81573
1.81594
1.81618
1.81643
1.81671
1.81701
1.81732
1.81766
1.81801
1.81837
1.81876
1.81916
1.81957
1.81999
1.82043
1.82087
1.82133
1.82179
1.82226
1.82274
1.82322
1.82371
1.8242
1.82469
1.82519
1.82568
1.82618
1.82667
1.82716
1.82765
1.82813
1.82861
1.82909
1.82956
1.83002
1.83048
1.83092
1.83136
1.83179
1.83221
1.83263
1.83303
1.83342
1.8338
1.83417
1.83453
1.83488
1.83521
1.83554
1.83585
1.83615
1.83644
1.83672
1.83698
1.83724
1.83748
1.83771
1.83793
1.83813
1.83833
1.83851
1.83869
1.83885
1.839
1.83914
1.83927
1.83939
1.83951
1.83961
1.8397
1.83978
1.83986
1.83993
1.83998
1.84003
1.84008
1.84011
1.84014
1.84016
1.84018
1.84019
1.84019
1.84019
1.84018
1.84017
1.84015
1.84013
1.8401
1.84007
1.84004
1.84
1.83996
1.83992
1.83987
1.83982
1.83977
1.83972
1.83966
1.8396
1.83954
1.83948
1.83942
1.83935
1.83929
1.83922
1.83915
1.83908
1.83901
1.83893
1.83886
1.83878
1.83871
1.83863
1.83855
1.83847
1.83839
1.83831
1.83822
1.83814
1.83805
1.83796
1.83787
1.83777
1.83767
1.83758
1.83747
1.83737
1.83726
1.83715
1.83703
1.83691
1.83679
1.83666
1.83653
1.83639
1.83624
1.8361
1.83594
1.83578
1.83561
1.83543
1.83525
1.83506
1.83486
1.83465
1.83443
1.83421
1.83397
1.83372
1.83347
1.8332
1.83292
1.83263
1.83232
1.83201
1.83168
1.83134
1.83098
1.83061
1.83023
1.82983
1.82941
1.82898
1.82854
1.82807
1.82759
1.8271
1.82658
1.82605
1.8255
1.82494
1.82435
1.82375
1.82313
1.82249
1.82183
1.82115
1.82045
1.81974
1.81901
1.81825
1.81748
1.8167
1.81589
1.81507
1.81423
1.81337
1.8125
1.81161
1.81071
1.80979
1.80886
1.80792
1.80697
1.806
1.80503
1.80405
1.80306
1.80206
1.80107
1.80007
1.79906
1.79806
1.79706
1.79606
1.79507
1.79409
1.79311
1.79215
1.7912
1.79026
1.78934
1.78844
1.78755
1.78669
1.78585
1.78504
1.78426
1.7835
1.78278
1.78208
1.78142
1.7808
1.78021
1.77965
1.77914
1.77866
1.77822
1.77782
1.77747
1.77715
1.77687
1.77664
1.77644
1.77629
1.77617
1.77609
1.77606
1.77605
1.77609
1.77616
1.77626
1.77639
1.77656
1.77675
1.77698
1.77723
1.7775
1.77779
1.77811
1.77844
1.77879
1.77915
1.77953
1.77992
1.78032
1.78072
1.78113
1.78155
1.78196
1.78238
1.7828
1.78321
1.78362
1.78402
1.78442
1.78481
1.78519
1.78556
1.78592
1.78627
1.78661
1.78694
1.78725
1.78754
1.78782
1.78809
1.78834
1.78858
1.7888
1.78901
1.7892
1.78938
1.78954
1.78969
1.78982
1.78993
1.79004
1.79012
1.7902
1.79026
1.79031
1.79035
1.79038
1.7904
1.7904
1.7904
1.79039
1.79037
1.79034
1.79031
1.79027
1.79022
1.79017
1.79012
1.79006
1.79
1.78994
1.78987
1.78981
1.78974
1.78968
1.78962
1.78956
1.7895
1.78944
1.78939
1.78934
1.78929
1.78925
1.78922
1.78919
1.78917
1.78916
1.78915
1.78915
1.78916
1.78917
1.7892
1.78923
1.78927
1.78932
1.78938
1.78945
1.78953
1.78962
1.78972
1.78983
1.78995
1.79007
1.79021
1.79036
1.79052
1.79069
1.79087
1.79105
1.79125
1.79146
1.79167
1.79189
1.79213
1.79237
1.79262
1.79288
1.79314
1.79342
1.7937
1.79399
1.79428
1.79459
1.79489
1.79521
1.79553
1.79585
1.79618
1.79652
1.79686
1.7972
1.79755
1.7979
1.79825
1.79861
1.79897
1.79933
1.79969
1.80005
1.80042
1.80078
1.80115
1.80152
1.80189
1.80225
1.80262
1.80298
1.80335
1.80371
1.80407
1.80443
1.80479
1.80515
1.8055
1.80585
1.8062
1.80654
1.80689
1.80723
1.80756
1.80789
1.80822
1.80854
1.80887
1.80918
1.80949
1.8098
1.81011
1.81041
1.8107
1.81099
1.81128
1.81156
1.81184
1.81211
1.81238
1.81264
1.8129
1.81315
1.8134
1.81365
1.81389
1.81413
1.81436
1.81459
1.81481
1.81503
1.81524
1.81545
1.81566
1.81586
1.81606
1.81625
1.81644
1.81662
1.8168
1.81698
1.81715
1.81732
1.81749
1.81765
1.81781
1.81796
1.81812
1.81826
1.81841
1.81855
1.81868
1.81882
1.81895
1.81908
1.8192
1.81932
1.81944
1.81955
1.81966
1.81977
1.81988
1.81998
1.82008
1.82017
1.82027
1.82036
1.82044
1.82053
1.82061
1.82069
1.82076
1.82083
1.8209
1.82096
1.82103
1.82109
1.82114
1.82119
1.82124
1.82129
1.82133
1.82137
1.82141
1.82144
1.82147
1.8215
1.82152
1.82154
1.82156
1.82157
1.82158
1.82159
1.82159
1.82159
1.82159
1.82158
1.82157
1.82155
1.82154
1.82151
1.82149
1.82146
1.82143
1.82139
1.82135
1.8213
1.82126
1.82121
1.82115
1.82109
1.82103
1.82096
1.82089
1.82082
1.82074
1.82066
1.82058
1.82049
1.8204
1.82031
1.82021
1.82011
1.82001
1.8199
1.81979
1.81968
1.81956
1.81944
1.81932
1.81919
1.81906
1.81893
1.8188
1.81866
1.81853
1.81839
1.81824
1.8181
1.81795
1.8178
1.81765
1.8175
1.81735
1.81719
1.81704
1.81688
1.81672
1.81656
1.8164
1.81624
1.81608
1.81592
1.81576
1.8156
1.81544
1.81527
1.81511
1.81495
1.81479
1.81463
1.81448
1.81432
1.81416
1.81401
1.81386
1.8137
1.81356
1.81341
1.81326
1.81312
1.81298
1.81284
1.8127
1.81256
1.81243
1.8123
1.81218
1.81205
1.81193
1.81181
1.8117
1.81159
1.81148
1.81137
1.81127
1.81118
1.81108
1.81099
1.8109
1.81082
1.81074
1.81066
1.81058
1.81051
1.81045
1.81038
1.81032
1.81027
1.81021
1.81017
1.81012
1.81008
1.81004
1.81
1.80997
1.80994
1.80991
1.80989
1.80986
1.80985
1.80983
1.80982
1.80981
1.8098
1.80979
1.80979
1.80979
1.80979
1.80979
1.8098
1.80981
1.80981
1.80983
1.80984
1.80985
1.80987
1.80988
1.8099
1.80992
1.80994
1.80996
1.80998
1.81
1.81003
1.81005
1.81008
1.8101
1.81013
1.81015
1.81018
1.8102
1.81023
1.81026
1.81028
1.81031
1.81033
1.81036
1.81039
1.81041
1.81044
1.81046
1.81049
1.81051
1.81053
1.81056
1.81058
1.8106
1.81062
1.81064
1.81066
1.81068
1.8107
1.81072
1.81074
1.81076
1.81077
1.81079
1.8108
1.81082
1.81083
1.81084
1.81086
1.81087
1.81088
1.81089
1.8109
1.81091
1.81092
1.81092
