1.8004
1.8012
1.802
1.80278
1.80355
1.80431
1.80507
1.80581
1.80654
1.80727
1.80798
1.80868
1.80937
1.81005
1.81073
1.81139
1.81204
1.81268
1.81331
1.81394
1.81455
1.81515
1.81575
1.81633
1.81691
1.81747
1.81803
1.81858
1.81911
1.81964
1.82017
1.82068
1.82118
1.82168
1.82217
1.82265
1.82312
1.82359
1.82405
1.8245
1.82494
1.82538
1.82581
1.82623
1.82664
1.82705
1.82746
1.82785
1.82824
1.82863
1.829
1.82938
1.82974
1.8301
1.83046
1.83081
1.83116
1.8315
1.83183
1.83216
1.83249
1.83281
1.83312
1.83344
1.83374
1.83405
1.83435
1.83464
1.83493
1.83522
1.8355
1.83578
1.83606
1.83633
1.8366
1.83686
1.83712
1.83738
1.83763
1.83789
1.83813
1.83838
1.83862
1.83886
1.83909
1.83933
1.83955
1.83978
1.84
1.84022
1.84044
1.84065
1.84086
1.84107
1.84128
1.84148
1.84168
1.84187
1.84206
1.84225
1.84244
1.84262
1.8428
1.84298
1.84315
1.84332
1.84348
1.84364
1.8438
1.84395
1.8441
1.84425
1.84439
1.84453
1.84466
1.84479
1.84491
1.84503
1.84515
1.84526
1.84536
1.84546
1.84555
1.84564
1.84572
1.8458
1.84587
1.84593
1.84599
1.84604
1.84608
1.84612
1.84614
1.84616
1.84618
1.84618
1.84617
1.84616
1.84614
1.8461
1.84606
1.846
1.84594
1.84586
1.84578
1.84568
1.84557
1.84544
1.84531
1.84516
1.84499
1.84481
1.84462
1.84441
1.84418
1.84393
1.84367
1.84339
1.8431
1.84278
1.84244
1.84208
1.8417
1.8413
1.84088
1.84043
1.83995
1.83945
1.83893
1.83837
1.83779
1.83718
1.83654
1.83587
1.83517
1.83444
1.83367
1.83286
1.83202
1.83115
1.83023
1.82928
1.82829
1.82726
1.82619
1.82507
1.82391
1.82271
1.82146
1.82017
1.81884
1.81746
1.81603
1.81456
1.81304
1.81148
1.80987
1.80821
1.80652
1.80477
1.80299
1.80117
1.79931
1.79741
1.79548
1.79352
1.79153
1.78951
1.78748
1.78542
1.78336
1.78128
1.77921
1.77713
1.77507
1.77302
1.77099
1.76899
1.76702
1.76509
1.76321
1.76139
1.75963
1.75793
1.75632
1.75479
1.75335
1.75201
1.75077
1.74964
1.74862
1.74772
1.74695
1.7463
1.74578
1.74539
1.74514
1.74501
1.74503
1.74517
1.74545
1.74585
1.74638
1.74703
1.7478
1.74869
1.74968
1.75077
1.75196
1.75324
1.7546
1.75604
1.75755
1.75912
1.76074
1.76242
1.76413
1.76587
1.76765
1.76944
1.77125
1.77307
1.77489
1.77671
1.77852
1.78032
1.78211
1.78387
1.78561
1.78733
1.78902
1.79068
1.7923
1.79389
1.79544
1.79696
1.79843
1.79987
1.80126
1.80262
1.80393
1.80521
1.80644
1.80764
1.80879
1.80991
1.81099
1.81203
1.81303
1.814
1.81494
1.81584
1.81671
1.81754
1.81835
1.81913
1.81987
1.82059
1.82129
1.82196
1.82261
1.82323
1.82383
1.82441
1.82497
1.82551
1.82604
1.82654
1.82703
1.8275
1.82796
1.82841
1.82884
1.82926
1.82966
1.83006
1.83044
1.83081
1.83117
1.83152
1.83187
1.8322
1.83252
1.83284
1.83315
1.83345
1.83374
1.83402
1.8343
1.83456
1.83483
1.83508
1.83532
1.83556
1.83579
1.83602
1.83623
1.83644
1.83664
1.83683
1.83701
1.83719
1.83735
1.83751
1.83766
1.8378
1.83793
1.83805
1.83816
1.83826
1.83835
1.83843
1.8385
1.83856
1.8386
1.83864
1.83866
1.83867
1.83867
1.83865
1.83862
1.83858
1.83853
1.83846
1.83838
1.83829
1.83818
1.83806
1.83792
1.83777
1.83761
1.83743
1.83724
1.83704
1.83682
1.83659
1.83634
1.83608
1.83581
1.83553
1.83523
1.83492
1.8346
1.83427
1.83393
1.83357
1.83321
1.83283
1.83245
1.83206
1.83166
1.83126
1.83085
1.83043
1.83001
1.82958
1.82916
1.82872
1.82829
1.82786
1.82742
1.82699
1.82656
1.82613
1.8257
1.82528
1.82487
1.82445
1.82405
1.82365
1.82327
1.82289
1.82252
1.82216
1.82181
1.82147
1.82114
1.82083
1.82053
1.82024
1.81997
1.81971
1.81946
1.81923
1.81901
1.8188
1.81861
1.81843
1.81827
1.81812
1.81798
1.81786
1.81775
1.81765
1.81756
1.81749
1.81742
1.81737
1.81732
1.81729
1.81726
1.81724
1.81723
1.81722
1.81722
1.81723
1.81724
1.81726
1.81727
1.81729
1.81732
1.81734
1.81737
1.8174
1.81742
1.81745
1.81747
1.8175
1.81752
1.81755
1.81757
1.81758
1.8176
1.81761
1.81762
1.81763
1.81764
1.81764
1.81764
1.81764
1.81764
1.81763
1.81762
1.81761
1.8176
1.81759
1.81758
1.81757
1.81756
1.81755
1.81754
1.81753
1.81753
1.81752
1.81752
1.81753
1.81753
1.81754
1.81756
1.81758
1.8176
1.81763
1.81767
1.81772
1.81777
1.81783
1.81789
1.81797
1.81805
1.81814
1.81824
1.81835
1.81847
1.8186
1.81873
1.81888
1.81903
1.8192
1.81937
1.81956
1.81975
1.81995
1.82017
1.82039
1.82062
1.82085
1.8211
1.82135
1.82162
1.82189
1.82216
1.82245
1.82273
1.82303
1.82333
1.82364
1.82395
1.82426
1.82458
1.82491
1.82523
1.82556
1.82589
1.82623
1.82656
1.82689
1.82723
1.82756
1.8279
1.82823
1.82857
1.8289
1.82923
1.82955
1.82988
1.8302
1.83052
1.83083
1.83114
1.83145
1.83175
1.83204
1.83233
1.83262
1.8329
1.83317
1.83344
1.8337
1.83395
1.8342
1.83444
1.83467
1.8349
1.83512
1.83533
1.83554
1.83574
1.83593
1.83611
1.83628
1.83645
1.83661
1.83676
1.83691
1.83704
1.83717
1.83729
1.83741
1.83751
1.83761
1.8377
1.83779
1.83786
1.83793
1.83799
1.83805
1.83809
1.83813
1.83817
1.83819
1.83821
1.83822
1.83823
1.83823
1.83822
1.8382
1.83818
1.83816
1.83812
1.83808
1.83804
1.83799
1.83793
1.83787
1.8378
1.83772
1.83764
1.83756
1.83747
1.83737
1.83727
1.83716
1.83705
1.83693
1.83681
1.83668
1.83655
1.83642
1.83628
1.83613
1.83598
1.83583
1.83567
1.83551
1.83534
1.83517
1.83499
1.83481
1.83463
1.83444
1.83425
1.83406
1.83386
1.83366
1.83345
1.83324
1.83303
1.83281
1.83259
1.83236
1.83214
1.83191
1.83167
1.83143
1.83119
1.83095
1.8307
1.83045
1.8302
1.82994
1.82968
1.82942
1.82915
1.82889
1.82861
1.82834
1.82806
1.82778
1.8275
1.82722
1.82693
1.82664
1.82635
1.82605
1.82576
1.82546
1.82515
1.82485
1.82454
1.82424
1.82393
1.82362
1.8233
1.82299
1.82267
1.82235
1.82203
1.82171
1.82139
1.82107
1.82075
1.82042
1.8201
1.81977
1.81945
1.81912
1.81879
1.81847
1.81814
1.81782
1.81749
1.81717
1.81685
1.81653
1.81621
1.81589
1.81557
1.81526
1.81494
1.81463
1.81433
1.81402
1.81372
1.81342
1.81312
1.81283
1.81254
1.81225
1.81197
1.81169
1.81141
1.81114
1.81088
1.81061
1.81036
1.81011
1.80986
1.80962
1.80938
1.80915
1.80892
1.8087
1.80848
1.80827
1.80807
1.80786
1.80767
1.80748
1.8073
1.80712
1.80695
1.80678
1.80662
1.80646
1.80631
1.80616
1.80602
1.80588
1.80574
1.80562
1.80549
1.80537
1.80526
1.80514
1.80504
1.80493
1.80483
1.80473
1.80464
1.80454
1.80445
1.80437
1.80428
1.8042
1.80412
1.80404
1.80396
1.80388
1.8038
1.80373
1.80365
1.80358
1.8035
1.80343
1.80335
1.80327
1.8032
1.80312
1.80304
1.80296
1.80288
1.80279
1.80271
1.80262
1.80253
1.80244
1.80235
1.80225
1.80215
1.80205
1.80195
1.80184
1.80173
1.80162
1.80151
1.80139
1.80127
1.80114
1.80101
1.80088
1.80075
1.80061
1.80047
1.80032
1.80018
1.80003
1.79987
1.79971
1.79955
1.79939
1.79922
1.79905
1.79888
1.79871
1.79853
1.79835
1.79816
1.79798
1.79779
1.7976
1.79741
1.79721
1.79701
1.79682
1.79661
1.79641
1.79621
1.796
1.79579
1.79559
1.79538
1.79517
1.79496
1.79474
1.79453
1.79432
1.79411
1.79389
1.79368
1.79347
1.79326
1.79304
1.79283
1.79262
1.79241
1.7922
1.79199
1.79179
1.79158
1.79138
1.79118
1.79098
1.79078
1.79058
1.79038
1.79019
1.79
1.78981
1.78963
1.78944
1.78926
1.78909
1.78891
1.78874
1.78857
1.7884
1.78824
1.78808
1.78793
1.78777
1.78762
1.78748
1.78734
1.7872
1.78706
1.78693
1.7868
1.78668
1.78656
1.78644
1.78633
1.78622
1.78611
1.78601
1.78591
1.78581
1.78572
1.78563
1.78555
1.78547
1.78539
1.78532
1.78525
1.78518
1.78512
1.78506
1.78501
1.78495
1.7849
1.78485
1.78481
1.78477
1.78473
1.7847
1.78466
1.78463
1.78461
1.78458
1.78456
1.78454
1.78452
1.7845
1.78449
1.78448
1.78447
1.78446
1.78445
1.78444
1.78444
1.78444
1.78443
1.78443
1.78443
1.78443
1.78443
1.78444
1.78444
1.78444
1.78444
1.78445
1.78445
1.78445
1.78445
1.78446
1.78446
1.78446
1.78446
1.78446
1.78446
1.78446
1.78445
1.78445
1.78445
1.78444
1.78443
1.78442
1.78441
1.7844
1.78438
1.78437
1.78435
1.78433
1.7843
1.78428
1.78425
1.78422
1.78419
1.78415
1.78412
1.78408
1.78403
1.78399
1.78394
1.78389
1.78383
1.78378
1.78372
1.78365
1.78359
1.78352
1.78344
1.78337
1.78328
1.7832
1.78311
1.78302
1.78293
1.78283
1.78273
1.78263
1.78252
1.7824
1.78229
1.78217
1.78205
1.78192
1.78179
1.78165
1.78152
1.78137
1.78123
1.78108
1.78093
1.78077
1.78061
1.78045
1.78028
1.78011
1.77993
1.77975
1.77957
1.77939
1.7792
1.77901
1.77881
1.77861
1.77841
1.77821
1.778
1.77779
1.77757
1.77736
1.77714
1.77691
1.77669
1.77646
1.77623
1.776
1.77576
1.77553
1.77529
1.77505
1.77481
1.77456
1.77432
1.77407
1.77382
1.77357
1.77332
1.77307
1.77282
1.77257
1.77232
1.77206
1.77181
1.77156
1.77131
1.77105
1.7708
1.77055
1.7703
1.77006
1.76981
1.76956
1.76932
1.76908
1.76884
1.7686
1.76836
1.76813
1.7679
1.76767
1.76745
1.76723
1.76701
1.7668
1.76659
1.76638
1.76618
1.76598
1.76579
1.7656
1.76542
1.76524
1.76506
1.7649
1.76473
1.76457
1.76442
1.76427
1.76413
1.764
1.76387
1.76374
1.76363
1.76351
1.76341
1.76331
1.76322
1.76313
1.76305
1.76298
1.76291
1.76285
1.7628
1.76275
1.76271
1.76268
1.76265
1.76263
1.76262
1.76261
1.76261
1.76262
1.76263
1.76265
1.76267
1.76271
1.76274
1.76279
1.76284
1.76289
1.76296
1.76302
1.7631
1.76318
1.76326
1.76335
1.76345
1.76355
1.76366
1.76377
1.76389
1.76401
1.76414
1.76427
1.76441
1.76455
1.7647
1.76485
1.765
1.76516
1.76533
1.76549
1.76567
1.76584
1.76602
1.7662
1.76639
1.76658
1.76677
1.76697
1.76717
1.76738
1.76758
1.76779
1.768
1.76822
1.76844
1.76866
1.76888
1.76911
1.76934
1.76957
1.7698
1.77004
1.77027
1.77051
1.77076
1.771
1.77125
1.77149
1.77174
1.772
1.77225
1.77251
1.77276
1.77302
1.77328
1.77354
1.77381
1.77407
1.77434
1.77461
1.77487
1.77514
1.77542
1.77569
1.77596
1.77624
1.77651
1.77679
1.77707
1.77735
1.77763
1.77791
1.77819
1.77847
1.77876
1.77904
1.77932
1.77961
1.77989
1.78018
1.78047
1.78075
1.78104
1.78133
1.78162
1.7819
1.78219
1.78248
1.78277
1.78306
1.78335
1.78363
1.78392
1.78421
1.7845
1.78478
1.78507
1.78536
1.78564
1.78593
1.78621
1.7865
1.78678
1.78706
1.78735
1.78763
1.78791
1.78818
1.78846
1.78874
1.78901
1.78929
1.78956
1.78983
1.7901
1.79037
1.79063
1.79089
1.79116
1.79142
1.79167
1.79193
1.79218
1.79243
1.79268
1.79293
1.79317
1.79341
1.79365
1.79389
1.79412
1.79435
1.79457
1.7948
1.79502
1.79523
1.79545
1.79566
1.79586
1.79606
1.79626
1.79646
1.79665
1.79683
1.79701
1.79719
1.79737
1.79754
1.7977
1.79786
1.79802
1.79817
1.79831
1.79845
1.79859
1.79872
1.79884
1.79896
1.79908
1.79918
1.79929
1.79938
1.79947
1.79956
1.79964
1.79971
1.79978
1.79984
1.79989
1.79994
1.79998
1.80002
1.80005
1.80007
1.80008
1.80009
1.80009
1.80008
1.80007
1.80005
1.80002
1.79998
1.79994
1.79989
1.79983
1.79976
1.79969
1.79961
1.79952
1.79942
1.79931
1.7992
1.79908
1.79895
1.79881
1.79866
1.7985
1.79834
1.79817
1.79799
1.7978
1.7976
1.79739
1.79717
1.79695
1.79671
1.79647
1.79622
1.79596
1.79569
1.79541
1.79512
1.79482
1.79451
1.7942
1.79387
1.79354
1.7932
1.79284
1.79248
1.79211
1.79173
1.79135
1.79095
1.79054
1.79013
1.78971
1.78927
1.78883
1.78839
1.78793
1.78746
1.78699
1.78651
1.78603
1.78553
1.78503
1.78452
1.78401
1.78349
1.78296
1.78243
1.78189
1.78135
1.78081
1.78026
1.7797
1.77915
1.77859
1.77803
1.77746
1.7769
1.77633
1.77577
1.7752
1.77464
1.77407
1.77351
1.77295
1.7724
1.77185
1.7713
1.77075
1.77021
1.76968
1.76915
1.76863
1.76812
1.76761
1.76712
1.76663
1.76615
1.76568
1.76521
1.76476
1.76432
1.76389
1.76346
1.76305
1.76265
1.76226
1.76188
1.76151
1.76115
1.7608
1.76046
1.76013
1.7598
1.75949
1.75919
1.75889
1.7586
1.75832
1.75805
1.75778
1.75752
1.75726
1.757
1.75675
1.75651
1.75626
1.75602
1.75578
1.75553
1.75529
1.75505
1.7548
1.75455
1.7543
1.75404
1.75378
1.75351
1.75324
1.75297
1.75268
1.75239
1.75209
1.75179
1.75147
1.75115
1.75082
1.75048
1.75013
1.74978
1.74941
1.74904
1.74866
1.74827
1.74787
1.74746
1.74705
1.74663
1.7462
1.74577
1.74534
1.74489
1.74445
1.744
1.74355
1.7431
1.74265
1.74219
1.74174
1.74129
1.74085
1.74041
1.73997
1.73954
1.73911
1.7387
1.73829
1.7379
1.73751
1.73714
1.73678
1.73644
1.73611
1.7358
1.73551
1.73523
1.73498
1.73474
1.73453
1.73434
1.73417
1.73402
1.7339
1.73381
1.73374
1.73369
1.73367
1.73368
1.73372
1.73378
1.73387
1.73399
1.73414
1.73431
1.73452
1.73475
1.73501
1.7353
1.73561
1.73595
1.73633
1.73672
1.73715
1.7376
1.73807
1.73857
1.7391
1.73965
1.74023
1.74082
1.74144
1.74208
1.74275
1.74343
1.74413
1.74485
1.74559
1.74635
1.74712
1.74791
1.74871
1.74953
1.75036
1.75121
1.75207
1.75294
1.75381
1.7547
1.7556
1.75651
1.75742
1.75834
1.75927
1.7602
1.76114
1.76208
1.76303
1.76398
1.76493
1.76588
1.76684
1.76779
1.76875
1.7697
1.77065
1.7716
1.77255
1.7735
1.77444
1.77537
1.77631
1.77724
1.77816
1.77908
1.77999
1.78089
1.78179
1.78268
1.78356
1.78443
1.78529
1.78615
1.78699
1.78783
1.78865
1.78946
1.79027
1.79106
1.79184
1.7926
1.79336
1.7941
1.79483
1.79554
1.79624
1.79693
1.7976
1.79826
1.79891
1.79954
1.80016
1.80076
1.80134
1.80191
1.80247
1.80301
1.80354
1.80404
1.80454
1.80502
1.80548
1.80593
1.80636
1.80677
1.80717
1.80755
1.80792
1.80827
1.80861
1.80893
1.80923
1.80952
1.8098
1.81006
1.8103
1.81053
1.81074
1.81094
1.81113
1.8113
1.81145
1.81159
1.81172
1.81183
1.81193
1.81202
1.81209
1.81215
1.8122
1.81223
1.81225
1.81226
1.81225
1.81223
1.81221
1.81216
1.81211
1.81205
1.81197
1.81188
1.81179
1.81168
1.81156
1.81143
1.81129
1.81114
1.81098
1.81081
1.81063
1.81044
1.81024
1.81003
1.80981
1.80958
1.80935
1.8091
1.80885
1.80859
1.80832
1.80804
1.80775
1.80745
1.80715
1.80684
1.80652
1.80619
1.80585
1.80551
1.80516
1.8048
1.80443
1.80406
1.80368
1.80329
1.8029
1.80249
1.80209
1.80167
1.80125
1.80082
1.80038
1.79994
1.79949
1.79903
1.79857
1.79811
1.79763
1.79715
1.79667
1.79618
1.79568
1.79518
1.79467
1.79416
1.79364
1.79312
1.79259
1.79206
1.79153
1.79099
1.79045
1.7899
1.78935
1.7888
1.78824
1.78768
1.78712
1.78656
1.786
1.78543
1.78486
1.78429
1.78372
1.78315
1.78258
1.78201
1.78144
1.78087
1.7803
1.77973
1.77917
1.7786
1.77804
1.77748
1.77693
1.77637
1.77583
1.77528
1.77474
1.77421
1.77368
1.77315
1.77263
1.77212
1.77162
1.77112
1.77063
1.77015
1.76967
1.76921
1.76875
1.76831
1.76787
1.76744
1.76703
1.76662
1.76623
1.76585
1.76548
1.76512
1.76478
1.76445
1.76413
1.76382
1.76354
1.76326
1.763
1.76276
1.76253
1.76231
1.76211
1.76193
1.76177
1.76162
1.76148
1.76137
1.76127
1.76119
1.76112
1.76108
1.76105
1.76104
1.76104
1.76107
1.76111
1.76117
1.76124
1.76134
1.76145
1.76158
1.76173
1.76189
1.76207
1.76227
1.76248
1.76271
1.76295
1.76321
1.76349
1.76378
1.76409
1.76441
1.76474
1.76509
1.76545
1.76582
1.7662
1.7666
1.76701
1.76743
1.76785
1.76829
1.76874
1.76919
1.76966
1.77013
1.77061
1.77109
1.77158
1.77208
1.77257
1.77308
1.77359
1.77409
1.77461
1.77512
1.77563
1.77615
1.77666
1.77718
1.77769
1.7782
1.77871
1.77921
1.77971
1.78021
1.7807
1.78118
1.78166
1.78213
1.78259
1.78305
1.7835
1.78394
1.78436
1.78478
1.78519
1.78558
1.78596
1.78633
1.78669
1.78703
1.78736
1.78767
1.78797
1.78825
1.78851
1.78876
1.78899
1.7892
1.78939
1.78956
1.78971
1.78984
1.78995
1.79003
1.79009
1.79014
1.79015
1.79014
1.79011
1.79006
1.78997
1.78987
1.78973
1.78957
1.78938
1.78916
1.78892
1.78865
1.78835
1.78802
1.78766
1.78727
1.78685
1.78641
1.78593
1.78543
1.78489
1.78433
1.78374
1.78312
1.78247
1.78179
1.78109
1.78036
1.77961
1.77883
1.77802
1.7772
1.77635
1.77549
1.7746
1.7737
1.77278
1.77185
1.7709
1.76995
1.76899
1.76802
1.76705
1.76607
1.7651
1.76414
1.76318
1.76222
1.76128
1.76036
1.75945
1.75857
1.7577
1.75687
1.75606
1.75528
1.75454
1.75383
1.75316
1.75254
1.75195
1.75142
1.75093
1.75048
1.75009
1.74975
1.74947
1.74923
1.74906
1.74893
1.74886
1.74884
1.74888
1.74897
1.74911
1.7493
1.74955
1.74984
1.75017
1.75055
1.75097
1.75144
1.75193
1.75247
1.75303
1.75362
1.75424
1.75489
1.75555
1.75623
1.75692
1.75763
1.75834
1.75906
1.75978
1.7605
1.76122
1.76193
1.76263
1.76332
1.764
1.76467
1.76532
1.76594
1.76655
1.76713
1.76769
1.76823
1.76874
1.76921
1.76966
1.77008
1.77047
1.77083
1.77115
1.77144
1.7717
1.77193
1.77212
1.77228
1.7724
1.77249
1.77255
1.77257
1.77257
1.77253
1.77246
1.77236
1.77222
1.77206
1.77187
1.77166
1.77141
1.77114
1.77085
1.77053
1.77019
1.76983
1.76945
1.76905
1.76863
1.7682
1.76775
1.76728
1.76681
1.76632
1.76583
1.76533
1.76482
1.76431
1.76379
1.76327
1.76275
1.76224
1.76172
1.76122
1.76072
1.76022
1.75974
1.75926
1.7588
1.75836
1.75792
1.75751
1.75711
1.75674
1.75638
1.75605
1.75574
1.75546
1.7552
1.75497
1.75477
1.7546
1.75445
1.75434
1.75426
1.75421
1.7542
1.75421
1.75426
1.75435
1.75447
1.75462
1.75481
1.75504
1.75529
1.75559
1.75591
1.75627
1.75666
1.75709
1.75754
1.75803
1.75855
1.7591
1.75967
1.76028
1.76091
1.76157
1.76225
1.76295
1.76368
1.76442
1.76519
1.76598
1.76678
1.76759
1.76842
1.76927
1.77012
1.77099
1.77186
1.77274
1.77363
1.77452
1.77541
1.7763
1.7772
1.77809
1.77899
1.77987
1.78076
1.78164
1.78251
1.78337
1.78423
1.78508
1.78591
1.78674
1.78755
1.78835
1.78913
1.7899
1.79066
1.79139
1.79212
1.79282
1.79351
1.79418
1.79483
1.79547
1.79608
1.79667
1.79725
1.79781
1.79834
1.79886
1.79935
1.79983
1.80028
1.80072
1.80113
1.80152
1.8019
1.80225
1.80258
1.80289
1.80318
1.80346
1.80371
1.80394
1.80416
1.80435
1.80453
1.80468
1.80482
1.80494
1.80505
1.80513
1.8052
1.80525
1.80528
1.8053
1.8053
1.80529
1.80526
1.80521
1.80515
1.80508
1.80499
1.80489
1.80477
1.80465
1.80451
1.80435
1.80419
1.80401
1.80383
1.80363
1.80342
1.8032
1.80298
1.80274
1.8025
1.80224
1.80198
1.80171
1.80144
1.80116
1.80087
1.80057
1.80027
1.79997
1.79965
1.79934
1.79902
1.7987
1.79837
1.79804
1.79771
1.79738
1.79704
1.7967
1.79636
1.79602
1.79568
1.79534
1.795
1.79466
1.79432
1.79399
1.79365
1.79331
1.79298
1.79265
1.79232
1.79199
1.79167
1.79135
1.79103
1.79072
1.79041
1.7901
1.7898
1.7895
1.78921
1.78892
1.78864
1.78836
1.78808
1.78781
1.78754
1.78728
1.78702
1.78677
1.78652
1.78627
1.78603
1.7858
1.78556
1.78534
1.78511
1.78489
1.78467
1.78446
1.78424
1.78403
1.78382
1.78362
1.78341
1.78321
1.78301
1.78281
1.78261
1.7824
1.7822
1.782
1.78179
1.78159
1.78138
1.78117
1.78095
1.78073
1.78051
1.78028
1.78005
1.77981
1.77957
1.77932
1.77906
1.77879
1.77852
1.77824
1.77795
1.77766
1.77735
1.77704
1.77671
1.77638
1.77604
1.77568
1.77532
1.77495
1.77456
1.77417
1.77377
1.77336
1.77293
1.7725
1.77206
1.77162
1.77116
1.7707
1.77023
1.76975
1.76927
1.76879
1.7683
1.76781
1.76732
1.76683
1.76634
1.76585
1.76537
1.76489
1.76441
1.76395
1.76349
1.76305
1.76262
1.7622
1.7618
1.76141
1.76104
1.7607
1.76037
1.76007
1.7598
1.75955
1.75933
1.75913
1.75897
1.75884
1.75874
1.75868
1.75865
1.75866
1.7587
1.75878
1.75889
1.75905
1.75924
1.75946
1.75973
1.76003
1.76037
1.76074
1.76115
1.7616
1.76207
1.76258
1.76313
1.7637
1.7643
1.76493
1.76558
1.76626
1.76696
1.76769
1.76843
1.76919
1.76997
1.77076
1.77156
1.77237
1.7732
1.77403
1.77486
1.7757
1.77654
1.77739
1.77823
1.77907
1.7799
1.78073
1.78156
1.78237
1.78318
1.78398
1.78476
1.78553
1.78629
1.78704
1.78777
1.78848
1.78918
1.78986
1.79053
1.79118
1.7918
1.79241
1.79301
1.79358
1.79413
1.79466
1.79518
1.79567
1.79615
1.7966
1.79703
1.79745
1.79785
1.79822
1.79858
1.79892
1.79924
1.79954
1.79982
1.80009
1.80033
1.80056
1.80078
1.80097
1.80115
1.80132
1.80146
1.8016
1.80171
1.80182
1.8019
1.80198
1.80204
1.80208
1.80212
1.80214
1.80215
1.80215
1.80213
1.80211
1.80207
1.80203
1.80197
1.8019
1.80183
1.80174
1.80165
1.80155
1.80144
1.80132
1.80119
1.80106
1.80092
1.80078
1.80062
1.80046
1.8003
1.80013
1.79995
1.79977
1.79959
1.7994
1.7992
1.799
1.7988
1.7986
1.79839
1.79817
1.79796
1.79774
1.79752
1.79729
1.79707
1.79684
1.79661
1.79638
1.79615
1.79591
1.79568
1.79544
1.7952
1.79496
1.79472
1.79448
1.79424
1.794
1.79376
1.79352
1.79328
1.79304
1.7928
1.79257
1.79233
1.79209
1.79185
1.79162
1.79138
1.79115
1.79092
1.79068
1.79045
1.79023
1.79
1.78977
1.78955
1.78933
1.78911
1.78889
1.78867
1.78846
1.78824
1.78803
1.78782
1.78762
1.78741
1.78721
1.78701
1.78681
1.78662
1.78643
1.78623
1.78605
1.78586
1.78568
1.7855
1.78532
1.78514
1.78497
1.78479
1.78463
1.78446
1.78429
1.78413
1.78397
1.78382
1.78366
1.78351
1.78336
1.78321
1.78307
1.78292
1.78278
1.78264
1.78251
1.78237
1.78224
1.78211
1.78199
1.78186
1.78174
1.78162
1.7815
1.78138
1.78127
1.78116
1.78105
1.78094
1.78083
1.78073
1.78063
1.78053
1.78043
1.78033
1.78024
1.78015
1.78006
1.77997
1.77989
1.7798
1.77972
1.77964
1.77957
1.77949
1.77942
1.77935
1.77929
1.77922
1.77916
1.7791
1.77904
1.77899
1.77894
1.77889
1.77884
1.7788
1.77875
1.77872
1.77868
1.77865
1.77862
1.77859
1.77857
1.77855
1.77853
1.77852
1.77851
1.7785
1.7785
1.7785
1.7785
1.77851
1.77852
1.77853
1.77855
1.77857
1.77859
1.77862
1.77865
1.77869
1.77872
1.77877
1.77881
1.77886
1.77891
1.77897
1.77903
1.77909
1.77916
1.77923
1.7793
1.77938
1.77946
1.77954
1.77963
1.77972
1.77981
1.7799
1.78
1.7801
1.7802
1.78031
1.78041
1.78052
1.78063
1.78074
1.78086
1.78098
1.78109
1.78121
1.78133
1.78146
1.78158
1.7817
1.78183
1.78195
1.78207
1.7822
1.78232
1.78245
1.78257
1.7827
1.78282
1.78294
1.78307
1.78319
1.78331
1.78343
1.78354
1.78366
1.78377
1.78388
1.78399
1.7841
1.7842
1.7843
1.7844
1.7845
1.78459
1.78468
1.78476
1.78485
1.78493
1.785
1.78507
1.78514
1.78521
1.78527
1.78532
1.78538
1.78542
1.78547
1.78551
1.78554
1.78557
1.7856
1.78562
1.78564
1.78565
1.78566
1.78567
1.78567
1.78566
1.78566
1.78564
1.78563
1.78561
1.78558
1.78555
1.78552
1.78549
1.78545
1.7854
1.78536
1.78531
1.78525
1.7852
1.78514
1.78508
1.78501
1.78495
1.78488
1.78481
1.78474
1.78466
1.78459
1.78451
1.78444
1.78436
1.78428
1.7842
1.78412
1.78404
1.78396
1.78388
1.7838
1.78373
1.78365
1.78357
1.7835
1.78343
1.78335
1.78328
1.78321
1.78315
1.78308
1.78302
1.78296
1.7829
1.78285
1.78279
1.78274
1.7827
1.78265
1.78261
1.78257
1.78253
1.7825
1.78246
1.78243
1.78241
1.78238
1.78236
1.78234
1.78232
1.78231
1.7823
1.78229
1.78228
1.78227
1.78226
1.78226
1.78226
1.78226
1.78226
1.78226
1.78226
1.78226
1.78226
1.78226
1.78227
1.78227
1.78227
1.78227
1.78228
1.78228
1.78228
1.78227
1.78227
1.78227
1.78226
1.78226
1.78225
1.78224
1.78222
1.78221
1.78219
1.78217
1.78215
1.78212
1.7821
1.78207
1.78203
1.782
1.78196
1.78192
1.78187
1.78182
1.78177
1.78172
1.78166
1.7816
1.78154
1.78148
1.78141
1.78134
1.78126
1.78119
1.78111
1.78103
1.78094
1.78086
1.78077
1.78068
1.78058
1.78049
1.78039
1.78029
1.78019
1.78009
1.77999
1.77989
1.77978
1.77968
1.77957
1.77947
1.77936
1.77925
1.77915
1.77904
1.77893
1.77883
1.77872
1.77862
1.77851
1.77841
1.77831
1.77821
1.77811
1.77802
1.77792
1.77783
1.77774
1.77765
1.77757
1.77748
1.7774
1.77733
1.77725
1.77718
1.77712
1.77705
1.77699
1.77694
1.77689
1.77684
1.7768
1.77676
1.77672
1.77669
1.77667
1.77664
1.77663
1.77662
1.77661
1.77661
1.77661
1.77662
1.77664
1.77665
1.77668
1.77671
1.77675
1.77679
1.77683
1.77689
1.77694
1.77701
1.77708
1.77715
1.77723
1.77732
1.77741
1.77751
1.77761
1.77772
1.77783
1.77795
1.77808
1.77821
1.77834
1.77848
1.77863
1.77878
1.77894
1.7791
1.77927
1.77944
1.77962
1.7798
1.77999
1.78018
1.78038
1.78058
1.78078
1.78099
1.7812
1.78142
1.78164
1.78187
1.78209
1.78232
1.78256
1.7828
1.78304
1.78328
1.78352
1.78377
1.78402
1.78427
1.78453
1.78478
1.78504
1.7853
1.78556
1.78582
1.78609
1.78635
1.78661
1.78688
1.78714
1.7874
1.78767
1.78793
1.78819
1.78846
1.78872
1.78898
1.78924
1.78949
1.78975
1.79
1.79025
1.7905
1.79075
1.79099
1.79123
1.79147
1.7917
1.79193
1.79216
1.79238
1.7926
1.79282
1.79303
1.79323
1.79343
1.79363
1.79382
1.794
1.79418
1.79435
1.79452
1.79468
1.79483
1.79498
1.79512
1.79525
1.79538
1.7955
1.79561
1.79571
1.79581
1.7959
1.79597
1.79604
1.79611
1.79616
1.7962
1.79624
1.79626
1.79628
1.79628
1.79628
1.79626
1.79624
1.79621
1.79616
1.79611
1.79604
1.79596
1.79588
1.79578
1.79567
1.79555
1.79542
1.79528
1.79513
1.79497
1.79479
1.79461
1.79441
1.7942
1.79399
1.79376
1.79352
1.79327
1.79301
1.79274
1.79246
1.79217
1.79187
1.79155
1.79123
1.7909
1.79057
1.79022
1.78986
1.7895
1.78913
1.78875
1.78836
1.78796
1.78756
1.78716
1.78674
1.78632
1.7859
1.78547
1.78504
1.7846
1.78416
1.78371
1.78327
1.78282
1.78236
1.78191
1.78146
1.781
1.78055
1.78009
1.77964
1.77919
1.77874
1.77829
1.77784
1.77739
1.77695
1.77651
1.77607
1.77564
1.77521
1.77479
1.77437
1.77396
1.77355
1.77315
1.77275
1.77236
1.77197
1.77159
1.77122
1.77085
1.7705
1.77014
1.7698
1.76946
1.76913
1.76881
1.7685
1.76819
1.76789
1.7676
1.76732
1.76705
1.76679
1.76653
1.76629
1.76605
1.76583
1.76561
1.76541
1.76521
1.76502
1.76485
1.76469
1.76453
1.76439
1.76426
1.76414
1.76403
1.76393
1.76385
1.76378
1.76372
1.76367
1.76363
1.7636
1.76359
1.76359
1.7636
1.76362
1.76366
1.7637
1.76376
1.76383
1.7639
1.76399
1.76409
1.76419
1.7643
1.76442
1.76455
1.76469
1.76482
1.76497
1.76512
1.76527
1.76542
1.76557
1.76572
1.76587
1.76602
1.76617
1.76631
1.76645
1.76657
1.7667
1.76681
1.76691
1.767
1.76707
1.76713
1.76718
1.76721
1.76722
1.76722
1.76719
1.76714
1.76708
1.76699
1.76687
1.76673
1.76657
1.76638
1.76616
1.76592
1.76565
1.76535
1.76502
1.76466
1.76428
1.76387
1.76342
1.76295
1.76245
1.76192
1.76137
1.76079
1.76018
1.75954
1.75888
1.7582
1.75749
1.75676
1.75601
1.75524
1.75446
1.75365
1.75284
1.75201
1.75117
1.75032
1.74947
1.74861
1.74775
1.74688
1.74602
1.74517
1.74432
1.74348
1.74265
1.74184
1.74104
1.74026
1.73949
1.73876
1.73804
1.73735
1.7367
1.73607
1.73547
1.73491
1.73438
1.73389
1.73344
1.73302
1.73264
1.73231
1.73202
1.73176
1.73155
1.73138
1.73126
1.73117
1.73113
1.73112
1.73116
1.73124
1.73135
1.73151
1.7317
1.73193
1.73219
1.73249
1.73281
1.73317
1.73356
1.73398
1.73442
1.73489
1.73538
1.7359
1.73643
1.73699
1.73756
1.73815
1.73875
1.73937
1.74
1.74064
1.74129
1.74195
1.74262
1.74329
1.74397
1.74465
1.74534
1.74603
1.74672
1.74741
1.7481
1.74879
1.74947
1.75016
1.75084
1.75151
1.75218
1.75285
1.75351
1.75416
1.75481
1.75544
1.75607
1.75669
1.7573
1.7579
1.75849
1.75907
1.75964
1.76019
1.76074
1.76127
1.76178
1.76228
1.76277
1.76324
1.7637
1.76414
1.76457
1.76498
1.76537
1.76575
1.7661
1.76644
1.76677
1.76707
1.76735
1.76762
1.76787
1.76809
1.7683
1.76849
1.76866
1.76881
1.76894
1.76905
1.76915
1.76922
1.76927
1.76931
1.76933
1.76933
1.76931
1.76928
1.76923
1.76916
1.76908
1.76898
1.76887
1.76875
1.76862
1.76847
1.76831
1.76815
1.76798
1.76779
1.76761
1.76741
1.76722
1.76702
1.76682
1.76662
1.76642
1.76623
1.76603
1.76585
1.76566
1.76549
1.76533
1.76517
1.76503
1.7649
1.76478
1.76468
1.76459
1.76452
1.76446
1.76443
1.76441
1.76442
1.76444
1.76448
1.76455
1.76464
1.76474
1.76487
1.76503
1.7652
1.7654
1.76561
1.76585
1.76611
1.76639
1.76669
1.767
1.76734
1.76769
1.76806
1.76845
1.76885
1.76926
1.76969
1.77012
1.77057
1.77103
1.77149
1.77196
1.77244
1.77292
1.77341
1.77389
1.77438
1.77487
1.77535
1.77584
1.77632
1.77679
1.77726
1.77772
1.77817
1.77862
1.77905
1.77948
1.77989
1.78029
1.78068
1.78106
1.78142
1.78176
1.7821
1.78241
1.78271
1.783
1.78326
1.78351
1.78375
1.78396
1.78416
1.78434
1.7845
1.78464
1.78477
1.78488
1.78497
1.78504
1.78509
1.78513
1.78515
1.78515
1.78513
1.7851
1.78505
1.78498
1.78489
1.78479
1.78468
1.78455
1.7844
1.78424
1.78406
1.78387
1.78366
1.78344
1.78321
1.78297
1.78271
1.78244
1.78216
1.78186
1.78156
1.78125
1.78092
1.78059
1.78024
1.77989
1.77953
1.77916
1.77879
1.77841
1.77802
1.77762
1.77722
1.77681
1.7764
1.77599
1.77557
1.77515
1.77472
1.77429
1.77386
1.77343
1.773
1.77256
1.77213
1.7717
1.77126
1.77083
1.7704
1.76997
1.76955
1.76912
1.7687
1.76828
1.76787
1.76746
1.76706
1.76666
1.76627
1.76588
1.7655
1.76512
1.76475
1.76439
1.76404
1.76369
1.76336
1.76303
1.76271
1.7624
1.7621
1.7618
1.76152
1.76125
1.76099
1.76074
1.7605
1.76026
1.76005
1.75984
1.75964
1.75945
1.75928
1.75912
1.75896
1.75882
1.75869
1.75858
1.75847
1.75838
1.7583
1.75823
1.75817
1.75812
1.75808
1.75806
1.75805
1.75804
1.75805
1.75807
1.7581
1.75815
1.7582
1.75826
1.75833
1.75841
1.7585
1.7586
1.75871
1.75883
1.75896
1.7591
1.75924
1.75939
1.75955
1.75972
1.7599
1.76008
1.76027
1.76046
1.76066
1.76087
1.76108
1.7613
1.76152
1.76175
1.76198
1.76221
1.76245
1.76269
1.76294
1.76319
1.76344
1.76369
1.76394
1.7642
1.76446
1.76471
1.76497
1.76523
1.7655
1.76576
1.76602
1.76628
1.76654
1.76679
1.76705
1.76731
1.76756
1.76781
1.76806
1.76831
1.76856
1.7688
1.76904
1.76928
1.76951
1.76974
1.76997
1.77019
1.77041
1.77063
1.77084
1.77105
1.77125
1.77145
1.77164
1.77183
1.77202
1.77219
1.77237
1.77254
1.7727
1.77286
1.77301
1.77315
1.77329
1.77343
1.77356
1.77368
1.7738
1.77391
1.77401
1.77411
1.7742
1.77428
1.77436
1.77443
1.7745
1.77456
1.77461
1.77466
1.77469
1.77473
1.77475
1.77477
1.77478
1.77478
1.77478
1.77477
1.77476
1.77473
1.7747
1.77466
1.77462
1.77457
1.77451
1.77444
1.77436
1.77428
1.77419
1.7741
1.774
1.77388
1.77377
1.77364
1.77351
1.77337
1.77322
1.77306
1.7729
1.77273
1.77255
1.77237
1.77217
1.77197
1.77177
1.77155
1.77133
1.77109
1.77086
1.77061
1.77035
1.77009
1.76982
1.76954
1.76926
1.76896
1.76866
1.76835
1.76803
1.76771
1.76737
1.76703
1.76668
1.76632
1.76596
1.76558
1.7652
1.76481
1.76441
1.764
1.76359
1.76316
1.76273
1.76229
1.76184
1.76139
1.76092
1.76045
1.75997
1.75948
1.75898
1.75847
1.75796
1.75744
1.7569
1.75636
1.75582
1.75526
1.7547
1.75412
1.75354
1.75295
1.75235
1.75175
1.75114
1.75051
1.74988
1.74925
1.7486
1.74795
1.74729
1.74662
1.74594
1.74526
1.74456
1.74387
1.74316
1.74245
1.74173
1.741
1.74027
1.73953
1.73878
1.73803
1.73727
1.73651
1.73574
1.73496
1.73418
1.7334
1.73261
1.73182
1.73103
1.73023
1.72943
1.72862
1.72782
1.72701
1.72621
1.7254
1.72459
1.72378
1.72298
1.72218
1.72138
1.72058
1.71979
1.71901
1.71823
1.71746
1.71669
1.71594
1.71519
1.71446
1.71374
1.71303
1.71234
1.71166
1.71099
1.71035
1.70972
1.70911
1.70852
1.70796
1.70742
1.7069
1.7064
1.70593
1.70549
1.70508
1.7047
1.70434
1.70402
1.70373
1.70347
1.70324
1.70304
1.70288
1.70276
1.70266
1.70261
1.70258
1.70259
1.70264
1.70272
1.70284
1.70299
1.70318
1.70339
1.70364
1.70393
1.70424
1.70459
1.70496
1.70537
1.7058
1.70626
1.70675
1.70726
1.70779
1.70835
1.70893
1.70953
1.71014
1.71078
1.71143
1.71209
1.71277
1.71346
1.71417
1.71488
1.7156
1.71632
1.71706
1.71779
1.71853
1.71928
1.72002
1.72077
1.72151
1.72226
1.723
1.72373
1.72447
1.7252
1.72592
1.72664
1.72735
1.72805
1.72875
1.72944
1.73011
1.73078
1.73144
1.7321
1.73274
1.73337
1.73399
1.7346
1.73519
1.73578
1.73636
1.73692
1.73748
1.73802
1.73855
1.73907
1.73959
1.74008
1.74057
1.74105
1.74152
1.74197
1.74242
1.74286
1.74328
1.7437
1.7441
1.7445
1.74488
1.74526
1.74563
1.74599
1.74634
1.74668
1.74701
1.74733
1.74765
1.74796
1.74826
1.74855
1.74883
1.74911
1.74938
1.74965
1.7499
1.75015
1.75039
1.75063
1.75086
1.75109
1.7513
1.75152
1.75172
1.75192
1.75212
1.75231
1.7525
1.75267
1.75285
1.75302
1.75318
1.75334
1.7535
1.75365
1.7538
1.75394
1.75408
1.75421
1.75434
1.75446
1.75458
1.7547
1.75481
1.75492
1.75503
1.75513
1.75523
1.75532
1.75541
1.7555
1.75559
1.75567
1.75574
1.75582
1.75589
1.75596
1.75602
1.75608
1.75614
1.75619
1.75625
1.7563
1.75634
1.75639
1.75643
1.75647
1.7565
1.75653
1.75656
1.75659
1.75662
1.75664
1.75666
1.75668
1.7567
1.75671
1.75672
1.75673
1.75674
1.75674
1.75675
1.75675
1.75675
1.75675
1.75674
1.75674
1.75673
1.75672
1.75671
1.7567
1.75669
1.75667
1.75666
1.75664
1.75662
1.7566
1.75658
1.75656
1.75654
1.75652
1.75649
1.75647
1.75644
1.75642
1.75639
1.75636
1.75634
1.75631
1.75628
1.75625
1.75622
1.75619
1.75617
1.75614
1.75611
1.75608
1.75605
1.75602
1.75599
1.75596
1.75593
1.7559
1.75587
1.75584
1.75581
1.75579
1.75576
1.75573
1.7557
1.75568
1.75565
1.75562
1.7556
1.75557
1.75555
1.75552
1.7555
1.75547
1.75545
1.75543
1.75541
1.75538
1.75536
1.75534
1.75532
1.7553
1.75528
1.75526
1.75524
1.75522
1.7552
1.75518
1.75516
1.75514
1.75512
1.7551
1.75508
1.75506
1.75504
1.75502
1.755
1.75498
1.75496
1.75494
1.75492
1.7549
1.75487
1.75485
1.75483
1.7548
1.75477
1.75475
1.75472
1.75469
1.75465
1.75462
1.75459
1.75455
1.75451
1.75447
1.75443
1.75439
1.75434
1.75429
1.75424
1.75419
1.75413
1.75407
1.75401
1.75395
1.75388
1.7538
1.75373
1.75365
1.75356
1.75347
1.75338
1.75328
1.75318
1.75307
1.75296
1.75284
1.75272
1.75258
1.75245
1.7523
1.75215
1.75199
1.75182
1.75165
1.75146
1.75127
1.75107
1.75086
1.75063
1.7504
1.75016
1.7499
1.74963
1.74935
1.74906
1.74875
1.74843
1.74809
1.74773
1.74736
1.74697
1.74657
1.74614
1.7457
1.74523
1.74474
1.74423
1.7437
1.74314
1.74256
1.74195
1.74132
1.74066
1.73996
1.73924
1.73849
1.7377
1.73689
1.73603
1.73515
1.73422
1.73326
1.73227
1.73123
1.73016
1.72904
1.72788
1.72669
1.72545
1.72417
1.72285
1.72149
1.72008
1.71864
1.71715
1.71562
1.71406
1.71246
1.71082
1.70915
1.70745
1.70571
1.70396
1.70217
1.70037
1.69856
1.69673
1.6949
1.69306
1.69123
1.6894
1.68759
1.68581
1.68405
1.68232
1.68064
1.67901
1.67743
1.67591
1.67446
1.67309
1.67181
1.67061
1.66952
1.66852
1.66764
1.66687
1.66622
1.66569
1.66529
1.66501
1.66487
1.66487
1.66499
1.66525
1.66565
1.66617
1.66683
1.66761
1.66851
1.66953
1.67066
1.6719
1.67324
1.67467
1.67619
1.6778
1.67947
1.68122
1.68302
1.68487
1.68677
1.6887
1.69066
1.69264
1.69464
1.69665
1.69866
1.70066
1.70266
1.70464
1.7066
1.70854
1.71045
1.71233
1.71417
1.71598
1.71774
1.71946
1.72113
1.72275
1.72433
1.72586
1.72733
1.72875
1.73012
1.73144
1.7327
1.73391
1.73507
1.73617
1.73723
1.73823
1.73918
1.74008
1.74093
1.74173
1.74249
1.7432
1.74386
1.74448
1.74506
1.74559
1.74609
1.74654
1.74695
1.74733
1.74767
1.74798
1.74825
1.74848
1.74869
1.74886
1.74901
1.74912
1.74921
1.74927
1.74931
1.74932
1.7493
1.74927
1.74921
1.74912
1.74902
1.7489
1.74876
1.74861
1.74843
1.74824
1.74803
1.74781
1.74758
1.74733
1.74707
1.74679
1.74651
1.74621
1.74591
1.74559
1.74527
1.74494
1.7446
1.74426
1.7439
1.74355
1.74319
1.74282
1.74245
1.74208
1.74171
1.74133
1.74095
1.74057
1.7402
1.73982
1.73944
1.73906
1.73869
1.73832
1.73795
1.73758
1.73722
1.73686
1.73651
1.73616
1.73582
1.73549
1.73516
1.73483
1.73452
1.73421
1.73391
1.73362
1.73334
1.73306
1.7328
1.73254
1.73229
1.73206
1.73183
1.73162
1.73141
1.73121
1.73103
1.73086
1.73069
1.73054
1.7304
1.73027
1.73015
1.73004
1.72994
1.72985
1.72978
1.72971
1.72965
1.72961
1.72957
1.72955
1.72953
1.72952
1.72952
1.72954
1.72956
1.72958
1.72962
1.72967
1.72972
1.72978
1.72984
1.72992
1.73
1.73008
1.73018
1.73027
1.73037
1.73048
1.73059
1.73071
1.73083
1.73095
1.73108
1.7312
1.73134
1.73147
1.7316
1.73174
1.73188
1.73202
1.73216
1.7323
1.73244
1.73258
1.73273
1.73287
1.73301
1.73315
1.73329
1.73343
1.73357
1.7337
1.73384
1.73397
1.73411
1.73424
1.73437
1.73449
1.73462
1.73475
1.73487
1.73499
1.73511
1.73523
1.73535
1.73546
1.73558
1.73569
1.7358
1.73591
1.73602
1.73613
1.73623
1.73634
1.73644
1.73654
1.73665
1.73675
1.73685
1.73695
1.73706
1.73716
1.73726
1.73736
1.73746
1.73756
1.73767
1.73777
1.73787
1.73798
1.73808
1.73819
1.7383
1.73841
1.73852
1.73863
1.73874
1.73886
1.73898
1.73909
1.73921
1.73934
1.73946
1.73959
1.73972
1.73985
1.73998
1.74011
1.74025
1.74039
1.74053
1.74068
1.74082
1.74097
1.74112
1.74128
1.74143
1.74159
1.74175
1.74192
1.74208
1.74225
1.74242
1.74259
1.74276
1.74294
1.74311
1.74329
1.74348
1.74366
1.74384
1.74403
1.74422
1.74441
1.7446
1.74479
1.74499
1.74518
1.74538
1.74558
1.74578
1.74598
1.74618
1.74638
1.74658
1.74679
1.74699
1.74719
1.7474
1.7476
1.74781
1.74801
1.74822
1.74842
1.74863
1.74883
1.74903
1.74924
1.74944
1.74964
1.74984
1.75004
1.75024
1.75043
1.75063
1.75082
1.75101
1.75121
1.75139
1.75158
1.75176
1.75195
1.75213
1.7523
1.75248
1.75265
1.75282
1.75299
1.75315
1.75331
1.75347
1.75362
1.75377
1.75392
1.75406
1.7542
1.75434
1.75447
1.7546
1.75472
1.75484
1.75496
1.75507
1.75517
1.75528
1.75538
1.75547
1.75556
1.75565
1.75573
1.75581
1.75588
1.75595
1.75601
1.75607
1.75613
1.75618
1.75623
1.75627
1.75631
1.75635
1.75638
1.75641
1.75644
1.75646
1.75648
1.7565
1.75651
1.75653
1.75654
1.75655
1.75655
1.75656
1.75657
1.75657
1.75657
1.75658
1.75658
1.75658
1.75659
1.75659
1.7566
1.75661
1.75662
1.75663
1.75664
1.75666
1.75668
1.75671
1.75674
1.75677
1.75681
1.75685
1.7569
1.75696
1.75702
1.75708
1.75716
1.75724
1.75733
1.75742
1.75752
1.75764
1.75776
1.75788
1.75802
1.75817
1.75832
1.75849
1.75866
1.75885
1.75904
1.75924
1.75946
1.75968
1.75991
1.76015
1.76041
1.76067
1.76094
1.76122
1.76151
1.76181
1.76212
1.76244
1.76277
1.76311
1.76346
1.76381
1.76417
1.76455
1.76492
1.76531
1.76571
1.76611
1.76651
1.76693
1.76735
1.76778
1.76821
1.76865
1.76909
1.76954
1.76999
1.77044
1.7709
1.77137
1.77183
1.7723
1.77277
1.77325
1.77372
1.7742
1.77468
1.77515
1.77563
1.77611
1.77659
1.77707
1.77755
1.77803
1.77851
1.77899
1.77946
1.77994
1.78041
1.78088
1.78135
1.78181
1.78228
1.78274
1.78319
1.78365
1.7841
1.78454
1.78499
1.78543
1.78586
1.7863
1.78672
1.78715
1.78757
1.78798
1.78839
1.7888
1.7892
1.78959
1.78998
1.79037
1.79075
1.79112
1.79149
1.79186
1.79222
1.79257
1.79292
1.79326
1.7936
1.79393
1.79426
1.79458
1.79489
1.7952
1.7955
1.7958
1.79609
1.79637
1.79665
1.79692
1.79718
1.79744
1.7977
1.79794
1.79818
1.79842
1.79865
1.79887
1.79908
1.79929
1.79949
1.79969
1.79987
1.80006
1.80023
1.8004
1.80056
1.80072
1.80087
1.80101
1.80114
1.80127
1.80139
1.80151
1.80161
1.80171
1.80181
1.8019
1.80198
1.80205
1.80212
1.80218
1.80223
1.80227
1.80231
1.80235
1.80237
1.80239
1.8024
1.80241
1.80241
1.8024
1.80238
1.80236
1.80233
1.8023
1.80226
1.80221
1.80216
1.8021
1.80203
1.80196
1.80188
1.80179
1.8017
1.8016
1.8015
1.80139
1.80128
1.80116
1.80103
1.8009
1.80076
1.80062
1.80047
1.80032
1.80016
1.8
1.79983
1.79966
1.79948
1.7993
1.79911
1.79892
1.79872
1.79852
1.79832
1.79811
1.7979
1.79768
1.79746
1.79723
1.797
1.79677
1.79653
1.79628
1.79604
1.79579
1.79553
1.79527
1.79501
1.79474
1.79447
1.7942
1.79392
1.79363
1.79335
1.79305
1.79275
1.79245
1.79214
1.79183
1.79152
1.79119
1.79086
1.79053
1.79019
1.78985
1.7895
1.78914
1.78877
1.7884
1.78803
1.78764
1.78725
1.78685
1.78645
1.78603
1.78561
1.78518
1.78474
1.78429
1.78384
1.78337
1.7829
1.78241
1.78192
1.78142
1.7809
1.78038
1.77985
1.7793
1.77875
1.77818
1.77761
1.77702
1.77643
1.77582
1.77521
1.77458
1.77394
1.77329
1.77263
1.77197
1.77129
1.7706
1.76991
1.7692
1.76849
1.76777
1.76704
1.76631
1.76556
1.76482
1.76407
1.76331
1.76255
1.76179
1.76102
1.76026
1.75949
1.75872
1.75796
1.7572
1.75645
1.7557
1.75496
1.75422
1.7535
1.75279
1.75209
1.7514
1.75073
1.75007
1.74944
1.74882
1.74822
1.74765
1.7471
1.74657
1.74607
1.7456
1.74516
1.74474
1.74436
1.74401
1.7437
1.74341
1.74316
1.74295
1.74277
1.74263
1.74252
1.74245
1.74242
1.74242
1.74246
1.74254
1.74265
1.74279
1.74297
1.74318
1.74342
1.7437
1.744
1.74433
1.74469
1.74508
1.74549
1.74593
1.74638
1.74686
1.74735
1.74786
1.74838
1.74892
1.74947
1.75002
1.75059
1.75116
1.75174
1.75232
1.7529
1.75348
1.75406
1.75463
1.7552
1.75577
1.75633
1.75688
1.75742
1.75795
1.75847
1.75897
1.75947
1.75995
1.76041
1.76086
1.7613
1.76172
1.76212
1.76251
1.76288
1.76323
1.76357
1.76388
1.76419
1.76447
1.76474
1.76499
1.76522
1.76544
1.76564
1.76582
1.76599
1.76614
1.76628
1.7664
1.76652
1.76661
1.7667
1.76677
1.76683
1.76688
1.76691
1.76694
1.76696
1.76697
1.76697
1.76696
1.76695
1.76693
1.76691
1.76688
1.76684
1.7668
1.76676
1.76672
1.76667
1.76662
1.76658
1.76653
1.76648
1.76643
1.76639
1.76635
1.76631
1.76627
1.76624
1.76621
1.76619
1.76617
1.76616
1.76616
1.76616
1.76617
1.76619
1.76621
1.76624
1.76628
1.76633
1.76639
1.76646
1.76654
1.76662
1.76672
1.76683
1.76695
1.76708
1.76721
1.76736
1.76752
1.76769
1.76788
1.76807
1.76827
1.76848
1.76871
1.76894
1.76918
1.76944
1.7697
1.76998
1.77026
1.77055
1.77086
1.77117
1.77149
1.77182
1.77215
1.7725
1.77285
1.77321
1.77357
1.77395
1.77433
1.77471
1.7751
1.77549
1.77589
1.7763
1.77671
1.77712
1.77753
1.77795
1.77837
1.77879
1.77921
1.77964
1.78006
1.78049
1.78092
1.78134
1.78177
1.78219
1.78261
1.78304
1.78345
1.78387
1.78428
1.7847
1.7851
1.78551
1.78591
1.7863
1.78669
1.78708
1.78746
1.78784
1.78821
1.78857
1.78893
1.78928
1.78963
1.78997
1.7903
1.79062
1.79094
1.79125
1.79156
1.79186
1.79214
1.79243
1.7927
1.79297
1.79322
1.79347
1.79372
1.79395
1.79418
1.79439
1.7946
1.7948
1.795
1.79518
1.79536
1.79553
1.79569
1.79584
1.79598
1.79612
1.79625
1.79637
1.79648
1.79658
1.79668
1.79677
1.79685
1.79692
1.79699
1.79704
1.79709
1.79714
1.79717
1.7972
1.79722
1.79724
1.79724
1.79725
1.79724
1.79723
1.79721
1.79718
1.79715
1.79711
1.79707
1.79702
1.79696
1.7969
1.79683
1.79676
1.79668
1.79659
1.79651
1.79641
1.79631
1.79621
1.7961
1.79599
1.79587
1.79575
1.79562
1.79549
1.79536
1.79522
1.79508
1.79493
1.79479
