0.0491331
0.0489459
0.0487606
0.048577
0.0483957
0.0482168
0.0480402
0.0478658
0.0476936
0.0475235
0.0473559
0.0471906
0.0470272
0.0468668
0.0467085
0.0465525
0.0463991
0.0462479
0.0460989
0.0459523
0.0458086
0.0456666
0.045527
0.0453894
0.0452544
0.0451217
0.0449912
0.044863
0.0447371
0.0446133
0.0444918
0.0443727
0.0442556
0.0441403
0.0440275
0.0439167
0.0438079
0.0437013
0.0435966
0.0434937
0.0433933
0.0432949
0.0431985
0.043104
0.0430115
0.0429209
0.0428323
0.0427455
0.0426606
0.0425775
0.0424963
0.0424166
0.042339
0.0422632
0.0421891
0.0421168
0.0420462
0.0419773
0.0419103
0.0418448
0.041781
0.041719
0.041658
0.0415991
0.0415418
0.0414861
0.0414322
0.0413797
0.041329
0.0412796
0.0412318
0.0411853
0.0411401
0.0410964
0.041055
0.041015
0.0409764
0.0409393
0.0409039
0.0408698
0.0408372
0.0408064
0.0407771
0.040749
0.0407223
0.0406972
0.040674
0.040652
0.0406315
0.0406126
0.0405952
0.0405794
0.0405652
0.0405525
0.0405414
0.0405318
0.0405239
0.0405177
0.040513
0.04051
0.0405087
0.0405091
0.0405111
0.0405149
0.0405205
0.0405278
0.0405377
0.0405486
0.0405614
0.0405758
0.0405924
0.0406108
0.0406313
0.0406535
0.0406777
0.0407043
0.0407329
0.0407637
0.0407969
0.040832
0.0408699
0.0409098
0.0409519
0.0409961
0.0410427
0.0410921
0.041144
0.0411985
0.0412556
0.0413157
0.0413783
0.0414437
0.041512
0.0415828
0.041657
0.0417343
0.0418151
0.0418988
0.0419857
0.0420764
0.0421702
0.0422675
0.0423685
0.0424732
0.0425817
0.0426941
0.0428105
0.0429309
0.0430556
0.0431848
0.0433182
0.043456
0.0435986
0.0437459
0.043898
0.0440552
0.0442175
0.0443849
0.0445579
0.0447362
0.0449205
0.0451106
0.0453067
0.0455089
0.0457175
0.0459328
0.0461545
0.046383
0.0466186
0.046861
0.0471111
0.0473686
0.0476337
0.0479068
0.0481883
0.0484778
0.0487757
0.0490822
0.0493973
0.0497215
0.0500549
0.0503976
0.0507497
0.0511113
0.0514827
0.0518639
0.052255
0.0526563
0.0530668
0.0534883
0.0539195
0.054361
0.0548123
0.0552736
0.0557451
0.0562262
0.0567171
0.057217
0.057726
0.0582435
0.0587692
0.0593027
0.0598437
0.0603912
0.0609444
0.0615028
0.0620656
0.0626319
0.0632007
0.0637709
0.0643417
0.0649115
0.0654789
0.0660431
0.0666025
0.0671557
0.067701
0.0682373
0.0687624
0.0692752
0.0697737
0.0702567
0.0707218
0.071168
0.0715939
0.0719976
0.0723776
0.0727332
0.0730628
0.0733649
0.073639
0.073884
0.0740989
0.0742831
0.0744363
0.0745582
0.0746484
0.0747069
0.0747341
0.0747302
0.0746958
0.0746319
0.0745381
0.0744164
0.0742675
0.0740927
0.0738931
0.0736702
0.0734256
0.0731601
0.0728761
0.0725748
0.0722575
0.071926
0.071582
0.0712269
0.0708624
0.0704899
0.0701108
0.0697269
0.069339
0.0689485
0.0685567
0.068165
0.0677739
0.0673846
0.0669982
0.0666152
0.0662369
0.0658633
0.0654953
0.0651334
0.0647783
0.0644296
0.0640886
0.0637553
0.0634298
0.063112
0.0628027
0.0625014
0.0622085
0.0619243
0.0616478
0.0613795
0.0611199
0.0608681
0.0606244
0.0603883
0.0601598
0.0599385
0.0597248
0.0595182
0.0593182
0.0591252
0.0589386
0.0587583
0.0585842
0.0584156
0.058253
0.0580957
0.0579438
0.0577969
0.0576548
0.0575172
0.0573843
0.0572557
0.0571312
0.0570107
0.0568937
0.0567807
0.0566716
0.0565654
0.0564627
0.0563628
0.0562662
0.0561723
0.0560806
0.0559922
0.0559064
0.0558231
0.0557423
0.0556641
0.0555881
0.0555144
0.0554429
0.0553737
0.0553069
0.0552421
0.0551792
0.0551187
0.0550599
0.0550037
0.0549497
0.0548977
0.0548481
0.0548007
0.0547555
0.0547126
0.054672
0.0546337
0.0545979
0.0545644
0.0545332
0.0545045
0.0544788
0.0544552
0.0544346
0.0544166
0.0544014
0.0543891
0.0543796
0.0543731
0.0543695
0.0543685
0.054371
0.0543767
0.0543853
0.0543974
0.054413
0.0544317
0.0544534
0.0544788
0.0545077
0.0545399
0.0545756
0.0546148
0.0546575
0.0547037
0.0547533
0.0548065
0.0548634
0.0549235
0.054987
0.055054
0.0551243
0.0551979
0.0552746
0.0553547
0.0554378
0.0555246
0.0556136
0.0557058
0.0558008
0.0558985
0.0559985
0.0561009
0.0562059
0.056313
0.0564221
0.0565332
0.0566459
0.0567601
0.0568757
0.0569925
0.0571108
0.0572293
0.0573488
0.0574684
0.057588
0.0577078
0.0578275
0.0579468
0.0580655
0.0581833
0.0583002
0.0584159
0.0585302
0.0586432
0.0587542
0.0588632
0.0589701
0.0590744
0.0591766
0.0592762
0.0593731
0.0594671
0.0595581
0.0596461
0.0597309
0.0598124
0.0598906
0.0599654
0.0600368
0.0601048
0.0601692
0.0602302
0.0602875
0.0603415
0.0603919
0.0604391
0.060483
0.0605236
0.060561
0.0605953
0.0606265
0.0606549
0.0606804
0.0607032
0.0607237
0.0607412
0.0607566
0.0607698
0.0607807
0.0607898
0.0607974
0.060803
0.0608071
0.06081
0.0608113
0.0608114
0.0608104
0.0608084
0.0608056
0.0608022
0.0607976
0.0607929
0.0607874
0.0607814
0.060775
0.0607683
0.0607616
0.0607542
0.0607465
0.0607385
0.0607302
0.0607216
0.0607127
0.0607033
0.0606939
0.060684
0.0606733
0.0606624
0.0606509
0.0606387
0.0606259
0.0606123
0.0605978
0.0605821
0.0605658
0.0605481
0.0605289
0.0605091
0.0604876
0.0604644
0.0604394
0.0604125
0.0603842
0.0603536
0.0603211
0.0602863
0.0602493
0.06021
0.0601683
0.060124
0.0600772
0.0600279
0.0599755
0.0599207
0.0598629
0.0598022
0.0597388
0.059672
0.059602
0.0595294
0.0594539
0.0593753
0.0592937
0.0592094
0.0591218
0.059031
0.0589375
0.0588411
0.0587418
0.0586398
0.0585349
0.058427
0.058317
0.0582041
0.0580887
0.0579711
0.057851
0.0577289
0.0576047
0.0574782
0.0573501
0.0572201
0.0570886
0.056955
0.0568199
0.0566837
0.0565461
0.0564074
0.0562677
0.0561269
0.0559854
0.055843
0.0557001
0.0555566
0.0554128
0.0552686
0.0551242
0.0549797
0.0548352
0.0546908
0.0545463
0.0544023
0.0542584
0.0541153
0.0539726
0.0538306
0.0536887
0.0535481
0.0534085
0.0532696
0.0531316
0.0529946
0.0528585
0.0527232
0.0525895
0.0524573
0.0523262
0.0521963
0.0520675
0.0519403
0.0518145
0.0516901
0.0515672
0.0514458
0.0513259
0.0512075
0.0510908
0.0509753
0.0508615
0.0507493
0.0506387
0.0505299
0.050422
0.0503162
0.0502122
0.0501095
0.0500085
0.0499093
0.0498117
0.0497154
0.0496207
0.0495278
0.0494363
0.0493463
0.0492579
0.049171
0.0490856
0.0490017
0.0489191
0.0488383
0.0487589
0.0486812
0.0486047
0.04853
0.0484564
0.0483839
0.0483132
0.0482438
0.0481755
0.0481086
0.0480433
0.047979
0.0479161
0.0478547
0.0477948
0.047736
0.0476784
0.0476221
0.047567
0.0475131
0.0474602
0.0474087
0.0473583
0.0473092
0.0472609
0.0472143
0.0471685
0.0471239
0.0470803
0.0470379
0.0469963
0.046956
0.0469167
0.0468785
0.0468414
0.0468052
0.0467698
0.0467357
0.0467026
0.0466704
0.0466394
0.0466097
0.0465802
0.0465519
0.0465247
0.0464982
0.0464729
0.0464485
0.0464248
0.046402
0.0463802
0.0463592
0.0463389
0.0463196
0.0463011
0.0462836
0.046267
0.0462508
0.0462355
0.0462209
0.0462073
0.0461944
0.0461823
0.0461708
0.0461602
0.0461503
0.0461412
0.0461328
0.0461251
0.046118
0.0461117
0.0461064
0.0461013
0.046097
0.0460931
0.0460898
0.046087
0.0460848
0.0460833
0.046082
0.0460812
0.0460809
0.0460809
0.0460816
0.0460827
0.0460836
0.046085
0.0460867
0.0460886
0.0460912
0.0460935
0.046096
0.0460985
0.0461011
0.0461037
0.046106
0.0461081
0.0461106
0.0461131
0.0461155
0.0461174
0.0461188
0.0461199
0.046121
0.0461216
0.0461218
0.0461216
0.0461209
0.0461196
0.0461177
0.0461152
0.0461121
0.046108
0.0461032
0.0460979
0.0460918
0.0460848
0.0460767
0.0460682
0.0460586
0.0460482
0.0460367
0.0460241
0.0460104
0.0459958
0.0459802
0.0459635
0.045946
0.0459272
0.0459076
0.0458868
0.045865
0.0458419
0.0458175
0.0457923
0.045766
0.0457386
0.0457105
0.0456812
0.0456508
0.0456198
0.0455873
0.0455541
0.0455201
0.0454853
0.0454493
0.0454129
0.0453752
0.0453373
0.045299
0.0452599
0.0452202
0.0451799
0.0451392
0.0450981
0.0450568
0.0450147
0.0449725
0.0449302
0.0448876
0.0448452
0.0448022
0.0447596
0.0447169
0.0446745
0.0446321
0.0445898
0.0445476
0.0445057
0.0444642
0.044423
0.0443822
0.0443419
0.0443018
0.0442625
0.0442238
0.0441859
0.0441485
0.0441118
0.0440755
0.0440403
0.0440058
0.0439722
0.0439394
0.0439072
0.0438762
0.0438461
0.0438171
0.0437891
0.0437619
0.0437354
0.0437106
0.0436863
0.0436631
0.0436411
0.0436199
0.0435998
0.0435807
0.0435626
0.043546
0.0435298
0.0435148
0.0435008
0.0434876
0.0434758
0.0434646
0.0434546
0.0434455
0.0434371
0.0434299
0.0434236
0.0434182
0.0434137
0.04341
0.0434071
0.0434051
0.0434038
0.043403
0.0434032
0.0434043
0.0434056
0.0434077
0.0434105
0.0434139
0.0434175
0.0434219
0.0434268
0.0434322
0.043438
0.0434439
0.0434504
0.0434573
0.0434644
0.0434713
0.0434787
0.0434865
0.0434944
0.0435025
0.0435107
0.0435189
0.0435272
0.0435354
0.0435437
0.0435521
0.0435601
0.0435681
0.0435761
0.0435837
0.0435911
0.0435982
0.0436048
0.0436114
0.0436174
0.0436234
0.0436289
0.0436341
0.043639
0.0436431
0.0436469
0.0436505
0.0436534
0.0436555
0.0436571
0.0436584
0.0436592
0.0436593
0.0436584
0.0436574
0.0436558
0.0436535
0.0436507
0.0436467
0.0436423
0.0436375
0.0436324
0.0436263
0.0436193
0.0436124
0.0436044
0.0435958
0.0435864
0.043577
0.0435664
0.0435552
0.0435426
0.0435302
0.0435172
0.0435035
0.0434893
0.0434747
0.0434594
0.0434435
0.0434273
0.0434104
0.0433932
0.0433756
0.0433572
0.043338
0.0433187
0.0432991
0.0432791
0.0432588
0.0432381
0.0432171
0.0431958
0.043174
0.0431523
0.04313
0.0431076
0.0430852
0.0430628
0.0430402
0.0430172
0.0429945
0.0429717
0.0429492
0.0429265
0.0429038
0.0428812
0.0428589
0.0428366
0.0428144
0.0427926
0.0427706
0.0427493
0.042728
0.0427073
0.0426865
0.0426662
0.0426461
0.0426267
0.0426074
0.0425889
0.0425708
0.0425531
0.0425361
0.0425197
0.0425039
0.0424887
0.0424741
0.0424603
0.0424471
0.0424349
0.0424231
0.0424122
0.042402
0.0423926
0.0423841
0.0423764
0.0423696
0.0423634
0.0423581
0.042354
0.0423506
0.0423481
0.0423466
0.0423464
0.0423471
0.0423489
0.0423517
0.0423551
0.04236
0.042366
0.0423729
0.042381
0.0423903
0.0424008
0.0424125
0.0424252
0.042439
0.042454
0.0424702
0.0424875
0.0425059
0.0425254
0.0425462
0.0425682
0.0425914
0.0426158
0.0426414
0.0426685
0.0426962
0.0427254
0.0427557
0.0427873
0.0428202
0.0428541
0.042889
0.042925
0.0429624
0.043001
0.0430407
0.0430815
0.0431235
0.0431666
0.0432106
0.0432561
0.0433025
0.04335
0.0433985
0.043448
0.0434985
0.0435501
0.0436026
0.0436568
0.0437112
0.0437666
0.0438228
0.0438799
0.0439378
0.0439966
0.0440562
0.0441165
0.0441778
0.0442395
0.044302
0.044365
0.0444287
0.044493
0.0445576
0.0446231
0.0446889
0.0447553
0.044822
0.0448887
0.044956
0.0450235
0.0450913
0.0451596
0.0452277
0.0452957
0.045364
0.0454324
0.0455007
0.0455689
0.0456371
0.045705
0.0457726
0.0458401
0.0459073
0.0459749
0.0460414
0.0461074
0.046173
0.0462381
0.0463025
0.0463664
0.0464296
0.0464921
0.0465538
0.0466149
0.046675
0.046734
0.0467925
0.0468498
0.0469066
0.0469617
0.0470161
0.0470689
0.0471208
0.0471716
0.0472211
0.0472698
0.0473167
0.0473624
0.0474064
0.0474494
0.0474909
0.047531
0.0475696
0.0476071
0.0476433
0.0476775
0.0477102
0.0477413
0.0477707
0.0477988
0.0478253
0.0478502
0.0478735
0.0478953
0.0479159
0.0479342
0.0479512
0.0479664
0.0479801
0.0479926
0.0480034
0.0480125
0.0480202
0.0480261
0.0480305
0.0480331
0.0480345
0.0480343
0.0480324
0.048029
0.0480246
0.0480185
0.0480108
0.0480019
0.0479916
0.04798
0.047967
0.0479526
0.0479373
0.0479206
0.0479027
0.0478835
0.0478627
0.0478409
0.047818
0.0477937
0.0477685
0.0477422
0.0477151
0.0476868
0.0476574
0.047627
0.0475957
0.0475634
0.0475302
0.0474961
0.0474614
0.0474257
0.0473891
0.0473517
0.0473135
0.0472746
0.0472352
0.0471949
0.0471536
0.0471117
0.0470694
0.0470262
0.0469825
0.0469386
0.0468942
0.046849
0.0468033
0.0467571
0.0467105
0.0466636
0.0466158
0.0465678
0.0465194
0.0464706
0.0464217
0.0463723
0.0463224
0.0462725
0.0462221
0.0461714
0.0461204
0.0460692
0.0460177
0.0459663
0.0459144
0.0458624
0.0458097
0.0457573
0.0457048
0.0456524
0.0455998
0.045547
0.0454941
0.0454411
0.0453881
0.045335
0.045282
0.0452289
0.0451756
0.0451224
0.0450694
0.0450165
0.0449637
0.044911
0.0448584
0.0448059
0.0447536
0.0447014
0.0446495
0.0445977
0.0445461
0.0444945
0.0444435
0.0443929
0.0443424
0.0442926
0.0442427
0.0441934
0.0441445
0.0440959
0.0440475
0.0439997
0.0439521
0.043905
0.0438584
0.0438123
0.0437664
0.0437213
0.0436768
0.0436324
0.043589
0.0435463
0.043504
0.0434626
0.0434218
0.0433818
0.0433428
0.0433042
0.0432665
0.0432295
0.0431933
0.0431583
0.0431236
0.04309
0.0430574
0.0430257
0.0429947
0.0429647
0.042936
0.0429083
0.0428814
0.042856
0.0428315
0.0428082
0.042786
0.0427652
0.0427454
0.0427268
0.0427095
0.0426934
0.0426787
0.0426652
0.0426531
0.0426427
0.0426334
0.0426253
0.0426188
0.0426139
0.0426104
0.0426088
0.0426084
0.0426096
0.0426122
0.0426166
0.0426227
0.0426302
0.0426396
0.0426508
0.0426639
0.0426786
0.0426951
0.0427133
0.0427335
0.0427559
0.04278
0.0428058
0.0428333
0.0428624
0.0428943
0.0429284
0.042964
0.0430017
0.0430417
0.0430835
0.0431274
0.0431734
0.0432218
0.0432724
0.0433247
0.0433791
0.0434361
0.0434952
0.0435566
0.0436203
0.0436865
0.0437547
0.0438253
0.0438982
0.0439735
0.0440514
0.0441309
0.0442133
0.0442983
0.0443855
0.0444749
0.0445668
0.0446613
0.0447584
0.0448579
0.0449598
0.0450643
0.0451718
0.0452813
0.0453936
0.0455084
0.0456255
0.0457451
0.0458675
0.0459921
0.0461194
0.0462492
0.0463817
0.0465167
0.0466542
0.0467944
0.0469366
0.0470819
0.0472297
0.0473803
0.0475332
0.0476886
0.0478466
0.0480071
0.0481701
0.0483356
0.0485033
0.0486737
0.0488465
0.0490217
0.0491994
0.0493793
0.0495616
0.0497464
0.0499333
0.0501223
0.0503135
0.0505069
0.0507021
0.0508993
0.0510987
0.0513002
0.0515034
0.0517081
0.0519147
0.052123
0.0523333
0.0525448
0.0527572
0.0529712
0.0531863
0.0534023
0.0536196
0.0538372
0.0540561
0.0542756
0.0544957
0.0547162
0.054937
0.0551577
0.055379
0.0555999
0.0558208
0.0560409
0.056261
0.0564802
0.0566987
0.0569163
0.0571328
0.0573479
0.0575618
0.0577744
0.0579858
0.0581952
0.0584027
0.0586084
0.058812
0.0590134
0.0592132
0.0594101
0.0596047
0.0597972
0.0599869
0.0601743
0.0603591
0.0605408
0.0607203
0.0608974
0.0610716
0.0612431
0.061412
0.0615782
0.0617419
0.0619028
0.0620612
0.0622174
0.0623713
0.062523
0.0626725
0.0628199
0.0629654
0.0631087
0.0632504
0.0633908
0.0635296
0.0636672
0.0638036
0.0639389
0.0640734
0.0642071
0.0643405
0.0644734
0.0646058
0.064738
0.0648702
0.0650025
0.065135
0.0652681
0.0654014
0.0655354
0.0656702
0.0658056
0.0659416
0.0660788
0.066217
0.0663562
0.0664968
0.0666383
0.0667811
0.0669249
0.0670698
0.0672159
0.0673628
0.0675109
0.0676601
0.0678107
0.0679612
0.068113
0.0682651
0.0684185
0.068572
0.0687253
0.068879
0.0690326
0.0691859
0.0693384
0.0694908
0.0696425
0.0697931
0.0699426
0.0700904
0.070237
0.070381
0.0705234
0.0706631
0.0708001
0.0709343
0.0710656
0.0711935
0.0713175
0.0714377
0.0715538
0.0716655
0.0717727
0.071875
0.0719723
0.0720644
0.072151
0.0722319
0.072307
0.0723762
0.072439
0.0724954
0.0725453
0.0725887
0.0726251
0.0726545
0.0726772
0.0726924
0.0727002
0.072701
0.0726944
0.0726802
0.0726585
0.0726297
0.0725936
0.0725502
0.0724988
0.0724404
0.0723745
0.0723015
0.0722212
0.0721338
0.0720393
0.071938
0.0718295
0.0717146
0.0715934
0.0714655
0.0713312
0.0711908
0.0710445
0.070892
0.0707346
0.0705712
0.0704022
0.0702284
0.0700495
0.0698659
0.0696779
0.069485
0.0692884
0.0690875
0.068883
0.0686743
0.0684625
0.0682476
0.0680296
0.0678085
0.0675848
0.0673587
0.06713
0.0668991
0.0666663
0.0664316
0.0661951
0.0659573
0.0657183
0.0654781
0.065237
0.0649952
0.0647526
0.0645094
0.0642661
0.0640224
0.0637792
0.0635359
0.0632924
0.0630498
0.0628078
0.0625666
0.0623261
0.0620864
0.0618481
0.0616113
0.0613758
0.0611416
0.0609091
0.0606785
0.0604498
0.0602228
0.0599979
0.0597755
0.0595551
0.0593371
0.0591212
0.0589084
0.0586983
0.0584915
0.0582871
0.0580857
0.0578874
0.0576925
0.0575008
0.0573121
0.0571272
0.0569454
0.0567671
0.0565925
0.0564215
0.0562549
0.0560913
0.0559313
0.0557757
0.0556237
0.0554754
0.0553314
0.0551913
0.0550551
0.0549232
0.0547951
0.0546714
0.0545513
0.0544359
0.0543244
0.0542173
0.0541143
0.0540158
0.0539212
0.0538308
0.0537446
0.0536621
0.0535844
0.0535106
0.0534409
0.0533751
0.0533137
0.0532563
0.0532031
0.0531535
0.0531082
0.0530665
0.0530288
0.052995
0.0529653
0.0529394
0.0529173
0.0528989
0.0528843
0.0528734
0.0528663
0.0528627
0.0528625
0.0528659
0.0528728
0.0528832
0.0528967
0.0529135
0.0529339
0.0529576
0.0529845
0.0530146
0.0530482
0.0530848
0.0531242
0.0531672
0.0532129
0.0532614
0.0533125
0.0533667
0.053424
0.0534839
0.053547
0.0536126
0.0536809
0.0537514
0.0538248
0.0539007
0.0539792
0.0540603
0.0541438
0.0542298
0.0543182
0.054409
0.0545022
0.0545977
0.0546956
0.0547957
0.054898
0.0550021
0.0551087
0.0552174
0.0553287
0.0554418
0.0555573
0.0556745
0.0557938
0.0559151
0.0560383
0.0561631
0.0562899
0.0564187
0.0565493
0.0566818
0.0568157
0.0569518
0.0570893
0.0572284
0.0573692
0.0575117
0.0576554
0.0578006
0.0579473
0.0580948
0.058244
0.0583943
0.0585463
0.0586995
0.0588537
0.0590087
0.0591647
0.0593214
0.059479
0.0596376
0.0597969
0.0599568
0.0601174
0.0602782
0.0604395
0.0606014
0.0607634
0.0609258
0.0610886
0.0612512
0.0614135
0.0615762
0.0617385
0.0619003
0.0620617
0.0622229
0.0623836
0.0625436
0.0627031
0.0628616
0.0630192
0.0631757
0.0633314
0.0634857
0.0636386
0.0637902
0.0639402
0.064089
0.0642355
0.0643807
0.0645238
0.0646647
0.0648037
0.0649408
0.0650753
0.0652075
0.0653373
0.0654642
0.0655888
0.0657104
0.0658291
0.0659449
0.0660575
0.0661671
0.0662735
0.0663765
0.0664759
0.0665719
0.0666643
0.0667529
0.0668376
0.0669186
0.066996
0.0670686
0.0671379
0.0672028
0.0672635
0.06732
0.0673719
0.0674196
0.067463
0.0675019
0.067536
0.0675658
0.0675911
0.0676117
0.0676278
0.0676392
0.0676459
0.0676482
0.0676457
0.0676384
0.067627
0.0676105
0.0675894
0.0675634
0.0675334
0.0674983
0.0674591
0.0674153
0.0673673
0.0673148
0.0672582
0.0671973
0.0671326
0.0670634
0.0669902
0.0669134
0.066833
0.0667488
0.066661
0.0665697
0.0664751
0.0663773
0.0662763
0.0661724
0.0660656
0.065956
0.0658438
0.0657294
0.0656125
0.0654933
0.0653723
0.0652494
0.0651245
0.0649975
0.0648695
0.0647399
0.0646093
0.0644778
0.0643454
0.0642122
0.0640785
0.0639444
0.06381
0.0636755
0.063541
0.0634067
0.0632728
0.0631391
0.0630062
0.0628737
0.0627428
0.0626131
0.0624845
0.0623574
0.0622317
0.0621079
0.0619858
0.0618659
0.061748
0.0616325
0.0615195
0.0614093
0.0613019
0.0611969
0.0610951
0.0609966
0.0609017
0.0608097
0.0607214
0.0606371
0.0605567
0.0604798
0.0604078
0.06034
0.0602765
0.0602179
0.0601638
0.0601145
0.0600702
0.060031
0.0599973
0.0599687
0.0599453
0.0599278
0.0599162
0.0599102
0.0599106
0.0599165
0.0599286
0.0599466
0.0599712
0.0600022
0.0600394
0.0600831
0.0601337
0.0601909
0.0602547
0.0603253
0.0604029
0.060487
0.0605776
0.0606751
0.0607794
0.0608903
0.0610078
0.0611318
0.0612623
0.0613991
0.0615421
0.0616911
0.061846
0.0620066
0.0621724
0.0623435
0.06252
0.0627009
0.0628865
0.0630756
0.0632691
0.0634651
0.0636641
0.0638658
0.0640696
0.0642748
0.0644811
0.0646878
0.0648945
0.0651002
0.0653049
0.0655077
0.0657081
0.0659057
0.0660994
0.0662886
0.066473
0.0666519
0.0668248
0.0669906
0.0671488
0.0672992
0.0674411
0.0675738
0.067697
0.0678102
0.067913
0.0680047
0.068085
0.0681535
0.0682102
0.0682548
0.0682871
0.0683072
0.0683146
0.0683095
0.068292
0.0682622
0.0682202
0.0681662
0.0681006
0.0680234
0.0679351
0.0678365
0.067728
0.0676093
0.0674818
0.0673456
0.0672013
0.0670497
0.0668919
0.0667276
0.0665577
0.0663832
0.0662045
0.0660224
0.0658373
0.0656506
0.0654622
0.0652731
0.0650841
0.0648954
0.0647077
0.0645217
0.0643379
0.0641564
0.0639789
0.0638051
0.0636353
0.06347
0.0633103
0.0631552
0.0630061
0.0628629
0.0627261
0.0625958
0.0624725
0.062356
0.062247
0.0621446
0.0620501
0.0619628
0.061883
0.0618108
0.0617461
0.0616891
0.0616396
0.0615977
0.0615631
0.0615357
0.0615158
0.061503
0.0614972
0.0614983
0.0615051
0.0615193
0.0615398
0.0615663
0.0615987
0.0616368
0.0616804
0.0617288
0.0617821
0.06184
0.0619016
0.0619674
0.0620368
0.0621098
0.0621858
0.062264
0.0623448
0.0624275
0.0625122
0.0625981
0.0626849
0.0627723
0.0628598
0.0629477
0.0630346
0.0631205
0.0632055
0.0632883
0.0633693
0.0634477
0.0635236
0.0635962
0.0636655
0.0637313
0.0637925
0.0638493
0.0639015
0.0639486
0.06399
0.0640258
0.0640553
0.0640789
0.0640962
0.0641067
0.0641103
0.0641068
0.0640961
0.0640777
0.0640514
0.0640175
0.0639757
0.0639259
0.0638679
0.0638016
0.0637274
0.0636449
0.063554
0.0634554
0.0633485
0.0632332
0.0631103
0.0629795
0.0628409
0.0626947
0.0625412
0.0623798
0.062212
0.0620372
0.0618561
0.0616684
0.0614745
0.0612748
0.0610695
0.0608591
0.0606435
0.0604234
0.060199
0.0599702
0.0597377
0.0595015
0.0592624
0.0590206
0.0587763
0.0585297
0.0582815
0.0580318
0.0577808
0.0575295
0.0572773
0.0570253
0.0567728
0.0565215
0.0562704
0.0560202
0.0557714
0.0555242
0.0552788
0.0550352
0.0547939
0.0545551
0.0543189
0.0540857
0.0538553
0.0536287
0.0534054
0.0531857
0.0529698
0.0527578
0.05255
0.0523464
0.0521469
0.051952
0.0517615
0.0515757
0.0513943
0.0512183
0.0510469
0.0508806
0.0507193
0.0505631
0.0504117
0.0502654
0.0501247
0.0499886
0.0498579
0.0497321
0.0496117
0.0494963
0.0493861
0.0492813
0.0491814
0.0490865
0.0489967
0.0489118
0.0488319
0.0487571
0.0486869
0.0486213
0.0485607
0.0485046
0.0484536
0.0484069
0.0483647
0.048327
0.0482936
0.0482646
0.04824
0.0482193
0.0482027
0.0481901
0.0481814
0.0481763
0.0481754
0.048178
0.0481842
0.0481938
0.0482068
0.0482232
0.0482435
0.0482665
0.0482923
0.0483215
0.0483533
0.0483876
0.0484247
0.0484638
0.0485059
0.0485501
0.0485969
0.0486459
0.048697
0.0487501
0.0488051
0.048862
0.0489208
0.0489808
0.0490427
0.0491062
0.0491705
0.0492367
0.0493037
0.0493718
0.0494408
0.0495108
0.0495815
0.0496532
0.0497254
0.049798
0.0498714
0.0499447
0.0500186
0.0500927
0.0501669
0.0502415
0.0503159
0.0503904
0.0504646
0.0505386
0.0506123
0.0506858
0.0507588
0.0508315
0.0509037
0.0509754
0.0510462
0.0511168
0.0511867
0.0512559
0.0513244
0.0513924
0.0514595
0.0515255
0.0515911
0.0516556
0.0517195
0.0517826
0.0518452
0.0519068
0.0519673
0.0520274
0.0520866
0.0521452
0.0522031
0.0522604
0.052317
0.052373
0.0524286
0.0524836
0.0525383
0.0525925
0.0526465
0.0527
0.0527535
0.052807
0.0528604
0.0529139
0.0529675
0.0530213
0.0530755
0.05313
0.053185
0.0532406
0.0532969
0.0533539
0.0534117
0.0534705
0.0535304
0.0535913
0.0536532
0.0537167
0.0537815
0.0538478
0.0539157
0.0539849
0.0540558
0.0541288
0.0542035
0.0542801
0.0543586
0.0544393
0.0545218
0.0546065
0.054693
0.0547815
0.0548721
0.0549646
0.0550592
0.0551556
0.0552542
0.0553541
0.0554552
0.0555587
0.0556635
0.0557699
0.0558776
0.0559864
0.0560961
0.0562065
0.0563175
0.0564288
0.0565402
0.0566515
0.0567621
0.0568722
0.0569814
0.0570892
0.0571955
0.0572996
0.0574016
0.0575011
0.0575976
0.0576911
0.0577806
0.0578662
0.0579473
0.0580237
0.0580953
0.0581611
0.0582212
0.0582751
0.0583225
0.0583632
0.0583969
0.0584236
0.0584423
0.0584534
0.058456
0.0584505
0.0584367
0.0584143
0.0583832
0.0583434
0.058295
0.0582375
0.0581713
0.0580962
0.0580118
0.0579194
0.0578185
0.0577093
0.0575915
0.0574662
0.057333
0.0571925
0.0570454
0.0568907
0.0567299
0.0565627
0.0563899
0.0562115
0.0560279
0.0558396
0.055647
0.0554506
0.0552507
0.0550479
0.0548422
0.0546343
0.0544246
0.0542136
0.0540014
0.0537882
0.053575
0.0533619
0.0531492
0.0529373
0.0527266
0.0525174
0.0523098
0.0521042
0.0519009
0.0516997
0.0515018
0.0513067
0.0511148
0.0509266
0.0507421
0.0505613
0.0503845
0.0502113
0.0500429
0.0498787
0.0497188
0.0495634
0.0494125
0.0492669
0.0491257
0.048989
0.0488572
0.0487304
0.0486081
0.048491
0.0483785
0.048271
0.0481684
0.048071
0.0479779
0.0478895
0.0478058
0.047727
0.0476523
0.0475823
0.0475169
0.0474561
0.047399
0.0473466
0.0472987
0.0472545
0.0472146
0.0471787
0.0471467
0.0471186
0.0470943
0.0470735
0.0470565
0.0470433
0.0470333
0.0470267
0.0470234
0.0470231
0.0470262
0.0470324
0.0470415
0.0470536
0.0470685
0.0470862
0.0471063
0.047129
0.0471542
0.0471824
0.0472127
0.0472454
0.04728
0.0473166
0.0473558
0.047397
0.0474403
0.0474852
0.0475321
0.0475807
0.0476311
0.0476826
0.0477362
0.0477914
0.047848
0.0479062
0.0479656
0.0480262
0.0480881
0.048151
0.0482152
0.0482807
0.0483473
0.0484146
0.0484831
0.0485522
0.0486224
0.0486929
0.0487645
0.0488367
0.0489095
0.0489833
0.0490571
0.0491315
0.0492069
0.0492824
0.0493582
0.0494346
0.0495113
0.0495883
0.0496654
0.049743
0.0498208
0.0498987
0.0499771
0.0500551
0.0501334
0.0502115
0.0502899
0.0503683
0.0504467
0.0505248
0.0506031
0.050681
0.050759
0.0508369
0.0509146
0.0509919
0.0510692
0.0511463
0.0512231
0.0512997
0.051376
0.0514521
0.0515278
0.0516028
0.0516775
0.0517521
0.0518263
0.0519001
0.0519735
0.0520464
0.0521189
0.0521912
0.0522631
0.0523342
0.0524052
0.0524756
0.0525453
0.0526147
0.0526834
0.0527516
0.0528195
0.0528867
0.0529533
0.0530194
0.0530849
0.0531499
0.0532144
0.0532783
0.0533417
0.0534045
0.0534667
0.0535284
0.0535893
0.0536499
0.0537099
0.0537688
0.0538277
0.0538858
0.0539435
0.0540001
0.0540567
0.0541127
0.0541676
0.0542224
0.0542766
0.05433
0.0543827
0.0544354
0.0544872
0.0545383
0.0545889
0.0546388
0.0546883
0.054737
0.0547852
0.0548328
0.0548797
0.0549257
0.054971
0.0550156
0.0550598
0.055103
0.0551455
0.0551872
0.055228
0.0552682
0.0553072
0.0553456
0.0553835
0.0554205
0.0554567
0.0554921
0.0555266
0.0555605
0.0555933
0.0556249
0.0556559
0.0556859
0.055715
0.0557431
0.0557706
0.055797
0.0558222
0.0558464
0.0558701
0.055892
0.0559131
0.0559332
0.0559525
0.0559705
0.0559874
0.0560032
0.056018
0.0560319
0.0560445
0.056056
0.0560663
0.0560757
0.0560839
0.056091
0.056097
0.056102
0.0561059
0.0561087
0.0561107
0.0561114
0.0561108
0.0561094
0.056107
0.0561034
0.056099
0.0560937
0.0560874
0.0560802
0.056072
0.056063
0.0560534
0.0560427
0.0560312
0.0560191
0.056006
0.0559925
0.0559777
0.0559624
0.0559466
0.0559302
0.0559132
0.055896
0.055878
0.0558595
0.0558407
0.0558214
0.0558016
0.0557817
0.0557615
0.0557411
0.0557203
0.0556995
0.0556787
0.0556577
0.0556368
0.0556161
0.0555952
0.0555744
0.0555537
0.055533
0.0555124
0.0554926
0.0554724
0.055453
0.0554344
0.0554155
0.0553973
0.0553794
0.0553621
0.0553454
0.0553293
0.0553139
0.055299
0.0552846
0.0552711
0.0552586
0.0552466
0.0552353
0.0552249
0.0552153
0.0552062
0.0551983
0.0551913
0.0551847
0.0551794
0.0551751
0.0551716
0.0551692
0.0551674
0.0551668
0.0551671
0.0551684
0.0551706
0.0551738
0.0551776
0.0551826
0.0551888
0.0551956
0.0552033
0.0552121
0.055221
0.0552315
0.0552428
0.0552547
0.0552673
0.0552808
0.0552946
0.0553096
0.0553251
0.0553413
0.0553578
0.0553751
0.0553927
0.0554107
0.0554291
0.0554474
0.0554665
0.0554859
0.0555053
0.0555252
0.0555452
0.0555654
0.0555856
0.0556061
0.0556263
0.0556467
0.0556668
0.0556868
0.0557066
0.0557259
0.0557452
0.0557639
0.0557826
0.0558006
0.0558181
0.0558355
0.0558523
0.0558688
0.0558851
0.0559006
0.0559155
0.0559298
0.0559436
0.0559567
0.0559693
0.0559812
0.0559924
0.0560031
0.0560131
0.0560224
0.0560311
0.056039
0.0560465
0.0560538
0.05606
0.056066
0.0560711
0.0560756
0.0560797
0.0560832
0.0560863
0.0560889
0.0560911
0.0560927
0.0560942
0.0560953
0.0560961
0.0560969
0.0560975
0.0560977
0.0560977
0.0560977
0.0560975
0.0560971
0.0560969
0.0560967
0.0560964
0.0560962
0.0560964
0.0560968
0.0560976
0.0560982
0.0560995
0.056101
0.0561025
0.0561049
0.0561074
0.0561106
0.056114
0.0561179
0.0561221
0.0561269
0.0561324
0.0561383
0.0561446
0.0561516
0.0561593
0.0561677
0.0561766
0.0561859
0.0561964
0.056207
0.0562181
0.0562298
0.0562421
0.056255
0.0562684
0.0562826
0.0562968
0.0563116
0.056327
0.056343
0.0563593
0.0563764
0.0563933
0.0564109
0.0564293
0.0564473
0.0564656
0.0564846
0.0565036
0.0565228
0.0565419
0.0565614
0.056581
0.0566006
0.0566197
0.0566393
0.0566588
0.0566785
0.0566976
0.0567167
0.0567356
0.0567542
0.0567726
0.0567906
0.0568082
0.0568255
0.0568422
0.0568583
0.056874
0.0568892
0.0569038
0.0569177
0.056931
0.0569435
0.056955
0.056966
0.0569767
0.056986
0.0569944
0.0570016
0.0570081
0.0570139
0.0570184
0.0570219
0.0570241
0.0570251
0.0570253
0.0570243
0.0570222
0.0570188
0.0570142
0.0570081
0.057001
0.0569926
0.0569831
0.0569719
0.0569597
0.056946
0.0569314
0.0569149
0.0568971
0.0568778
0.0568571
0.0568351
0.0568116
0.0567869
0.0567603
0.0567325
0.0567033
0.0566726
0.0566407
0.0566072
0.0565725
0.0565362
0.0564982
0.056459
0.0564182
0.0563765
0.056333
0.0562881
0.0562421
0.0561943
0.0561457
0.0560955
0.0560444
0.055992
0.0559386
0.055884
0.055828
0.0557704
0.0557124
0.0556529
0.0555925
0.0555311
0.0554687
0.0554056
0.0553413
0.0552762
0.0552102
0.0551432
0.0550756
0.0550076
0.0549386
0.0548687
0.0547984
0.0547276
0.0546561
0.0545843
0.054512
0.0544396
0.0543667
0.0542932
0.0542197
0.0541458
0.0540717
0.0539978
0.0539238
0.0538493
0.0537754
0.0537016
0.0536276
0.0535539
0.0534805
0.0534075
0.053335
0.0532628
0.0531911
0.0531199
0.0530496
0.0529793
0.05291
0.0528416
0.052774
0.0527073
0.0526411
0.052576
0.0525118
0.0524486
0.0523868
0.0523259
0.0522659
0.0522072
0.05215
0.0520942
0.0520393
0.0519861
0.0519349
0.0518848
0.0518365
0.0517897
0.0517446
0.0517014
0.0516601
0.0516204
0.0515824
0.0515469
0.0515133
0.0514818
0.0514531
0.0514259
0.0514011
0.0513785
0.0513583
0.0513403
0.0513245
0.0513112
0.0513
0.0512911
0.0512855
0.0512822
0.0512808
0.0512828
0.0512874
0.0512943
0.0513042
0.0513171
0.0513327
0.0513513
0.0513724
0.0513966
0.0514237
0.0514538
0.051487
0.0515229
0.0515617
0.0516032
0.051648
0.0516957
0.0517463
0.0517999
0.0518565
0.0519157
0.0519779
0.0520432
0.0521111
0.0521821
0.052256
0.0523326
0.0524121
0.0524942
0.052579
0.0526662
0.0527562
0.0528488
0.0529436
0.053041
0.0531408
0.0532426
0.0533469
0.0534533
0.053562
0.0536722
0.053784
0.0538981
0.0540139
0.0541314
0.0542506
0.0543708
0.0544925
0.0546154
0.0547395
0.0548651
0.0549908
0.0551177
0.0552454
0.0553736
0.0555022
0.0556315
0.0557608
0.05589
0.0560198
0.0561493
0.0562787
0.0564082
0.056537
0.0566654
0.0567934
0.0569207
0.0570476
0.0571734
0.0572982
0.0574222
0.0575453
0.057667
0.057788
0.0579073
0.0580256
0.0581425
0.0582579
0.0583719
0.0584846
0.0585955
0.0587049
0.0588125
0.0589182
0.0590222
0.0591244
0.0592249
0.0593232
0.0594196
0.0595139
0.0596058
0.059696
0.0597842
0.0598701
0.0599537
0.0600348
0.060114
0.0601909
0.0602652
0.0603369
0.0604062
0.0604729
0.0605371
0.0605986
0.0606574
0.0607132
0.0607666
0.0608171
0.0608649
0.0609097
0.0609515
0.0609905
0.0610269
0.0610601
0.0610904
0.0611177
0.061142
0.0611637
0.0611822
0.0611979
0.0612109
0.0612205
0.0612277
0.0612326
0.0612346
0.0612342
0.0612311
0.0612259
0.0612186
0.0612093
0.0611981
0.0611852
0.0611707
0.0611548
0.0611378
0.0611197
0.0611014
0.061082
0.0610621
0.0610422
0.0610225
0.0610032
0.0609845
0.0609663
0.0609494
0.060934
0.0609204
0.0609089
0.0608995
0.0608927
0.0608885
0.0608875
0.0608896
0.0608954
0.0609048
0.0609184
0.0609356
0.0609579
0.0609848
0.0610166
0.061054
0.0610962
0.0611438
0.061197
0.061256
0.061321
0.0613916
0.0614686
0.0615514
0.0616403
0.0617354
0.0618366
0.0619439
0.0620574
0.0621769
0.0623025
0.0624337
0.0625709
0.0627133
0.0628614
0.0630143
0.0631719
0.0633348
0.0635014
0.063672
0.0638466
0.0640246
0.0642055
0.0643891
0.0645748
0.0647625
0.0649513
0.0651409
0.0653308
0.0655206
0.0657097
0.0658976
0.0660838
0.0662678
0.0664492
0.0666266
0.0668007
0.0669705
0.0671356
0.0672951
0.0674489
0.0675965
0.0677369
0.0678702
0.0679958
0.0681133
0.0682221
0.0683225
0.0684137
0.0684957
0.068568
0.0686305
0.068683
0.0687256
0.0687582
0.0687799
0.0687914
0.0687924
0.0687831
0.0687635
0.0687337
0.0686939
0.0686441
0.068584
0.0685146
0.0684359
0.0683483
0.068252
0.068147
0.0680337
0.0679124
0.0677835
0.0676472
0.0675037
0.0673537
0.0671974
0.0670351
0.0668674
0.0666941
0.0665159
0.0663329
0.0661457
0.0659544
0.0657594
0.065561
0.0653597
0.0651554
0.0649484
0.064739
0.0645281
0.0643153
0.0641009
0.0638856
0.0636689
0.0634517
0.0632336
0.0630152
0.0627965
0.0625776
0.0623588
0.0621407
0.0619231
0.0617059
0.0614896
0.0612748
0.0610607
0.0608477
0.0606366
0.0604274
0.0602195
0.0600137
0.05981
0.0596084
0.0594089
0.0592121
0.0590178
0.0588264
0.0586376
0.058452
0.0582692
0.0580895
0.057913
0.05774
0.0575701
0.0574038
0.0572415
0.0570828
0.0569278
0.0567769
0.05663
0.0564871
0.0563481
0.0562135
0.0560834
0.055957
0.0558352
0.0557179
0.0556046
0.055496
0.0553914
0.0552911
0.055195
0.055103
0.0550149
0.0549314
0.054852
0.054777
0.0547052
0.0546374
0.054573
0.0545122
0.0544549
0.0544007
0.0543497
0.0543014
0.054256
0.0542132
0.0541726
0.054134
0.0540973
0.0540619
0.0540281
0.0539954
0.053963
0.0539316
0.0539005
0.0538693
0.0538379
0.0538059
0.0537725
0.0537384
0.0537029
0.0536657
0.0536264
0.0535847
0.0535409
0.053494
0.0534442
0.0533908
0.0533342
0.0532741
0.0532098
0.0531413
0.0530685
0.0529913
0.0529099
0.0528238
0.0527328
0.0526373
0.052537
0.0524316
0.0523215
0.0522067
0.0520868
0.0519625
0.0518335
0.0516999
0.0515617
0.0514194
0.0512727
0.0511223
0.0509681
0.0508103
0.0506491
0.0504848
0.0503176
0.0501477
0.0499754
0.0498009
0.0496246
0.0494467
0.0492677
0.0490875
0.0489064
0.0487249
0.0485432
0.0483616
0.0481804
0.0479997
0.04782
0.0476414
0.0474642
0.0472889
0.0471153
0.0469435
0.0467743
0.0466077
0.0464433
0.0462824
0.0461245
0.04597
0.045819
0.0456715
0.0455278
0.045388
0.0452521
0.0451197
0.0449924
0.0448692
0.0447503
0.0446359
0.044526
0.0444205
0.04432
0.0442236
0.0441322
0.0440454
0.0439636
0.0438862
0.0438138
0.0437458
0.0436824
0.043624
0.0435701
0.0435206
0.0434757
0.0434354
0.0433994
0.0433683
0.0433412
0.043318
0.0432992
0.0432845
0.043274
0.0432674
0.0432647
0.0432658
0.0432707
0.0432793
0.0432914
0.0433071
0.0433261
0.0433484
0.0433741
0.0434027
0.0434343
0.0434688
0.0435056
0.0435455
0.0435881
0.0436329
0.0436802
0.0437299
0.0437817
0.0438353
0.043891
0.0439486
0.0440079
0.044069
0.0441313
0.0441948
0.0442596
0.0443259
0.0443928
0.0444611
0.04453
0.0445995
0.0446697
0.0447403
0.0448112
0.0448825
0.044954
0.0450254
0.0450967
0.0451678
0.0452384
0.0453086
0.0453785
0.0454481
0.0455167
0.0455845
0.0456514
0.0457173
0.0457822
0.0458456
0.045908
0.045969
0.0460286
0.0460867
0.0461434
0.0461987
0.0462517
0.0463029
0.0463518
0.0463989
0.0464442
0.0464875
0.0465286
0.0465675
0.0466041
0.0466382
0.0466702
0.0466998
0.0467273
0.046752
0.0467743
0.0467941
0.0468113
0.0468259
0.0468385
0.046848
0.0468554
0.0468597
0.0468614
0.0468605
0.046857
0.046851
0.0468423
0.0468311
0.0468174
0.0468011
0.0467823
0.0467611
0.0467371
0.0467108
0.0466824
0.046652
0.0466192
0.0465841
0.0465466
0.046507
0.0464652
0.0464214
0.0463757
0.0463282
0.0462786
0.046227
0.0461739
0.0461192
0.0460628
0.0460048
0.0459454
0.0458846
0.045823
0.04576
0.0456954
0.0456295
0.0455627
0.045495
0.0454264
0.045357
0.0452868
0.0452159
0.0451444
0.0450725
0.045
0.0449274
0.0448545
0.044781
0.0447072
0.0446336
0.0445599
0.0444864
0.0444127
0.0443394
0.0442668
0.0441939
0.0441213
0.0440494
0.0439781
0.0439073
0.0438369
0.0437672
0.0436985
0.0436306
0.0435633
0.0434967
0.0434315
0.0433674
0.0433045
0.0432426
0.0431818
0.0431225
0.043064
0.043007
0.0429514
0.0428971
0.0428443
0.042793
0.0427432
0.0426949
0.0426479
0.0426029
0.0425594
0.0425177
0.0424777
0.0424394
0.0424026
0.0423679
0.042335
0.042304
0.0422748
0.0422476
0.0422225
0.0421994
0.042178
0.0421581
0.0421409
0.0421255
0.0421119
0.0421011
0.0420919
0.0420848
0.0420795
0.0420766
0.0420759
0.0420775
0.0420815
0.0420872
0.0420954
0.0421055
0.0421178
0.0421323
0.042149
0.042168
0.0421891
0.0422128
0.0422387
0.0422669
0.0422971
0.0423293
0.0423643
0.0424008
0.0424401
0.0424817
0.0425256
0.0425717
0.0426202
0.042671
0.042724
0.0427794
0.0428371
0.0428971
0.0429594
0.0430245
0.0430914
0.0431607
0.0432325
0.0433064
0.0433826
0.0434611
0.043542
0.0436254
0.0437109
0.0437987
0.0438888
0.0439813
0.0440758
0.0441726
0.044272
0.0443738
0.0444778
0.0445837
0.0446923
0.0448033
0.0449165
0.0450319
0.0451495
0.0452696
0.0453923
0.0455168
0.0456438
0.0457731
0.0459047
0.0460385
0.0461746
0.046313
0.0464533
0.0465959
0.046741
0.0468885
0.047038
0.0471897
0.0473435
0.0474996
0.0476579
0.0478183
0.0479808
0.0481457
0.0483127
0.0484819
0.0486528
0.0488261
0.049001
0.0491781
0.0493575
0.0495386
0.0497217
0.0499067
0.0500939
0.0502828
0.0504735
0.0506663
0.0508609
0.051057
0.0512546
0.0514542
0.0516555
0.0518579
0.0520624
0.0522684
0.0524762
0.0526853
0.0528957
0.0531077
0.0533208
0.0535352
0.0537507
0.0539674
0.0541852
0.0544037
0.0546233
0.0548436
0.0550651
0.055287
0.0555095
0.0557325
0.0559557
0.0561791
0.0564027
0.0566266
0.0568507
0.0570744
0.0572975
0.0575205
0.0577428
0.0579642
0.0581845
0.0584042
0.0586228
0.0588395
0.0590547
0.0592681
0.059479
0.0596874
0.0598936
0.0600973
0.060298
0.0604956
0.0606903
0.0608808
0.0610674
0.0612499
0.061428
0.0616018
0.06177
0.0619333
0.0620914
0.0622432
0.0623891
0.062529
0.0626625
0.0627892
0.062909
0.0630216
0.0631268
0.0632243
0.0633143
0.0633961
0.0634697
0.0635352
0.0635922
0.0636404
0.0636798
0.0637107
0.0637325
0.0637454
0.063749
0.0637439
0.06373
0.0637072
0.0636753
0.0636345
0.0635849
0.0635265
0.0634597
0.0633846
0.0633016
0.0632102
0.0631112
0.0630044
0.0628902
0.0627688
0.0626402
0.0625053
0.0623639
0.0622165
0.0620633
0.0619045
0.0617401
0.0615712
0.0613978
0.0612197
0.061038
0.0608523
0.0606635
0.0604716
0.0602769
0.0600797
0.0598806
0.0596793
0.0594763
0.0592715
0.059066
0.0588594
0.0586527
0.0584452
0.0582379
0.0580302
0.0578233
0.0576163
0.0574098
0.0572041
0.0569986
0.0567949
0.0565925
0.0563913
0.0561914
0.0559931
0.0557963
0.0556014
0.0554083
0.055217
0.0550278
0.0548408
0.0546554
0.0544723
0.0542917
0.054113
0.0539365
0.053762
0.0535898
0.05342
0.053253
0.0530878
0.0529249
0.0527643
0.0526057
0.0524496
0.052296
0.0521443
0.0519949
0.0518479
0.0517029
0.0515602
0.0514194
0.0512808
0.051144
0.0510094
0.0508769
0.0507466
0.0506181
0.0504915
0.0503668
0.050244
0.0501228
0.0500037
0.0498864
0.0497706
0.0496568
0.0495447
0.0494346
0.0493258
0.0492187
0.049113
0.0490091
0.0489068
0.0488058
0.0487063
0.0486083
0.048512
0.0484171
0.0483237
0.0482317
0.0481411
0.0480519
0.047964
0.0478775
0.0477926
0.0477089
0.0476265
0.0475452
0.0474652
0.0473863
0.0473088
0.0472324
0.0471573
0.0470834
0.0470106
0.046939
0.0468686
0.0467996
0.0467313
0.0466643
0.0465985
0.0465338
0.0464699
0.0464074
0.046346
0.0462854
0.0462261
0.0461684
0.0461107
0.0460548
0.0459998
0.045946
0.0458927
0.0458407
0.0457897
0.0457397
0.0456904
0.0456426
0.0455957
0.0455496
0.0455045
0.0454605
0.0454174
0.0453751
0.0453336
0.0452931
0.0452537
0.0452149
0.045177
0.0451398
0.0451036
0.0450683
0.0450336
0.045
0.0449671
0.0449351
0.0449039
0.0448734
0.0448437
0.0448148
0.0447867
0.0447592
0.044732
0.0447063
0.0446812
0.0446566
0.0446329
0.0446097
0.0445871
0.0445649
0.0445436
0.0445226
0.0445025
0.0444828
0.0444637
0.0444453
0.0444278
0.0444106
0.0443937
0.0443773
0.0443617
0.0443466
0.0443321
0.0443182
0.0443046
0.0442915
0.0442786
0.0442668
0.0442551
0.0442438
0.0442329
0.0442227
0.0442127
0.044203
0.0441939
0.0441851
0.0441767
0.0441685
0.0441609
0.0441532
0.0441464
0.0441399
0.0441339
0.0441282
0.0441232
0.0441183
0.0441135
0.0441092
0.0441054
0.044102
0.0440991
0.0440965
0.0440943
0.0440925
0.0440911
0.0440902
0.0440894
0.0440892
0.0440898
0.0440905
0.0440914
0.0440933
0.0440954
0.0440978
0.0441008
0.0441044
0.044108
0.0441126
0.0441177
0.0441234
0.0441299
0.0441368
0.0441442
0.0441527
0.0441611
0.0441705
0.0441804
0.0441911
0.0442025
0.0442143
0.0442267
0.0442403
0.0442547
0.0442699
0.0442859
0.0443028
0.0443206
0.0443392
0.0443586
0.0443792
0.0444009
0.0444235
0.0444471
0.0444723
0.0444978
0.0445248
0.0445529
0.0445822
0.0446127
0.0446446
0.0446777
0.0447124
0.0447479
0.0447852
0.0448235
0.0448638
0.0449059
0.0449497
0.0449946
0.0450412
0.0450899
0.0451401
0.0451924
0.0452469
0.0453034
0.0453617
0.0454219
0.0454843
0.0455492
0.0456165
0.0456859
0.045758
0.045833
0.0459104
0.0459903
0.0460733
0.046159
0.0462479
0.0463401
0.0464357
0.0465344
0.0466367
0.0467425
0.0468519
0.0469654
0.0470831
0.0472047
0.0473304
0.0474608
0.0475958
0.0477358
0.0478804
0.0480302
0.0481855
0.0483457
0.0485121
0.0486845
0.0488627
0.0490469
0.0492375
0.0494349
0.0496389
0.0498501
0.0500683
0.0502937
0.0505266
0.0507676
0.0510161
0.0512732
0.0515389
0.0518127
0.0520956
0.0523873
0.0526874
0.052997
0.0533156
0.0536433
0.0539803
0.0543267
0.0546821
0.0550466
0.0554204
0.0558029
0.0561941
0.0565939
0.0570017
0.0574177
0.0578409
0.058271
0.0587076
0.0591499
0.0595974
0.0600496
0.0605052
0.0609633
0.0614232
0.0618835
0.0623432
0.062801
0.063256
0.0637065
0.0641511
0.0645886
0.0650174
0.0654361
0.0658428
0.0662359
0.0666141
0.0669755
0.0673188
0.0676423
0.0679446
0.0682243
0.0684802
0.0687106
0.0689145
0.0690911
0.0692392
0.0693582
0.0694473
0.0695068
0.0695353
0.0695332
0.0695004
0.0694372
0.0693439
0.0692211
0.0690694
0.0688897
0.0686832
0.0684505
0.0681931
0.0679123
0.0676095
0.0672865
0.0669444
0.0665847
0.0662091
0.0658198
0.0654184
0.0650062
0.0645852
0.0641569
0.0637227
0.0632844
0.0628434
0.062401
0.0619587
0.0615177
0.0610792
0.0606445
0.0602145
0.0597902
0.0593725
0.0589622
0.0585601
0.0581671
0.0577833
0.0574095
0.057046
0.0566934
0.0563519
0.0560218
0.0557033
0.0553966
0.0551019
0.0548186
0.0545476
0.0542889
0.0540423
0.053808
0.0535852
0.0533741
0.0531749
0.052987
0.0528101
0.0526447
0.0524902
0.0523467
0.0522135
0.0520908
0.0519783
0.0518754
0.0517822
0.0516983
0.0516234
0.0515579
0.0515009
0.0514523
0.0514122
0.0513798
0.0513547
0.0513379
0.0513281
0.0513251
0.0513292
0.0513399
0.0513573
0.0513806
0.0514097
0.0514447
0.0514853
0.0515313
0.0515824
0.0516383
0.0516989
0.0517646
0.0518344
0.051908
0.0519861
0.052068
0.0521533
0.0522421
0.0523345
0.05243
0.0525285
0.0526297
0.0527337
0.0528401
0.0529488
0.0530597
0.0531725
0.0532872
0.0534036
0.0535213
0.0536406
0.0537611
0.0538831
0.0540054
0.0541284
0.0542526
0.054377
0.0545018
0.0546267
0.054752
0.054877
0.0550018
0.055126
0.0552498
0.0553732
0.0554956
0.0556175
0.0557382
0.055858
0.0559767
0.056094
0.05621
0.0563247
0.0564375
0.0565486
0.056658
0.0567657
0.0568714
0.0569748
0.0570761
0.0571754
0.0572722
0.0573667
0.0574591
0.0575487
0.0576356
0.0577203
0.057802
0.0578815
0.0579582
0.0580324
0.058104
0.058173
0.058239
0.0583023
0.0583631
0.058421
0.0584762
0.0585287
0.0585785
0.0586256
0.0586702
0.0587124
0.0587518
0.0587887
0.0588234
0.0588556
0.058885
0.0589123
0.0589373
0.0589601
0.0589808
0.0589993
0.0590158
0.0590304
0.059043
0.059054
0.0590628
0.0590701
0.0590758
0.05908
0.0590826
0.0590838
0.0590839
0.0590824
0.0590797
0.0590759
0.059071
0.059065
0.0590579
0.05905
0.0590413
0.0590316
0.0590214
0.059011
0.0589995
0.0589873
0.0589751
0.058962
0.0589483
0.0589338
0.0589194
0.0589046
0.0588895
0.058874
0.0588584
0.0588424
0.0588265
0.0588101
0.0587935
0.0587767
0.0587595
0.0587424
0.0587251
0.0587076
0.05869
0.0586722
0.0586542
0.0586362
0.0586178
0.0585992
0.0585804
0.0585614
0.0585419
0.0585226
0.0585028
0.0584827
0.0584623
0.0584412
0.0584201
0.0583986
0.0583767
0.0583544
0.0583316
0.0583083
0.0582845
0.0582602
0.0582354
0.05821
0.058184
0.0581574
0.0581299
0.0581023
0.0580737
0.0580444
0.0580146
0.0579839
0.0579524
0.0579199
0.0578868
0.057853
0.057818
0.0577823
0.0577462
0.057709
0.0576711
0.0576322
0.0575921
0.0575514
0.0575093
0.0574668
0.0574234
0.0573789
0.0573334
0.0572873
0.0572404
0.0571922
0.0571435
0.0570938
0.0570433
0.0569917
0.0569395
0.0568864
0.0568322
0.0567777
0.0567222
0.0566658
0.0566087
0.0565508
0.0564921
0.056433
0.0563729
0.056312
0.0562503
0.0561882
0.0561254
0.0560617
0.0559977
0.0559329
0.0558675
0.0558018
0.0557354
0.0556688
0.0556019
0.0555343
0.0554663
0.0553975
0.0553286
0.0552593
0.0551899
0.0551203
0.0550504
0.0549803
0.0549102
0.05484
0.0547692
0.054698
0.0546276
0.0545568
0.0544857
0.0544146
0.0543442
0.0542732
0.0542025
0.054132
0.0540618
0.0539914
0.0539211
0.0538509
0.0537812
0.0537121
0.0536432
0.0535748
0.0535067
0.0534391
0.053372
0.0533053
0.0532391
0.0531735
0.0531084
0.0530437
0.0529797
0.0529165
0.052854
0.0527925
0.0527314
0.0526711
0.0526115
0.0525528
0.0524949
0.052438
0.0523817
0.0523266
0.0522721
0.0522187
0.0521658
0.0521143
0.0520634
0.0520135
0.0519648
0.0519163
0.0518692
0.0518228
0.0517779
0.0517334
0.05169
0.0516476
0.0516064
0.0515658
0.051526
0.0514872
0.0514491
0.0514119
0.0513754
0.0513395
0.0513045
0.0512705
0.0512368
0.051204
0.0511715
0.0511395
0.0511083
0.0510769
0.051046
0.0510155
0.0509854
0.0509549
0.0509252
0.0508957
0.0508658
0.0508359
0.0508058
0.0507753
0.0507447
0.0507137
0.0506823
0.0506503
0.0506178
0.0505843
0.05055
0.0505152
0.0504794
0.0504423
0.0504047
0.0503654
0.0503251
0.0502837
0.0502407
0.0501965
0.0501505
0.0501029
0.0500534
0.0500024
0.0499496
0.0498949
0.0498384
0.0497801
0.0497195
0.0496569
0.0495922
0.0495254
0.0494564
0.0493849
0.0493115
0.0492361
0.0491584
0.0490782
0.0489952
0.0489107
0.0488239
0.0487344
0.0486428
0.048549
0.0484527
0.0483548
0.0482544
0.0481518
0.0480474
0.0479407
0.0478318
0.0477208
0.0476082
0.0474938
0.0473775
0.0472595
0.0471396
0.0470183
0.0468957
0.0467716
0.0466456
0.0465183
0.0463898
0.0462601
0.0461297
0.0459981
0.0458656
0.0457322
0.045598
0.0454629
0.0453274
0.0451919
0.0450557
0.0449188
0.0447817
0.0446443
0.0445069
0.0443693
0.0442316
0.0440941
0.0439571
0.0438201
0.0436834
0.0435468
0.0434112
0.0432753
0.0431405
0.0430064
0.042873
0.0427403
0.0426085
0.0424773
0.0423475
0.0422188
0.0420908
0.041964
0.0418385
0.041714
0.0415907
0.0414687
0.0413485
0.0412292
0.0411111
0.0409949
0.0408799
0.0407663
0.0406542
0.0405434
0.0404348
0.0403278
0.0402225
0.0401191
0.040017
0.039917
0.0398187
0.0397222
0.0396279
0.0395351
0.0394441
0.0393549
0.0392679
0.0391831
0.0391001
0.0390191
0.03894
0.0388633
0.0387879
0.0387151
0.0386441
0.0385754
0.0385089
0.0384446
0.0383821
0.0383221
0.0382642
0.0382086
0.0381551
0.0381039
0.038055
0.0380083
0.0379641
0.0379219
0.0378818
0.0378443
0.0378093
0.0377764
0.0377455
0.0377173
0.0376914
0.0376679
0.0376468
0.037628
0.0376117
0.0375977
0.0375866
0.0375774
0.0375709
0.0375666
0.0375646
0.0375652
0.0375679
0.0375735
0.0375815
0.0375918
0.0376044
0.0376195
0.0376371
0.0376571
0.0376797
0.0377045
0.0377318
0.0377615
0.0377936
0.0378281
0.0378652
0.0379045
0.0379459
0.0379899
0.0380363
0.0380851
0.0381361
0.0381898
0.0382455
0.0383033
0.0383636
0.0384262
0.038491
0.038558
0.0386273
0.0386988
0.0387724
0.0388482
0.0389261
0.0390059
0.0390881
0.0391723
0.0392586
0.0393469
0.0394375
0.0395298
0.0396243
0.0397205
0.0398184
0.0399184
0.0400204
0.0401241
0.0402298
0.0403372
0.0404464
0.0405575
0.0406705
0.040785
0.0409015
0.0410195
0.0411389
0.0412603
0.0413833
0.0415081
0.0416344
0.0417625
0.0418917
0.0420227
0.0421557
0.0422903
0.0424265
0.0425642
0.0427034
0.0428446
0.0429875
0.0431322
0.0432787
0.0434266
0.0435762
0.0437275
0.0438806
0.0440355
0.0441921
0.0443508
0.0445112
0.0446733
0.0448372
0.0450032
0.0451712
0.0453411
0.0455129
0.0456871
0.0458632
0.0460415
0.0462216
0.0464047
0.0465895
0.0467765
0.0469659
0.0471575
0.0473515
0.0475477
0.0477463
0.0479475
0.0481512
0.0483574
0.0485661
0.0487771
0.0489908
0.0492074
0.0494262
0.0496476
0.0498716
0.0500984
0.0503272
0.0505586
0.0507926
0.0510295
0.0512687
0.0515101
0.0517539
0.0520002
0.0522482
0.0524984
0.0527512
0.0530055
0.0532619
0.0535199
0.0537798
0.0540409
0.054304
0.0545678
0.0548327
0.0550985
0.0553649
0.0556322
0.0558996
0.0561674
0.0564351
0.0567026
0.0569693
0.0572352
0.0574999
0.0577634
0.0580249
0.0582845
0.0585417
0.0587963
0.0590479
0.0592963
0.0595407
0.0597815
0.060018
0.0602499
0.0604769
0.0606985
0.0609146
0.0611248
0.0613289
0.0615261
0.0617166
0.0619001
0.0620762
0.0622448
0.0624055
0.0625581
0.0627026
0.0628384
0.0629659
0.0630848
0.063195
0.0632961
0.0633884
0.0634721
0.0635468
0.063613
0.0636707
0.0637195
0.06376
0.0637921
0.0638162
0.0638323
0.0638408
0.0638418
0.0638355
0.0638228
0.0638034
0.0637777
0.0637462
0.0637092
0.0636668
0.0636199
0.0635686
0.0635134
0.0634545
0.0633926
0.0633279
0.0632605
0.0631911
0.0631197
0.0630473
0.0629739
0.0628999
0.0628254
0.0627511
0.0626773
0.0626039
0.0625314
0.0624605
0.0623914
0.0623241
0.0622586
0.0621949
0.0621336
0.0620751
0.0620187
0.0619654
0.0619151
0.0618679
0.061824
0.0617831
0.0617456
0.0617114
0.0616805
0.0616531
0.0616294
0.0616088
0.0615919
0.0615781
0.0615677
0.0615606
0.0615567
0.0615561
0.0615585
0.0615642
0.0615724
0.0615839
0.0615979
0.0616146
0.0616338
0.0616554
0.0616795
0.0617058
0.0617336
0.0617638
0.0617956
0.0618287
0.0618635
0.0618997
0.0619371
0.0619755
0.0620149
0.0620549
0.0620959
0.062137
0.0621787
0.0622204
0.062262
0.0623036
0.0623449
0.0623858
0.0624261
0.0624656
0.0625047
0.0625426
0.0625795
0.0626151
0.0626495
0.0626824
0.0627141
0.0627438
0.0627717
0.0627976
0.062822
0.0628443
0.0628642
0.0628817
0.062897
0.06291
0.0629205
0.0629285
0.0629337
0.0629365
0.0629368
0.0629344
0.062929
0.0629207
0.0629097
0.0628957
0.0628789
0.0628592
0.0628368
0.0628113
0.0627825
0.0627512
0.062717
0.06268
0.0626394
0.0625968
0.0625516
0.0625032
0.0624523
0.0623988
0.0623429
0.0622842
0.0622231
0.0621595
0.0620938
0.0620255
0.0619551
0.0618822
0.0618076
0.0617309
0.0616523
0.0615716
0.0614895
0.0614057
0.0613201
0.0612332
0.0611447
0.0610552
0.0609645
0.0608727
0.0607804
0.0606866
0.0605921
0.0604968
0.0604009
0.0603043
0.0602072
0.06011
0.0600125
0.0599149
0.0598172
0.0597196
0.0596218
0.0595244
0.0594271
0.0593304
0.0592341
0.0591382
0.059043
0.0589483
0.0588546
0.0587617
0.0586696
0.0585783
0.0584883
0.0583993
0.0583115
0.0582249
0.0581393
0.0580549
0.0579722
0.0578911
0.0578112
0.0577331
0.0576564
0.0575811
0.0575074
0.0574356
0.0573649
0.0572964
0.0572292
0.0571639
0.0571004
0.0570386
0.0569787
0.0569206
0.0568643
0.0568098
0.0567574
0.0567066
0.0566577
0.0566106
0.0565654
0.0565221
0.0564806
0.056441
0.0564032
0.0563673
0.0563333
0.056301
0.0562706
0.056242
0.0562153
0.0561903
0.0561668
0.0561454
0.0561255
0.0561073
0.0560913
0.0560767
0.0560639
0.0560524
0.0560429
0.0560349
0.0560286
0.0560238
0.0560206
0.0560189
0.0560187
0.0560202
0.0560227
0.0560269
0.0560322
0.0560392
0.0560474
0.056057
0.0560679
0.0560798
0.0560927
0.0561073
0.056123
0.0561399
0.0561581
0.0561769
0.0561969
0.0562177
0.0562397
0.0562624
0.0562862
0.0563107
0.0563361
0.0563623
0.0563893
0.0564169
0.0564452
