0.043383
0.0433941
0.0434052
0.0434169
0.0434286
0.0434406
0.0434529
0.0434656
0.0434788
0.0434925
0.0435063
0.0435205
0.0435352
0.0435504
0.0435661
0.0435825
0.0435993
0.0436166
0.0436346
0.0436533
0.0436726
0.0436927
0.0437136
0.0437353
0.0437581
0.0437816
0.0438058
0.0438311
0.0438576
0.0438852
0.043914
0.043944
0.0439753
0.044008
0.044042
0.0440775
0.0441146
0.044153
0.0441933
0.0442353
0.0442792
0.044325
0.0443728
0.0444226
0.0444745
0.0445287
0.0445852
0.0446443
0.0447057
0.0447697
0.0448363
0.0449058
0.0449781
0.0450532
0.0451316
0.0452132
0.0452982
0.0453866
0.0454785
0.0455741
0.0456735
0.0457767
0.045884
0.0459952
0.0461112
0.0462315
0.0463562
0.0464855
0.0466196
0.0467585
0.0469023
0.0470515
0.047206
0.0473661
0.0475313
0.0477025
0.0478791
0.0480617
0.0482505
0.0484452
0.0486466
0.0488541
0.0490682
0.0492886
0.0495155
0.0497491
0.0499894
0.0502364
0.0504901
0.0507504
0.0510177
0.0512917
0.0515725
0.0518599
0.0521539
0.0524544
0.0527614
0.0530745
0.0533942
0.0537194
0.0540502
0.0543861
0.0547275
0.0550737
0.0554244
0.0557795
0.056138
0.0564999
0.0568645
0.0572315
0.0576003
0.0579702
0.0583408
0.0587117
0.0590816
0.0594502
0.0598167
0.0601805
0.060541
0.060897
0.0612479
0.0615931
0.0619318
0.0622629
0.0625861
0.0628999
0.0632044
0.063498
0.0637807
0.0640516
0.0643099
0.0645554
0.064787
0.0650043
0.065207
0.0653946
0.0655667
0.0657228
0.065863
0.0659871
0.0660951
0.0661865
0.0662618
0.0663205
0.0663633
0.0663899
0.0664006
0.0663962
0.0663767
0.0663429
0.066295
0.0662324
0.0661575
0.0660705
0.065971
0.0658603
0.0657389
0.0656071
0.065466
0.0653164
0.0651588
0.0649932
0.0648216
0.0646436
0.0644603
0.0642717
0.0640789
0.0638826
0.0636829
0.0634804
0.0632757
0.063069
0.0628611
0.0626523
0.0624432
0.0622336
0.062024
0.0618148
0.0616063
0.0613985
0.0611917
0.0609862
0.0607822
0.0605798
0.0603787
0.0601799
0.059983
0.0597877
0.0595944
0.0594035
0.0592141
0.0590268
0.0588417
0.0586584
0.0584771
0.0582975
0.0581203
0.057945
0.0577712
0.0575993
0.0574287
0.0572602
0.0570936
0.0569283
0.0567643
0.0566018
0.0564409
0.0562814
0.0561231
0.0559661
0.0558101
0.0556554
0.0555019
0.0553491
0.0551975
0.0550469
0.0548973
0.0547485
0.0546005
0.0544536
0.0543072
0.0541615
0.0540166
0.0538721
0.0537285
0.0535856
0.0534433
0.0533016
0.0531608
0.0530203
0.0528805
0.0527412
0.0526025
0.0524639
0.0523266
0.0521894
0.052053
0.0519174
0.0517822
0.0516477
0.0515137
0.0513801
0.0512475
0.0511155
0.0509839
0.0508533
0.0507234
0.0505943
0.0504659
0.0503384
0.0502117
0.0500858
0.0499609
0.0498371
0.0497141
0.0495923
0.0494714
0.0493515
0.0492328
0.0491155
0.0489992
0.0488839
0.0487705
0.0486584
0.0485474
0.0484381
0.0483306
0.0482245
0.0481202
0.0480176
0.047917
0.0478182
0.0477215
0.0476269
0.0475344
0.0474441
0.0473563
0.0472713
0.0471886
0.0471086
0.0470313
0.0469573
0.0468858
0.0468176
0.046753
0.0466911
0.0466332
0.046579
0.0465287
0.0464823
0.0464401
0.0464022
0.046369
0.0463402
0.0463163
0.0462974
0.0462837
0.0462757
0.0462731
0.0462765
0.046286
0.0463014
0.0463234
0.0463523
0.0463879
0.046431
0.0464816
0.04654
0.0466062
0.0466809
0.0467642
0.0468564
0.0469582
0.0470688
0.0471893
0.0473198
0.0474603
0.0476117
0.047774
0.0479474
0.0481324
0.0483286
0.0485369
0.0487577
0.0489907
0.0492361
0.0494942
0.0497651
0.0500491
0.050346
0.0506561
0.0509793
0.0513156
0.051665
0.0520268
0.0524015
0.0527884
0.0531876
0.0535981
0.0540193
0.0544513
0.054893
0.0553438
0.0558024
0.0562684
0.0567406
0.0572177
0.0576984
0.0581812
0.058665
0.0591481
0.0596288
0.0601054
0.060576
0.0610388
0.0614918
0.0619329
0.0623607
0.0627725
0.0631666
0.063541
0.0638934
0.0642225
0.0645263
0.064803
0.0650511
0.0652691
0.0654559
0.0656105
0.0657312
0.0658178
0.0658696
0.0658864
0.0658681
0.0658148
0.065727
0.0656048
0.0654493
0.0652615
0.0650425
0.0647931
0.0645152
0.0642104
0.0638805
0.063527
0.0631519
0.0627572
0.0623447
0.0619169
0.0614756
0.0610228
0.0605603
0.0600904
0.0596147
0.0591352
0.0586539
0.0581722
0.0576918
0.0572138
0.0567403
0.0562724
0.0558106
0.0553568
0.0549116
0.0544764
0.0540511
0.0536373
0.0532349
0.0528451
0.052468
0.0521041
0.0517538
0.0514172
0.0510945
0.0507861
0.0504912
0.0502102
0.0499437
0.0496908
0.0494522
0.0492273
0.0490164
0.0488186
0.0486344
0.0484631
0.0483048
0.0481594
0.0480265
0.0479059
0.0477975
0.0477007
0.0476151
0.047541
0.0474779
0.0474256
0.0473838
0.0473522
0.0473306
0.047319
0.0473168
0.0473238
0.0473399
0.0473649
0.0473985
0.0474406
0.0474906
0.0475487
0.047615
0.0476886
0.0477701
0.0478586
0.047954
0.0480569
0.0481662
0.048282
0.0484042
0.048533
0.048668
0.0488094
0.0489562
0.0491088
0.0492667
0.0494301
0.049599
0.0497729
0.0499523
0.0501366
0.0503255
0.050519
0.050717
0.0509197
0.0511263
0.051337
0.051552
0.0517705
0.0519927
0.0522182
0.0524475
0.0526798
0.0529152
0.0531537
0.0533949
0.0536386
0.0538843
0.0541322
0.0543823
0.0546343
0.0548878
0.0551428
0.055399
0.0556562
0.0559142
0.0561728
0.0564316
0.0566906
0.0569491
0.0572073
0.0574648
0.0577216
0.0579772
0.0582314
0.0584839
0.0587343
0.0589825
0.0592284
0.0594712
0.0597109
0.0599474
0.0601797
0.0604083
0.0606325
0.0608522
0.061067
0.0612767
0.061481
0.0616795
0.0618726
0.0620591
0.062239
0.0624118
0.0625781
0.0627372
0.0628886
0.0630323
0.0631682
0.063296
0.0634158
0.0635272
0.06363
0.063724
0.0638094
0.0638857
0.063953
0.0640113
0.0640607
0.0641005
0.0641314
0.0641532
0.0641656
0.0641692
0.0641638
0.0641491
0.0641259
0.0640939
0.0640532
0.0640041
0.0639466
0.0638809
0.0638072
0.0637255
0.0636364
0.0635396
0.0634359
0.0633253
0.0632082
0.0630844
0.0629544
0.0628185
0.0626769
0.06253
0.0623779
0.0622209
0.0620592
0.0618933
0.0617235
0.0615497
0.0613724
0.061192
0.0610088
0.060823
0.0606348
0.0604444
0.0602521
0.0600582
0.0598628
0.0596663
0.0594688
0.0592706
0.0590718
0.0588727
0.0586735
0.0584747
0.0582758
0.0580772
0.0578792
0.0576819
0.0574857
0.0572903
0.0570955
0.0569025
0.0567108
0.0565206
0.056332
0.0561451
0.0559599
0.0557766
0.0555952
0.0554156
0.055238
0.0550627
0.0548894
0.0547184
0.0545493
0.0543829
0.0542185
0.0540568
0.0538973
0.0537405
0.053586
0.0534337
0.0532838
0.0531362
0.0529913
0.0528488
0.0527084
0.0525704
0.0524348
0.0523014
0.0521707
0.0520418
0.0519154
0.0517913
0.0516695
0.0515498
0.0514326
0.0513174
0.0512043
0.0510933
0.0509844
0.0508775
0.050773
0.0506699
0.0505694
0.0504705
0.0503735
0.0502784
0.0501852
0.0500936
0.050004
0.0499161
0.04983
0.0497456
0.0496631
0.0495821
0.0495028
0.0494252
0.0493489
0.0492741
0.0492009
0.0491291
0.0490586
0.0489894
0.0489217
0.0488554
0.0487907
0.0487274
0.0486653
0.0486049
0.0485454
0.0484872
0.0484303
0.0483749
0.0483204
0.0482674
0.0482153
0.0481644
0.0481144
0.0480655
0.0480181
0.0479717
0.0479263
0.0478819
0.0478389
0.0477969
0.0477561
0.0477163
0.0476776
0.0476399
0.0476036
0.0475683
0.0475338
0.0475003
0.0474679
0.0474368
0.0474068
0.0473777
0.0473495
0.0473223
0.0472962
0.0472711
0.0472471
0.0472242
0.0472022
0.0471814
0.0471616
0.0471429
0.0471252
0.0471084
0.0470929
0.0470785
0.0470652
0.047053
0.0470419
0.0470319
0.0470231
0.0470158
0.0470095
0.0470043
0.047
0.0469968
0.0469949
0.0469941
0.0469947
0.0469963
0.0469988
0.0470028
0.0470083
0.0470147
0.0470224
0.0470313
0.0470414
0.0470528
0.0470652
0.0470794
0.0470946
0.0471111
0.0471289
0.0471479
0.0471683
0.04719
0.0472129
0.0472372
0.0472628
0.0472898
0.0473182
0.0473478
0.0473787
0.0474107
0.0474443
0.0474792
0.0475154
0.0475532
0.0475924
0.0476326
0.0476743
0.047717
0.0477614
0.0478069
0.0478534
0.0479017
0.0479511
0.048002
0.0480541
0.0481073
0.0481619
0.0482178
0.0482745
0.0483328
0.0483923
0.0484525
0.048514
0.0485768
0.0486406
0.0487055
0.0487715
0.0488383
0.0489064
0.0489754
0.0490455
0.0491162
0.0491881
0.0492608
0.0493345
0.0494089
0.0494841
0.0495601
0.0496368
0.0497144
0.0497925
0.0498711
0.0499505
0.0500307
0.0501109
0.0501918
0.0502734
0.0503548
0.0504365
0.0505183
0.0506008
0.0506835
0.0507661
0.0508488
0.0509315
0.0510145
0.051097
0.0511796
0.0512621
0.0513445
0.0514264
0.0515085
0.05159
0.051671
0.0517519
0.0518323
0.0519122
0.0519916
0.0520705
0.0521488
0.0522267
0.0523036
0.0523799
0.0524557
0.0525305
0.0526045
0.0526777
0.05275
0.0528213
0.0528918
0.0529612
0.0530298
0.0530973
0.0531642
0.0532301
0.0532948
0.0533587
0.0534213
0.0534828
0.0535435
0.0536031
0.0536614
0.0537186
0.0537747
0.0538295
0.053883
0.0539356
0.0539874
0.0540381
0.0540878
0.0541363
0.0541838
0.05423
0.0542755
0.0543201
0.0543634
0.0544053
0.0544465
0.0544873
0.0545268
0.054565
0.0546023
0.0546389
0.0546746
0.0547094
0.0547434
0.0547767
0.0548089
0.0548404
0.0548709
0.0549007
0.0549295
0.0549577
0.0549857
0.0550124
0.0550381
0.0550631
0.0550876
0.0551112
0.0551343
0.0551568
0.0551785
0.0551996
0.0552199
0.0552397
0.0552585
0.0552766
0.0552941
0.0553112
0.0553279
0.0553434
0.0553585
0.055373
0.0553868
0.0553997
0.0554121
0.0554239
0.0554348
0.0554452
0.0554549
0.0554644
0.0554725
0.0554804
0.0554873
0.0554932
0.0554987
0.0555034
0.0555071
0.0555103
0.0555125
0.0555141
0.055515
0.0555148
0.0555143
0.0555128
0.0555104
0.0555072
0.0555032
0.0554984
0.0554929
0.0554864
0.0554789
0.0554707
0.0554616
0.0554513
0.0554407
0.055429
0.0554163
0.0554026
0.0553885
0.0553733
0.0553572
0.0553402
0.0553224
0.055303
0.0552833
0.0552631
0.0552417
0.0552194
0.0551966
0.0551729
0.0551485
0.0551235
0.055097
0.0550701
0.0550426
0.0550143
0.0549854
0.0549558
0.0549255
0.0548946
0.0548628
0.0548304
0.0547974
0.0547641
0.0547302
0.0546958
0.0546609
0.0546258
0.05459
0.0545538
0.0545171
0.0544801
0.0544428
0.0544051
0.0543672
0.0543292
0.0542908
0.0542521
0.0542128
0.0541738
0.0541347
0.0540957
0.0540562
0.0540168
0.0539775
0.0539381
0.053899
0.0538598
0.0538206
0.0537816
0.0537426
0.0537036
0.0536651
0.0536267
0.0535885
0.0535507
0.053513
0.053476
0.0534389
0.0534023
0.053366
0.05333
0.0532947
0.0532595
0.0532248
0.0531905
0.0531566
0.053123
0.0530901
0.0530572
0.053025
0.0529936
0.0529627
0.0529323
0.0529024
0.0528731
0.0528443
0.0528161
0.0527881
0.052761
0.0527341
0.0527083
0.0526831
0.0526579
0.0526335
0.0526096
0.0525863
0.0525635
0.052541
0.0525192
0.0524983
0.0524773
0.0524571
0.0524373
0.0524181
0.052399
0.0523809
0.052363
0.0523455
0.0523284
0.052312
0.0522957
0.0522797
0.0522641
0.0522491
0.0522342
0.0522193
0.0522049
0.052191
0.0521771
0.0521636
0.0521502
0.0521366
0.0521232
0.0521102
0.0520973
0.0520842
0.0520715
0.0520588
0.0520459
0.0520329
0.05202
0.0520073
0.0519945
0.0519821
0.0519692
0.0519561
0.0519429
0.0519293
0.0519157
0.051902
0.0518877
0.051874
0.0518598
0.0518451
0.0518301
0.0518145
0.0517989
0.0517827
0.0517662
0.0517495
0.0517323
0.0517149
0.0516973
0.0516789
0.0516604
0.0516411
0.0516215
0.0516016
0.0515816
0.0515609
0.0515398
0.0515182
0.0514962
0.0514737
0.051451
0.0514277
0.0514039
0.05138
0.0513556
0.0513305
0.0513053
0.0512794
0.0512532
0.0512265
0.0511992
0.0511718
0.051144
0.0511159
0.0510874
0.0510586
0.0510295
0.0510003
0.0509708
0.0509408
0.0509106
0.0508801
0.0508494
0.0508185
0.0507876
0.0507564
0.0507251
0.0506935
0.0506618
0.0506299
0.050598
0.0505657
0.0505339
0.0505022
0.0504702
0.0504384
0.0504064
0.0503744
0.0503422
0.05031
0.0502779
0.0502458
0.0502138
0.0501818
0.0501499
0.0501184
0.0500865
0.0500549
0.0500235
0.0499922
0.049961
0.0499302
0.0498992
0.0498685
0.0498379
0.0498076
0.0497773
0.0497474
0.0497174
0.0496878
0.0496581
0.0496281
0.0495987
0.0495694
0.0495403
0.0495113
0.0494826
0.0494539
0.049425
0.0493963
0.0493679
0.0493398
0.0493116
0.0492834
0.0492553
0.0492273
0.0491994
0.0491712
0.0491433
0.0491157
0.049088
0.0490604
0.0490325
0.0490046
0.0489767
0.048949
0.048921
0.0488929
0.0488646
0.0488364
0.0488081
0.0487795
0.0487508
0.0487219
0.0486932
0.0486644
0.0486354
0.0486063
0.0485771
0.0485477
0.0485182
0.048489
0.0484589
0.0484289
0.0483987
0.0483682
0.0483377
0.048307
0.048276
0.048245
0.0482138
0.0481823
0.0481506
0.048119
0.0480873
0.0480559
0.0480241
0.0479919
0.0479597
0.0479273
0.0478948
0.047862
0.0478288
0.047796
0.0477632
0.0477305
0.0476976
0.0476649
0.0476319
0.0475988
0.0475658
0.0475328
0.0475
0.0474673
0.0474341
0.0474012
0.0473684
0.0473357
0.0473033
0.047271
0.0472386
0.0472063
0.0471742
0.0471422
0.0471107
0.0470791
0.0470477
0.0470162
0.0469852
0.0469545
0.046924
0.0468937
0.0468637
0.0468342
0.0468048
0.0467756
0.0467465
0.046718
0.0466898
0.0466619
0.0466344
0.0466072
0.0465803
0.0465536
0.0465272
0.0465014
0.0464763
0.046451
0.0464264
0.0464019
0.0463783
0.0463549
0.0463318
0.0463092
0.0462869
0.0462653
0.0462436
0.0462226
0.046202
0.046182
0.0461622
0.0461428
0.0461238
0.0461052
0.0460874
0.0460696
0.0460522
0.0460352
0.0460186
0.0460023
0.0459865
0.0459705
0.0459554
0.0459402
0.0459258
0.0459118
0.0458979
0.0458846
0.0458714
0.045859
0.0458467
0.0458345
0.0458229
0.0458115
0.0458007
0.04579
0.0457795
0.0457693
0.0457594
0.0457498
0.0457404
0.0457313
0.0457226
0.0457141
0.0457057
0.0456972
0.0456891
0.0456813
0.0456738
0.0456663
0.045659
0.045652
0.0456448
0.0456376
0.0456306
0.0456239
0.045617
0.0456108
0.0456044
0.0455978
0.0455915
0.045585
0.0455787
0.0455725
0.0455664
0.0455606
0.0455542
0.045548
0.0455417
0.0455354
0.045529
0.0455226
0.0455161
0.0455095
0.0455028
0.0454961
0.0454889
0.0454819
0.0454747
0.0454671
0.0454599
0.0454522
0.0454442
0.0454362
0.045428
0.0454194
0.0454108
0.0454023
0.0453933
0.0453841
0.0453745
0.0453648
0.0453549
0.0453453
0.045335
0.0453242
0.0453132
0.0453018
0.0452903
0.0452789
0.0452672
0.0452554
0.0452433
0.0452311
0.0452186
0.045206
0.0451933
0.0451799
0.0451671
0.0451539
0.0451409
0.0451273
0.0451133
0.0450999
0.0450861
0.0450726
0.0450591
0.0450456
0.0450322
0.0450191
0.0450059
0.0449929
0.04498
0.0449676
0.044955
0.0449429
0.0449311
0.0449197
0.0449086
0.044898
0.0448879
0.0448782
0.0448691
0.0448609
0.044853
0.0448456
0.0448391
0.0448336
0.0448287
0.0448247
0.0448213
0.044819
0.0448176
0.0448174
0.0448183
0.0448203
0.0448237
0.0448283
0.0448339
0.0448406
0.0448489
0.0448581
0.0448697
0.0448823
0.0448963
0.044912
0.0449292
0.044948
0.0449682
0.0449904
0.0450142
0.0450396
0.0450672
0.0450964
0.0451274
0.0451605
0.0451955
0.0452318
0.0452701
0.0453105
0.0453528
0.0453973
0.0454432
0.0454915
0.045541
0.0455926
0.0456464
0.0457019
0.0457597
0.0458189
0.0458801
0.0459432
0.0460081
0.0460747
0.046143
0.0462129
0.0462843
0.0463575
0.0464322
0.0465084
0.0465861
0.0466651
0.0467453
0.0468269
0.0469096
0.0469934
0.0470782
0.0471639
0.0472505
0.0473379
0.047426
0.0475145
0.0476037
0.0476934
0.0477834
0.0478742
0.0479646
0.0480551
0.0481456
0.048236
0.0483264
0.048416
0.0485055
0.0485945
0.0486827
0.0487704
0.0488575
0.0489437
0.0490292
0.0491135
0.0491967
0.0492788
0.0493595
0.0494389
0.049517
0.0495939
0.0496694
0.0497434
0.0498158
0.0498867
0.049956
0.0500239
0.0500899
0.0501542
0.0502167
0.0502776
0.0503368
0.0503942
0.0504504
0.0505045
0.0505568
0.0506077
0.0506567
0.0507041
0.0507499
0.0507941
0.0508366
0.0508778
0.0509178
0.0509562
0.050993
0.0510287
0.0510633
0.0510966
0.0511284
0.0511595
0.0511897
0.0512192
0.051248
0.0512753
0.0513021
0.0513282
0.0513537
0.0513784
0.0514031
0.0514269
0.0514506
0.0514739
0.051497
0.0515199
0.0515426
0.0515652
0.0515878
0.0516107
0.0516329
0.0516557
0.0516783
0.0517016
0.0517247
0.0517483
0.0517724
0.0517965
0.0518211
0.0518462
0.0518715
0.0518972
0.0519234
0.0519498
0.0519766
0.0520042
0.052032
0.0520604
0.0520895
0.0521191
0.0521493
0.0521798
0.052211
0.0522428
0.0522751
0.052308
0.0523414
0.0523751
0.0524096
0.0524446
0.0524804
0.0525165
0.052553
0.0525899
0.0526275
0.0526656
0.052704
0.0527431
0.0527829
0.052823
0.0528635
0.0529046
0.0529461
0.0529881
0.0530305
0.0530734
0.053117
0.0531603
0.0532046
0.0532494
0.0532945
0.0533402
0.053386
0.0534324
0.0534794
0.053527
0.0535747
0.0536233
0.0536721
0.0537214
0.0537711
0.0538212
0.0538716
0.0539226
0.0539741
0.054026
0.0540784
0.0541312
0.0541844
0.054238
0.054292
0.0543459
0.0544006
0.054456
0.0545114
0.0545669
0.0546229
0.054679
0.0547355
0.0547922
0.0548494
0.0549064
0.0549635
0.0550207
0.0550778
0.055135
0.0551922
0.0552491
0.0553057
0.0553621
0.0554181
0.0554736
0.0555287
0.055583
0.0556369
0.0556902
0.0557425
0.0557937
0.0558443
0.0558936
0.0559418
0.0559886
0.0560345
0.0560785
0.0561209
0.0561616
0.0562005
0.0562377
0.0562729
0.0563063
0.0563375
0.0563659
0.0563924
0.0564159
0.0564366
0.0564549
0.0564704
0.0564829
0.0564926
0.0564994
0.0565028
0.0565034
0.0565006
0.0564945
0.0564856
0.0564732
0.056457
0.0564376
0.0564151
0.0563892
0.0563601
0.0563274
0.0562908
0.0562516
0.0562088
0.0561628
0.0561134
0.0560609
0.0560047
0.0559459
0.0558842
0.0558192
0.0557514
0.0556808
0.055608
0.0555326
0.0554545
0.055374
0.0552913
0.0552062
0.0551191
0.0550303
0.05494
0.0548475
0.0547537
0.0546585
0.0545618
0.0544641
0.0543654
0.0542661
0.0541661
0.0540648
0.0539632
0.0538611
0.053759
0.0536564
0.0535537
0.053451
0.0533486
0.0532464
0.0531441
0.0530424
0.0529409
0.0528402
0.0527399
0.0526403
0.0525417
0.0524439
0.0523471
0.0522514
0.0521565
0.0520627
0.0519697
0.0518781
0.0517879
0.0516987
0.0516107
0.051524
0.0514383
0.0513542
0.0512714
0.05119
0.0511103
0.0510316
0.0509542
0.0508782
0.0508036
0.0507303
0.0506584
0.0505879
0.050519
0.0504512
0.050385
0.0503199
0.0502561
0.0501939
0.050133
0.0500729
0.0500144
0.0499572
0.0499009
0.049846
0.0497925
0.0497402
0.0496894
0.0496395
0.0495911
0.0495436
0.0494973
0.0494518
0.0494078
0.0493648
0.0493227
0.0492819
0.0492422
0.0492035
0.0491658
0.0491291
0.0490932
0.0490585
0.0490248
0.048992
0.0489598
0.0489288
0.0488987
0.0488696
0.0488404
0.0488127
0.0487857
0.0487598
0.0487343
0.0487092
0.0486852
0.0486614
0.0486384
0.048616
0.048594
0.0485726
0.0485515
0.0485311
0.0485108
0.0484907
0.0484707
0.048451
0.0484314
0.0484119
0.0483924
0.0483735
0.0483543
0.0483353
0.0483159
0.0482963
0.0482765
0.0482566
0.0482362
0.0482156
0.0481943
0.0481725
0.0481499
0.0481272
0.0481035
0.048079
0.0480539
0.048028
0.0480012
0.0479733
0.0479447
0.0479151
0.0478844
0.0478527
0.0478196
0.0477855
0.0477503
0.0477139
0.0476762
0.0476372
0.0475969
0.0475552
0.047512
0.0474676
0.0474216
0.0473745
0.0473257
0.0472757
0.0472248
0.0471722
0.0471182
0.0470628
0.0470057
0.0469473
0.0468875
0.0468265
0.046764
0.0467
0.0466349
0.0465685
0.0465009
0.0464321
0.0463622
0.0462911
0.046219
0.0461455
0.0460714
0.0459962
0.04592
0.0458431
0.0457657
0.045687
0.0456082
0.0455282
0.0454476
0.0453668
0.0452854
0.045204
0.0451221
0.04504
0.0449574
0.0448746
0.0447914
0.0447085
0.0446253
0.0445426
0.0444598
0.0443774
0.0442948
0.0442127
0.0441309
0.0440496
0.0439682
0.0438875
0.0438074
0.0437283
0.0436499
0.0435715
0.0434944
0.0434177
0.0433422
0.0432675
0.0431937
0.0431211
0.0430493
0.0429785
0.042909
0.0428404
0.0427729
0.0427061
0.042641
0.0425771
0.0425145
0.0424531
0.0423931
0.0423344
0.042277
0.042221
0.0421664
0.0421132
0.0420614
0.0420114
0.0419625
0.0419151
0.0418692
0.0418248
0.0417819
0.0417408
0.0417009
0.0416626
0.0416259
0.0415907
0.041557
0.0415249
0.0414944
0.0414655
0.0414381
0.0414123
0.041388
0.0413654
0.0413443
0.0413248
0.0413071
0.0412908
0.041276
0.0412628
0.0412512
0.0412409
0.0412324
0.0412254
0.04122
0.041216
0.0412137
0.041213
0.0412138
0.0412159
0.0412198
0.041225
0.0412317
0.0412402
0.0412502
0.0412619
0.0412752
0.0412897
0.0413055
0.041323
0.041342
0.0413625
0.0413845
0.0414079
0.0414329
0.0414593
0.0414872
0.0415163
0.0415472
0.0415795
0.0416132
0.0416485
0.0416849
0.0417231
0.0417627
0.0418038
0.0418463
0.0418904
0.0419359
0.0419828
0.0420313
0.042081
0.0421321
0.042185
0.0422392
0.0422953
0.0423527
0.0424116
0.042472
0.042534
0.0425975
0.0426626
0.0427289
0.0427971
0.0428672
0.0429388
0.0430118
0.0430867
0.0431627
0.0432409
0.0433208
0.0434021
0.043485
0.0435698
0.0436563
0.0437447
0.0438348
0.0439273
0.0440209
0.0441171
0.0442147
0.0443146
0.0444161
0.0445196
0.0446252
0.0447328
0.0448425
0.0449545
0.0450685
0.0451846
0.0453029
0.0454237
0.0455466
0.0456718
0.0457993
0.0459294
0.0460617
0.0461965
0.0463337
0.0464742
0.0466162
0.0467611
0.0469085
0.0470586
0.0472116
0.047367
0.0475251
0.047686
0.0478496
0.0480162
0.0481854
0.0483573
0.0485318
0.0487094
0.0488897
0.0490729
0.0492589
0.0494476
0.0496393
0.0498338
0.050031
0.0502307
0.0504332
0.050638
0.0508454
0.0510553
0.0512675
0.0514821
0.0516989
0.0519176
0.0521383
0.0523613
0.052586
0.052812
0.0530398
0.0532689
0.0534994
0.0537304
0.0539625
0.0541952
0.0544283
0.054662
0.0548952
0.0551281
0.0553605
0.0555921
0.0558227
0.0560521
0.0562795
0.0565052
0.0567286
0.0569496
0.057168
0.0573831
0.0575947
0.0578026
0.058006
0.0582054
0.0584
0.0585896
0.0587742
0.0589537
0.0591273
0.0592941
0.0594548
0.0596088
0.0597557
0.0598957
0.0600284
0.0601535
0.0602714
0.060381
0.0604826
0.0605761
0.0606613
0.060738
0.0608063
0.0608665
0.0609184
0.0609617
0.0609967
0.0610233
0.0610416
0.0610517
0.061054
0.0610483
0.0610348
0.0610137
0.0609848
0.0609489
0.0609057
0.0608559
0.0607987
0.0607356
0.0606663
0.0605909
0.0605103
0.060424
0.0603327
0.0602362
0.0601354
0.0600303
0.0599211
0.0598081
0.0596915
0.0595716
0.0594487
0.0593227
0.0591944
0.0590639
0.0589311
0.0587963
0.0586598
0.058522
0.0583826
0.058242
0.0581003
0.057958
0.0578143
0.0576707
0.0575263
0.0573813
0.0572366
0.0570914
0.0569459
0.0568007
0.0566556
0.0565103
0.0563656
0.056221
0.0560769
0.055933
0.0557896
0.0556466
0.0555041
0.0553624
0.0552209
0.0550802
0.0549402
0.0548004
0.0546611
0.0545226
0.0543848
0.0542477
0.0541115
0.0539758
0.0538408
0.0537063
0.0535728
0.0534401
0.0533082
0.0531774
0.0530472
0.0529179
0.0527893
0.0526619
0.0525354
0.0524097
0.052285
0.0521616
0.0520394
0.0519182
0.0517983
0.0516793
0.0515618
0.0514456
0.0513307
0.051217
0.0511049
0.0509943
0.0508851
0.0507775
0.0506712
0.0505668
0.0504639
0.0503628
0.0502633
0.0501659
0.0500699
0.0499757
0.0498834
0.0497929
0.0497042
0.0496175
0.0495326
0.0494498
0.0493685
0.0492894
0.0492119
0.0491366
0.0490631
0.0489914
0.0489215
0.0488537
0.0487878
0.0487237
0.0486614
0.0486008
0.048542
0.0484851
0.0484296
0.0483756
0.0483233
0.0482723
0.0482229
0.0481747
0.0481279
0.0480822
0.0480377
0.0479943
0.0479519
0.0479104
0.0478696
0.0478297
0.0477903
0.0477513
0.047713
0.0476753
0.0476378
0.0476001
0.0475626
0.0475254
0.0474878
0.0474503
0.0474122
0.0473737
0.0473347
0.0472951
0.0472548
0.0472138
0.0471719
0.047129
0.0470851
0.0470402
0.046994
0.0469467
0.046898
0.0468479
0.0467964
0.0467434
0.0466889
0.0466325
0.0465748
0.0465154
0.0464544
0.0463916
0.0463268
0.0462606
0.0461926
0.0461228
0.0460513
0.045978
0.0459028
0.0458261
0.0457476
0.0456678
0.045586
0.0455029
0.045418
0.0453316
0.0452437
0.0451543
0.0450634
0.0449716
0.0448786
0.0447841
0.0446886
0.0445919
0.0444943
0.0443956
0.0442962
0.0441961
0.0440955
0.0439939
0.043892
0.0437896
0.0436871
0.0435841
0.0434808
0.0433774
0.0432738
0.0431703
0.0430668
0.0429631
0.0428602
0.0427576
0.0426554
0.0425536
0.0424524
0.0423517
0.0422517
0.0421521
0.0420536
0.0419559
0.041859
0.0417631
0.0416682
0.0415746
0.0414818
0.0413901
0.0412996
0.04121
0.041122
0.0410352
0.0409497
0.0408654
0.0407826
0.040701
0.0406211
0.0405427
0.0404659
0.0403907
0.0403167
0.0402445
0.0401736
0.0401043
0.0400365
0.0399704
0.0399065
0.0398435
0.0397822
0.0397225
0.0396641
0.0396076
0.0395528
0.0394996
0.0394478
0.0393976
0.0393493
0.0393027
0.0392577
0.0392148
0.039173
0.0391329
0.0390944
0.0390576
0.0390226
0.038989
0.0389569
0.0389265
0.0388978
0.0388706
0.038845
0.0388207
0.0387985
0.0387776
0.0387586
0.0387411
0.0387249
0.0387103
0.0386975
0.038686
0.038676
0.0386678
0.0386613
0.0386562
0.0386523
0.0386501
0.0386495
0.0386501
0.0386522
0.0386558
0.0386609
0.0386674
0.0386752
0.0386847
0.0386955
0.0387081
0.0387218
0.0387371
0.0387536
0.0387718
0.0387915
0.0388128
0.0388353
0.0388593
0.0388846
0.0389112
0.0389396
0.0389695
0.0390005
0.0390329
0.0390667
0.0391022
0.0391388
0.0391765
0.0392159
0.0392566
0.0392987
0.0393422
0.0393871
0.0394335
0.0394811
0.03953
0.0395803
0.0396319
0.0396849
0.0397389
0.0397945
0.0398517
0.0399102
0.0399698
0.0400304
0.0400925
0.040156
0.0402205
0.0402865
0.0403541
0.0404229
0.0404927
0.0405637
0.0406361
0.0407098
0.0407846
0.0408606
0.0409378
0.0410164
0.0410958
0.0411765
0.0412585
0.0413416
0.0414261
0.0415115
0.0415985
0.0416861
0.0417749
0.0418647
0.0419557
0.0420477
0.0421407
0.0422348
0.0423298
0.0424259
0.0425231
0.0426213
0.0427205
0.0428204
0.0429215
0.0430233
0.0431262
0.0432304
0.0433351
0.0434408
0.0435473
0.0436547
0.0437629
0.043872
0.0439821
0.0440927
0.0442042
0.0443168
0.0444298
0.0445432
0.0446576
0.0447726
0.0448886
0.0450051
0.0451224
0.0452401
0.0453586
0.0454775
0.045597
0.0457173
0.0458377
0.0459588
0.0460807
0.0462029
0.0463257
0.0464488
0.0465724
0.0466963
0.0468209
0.0469457
0.0470709
0.0471961
0.047322
0.0474481
0.0475748
0.0477016
0.0478286
0.0479561
0.0480841
0.0482118
0.0483397
0.0484675
0.0485957
0.048724
0.0488525
0.048981
0.0491096
0.0492383
0.0493669
0.0494956
0.0496243
0.0497526
0.0498811
0.0500096
0.0501379
0.0502662
0.0503945
0.0505222
0.05065
0.050777
0.050904
0.0510306
0.0511569
0.0512828
0.0514083
0.0515333
0.0516579
0.0517821
0.0519055
0.0520286
0.0521502
0.0522717
0.0523925
0.0525124
0.0526315
0.0527498
0.0528672
0.0529835
0.0530989
0.0532132
0.0533261
0.0534382
0.0535489
0.0536584
0.0537666
0.0538733
0.0539786
0.0540824
0.0541846
0.0542851
0.054384
0.054481
0.0545763
0.0546696
0.054761
0.0548503
0.0549373
0.0550221
0.055105
0.0551858
0.0552642
0.0553402
0.0554134
0.0554841
0.0555522
0.0556176
0.0556803
0.0557403
0.0557973
0.0558514
0.0559025
0.0559505
0.0559955
0.0560374
0.0560761
0.0561116
0.0561435
0.0561725
0.0561981
0.0562206
0.0562393
0.0562548
0.0562669
0.0562755
0.0562807
0.0562825
0.0562809
0.0562758
0.0562673
0.0562554
0.0562401
0.0562214
0.0561991
0.0561738
0.0561451
0.0561133
0.0560782
0.0560398
0.0559988
0.0559545
0.0559073
0.0558572
0.0558042
0.0557485
0.0556899
0.055629
0.0555655
0.0554999
0.0554317
0.0553613
0.0552888
0.0552142
0.0551377
0.0550594
0.0549793
0.0548976
0.0548143
0.0547297
0.0546439
0.054557
0.0544687
0.0543794
0.0542889
0.0541979
0.0541062
0.0540139
0.0539209
0.0538275
0.0537338
0.0536398
0.053546
0.0534522
0.0533584
0.053265
0.0531715
0.0530784
0.0529857
0.0528934
0.0528013
0.0527101
0.0526196
0.05253
0.0524409
0.0523524
0.0522652
0.0521787
0.0520934
0.0520087
0.0519249
0.0518425
0.0517614
0.051681
0.0516019
0.051524
0.0514473
0.0513723
0.051298
0.051225
0.0511532
0.0510828
0.0510135
0.0509456
0.0508787
0.0508131
0.0507487
0.0506854
0.0506239
0.050563
0.0505033
0.0504448
0.0503874
0.0503316
0.0502761
0.050222
0.0501688
0.0501167
0.0500656
0.0500151
0.0499658
0.0499174
0.0498699
0.0498229
0.0497773
0.0497323
0.0496879
0.0496441
0.049601
0.0495585
0.0495165
0.0494754
0.0494347
0.0493943
0.0493543
0.0493148
0.0492755
0.0492369
0.0491987
0.0491604
0.0491222
0.0490845
0.0490469
0.0490092
0.0489716
0.048934
0.0488964
0.0488591
0.0488212
0.0487835
0.0487459
0.0487077
0.04867
0.0486316
0.0485928
0.0485539
0.048515
0.0484756
0.048436
0.0483959
0.0483553
0.0483142
0.048273
0.0482312
0.0481889
0.0481461
0.0481027
0.0480589
0.0480147
0.04797
0.0479242
0.047878
0.0478314
0.0477838
0.0477359
0.0476872
0.0476381
0.047588
0.047537
0.0474855
0.0474333
0.0473804
0.0473268
0.0472727
0.0472178
0.047162
0.0471054
0.047048
0.0469901
0.0469313
0.0468716
0.0468114
0.0467503
0.0466881
0.0466254
0.0465619
0.0464977
0.0464325
0.0463667
0.0463002
0.0462329
0.0461652
0.0460964
0.046027
0.0459568
0.0458856
0.045814
0.0457417
0.0456687
0.045595
0.0455206
0.0454452
0.0453697
0.0452934
0.0452165
0.0451387
0.0450611
0.0449824
0.0449031
0.0448233
0.0447429
0.0446621
0.0445807
0.0444988
0.0444168
0.044334
0.0442506
0.044167
0.0440827
0.0439986
0.0439139
0.0438289
0.0437433
0.0436579
0.0435721
0.0434855
0.0433994
0.0433128
0.0432264
0.0431395
0.0430525
0.0429654
0.0428783
0.0427911
0.0427038
0.0426166
0.0425291
0.0424417
0.0423549
0.0422679
0.042181
0.0420942
0.0420077
0.0419215
0.0418354
0.0417495
0.0416638
0.0415785
0.0414935
0.0414088
0.0413245
0.0412404
0.0411567
0.0410737
0.0409912
0.0409089
0.0408274
0.0407464
0.040666
0.0405862
0.040507
0.0404285
0.0403507
0.0402735
0.0401971
0.0401214
0.0400462
0.039972
0.0398987
0.0398262
0.0397548
0.039684
0.0396141
0.0395449
0.0394769
0.0394099
0.0393441
0.039279
0.0392152
0.0391523
0.0390901
0.0390293
0.0389696
0.038911
0.0388536
0.0387974
0.0387423
0.0386884
0.0386358
0.0385844
0.0385345
0.0384857
0.0384382
0.0383919
0.038347
0.0383035
0.0382613
0.0382206
0.038181
0.0381428
0.0381063
0.0380712
0.0380379
0.0380058
0.037975
0.037946
0.0379187
0.0378928
0.0378682
0.0378456
0.0378245
0.0378049
0.037787
0.0377708
0.0377562
0.0377433
0.0377319
0.0377224
0.0377145
0.0377083
0.0377041
0.0377019
0.0377013
0.0377028
0.0377059
0.0377108
0.0377176
0.0377262
0.0377368
0.0377491
0.0377635
0.0377802
0.0377985
0.0378189
0.0378413
0.0378655
0.0378922
0.0379207
0.0379513
0.037984
0.0380188
0.0380555
0.0380946
0.0381361
0.0381796
0.0382253
0.0382732
0.0383232
0.0383756
0.0384306
0.0384877
0.038547
0.0386088
0.0386729
0.0387392
0.0388079
0.0388792
0.038953
0.0390293
0.0391079
0.0391892
0.039273
0.0393594
0.0394489
0.0395404
0.0396347
0.0397315
0.039831
0.0399335
0.0400384
0.0401458
0.0402561
0.0403693
0.0404852
0.0406039
0.0407253
0.0408497
0.0409767
0.0411066
0.0412393
0.0413753
0.0415141
0.0416559
0.0418006
0.0419483
0.042099
0.0422522
0.0424089
0.0425685
0.0427307
0.0428966
0.0430651
0.0432368
0.043411
0.0435885
0.0437695
0.0439533
0.0441401
0.0443298
0.0445225
0.0447182
0.0449168
0.0451184
0.0453228
0.0455301
0.0457402
0.0459534
0.046169
0.0463874
0.0466087
0.0468321
0.0470583
0.047287
0.0475181
0.0477521
0.0479876
0.0482256
0.0484654
0.0487077
0.0489517
0.0491975
0.049445
0.0496943
0.0499446
0.0501962
0.0504492
0.0507032
0.0509582
0.051214
0.0514702
0.0517268
0.0519838
0.0522405
0.0524971
0.0527532
0.0530088
0.0532633
0.0535169
0.0537691
0.0540199
0.054269
0.0545156
0.0547604
0.0550028
0.0552425
0.0554789
0.055712
0.0559414
0.0561669
0.0563883
0.0566052
0.0568173
0.0570244
0.0572263
0.0574225
0.0576127
0.0577972
0.0579751
0.0581458
0.0583098
0.058467
0.0586167
0.0587587
0.0588927
0.0590186
0.0591361
0.0592457
0.0593465
0.0594384
0.0595215
0.0595954
0.05966
0.0597156
0.0597615
0.059798
0.059825
0.0598424
0.0598502
0.0598485
0.0598373
0.0598163
0.0597861
0.0597466
0.0596977
0.0596399
0.0595729
0.0594972
0.0594124
0.0593191
0.0592174
0.0591077
0.0589898
0.0588638
0.0587301
0.0585896
0.0584419
0.0582877
0.058127
0.0579595
0.0577861
0.0576071
0.0574228
0.0572333
0.0570391
0.05684
0.056637
0.05643
0.0562191
0.056005
0.0557878
0.0555676
0.0553447
0.0551195
0.0548922
0.0546633
0.0544326
0.0542007
0.0539674
0.0537336
0.0534992
0.0532644
0.0530294
0.0527944
0.0525597
0.0523253
0.0520914
0.0518584
0.0516262
0.0513952
0.0511655
0.0509372
0.0507104
0.0504855
0.0502623
0.05004
0.0498205
0.049603
0.0493876
0.0491746
0.0489638
0.048755
0.0485492
0.0483458
0.0481449
0.0479468
0.0477517
0.0475593
0.0473694
0.0471826
0.0469984
0.0468171
0.0466386
0.0464634
0.0462908
0.0461211
0.0459546
0.0457909
0.0456303
0.0454725
0.0453176
0.0451657
0.0450168
0.0448705
0.0447275
0.0445876
0.0444502
0.044316
0.0441846
0.0440561
0.0439305
0.0438077
0.0436876
0.0435707
0.0434562
0.0433447
0.0432359
0.0431299
0.0430269
0.0429265
0.0428286
0.0427334
0.0426408
0.0425508
0.0424634
0.0423786
0.0422961
0.0422166
0.0421394
0.0420646
0.0419924
0.0419228
0.0418554
0.0417904
0.0417273
0.041667
0.0416091
0.0415535
0.0415003
0.0414495
0.041401
0.0413545
0.0413105
0.0412685
0.0412286
0.0411912
0.0411559
0.0411228
0.0410915
0.0410624
0.0410356
0.0410107
0.0409878
0.040967
0.0409482
0.0409315
0.0409167
0.040904
0.040893
0.0408843
0.0408775
0.0408724
0.0408696
0.0408686
0.0408696
0.0408725
0.0408773
0.0408838
0.0408925
0.0409032
0.0409156
0.0409299
0.040946
0.0409638
0.0409837
0.0410056
0.041029
0.0410549
0.0410821
0.0411112
0.0411422
0.041175
0.0412098
0.0412467
0.041285
0.0413252
0.0413674
0.0414112
0.0414563
0.0415038
0.0415531
0.0416043
0.0416573
0.0417125
0.041769
0.0418276
0.0418881
0.0419504
0.0420147
0.042081
0.0421488
0.042219
0.0422909
0.0423647
0.0424405
0.0425182
0.0425978
0.0426795
0.0427631
0.0428485
0.0429361
0.0430258
0.0431175
0.0432115
0.0433074
0.0434053
0.0435056
0.0436076
0.0437119
0.0438184
0.043927
0.0440381
0.0441512
0.0442665
0.0443836
0.0445032
0.0446251
0.0447498
0.0448763
0.0450052
0.0451367
0.0452705
0.0454066
0.045545
0.0456862
0.0458298
0.0459758
0.0461246
0.0462759
0.0464293
0.0465854
0.0467438
0.0469048
0.0470686
0.0472349
0.0474038
0.0475753
0.0477491
0.0479258
0.048105
0.0482868
0.0484709
0.0486578
0.0488473
0.0490393
0.049234
0.0494312
0.0496306
0.0498323
0.0500365
0.0502431
0.0504523
0.0506635
0.0508772
0.0510928
0.0513105
0.0515303
0.051752
0.0519754
0.0522009
0.0524282
0.0526571
0.0528876
0.0531195
0.0533529
0.0535872
0.0538229
0.0540597
0.0542974
0.0545359
0.0547752
0.0550148
0.0552548
0.0554951
0.0557354
0.0559756
0.0562156
0.0564552
0.0566944
0.0569327
0.0571701
0.0574065
0.0576416
0.0578753
0.0581074
0.0583375
0.0585659
0.0587921
0.0590159
0.0592374
0.0594562
0.0596725
0.0598856
0.0600958
0.0603024
0.0605051
0.0607046
0.0609004
0.0610923
0.0612801
0.0614635
0.0616429
0.0618181
0.0619882
0.062154
0.062315
0.0624713
0.0626226
0.0627689
0.0629102
0.0630464
0.063177
0.0633029
0.0634238
0.0635393
0.0636497
0.0637549
0.0638546
0.0639491
0.0640381
0.064122
0.064201
0.0642746
0.0643434
0.0644072
0.0644662
0.0645205
0.06457
0.0646144
0.0646543
0.0646898
0.0647213
0.0647482
0.0647712
0.0647899
0.0648047
0.0648157
0.0648231
0.0648267
0.0648266
0.0648238
0.0648176
0.0648092
0.0647975
0.0647833
0.0647661
0.064747
0.0647254
0.0647017
0.0646758
0.0646484
0.0646193
0.0645885
0.0645566
0.0645234
0.0644892
0.064454
0.0644178
0.0643817
0.0643445
0.0643069
0.064269
0.0642305
0.0641924
0.0641541
0.0641165
0.0640786
0.0640413
0.0640045
0.0639679
0.0639324
0.0638974
0.0638633
0.0638297
0.0637969
0.063765
0.0637343
0.0637044
0.0636752
0.063647
0.0636194
0.0635932
0.0635676
0.0635428
0.0635189
0.0634957
0.0634729
0.063451
0.0634298
0.0634088
0.0633883
0.0633679
0.0633475
0.0633271
0.0633065
0.0632856
0.0632645
0.0632428
0.0632205
0.0631967
0.0631721
0.0631459
0.0631181
0.0630887
0.0630577
0.0630243
0.0629889
0.062951
0.0629103
0.0628669
0.0628207
0.0627708
0.0627175
0.0626606
0.0626003
0.0625357
0.0624671
0.0623943
0.0623171
0.0622354
0.0621491
0.0620581
0.0619621
0.0618612
0.0617555
0.0616446
0.0615289
0.061408
0.0612821
0.061151
0.0610148
0.0608735
0.0607272
0.0605761
0.0604201
0.0602589
0.060093
0.0599224
0.0597473
0.0595679
0.0593837
0.0591956
0.0590032
0.0588074
0.0586076
0.0584044
0.0581978
0.057988
0.0577754
0.0575598
0.0573417
0.0571211
0.0568983
0.0566741
0.0564475
0.0562194
0.0559899
0.0557594
0.0555277
0.0552952
0.0550624
0.0548289
0.0545952
0.0543615
0.0541279
0.0538947
0.053662
0.0534299
0.0531987
0.0529687
0.0527398
0.052512
0.0522856
0.0520608
0.0518377
0.0516161
0.0513968
0.0511795
0.0509643
0.0507515
0.0505409
0.0503329
0.0501274
0.0499245
0.0497243
0.0495269
0.0493323
0.0491407
0.0489517
0.0487663
0.0485837
0.0484043
0.048228
0.0480551
0.047885
0.0477179
0.0475546
0.0473952
0.0472385
0.0470853
0.0469354
0.046789
0.0466459
0.0465061
0.0463696
0.0462371
0.0461077
0.0459818
0.0458594
0.0457403
0.0456249
0.0455127
0.0454039
0.0452985
0.0451967
0.0450982
0.0450029
0.0449109
0.0448222
0.0447368
0.0446549
0.0445758
0.0445002
0.0444277
0.0443587
0.0442925
0.0442295
0.0441693
0.0441124
0.0440587
0.0440078
0.0439599
0.0439146
0.0438724
0.0438331
0.0437966
0.0437628
0.0437315
0.0437029
0.0436772
0.043654
0.0436334
0.0436155
0.0435996
0.0435863
0.0435753
0.0435669
0.0435605
0.0435563
0.0435542
0.0435542
0.0435562
0.0435602
0.0435664
0.0435737
0.043583
0.0435941
0.0436073
0.0436219
0.0436383
0.0436559
0.043675
0.0436952
0.0437171
0.0437401
0.0437639
0.0437891
0.0438151
0.0438424
0.0438707
0.0438996
0.0439298
0.0439602
0.0439912
0.0440226
0.0440547
0.0440874
0.0441203
0.0441537
0.0441868
0.0442204
0.044254
0.0442877
0.0443211
0.0443549
0.0443883
0.0444213
0.0444539
0.0444865
0.0445184
0.0445504
0.0445816
0.044612
0.044642
0.0446714
0.0447005
0.0447284
0.0447553
0.0447815
0.0448069
0.0448313
0.0448547
0.0448771
0.0448987
0.044919
0.0449381
0.0449562
0.044973
0.0449889
0.0450036
0.0450168
0.0450285
0.0450394
0.0450488
0.0450568
0.0450636
0.0450687
0.045073
0.045076
0.0450774
0.0450772
0.0450759
0.0450726
0.0450684
0.0450628
0.0450562
0.0450482
0.0450389
0.0450281
0.0450163
0.0450036
0.0449893
0.0449737
0.0449571
0.0449391
0.0449199
0.0449
0.0448786
0.044856
0.0448324
0.0448077
0.0447819
0.0447552
0.0447275
0.0446989
0.0446693
0.0446391
0.0446078
0.0445757
0.044543
0.0445093
0.0444746
0.0444392
0.0444034
0.0443667
0.0443296
0.0442921
0.0442541
0.0442153
0.044176
0.0441362
0.044096
0.0440551
0.0440145
0.0439731
0.0439313
0.0438893
0.0438469
0.0438042
0.0437613
0.0437181
0.0436747
0.0436312
0.0435874
0.0435435
0.0434995
0.0434558
0.0434115
0.0433672
0.0433229
0.0432784
0.0432339
0.0431892
0.0431444
0.0430997
0.043055
0.0430103
0.0429656
0.0429209
0.0428762
0.042832
0.0427874
0.0427428
0.0426982
0.0426536
0.0426091
0.0425648
0.0425201
0.0424757
0.0424313
0.042387
0.0423425
0.0422982
0.042254
0.0422098
0.0421651
0.042121
0.0420769
0.0420328
0.0419888
0.0419451
0.0419011
0.0418572
0.0418132
0.0417691
0.041725
0.0416812
0.0416374
0.0415934
0.0415492
0.0415055
0.0414616
0.041418
0.0413744
0.0413306
0.041287
0.0412436
0.0412002
0.0411568
0.0411135
0.0410703
0.0410272
0.0409844
0.0409414
0.0408985
0.0408553
0.0408126
0.0407701
0.0407277
0.0406854
0.0406433
0.0406016
0.0405599
0.0405183
0.040477
0.0404358
0.0403949
0.0403542
0.0403135
0.0402736
0.0402337
0.0401941
0.0401549
0.0401157
0.0400771
0.0400391
0.0400014
0.0399639
0.0399268
0.0398902
0.039854
0.0398182
0.0397831
0.0397483
0.0397139
0.0396801
0.0396469
0.0396141
0.039582
0.0395504
0.0395196
0.0394894
0.0394597
0.0394308
0.0394021
0.0393745
0.0393471
0.0393212
0.0392955
0.0392707
0.0392467
0.0392237
0.0392009
0.039179
0.0391578
0.0391372
0.0391176
0.0390991
0.0390812
0.0390642
0.039048
0.0390326
0.0390184
0.0390048
0.0389924
0.0389808
0.03897
0.03896
0.038951
0.0389432
0.038936
0.0389301
0.0389248
0.0389208
0.0389175
0.0389152
0.038914
0.0389137
0.0389143
0.0389162
0.0389188
0.0389224
0.0389271
0.0389325
0.0389389
0.0389471
0.0389558
0.0389655
0.0389763
0.0389881
0.039001
0.0390149
0.0390298
0.0390458
0.0390626
0.0390807
0.0390999
0.0391201
0.0391413
0.0391634
0.0391868
0.0392111
0.0392366
0.0392635
0.0392907
0.0393195
0.0393496
0.0393806
0.0394127
0.0394461
0.0394804
0.0395158
0.0395522
0.0395896
0.0396284
0.0396682
0.0397092
0.0397516
0.0397946
0.039839
0.0398846
0.0399313
0.0399795
0.0400285
0.0400781
0.0401295
0.0401824
0.0402362
0.0402912
0.0403472
0.0404047
0.0404632
0.0405231
0.0405843
0.0406467
0.0407104
0.0407753
0.0408415
0.040909
0.0409777
0.0410475
0.0411188
0.0411914
0.0412654
0.0413406
0.0414171
0.041495
0.0415743
0.0416548
0.0417366
0.0418197
0.0419043
0.04199
0.0420773
0.0421656
0.0422552
0.0423461
0.0424385
0.042532
0.0426269
0.0427232
0.0428206
0.0429191
0.0430187
0.0431196
0.0432216
0.0433248
0.0434291
0.0435348
0.0436416
0.0437492
0.0438578
0.0439675
0.0440781
0.0441894
0.0443019
0.0444151
0.0445294
0.0446444
0.0447605
0.0448771
0.044994
0.045112
0.0452306
0.0453499
0.0454695
0.0455898
0.0457107
0.0458322
0.0459542
0.0460763
0.0461988
0.0463216
0.0464447
0.0465681
0.0466921
0.046816
0.0469403
0.0470643
0.0471886
0.0473132
0.0474376
0.0475622
0.0476872
0.0478125
0.047938
0.0480634
0.0481892
0.0483148
0.0484408
0.0485672
0.0486937
0.048821
0.0489482
0.0490758
0.0492038
0.0493321
0.0494612
0.0495912
0.0497215
0.0498528
0.0499852
0.0501183
0.0502527
0.0503875
0.050524
0.0506619
0.0508012
0.0509423
0.0510846
0.0512289
0.0513751
0.0515234
0.0516734
0.0518258
0.0519807
0.0521382
0.0522982
0.052461
0.0526266
0.0527955
0.0529669
0.053142
0.0533203
0.0535017
0.0536869
0.0538758
0.0540684
0.0542649
0.0544658
0.0546702
0.0548788
0.0550916
0.0553087
0.0555301
0.055756
0.0559865
0.0562213
0.0564605
0.0567044
0.0569529
0.0572063
0.0574641
0.0577266
0.0579938
0.0582655
0.0585417
0.0588224
0.0591076
0.0593972
0.0596914
0.0599896
0.0602918
0.0605982
0.0609089
0.0612231
0.0615413
0.061863
0.062188
0.0625159
0.062847
0.0631809
0.0635177
0.0638564
0.0641976
0.064541
0.0648858
0.0652321
0.0655793
0.0659276
0.0662768
0.0666261
0.0669753
0.0673243
0.0676726
0.0680199
0.0683659
0.0687102
0.0690525
0.0693925
0.0697297
0.0700638
0.0703942
0.070721
0.0710435
0.0713615
0.0716743
0.071982
0.072284
0.0725801
0.0728696
0.073152
0.0734276
0.0736954
0.0739556
0.0742079
0.0744515
0.0746863
0.074912
0.0751284
0.0753353
0.0755321
0.0757188
0.0758951
0.0760608
0.0762155
0.0763594
0.0764922
0.0766137
0.0767236
0.0768221
0.0769095
0.0769846
0.0770479
0.0770997
0.077139
0.0771667
0.077183
0.0771869
0.077179
0.0771592
0.0771276
0.0770846
0.0770297
0.0769634
0.0768856
0.076797
0.0766968
0.0765856
0.0764635
0.0763307
0.0761874
0.0760341
0.0758703
0.0756965
0.0755131
0.07532
0.0751177
0.0749062
0.0746859
0.0744569
0.0742195
0.073974
0.0737205
0.0734596
0.0731911
0.0729156
0.0726329
0.0723437
0.0720478
0.0717465
0.0714388
0.0711258
0.0708073
0.0704836
0.0701552
0.0698223
0.0694851
0.0691439
0.0687989
0.0684503
0.0680984
0.0677438
0.0673865
0.0670269
0.066665
0.066301
0.0659356
0.0655684
0.0652
0.0648306
0.0644605
0.0640895
0.0637185
0.0633469
0.0629753
0.0626039
0.0622332
0.0618628
0.0614935
0.0611248
0.0607573
0.0603913
0.0600265
0.0596634
0.0593024
0.0589429
0.0585854
0.0582301
0.0578769
0.0575261
0.0571772
0.0568313
0.0564881
0.0561475
0.05581
0.0554752
0.0551433
0.0548145
0.0544887
0.0541664
0.0538472
0.0535314
0.0532186
0.0529092
0.0526032
0.0523004
0.0520014
0.0517059
0.0514135
0.0511255
0.050841
0.05056
0.0502827
0.0500091
0.0497393
0.0494732
0.0492111
0.0489526
0.048698
0.0484472
0.0482002
0.0479574
0.0477182
0.0474829
0.0472518
0.0470241
0.0468005
0.0465807
0.046365
0.0461533
0.0459458
0.0457421
0.0455434
0.045348
0.0451567
0.0449694
0.0447863
0.0446075
0.0444326
0.0442618
0.0440951
0.0439326
0.0437743
0.0436201
0.0434701
0.0433241
0.0431828
0.0430453
0.0429124
0.0427836
0.042659
0.0425385
0.0424225
0.0423106
0.0422032
0.0421002
0.0420014
0.0419071
0.0418171
0.0417313
0.04165
0.041573
0.0415008
0.0414328
0.0413693
0.0413102
0.0412556
0.0412054
0.0411598
0.0411186
0.041082
0.0410501
0.0410225
0.0409994
0.0409814
0.0409677
0.0409583
0.0409531
0.0409532
0.0409576
0.0409665
0.0409802
0.040999
0.041022
0.0410496
0.0410822
0.0411192
0.0411609
0.0412075
0.0412586
0.0413144
0.0413749
0.0414401
0.04151
0.0415846
0.0416643
0.0417486
0.0418374
0.0419312
0.0420295
0.0421325
0.0422399
0.0423521
0.0424692
0.0425907
0.042717
0.0428479
0.0429836
0.043124
0.0432688
0.0434186
0.043573
0.0437317
0.0438949
0.0440625
0.0442346
0.0444111
0.0445919
0.0447769
0.0449663
0.0451601
0.0453577
0.0455594
0.0457654
0.0459751
0.0461883
0.0464056
0.0466266
0.0468511
0.0470792
0.0473106
0.0475451
0.0477828
0.0480235
0.0482674
0.0485141
0.0487635
0.0490155
0.0492695
0.0495266
0.049785
0.0500455
0.0503078
0.0505719
0.0508372
0.0511036
0.0513709
0.0516402
0.0519086
0.0521779
0.0524468
0.0527163
0.0529856
0.0532542
0.0535223
0.0537895
0.0540556
0.0543203
0.0545834
0.0548446
0.0551036
0.0553606
0.0556145
0.0558656
0.0561138
0.056359
0.0566003
0.0568381
0.0570716
0.0573011
0.0575261
0.0577459
0.0579609
0.0581709
0.0583755
0.0585745
0.058768
0.0589553
0.0591365
0.0593113
0.0594798
0.0596416
0.0597969
0.0599449
0.060086
0.0602199
0.0603467
0.0604662
0.0605786
0.0606832
0.0607803
0.0608696
0.0609516
0.0610257
0.0610924
0.0611514
0.061203
0.0612468
0.0612827
0.0613114
0.0613323
0.061346
0.0613523
0.0613513
0.0613432
0.0613279
0.0613056
0.0612764
0.0612404
0.0611977
0.0611481
0.0610927
0.0610308
0.0609628
0.0608891
0.0608092
0.0607239
0.0606326
0.0605362
0.0604346
0.0603276
0.0602157
0.0600991
0.0599782
0.0598525
0.0597226
0.059589
0.0594513
0.0593097
0.0591644
0.0590159
0.058864
0.0587087
0.0585504
0.058389
0.0582248
0.0580582
0.0578887
0.0577171
0.0575429
0.0573668
0.0571883
0.057008
0.0568257
0.0566418
0.0564562
0.056269
0.0560804
0.0558903
0.0556992
0.0555069
0.0553135
0.0551192
0.0549239
0.0547279
0.0545311
0.0543339
0.0541361
0.0539374
0.0537382
0.0535389
0.0533393
0.0531395
0.0529395
0.0527392
0.0525389
0.0523389
0.052139
0.0519393
0.0517398
0.0515406
0.0513418
0.0511434
0.0509455
0.0507481
0.0505513
0.0503551
0.0501597
0.0499651
0.0497712
0.0495783
0.049386
0.0491947
0.0490047
0.0488158
0.0486277
0.0484409
0.0482555
0.0480714
0.0478886
0.0477074
0.0475274
0.0473489
0.0471716
0.0469963
0.0468223
0.0466502
0.0464797
0.0463106
0.0461433
0.0459776
0.0458138
0.0456517
0.0454912
0.0453327
0.0451759
0.0450212
0.0448684
0.0447174
0.0445684
0.0444214
0.0442763
0.0441329
0.0439916
0.0438524
0.0437154
0.0435803
0.043447
0.0433157
0.0431861
0.0430584
0.042933
0.0428097
0.0426882
0.0425689
0.0424512
0.0423355
0.0422222
0.0421103
0.0420009
0.0418928
0.0417865
0.041682
0.0415791
0.0414785
0.0413794
0.0412821
0.0411865
0.0410929
0.0410007
0.0409102
0.0408214
0.0407344
0.0406488
0.0405648
0.0404826
0.0404017
0.0403223
0.0402444
0.040168
0.040093
0.0400196
0.0399475
0.0398767
0.0398075
0.0397394
0.0396726
0.0396071
0.0395428
0.0394796
0.0394176
0.039357
0.0392976
0.0392393
0.0391822
0.0391265
0.0390716
0.0390176
0.0389651
0.0389134
0.0388626
0.0388127
0.0387641
0.0387165
0.0386699
0.0386242
0.038579
0.0385349
0.0384921
0.0384501
0.038409
0.0383686
0.0383291
0.0382904
0.0382524
0.0382157
0.0381798
0.0381446
0.0381106
0.0380772
0.0380449
0.0380132
0.0379822
0.0379521
0.037923
0.0378937
0.0378659
0.037839
0.0378127
0.0377873
0.0377627
0.0377388
0.0377159
0.037694
0.0376727
0.0376514
0.0376313
0.037612
0.0375937
0.0375761
0.0375589
0.0375428
0.037527
0.0375122
0.0374982
0.0374849
0.0374724
0.0374608
0.0374493
0.0374389
0.0374294
0.0374203
0.0374124
0.0374053
0.0373987
0.0373928
0.0373876
0.0373832
0.0373794
0.0373765
0.0373739
0.0373724
0.0373715
0.0373714
0.0373725
0.0373737
0.037376
0.0373789
0.0373825
0.0373865
0.0373913
0.0373967
0.0374025
0.037409
0.0374162
0.0374243
0.037433
0.0374421
0.0374519
0.0374627
0.0374738
0.0374856
0.0374981
0.0375112
0.0375249
0.037539
0.037554
0.037569
0.037585
0.0376016
0.0376187
0.0376364
0.0376545
0.0376733
0.0376923
0.0377118
0.0377321
0.0377533
0.037775
0.0377967
0.0378189
0.0378416
0.0378647
0.0378885
0.0379127
0.0379372
0.037962
0.0379871
0.0380128
0.0380389
0.0380654
0.0380923
0.0381199
0.0381475
0.0381754
0.0382038
0.0382326
0.0382618
0.0382913
0.038321
0.0383513
0.0383819
0.0384129
0.0384442
0.0384759
0.0385079
0.0385403
0.0385731
0.0386062
0.0386392
0.038673
0.038707
0.0387413
0.0387763
0.0388116
0.0388474
0.0388835
0.0389198
0.0389568
0.0389939
0.0390317
0.03907
0.0391087
0.0391482
0.0391878
0.039228
0.0392687
0.0393101
0.0393517
0.0393945
0.0394374
0.0394808
0.0395247
0.0395699
0.0396153
0.0396614
0.0397079
0.0397553
0.0398035
0.0398525
0.0399022
0.0399527
0.0400043
0.0400565
0.0401093
0.0401629
0.0402178
0.0402735
0.0403302
0.0403881
0.0404467
0.0405064
0.0405668
0.0406285
0.040691
0.0407549
0.0408195
0.0408853
0.0409524
0.0410206
0.0410902
0.0411609
0.0412325
0.0413053
0.0413791
0.0414541
0.0415302
0.0416072
0.0416856
0.041765
0.0418456
0.0419271
0.0420097
0.0420934
0.042178
0.0422635
0.04235
0.0424374
0.0425256
0.0426143
0.042704
0.0427945
0.0428855
0.0429769
0.0430691
0.0431617
0.0432548
0.0433481
0.0434417
0.043535
0.0436286
0.043722
0.0438158
0.0439094
0.0440026
0.0440958
0.0441885
0.0442809
0.0443726
0.0444636
0.0445539
0.0446433
0.0447318
0.0448193
0.0449058
0.0449911
0.0450752
0.0451578
0.045239
0.045319
0.0453974
0.0454747
0.0455502
0.0456241
0.0456963
0.0457669
0.0458356
0.0459028
0.0459685
0.0460323
0.0460946
0.046155
0.0462135
0.0462707
0.0463262
0.0463802
0.0464329
0.0464843
0.046534
0.0465825
0.0466301
0.0466763
0.0467217
0.0467663
0.0468098
0.0468528
0.0468954
0.0469373
0.0469791
0.0470206
0.0470622
0.047104
0.0471458
0.0471883
0.0472312
0.0472751
0.0473197
0.0473655
0.0474127
0.0474609
0.047511
0.0475627
0.0476163
0.0476719
0.0477296
0.0477894
0.0478519
0.0479169
0.0479849
0.0480554
0.048129
0.0482056
0.0482856
0.0483687
0.0484555
0.0485455
0.0486394
0.0487372
0.048838
0.0489427
0.0490513
0.0491639
0.0492808
0.0494018
0.0495268
0.0496561
0.0497895
0.0499271
0.0500687
0.0502146
0.0503649
0.0505194
0.0506784
0.0508413
0.0510085
0.0511802
0.0513555
0.0515351
0.0517183
0.0519056
0.0520968
0.0522915
0.0524902
0.0526927
0.0528988
0.053108
0.0533204
0.0535364
0.0537553
0.053977
0.0542012
0.0544286
0.0546586
0.0548914
0.0551261
0.0553626
0.0556012
0.0558416
0.0560836
0.056327
0.0565715
0.0568171
0.0570632
0.0573102
0.0575576
0.0578047
0.0580523
0.0582996
0.0585464
0.0587923
0.0590374
0.0592809
0.0595238
0.0597647
0.0600037
0.0602404
0.0604751
0.0607072
0.0609364
0.0611617
0.0613842
0.061603
0.0618182
0.062029
0.0622354
0.0624372
0.0626341
0.062826
0.0630125
0.0631935
0.0633684
0.0635375
0.0637005
0.0638572
0.0640068
0.0641493
0.0642853
0.0644141
0.0645352
0.064649
0.0647551
0.0648534
0.0649436
0.0650258
0.0650997
0.0651654
0.0652225
0.0652711
0.0653113
0.0653423
0.0653651
0.0653791
0.065384
0.0653802
0.0653675
0.065346
0.0653156
0.0652765
0.0652287
0.0651722
0.0651067
0.065033
0.0649508
0.0648602
0.0647613
0.0646544
0.0645391
0.0644162
0.0642856
0.0641471
0.0640011
0.0638477
0.0636872
0.0635198
0.0633455
0.0631643
0.0629767
0.0627829
0.0625835
0.0623781
0.0621671
0.0619506
0.0617292
0.0615026
0.061271
0.0610351
0.0607949
0.0605504
0.0603023
0.0600503
0.0597954
0.0595368
0.0592758
0.0590117
0.0587452
0.0584763
0.0582051
0.0579321
0.0576576
0.0573817
0.0571043
0.0568261
0.0565471
0.0562674
0.0559873
0.0557069
0.0554265
0.0551464
0.0548666
0.0545872
0.0543083
0.0540301
0.0537529
0.0534768
0.053202
0.0529288
0.0526572
0.052387
0.0521187
0.0518523
0.051588
0.0513263
0.0510665
0.0508094
0.0505546
0.0503024
0.0500534
0.0498068
0.0495631
