1.36304
1.36304
1.36304
1.36304
1.36304
1.36304
1.36303
1.36303
1.36303
1.36303
1.36302
1.36303
1.36302
1.36302
1.36302
1.36302
1.36301
1.36301
1.36301
1.36301
1.36301
1.36301
1.363
1.363
1.363
1.363
1.363
1.363
1.36301
1.36301
1.36301
1.36301
1.36301
1.36301
1.36301
1.36301
1.36301
1.36301
1.36301
1.36301
1.36301
1.36301
1.36301
1.36301
1.36301
1.36301
1.36301
1.36301
1.36301
1.36301
1.36302
1.36302
1.36302
1.36302
1.36302
1.36303
1.36303
1.36303
1.36303
1.36303
1.36303
1.36304
1.36304
1.36304
1.36304
1.36305
1.36305
1.36305
1.36306
1.36306
1.36306
1.36306
1.36307
1.36307
1.36307
1.36308
1.36308
1.36309
1.36309
1.3631
1.3631
1.36311
1.36311
1.36312
1.36312
1.36312
1.36313
1.36313
1.36314
1.36314
1.36315
1.36315
1.36316
1.36317
1.36318
1.36318
1.36319
1.3632
1.36321
1.36321
1.36321
1.36322
1.36323
1.36323
1.36324
1.36326
1.36327
1.36327
1.36329
1.3633
1.36331
1.36333
1.36334
1.36336
1.36337
1.36338
1.3634
1.36341
1.36343
1.36345
1.36347
1.36349
1.36351
1.36353
1.36355
1.36357
1.36359
1.36362
1.36364
1.36367
1.36369
1.36372
1.36375
1.36378
1.36381
1.36384
1.36388
1.36391
1.36394
1.36397
1.364
1.36403
1.36406
1.36409
1.36412
1.36415
1.36418
1.36421
1.36424
1.36427
1.3643
1.36432
1.36434
1.36437
1.36438
1.3644
1.36441
1.36442
1.36443
1.36444
1.36444
1.36444
1.36443
1.36442
1.36441
1.36439
1.36437
1.36435
1.36432
1.36428
1.36424
1.3642
1.36415
1.3641
1.36404
1.36398
1.36391
1.36384
1.36376
1.36368
1.3636
1.36351
1.36343
1.36334
1.36324
1.36314
1.36304
1.36294
1.36285
1.36275
1.36265
1.36255
1.36245
1.36235
1.36226
1.36216
1.36208
1.36199
1.36191
1.36183
1.36176
1.36168
1.36162
1.36155
1.36149
1.36144
1.36139
1.36135
1.36131
1.36128
1.36125
1.36123
1.36121
1.36119
1.36118
1.36117
1.36117
1.36117
1.36117
1.36118
1.36119
1.3612
1.36122
1.36124
1.36125
1.36128
1.3613
1.36133
1.36135
1.36138
1.36141
1.36144
1.36147
1.3615
1.36154
1.36157
1.36161
1.36164
1.36168
1.36171
1.36175
1.36178
1.36182
1.36185
1.36189
1.36192
1.36196
1.36199
1.36203
1.36206
1.3621
1.36213
1.36216
1.36219
1.36222
1.36225
1.36228
1.3623
1.36233
1.36236
1.36238
1.36241
1.36244
1.36247
1.36249
1.36251
1.36253
1.36255
1.36258
1.3626
1.36262
1.36264
1.36266
1.36267
1.36269
1.36271
1.36273
1.36275
1.36276
1.36278
1.36279
1.36281
1.36282
1.36284
1.36285
1.36286
1.36288
1.36289
1.3629
1.36291
1.36293
1.36294
1.36295
1.36296
1.36297
1.36298
1.36299
1.363
1.36301
1.36302
1.36303
1.36303
1.36304
1.36305
1.36306
1.36306
1.36307
1.36308
1.36308
1.36309
1.36309
1.3631
1.3631
1.36311
1.36312
1.36312
1.36313
1.36314
1.36314
1.36315
1.36315
1.36315
1.36316
1.36316
1.36316
1.36317
1.36317
1.36317
1.36318
1.36318
1.36318
1.36318
1.36319
1.36319
1.36319
1.36319
1.3632
1.3632
1.3632
1.3632
1.36319
1.36319
1.36319
1.36319
1.36319
1.36319
1.36319
1.36319
1.36318
1.36318
1.36318
1.36319
1.36318
1.36318
1.36318
1.36318
1.36318
1.36318
1.36318
1.36318
1.36318
1.36317
1.36317
1.36317
1.36317
1.36317
1.36317
1.36316
1.36316
1.36316
1.36316
1.36315
1.36315
1.36315
1.36315
1.36314
1.36314
1.36314
1.36313
1.36313
1.36313
1.36313
1.36313
1.36312
1.36312
1.36312
1.36312
1.36311
1.36311
1.36311
1.36311
1.36311
1.3631
1.3631
1.3631
1.3631
1.3631
1.36309
1.36309
1.36309
1.36309
1.36309
1.36309
1.36309
1.36309
1.36309
1.36309
1.36309
1.36309
1.36309
1.36309
1.3631
1.3631
1.3631
1.3631
1.36311
1.36311
1.36312
1.36312
1.36313
1.36314
1.36314
1.36315
1.36315
1.36316
1.36317
1.36317
1.36318
1.36319
1.3632
1.36321
1.36322
1.36323
1.36325
1.36326
1.36328
1.36329
1.36331
1.36332
1.36333
1.36335
1.36337
1.36339
1.36341
1.36343
1.36345
1.36347
1.36349
1.36351
1.36354
1.36356
1.36358
1.36361
1.36364
1.36367
1.3637
1.36373
1.36375
1.36378
1.36382
1.36385
1.36388
1.36391
1.36395
1.36398
1.36402
1.36405
1.36408
1.36412
1.36416
1.36419
1.36423
1.36426
1.3643
1.36433
1.36437
1.3644
1.36444
1.36447
1.3645
1.36453
1.36456
1.36459
1.36462
1.36465
1.36467
1.3647
1.36472
1.36474
1.36477
1.36478
1.3648
1.36482
1.36483
1.36484
1.36485
1.36486
1.36486
1.36486
1.36486
1.36485
1.36485
1.36484
1.36482
1.36481
1.36479
1.36476
1.36474
1.36471
1.36467
1.36463
1.36459
1.36455
1.36449
1.36444
1.36438
1.36432
1.36426
1.36419
1.36412
1.36404
1.36396
1.36387
1.36378
1.36369
1.36359
1.36349
1.36339
1.36328
1.36318
1.36307
1.36296
1.36284
1.36274
1.36262
1.36251
1.36239
1.36228
1.36217
1.36206
1.36195
1.36185
1.36175
1.36165
1.36156
1.36147
1.36138
1.3613
1.36123
1.36116
1.3611
1.36104
1.36099
1.36094
1.36091
1.36088
1.36085
1.36083
1.36082
1.36081
1.3608
1.36081
1.36081
1.36083
1.36084
1.36087
1.36089
1.36092
1.36096
1.36099
1.36104
1.36108
1.36112
1.36117
1.36122
1.36127
1.36132
1.36138
1.36144
1.3615
1.36156
1.36162
1.36168
1.36173
1.36179
1.36185
1.36191
1.36197
1.36202
1.36208
1.36214
1.3622
1.36225
1.36231
1.36236
1.36242
1.36247
1.36252
1.36257
1.36262
1.36267
1.36272
1.36277
1.36282
1.36286
1.36291
1.36295
1.363
1.36304
1.36308
1.36312
1.36316
1.3632
1.36324
1.36328
1.36331
1.36335
1.36339
1.36342
1.36345
1.36349
1.36352
1.36356
1.36359
1.36362
1.36365
1.36368
1.36371
1.36374
1.36377
1.3638
1.36383
1.36385
1.36388
1.3639
1.36393
1.36395
1.36398
1.36401
1.36404
1.36406
1.36408
1.36411
1.36413
1.36415
1.36417
1.3642
1.36422
1.36424
1.36426
1.36427
1.36429
1.36431
1.36433
1.36434
1.36436
1.36438
1.36439
1.3644
1.36442
1.36443
1.36444
1.36445
1.36446
1.36447
1.36448
1.36449
1.3645
1.36451
1.36451
1.36452
1.36452
1.36452
1.36453
1.36453
1.36453
1.36453
1.36452
1.36452
1.36452
1.36451
1.3645
1.3645
1.36449
1.36448
1.36447
1.36445
1.36444
1.36443
1.36441
1.36439
1.36437
1.36435
1.36433
1.36431
1.36428
1.36425
1.36423
1.36419
1.36416
1.36413
1.36409
1.36406
1.36402
1.36398
1.36395
1.36391
1.36386
1.36382
1.36378
1.36373
1.36368
1.36363
1.36358
1.36353
1.36348
1.36342
1.36337
1.36332
1.36327
1.36321
1.36316
1.36311
1.36305
1.363
1.36295
1.3629
1.36286
1.36281
1.36276
1.36272
1.36267
1.36264
1.3626
1.36255
1.36252
1.36248
1.36245
1.36242
1.36239
1.36236
1.36234
1.36232
1.3623
1.36228
1.36226
1.36225
1.36224
1.36223
1.36222
1.36222
1.36221
1.36221
1.36221
1.36221
1.36222
1.36223
1.36223
1.36224
1.36225
1.36226
1.36227
1.36229
1.3623
1.36231
1.36233
1.36235
1.36237
1.36239
1.36241
1.36243
1.36245
1.36247
1.36249
1.36251
1.36253
1.36255
1.36256
1.36259
1.36261
1.36263
1.36264
1.36266
1.36268
1.36269
1.36271
1.36273
1.36275
1.36276
1.36278
1.36279
1.36281
1.36282
1.36284
1.36284
1.36285
1.36286
1.36287
1.36288
1.36288
1.36289
1.3629
1.3629
1.3629
1.36291
1.36291
1.36291
1.36291
1.36291
1.36291
1.36291
1.3629
1.3629
1.36289
1.36289
1.36288
1.36288
1.36287
1.36286
1.36285
1.36285
1.36284
1.36283
1.36282
1.36281
1.3628
1.36279
1.36278
1.36276
1.36275
1.36274
1.36273
1.36272
1.36271
1.3627
1.36269
1.36268
1.36267
1.36266
1.36266
1.36265
1.36264
1.36263
1.36262
1.36261
1.36261
1.3626
1.3626
1.36259
1.36259
1.36259
1.36259
1.36259
1.36259
1.36258
1.36259
1.36259
1.36259
1.36259
1.3626
1.3626
1.36261
1.36261
1.36262
1.36263
1.36264
1.36265
1.36266
1.36267
1.36268
1.36269
1.3627
1.36271
1.36272
1.36273
1.36275
1.36276
1.36277
1.36279
1.3628
1.36281
1.36283
1.36284
1.36286
1.36287
1.36289
1.3629
1.36292
1.36293
1.36295
1.36297
1.36299
1.36301
1.36302
1.36304
1.36305
1.36307
1.36308
1.3631
1.36312
1.36313
1.36315
1.36316
1.36318
1.3632
1.36321
1.36322
1.36324
1.36326
1.36328
1.36329
1.3633
1.36332
1.36334
1.36335
1.36336
1.36338
1.36339
1.3634
1.36342
1.36343
1.36345
1.36346
1.36347
1.36348
1.36349
1.3635
1.36351
1.36352
1.36353
1.36354
1.36355
1.36356
1.36356
1.36357
1.36358
1.36358
1.36359
1.3636
1.3636
1.36361
1.36361
1.36362
1.36362
1.36363
1.36363
1.36363
1.36363
1.36364
1.36364
1.36365
1.36365
1.36366
1.36366
1.36366
1.36367
1.36367
1.36367
1.36368
1.36368
1.36369
1.36369
1.3637
1.3637
1.36371
1.36372
1.36372
1.36373
1.36373
1.36374
1.36375
1.36375
1.36376
1.36377
1.36377
1.36378
1.36379
1.36379
1.3638
1.3638
1.36381
1.36381
1.36382
1.36382
1.36382
1.36382
1.36382
1.36382
1.36382
1.36382
1.36382
1.36381
1.3638
1.36379
1.36378
1.36377
1.36375
1.36374
1.36372
1.36369
1.36367
1.36364
1.36361
1.36358
1.36355
1.36352
1.36348
1.36344
1.3634
1.36336
1.36331
1.36326
1.36322
1.36316
1.36311
1.36306
1.36301
1.36295
1.36289
1.36284
1.36278
1.36273
1.36267
1.36262
1.36257
1.36252
1.36247
1.36242
1.36237
1.36232
1.36227
1.36223
1.3622
1.36216
1.36212
1.36209
1.36206
1.36203
1.36201
1.36199
1.36197
1.36195
1.36194
1.36193
1.36192
1.36192
1.36192
1.36192
1.36193
1.36194
1.36195
1.36196
1.36197
1.36199
1.36201
1.36202
1.36204
1.36206
1.36209
1.36211
1.36214
1.36217
1.36219
1.36222
1.36225
1.36228
1.36231
1.36234
1.36237
1.3624
1.36243
1.36245
1.36248
1.36251
1.36254
1.36257
1.3626
1.36263
1.36266
1.36269
1.36271
1.36274
1.36276
1.36279
1.36281
1.36284
1.36286
1.36288
1.3629
1.36293
1.36295
1.36297
1.36299
1.36301
1.36303
1.36304
1.36306
1.36308
1.3631
1.36311
1.36313
1.36315
1.36316
1.36317
1.36319
1.3632
1.36321
1.36322
1.36323
1.36324
1.36325
1.36326
1.36327
1.36328
1.36329
1.3633
1.36331
1.36332
1.36332
1.36333
1.36334
1.36335
1.36335
1.36336
1.36337
1.36338
1.36338
1.36339
1.36339
1.3634
1.36341
1.36341
1.36342
1.36342
1.36343
1.36343
1.36344
1.36345
1.36345
1.36346
1.36347
1.36347
1.36348
1.36348
1.36349
1.36349
1.3635
1.3635
1.36351
1.36351
1.36352
1.36352
1.36353
1.36354
1.36354
1.36355
1.36356
1.36356
1.36357
1.36357
1.36358
1.36358
1.36359
1.36359
1.3636
1.36361
1.36362
1.36362
1.36363
1.36364
1.36364
1.36365
1.36365
1.36366
1.36367
1.36367
1.36368
1.36368
1.36369
1.3637
1.3637
1.36371
1.36371
1.36372
1.36372
1.36373
1.36373
1.36374
1.36375
1.36375
1.36376
1.36376
1.36377
1.36377
1.36378
1.36378
1.36379
1.36379
1.3638
1.3638
1.36381
1.36381
1.36382
1.36382
1.36382
1.36383
1.36383
1.36384
1.36384
1.36384
1.36384
1.36384
1.36384
1.36385
1.36385
1.36385
1.36385
1.36385
1.36385
1.36385
1.36385
1.36385
1.36385
1.36385
1.36385
1.36385
1.36384
1.36384
1.36384
1.36383
1.36383
1.36383
1.36382
1.36382
1.36381
1.36381
1.3638
1.36379
1.36378
1.36377
1.36377
1.36376
1.36375
1.36374
1.36373
1.36372
1.36371
1.3637
1.36368
1.36366
1.36365
1.36363
1.36362
1.3636
1.36358
1.36356
1.36354
1.36353
1.36351
1.36349
1.36347
1.36345
1.36343
1.36341
1.36339
1.36337
1.36334
1.36332
1.3633
1.36327
1.36325
1.36322
1.3632
1.36317
1.36315
1.36312
1.3631
1.36308
1.36306
1.36304
1.36302
1.36299
1.36297
1.36295
1.36292
1.3629
1.36288
1.36286
1.36284
1.36282
1.3628
1.36278
1.36276
1.36275
1.36273
1.36271
1.36269
1.36268
1.36266
1.36265
1.36263
1.36261
1.3626
1.36259
1.36258
1.36257
1.36256
1.36255
1.36254
1.36254
1.36253
1.36253
1.36253
1.36252
1.36252
1.36252
1.36252
1.36251
1.36251
1.36251
1.36251
1.36252
1.36252
1.36252
1.36253
1.36253
1.36253
1.36254
1.36254
1.36255
1.36256
1.36257
1.36258
1.36259
1.3626
1.36261
1.36263
1.36263
1.36265
1.36266
1.36267
1.36268
1.3627
1.36271
1.36272
1.36274
1.36275
1.36277
1.36278
1.3628
1.36281
1.36283
1.36285
1.36286
1.36288
1.3629
1.36291
1.36293
1.36295
1.36296
1.36298
1.363
1.36302
1.36303
1.36305
1.36307
1.36309
1.36311
1.36312
1.36314
1.36316
1.36318
1.3632
1.36321
1.36323
1.36325
1.36327
1.36329
1.3633
1.36332
1.36334
1.36335
1.36337
1.36338
1.36339
1.36341
1.36342
1.36344
1.36345
1.36346
1.36347
1.36349
1.3635
1.36351
1.36352
1.36353
1.36354
1.36354
1.36355
1.36355
1.36356
1.36357
1.36357
1.36357
1.36358
1.36358
1.36358
1.36359
1.36359
1.36359
1.36359
1.36359
1.36358
1.36358
1.36357
1.36357
1.36356
1.36356
1.36356
1.36355
1.36355
1.36354
1.36353
1.36352
1.36352
1.36351
1.3635
1.36349
1.36348
1.36346
1.36345
1.36343
1.36342
1.36341
1.3634
1.36338
1.36337
1.36336
1.36334
1.36333
1.36331
1.3633
1.36329
1.36327
1.36326
1.36325
1.36323
1.36322
1.36321
1.3632
1.36319
1.36318
1.36317
1.36315
1.36314
1.36313
1.36312
1.36311
1.3631
1.36309
1.36308
1.36307
1.36307
1.36306
1.36305
1.36304
1.36303
1.36302
1.36302
1.36301
1.36301
1.36301
1.363
1.363
1.36299
1.36299
1.36299
1.36299
1.36298
1.36298
1.36298
1.36298
1.36298
1.36298
1.36298
1.36298
1.36298
1.36298
1.36298
1.36298
1.36298
1.36298
1.36298
1.36299
1.36299
1.363
1.363
1.363
1.363
1.36301
1.36301
1.36301
1.36301
1.36302
1.36302
1.36303
1.36303
1.36303
1.36304
1.36304
1.36305
1.36305
1.36306
1.36306
1.36307
1.36307
1.36308
1.36308
1.36309
1.36309
1.36309
1.36309
1.3631
1.3631
1.36311
1.36312
1.36312
1.36313
1.36313
1.36314
1.36314
1.36314
1.36315
1.36316
1.36316
1.36317
1.36317
1.36318
1.36318
1.36319
1.3632
1.3632
1.3632
1.36321
1.36322
1.36322
1.36323
1.36323
1.36324
1.36325
1.36325
1.36326
1.36327
1.36327
1.36328
1.36328
1.36329
1.3633
1.36331
1.36332
1.36332
1.36333
1.36334
1.36334
1.36335
1.36336
1.36337
1.36338
1.36338
1.36339
1.3634
1.3634
1.36341
1.36342
1.36343
1.36344
1.36344
1.36345
1.36346
1.36347
1.36348
1.36349
1.3635
1.36351
1.36352
1.36353
1.36353
1.36354
1.36355
1.36356
1.36357
1.36357
1.36358
1.36359
1.36359
1.3636
1.36361
1.36361
1.36362
1.36363
1.36364
1.36364
1.36365
1.36365
1.36365
1.36365
1.36366
1.36366
1.36366
1.36366
1.36367
1.36367
1.36367
1.36367
1.36367
1.36367
1.36367
1.36367
1.36367
1.36367
1.36367
1.36366
1.36366
1.36365
1.36365
1.36365
1.36364
1.36363
1.36363
1.36362
1.36361
1.36361
1.3636
1.3636
1.36359
1.36358
1.36356
1.36355
1.36355
1.36354
1.36353
1.36352
1.3635
1.36349
1.36348
1.36347
1.36345
1.36344
1.36343
1.36342
1.3634
1.36339
1.36338
1.36337
1.36336
1.36335
1.36333
1.36332
1.36331
1.3633
1.36329
1.36328
1.36327
1.36326
1.36325
1.36324
1.36323
1.36322
1.36322
1.36321
1.3632
1.36319
1.36318
1.36318
1.36317
1.36316
1.36315
1.36315
1.36315
1.36314
1.36314
1.36313
1.36313
1.36312
1.36312
1.36312
1.36312
1.36311
1.36311
1.3631
1.3631
1.3631
1.3631
1.3631
1.36309
1.36309
1.36308
1.36308
1.36308
1.36308
1.36307
1.36307
1.36307
1.36307
1.36306
1.36306
1.36306
1.36305
1.36305
1.36305
1.36304
1.36304
1.36304
1.36303
1.36303
1.36302
1.36302
1.36301
1.36301
1.36301
1.363
1.36299
1.36299
1.36298
1.36298
1.36298
1.36297
1.36297
1.36296
1.36296
1.36295
1.36295
1.36294
1.36294
1.36293
1.36292
1.36292
1.36292
1.36291
1.3629
1.3629
1.36289
1.36289
1.36288
1.36288
1.36287
1.36287
1.36286
1.36286
1.36285
1.36285
1.36284
1.36284
1.36283
1.36283
1.36282
1.36282
1.36281
1.3628
1.3628
1.36279
1.36279
1.36278
1.36278
1.36278
1.36278
1.36277
1.36276
1.36276
1.36275
1.36275
1.36275
1.36274
1.36274
1.36274
1.36274
1.36274
1.36274
1.36274
1.36274
1.36274
1.36274
1.36274
1.36274
1.36274
1.36274
1.36274
1.36274
1.36274
1.36274
1.36275
1.36275
1.36275
1.36276
1.36276
1.36276
1.36276
1.36277
1.36277
1.36278
1.36278
1.36278
1.36278
1.36279
1.36279
1.36279
1.3628
1.3628
1.36281
1.36281
1.36282
1.36282
1.36283
1.36283
1.36283
1.36284
1.36284
1.36285
1.36286
1.36286
1.36287
1.36288
1.36288
1.36289
1.3629
1.36291
1.36291
1.36292
1.36293
1.36293
1.36294
1.36295
1.36296
1.36297
1.36298
1.36298
1.36299
1.363
1.36301
1.36301
1.36302
1.36303
1.36304
1.36304
1.36305
1.36306
1.36307
1.36308
1.36308
1.36309
1.3631
1.3631
1.36311
1.36312
1.36313
1.36313
1.36314
1.36315
1.36315
1.36316
1.36316
1.36317
1.36318
1.36318
1.36319
1.3632
1.3632
1.36321
1.36321
1.36322
1.36323
1.36323
1.36324
1.36325
1.36325
1.36326
1.36326
1.36326
1.36327
1.36327
1.36328
1.36328
1.36328
1.36329
1.36329
1.36329
1.3633
1.3633
1.3633
1.36331
1.36331
1.36331
1.36331
1.36332
1.36332
1.36332
1.36332
1.36333
1.36333
1.36333
1.36333
1.36333
1.36334
1.36334
1.36334
1.36334
1.36334
1.36334
1.36335
1.36335
1.36335
1.36335
1.36335
1.36335
1.36335
1.36335
1.36335
1.36334
1.36334
1.36334
1.36334
1.36334
1.36334
1.36334
1.36334
1.36334
1.36334
1.36333
1.36333
1.36333
1.36333
1.36333
1.36333
1.36332
1.36332
1.36332
1.36332
1.36331
1.36331
1.36331
1.3633
1.3633
1.3633
1.3633
1.3633
1.3633
1.36329
1.36329
1.36329
1.36328
1.36328
1.36327
1.36327
1.36327
1.36326
1.36326
1.36326
1.36325
1.36325
1.36324
1.36324
1.36324
1.36324
1.36323
1.36323
1.36323
1.36322
1.36322
1.36321
1.3632
1.3632
1.36319
1.36319
1.36319
1.36318
1.36318
1.36317
1.36316
1.36316
1.36316
1.36315
1.36315
1.36314
1.36314
1.36313
1.36313
1.36312
1.36312
1.36312
1.36311
1.36311
1.3631
1.3631
1.3631
1.36309
1.36309
1.36309
1.36308
1.36308
1.36308
1.36307
1.36307
1.36306
1.36306
1.36306
1.36306
1.36305
1.36305
1.36305
1.36305
1.36305
1.36305
1.36304
1.36304
1.36304
1.36304
1.36304
1.36304
1.36304
1.36303
1.36303
1.36303
1.36303
1.36303
1.36303
1.36303
1.36303
1.36303
1.36303
1.36303
1.36303
1.36303
1.36303
1.36303
1.36303
1.36303
1.36303
1.36303
1.36303
1.36304
1.36304
1.36304
1.36305
1.36305
1.36305
1.36306
1.36306
1.36307
1.36307
1.36308
1.36308
1.36309
1.36309
1.3631
1.3631
1.3631
1.36311
1.36312
1.36312
1.36313
1.36313
1.36314
1.36315
1.36316
1.36317
1.36318
1.36319
1.3632
1.36321
1.36321
1.36322
1.36323
1.36324
1.36326
1.36327
1.36328
1.36329
1.3633
1.36331
1.36332
1.36333
1.36334
1.36336
1.36337
1.36338
1.36339
1.3634
1.36341
1.36343
1.36343
1.36344
1.36346
1.36347
1.36348
1.36349
1.3635
1.36351
1.36353
1.36354
1.36355
1.36357
1.36358
1.36359
1.3636
1.36361
1.36362
1.36363
1.36364
1.36365
1.36366
1.36367
1.36368
1.36369
1.3637
1.36371
1.36372
1.36372
1.36373
1.36374
1.36374
1.36374
1.36375
1.36375
1.36375
1.36375
1.36375
1.36374
1.36374
1.36373
1.36373
1.36372
1.36372
1.36371
1.3637
1.36369
1.36368
1.36367
1.36366
1.36365
1.36364
1.36362
1.3636
1.36358
1.36357
1.36354
1.36352
1.3635
1.36348
1.36346
1.36344
1.36342
1.36339
1.36337
1.36334
1.36332
1.36329
1.36327
1.36324
1.36321
1.36319
1.36316
1.36313
1.36311
1.36308
1.36306
1.36303
1.36301
1.36298
1.36296
1.36293
1.36291
1.36288
1.36286
1.36284
1.36282
1.3628
1.36278
1.36276
1.36274
1.36272
1.36271
1.36269
1.36268
1.36266
1.36265
1.36263
1.36263
1.36262
1.36261
1.36261
1.3626
1.36259
1.36258
1.36258
1.36257
1.36257
1.36256
1.36256
1.36256
1.36256
1.36256
1.36256
1.36256
1.36256
1.36257
1.36257
1.36257
1.36258
1.36258
1.36258
1.36259
1.36259
1.3626
1.3626
1.36261
1.36262
1.36262
1.36263
1.36264
1.36264
1.36265
1.36266
1.36266
1.36267
1.36268
1.36269
1.36269
1.36271
1.36271
1.36272
1.36272
1.36273
1.36274
1.36275
1.36276
1.36277
1.36278
1.36279
1.36279
1.3628
1.36281
1.36282
1.36283
1.36284
1.36284
1.36285
1.36286
1.36286
1.36287
1.36288
1.36289
1.36289
1.3629
1.3629
1.36291
1.36291
1.36292
1.36293
1.36293
1.36294
1.36295
1.36295
1.36295
1.36296
1.36296
1.36296
1.36297
1.36297
1.36298
1.36298
1.36299
1.36299
1.363
1.363
1.36301
1.36301
1.36301
1.36301
1.36302
1.36302
1.36302
1.36302
1.36302
1.36303
1.36303
1.36304
1.36304
1.36304
1.36304
1.36304
1.36305
1.36305
1.36305
1.36305
1.36305
1.36305
1.36305
1.36305
1.36305
1.36305
1.36306
1.36306
1.36306
1.36306
1.36306
1.36307
1.36306
1.36306
1.36307
1.36307
1.36307
1.36307
1.36307
1.36307
1.36307
1.36307
1.36307
1.36306
1.36306
1.36306
1.36306
1.36306
1.36306
1.36306
1.36306
1.36306
1.36306
1.36306
1.36306
1.36306
1.36306
1.36307
1.36307
1.36307
1.36307
1.36307
1.36307
1.36307
1.36308
1.36308
1.36308
1.36308
1.36308
1.36308
1.36308
1.36308
1.36308
1.36309
1.36309
1.36309
1.36309
1.36309
1.3631
1.3631
1.3631
1.3631
1.3631
1.36311
1.36311
1.36311
1.36312
1.36312
1.36312
1.36312
1.36312
1.36312
1.36313
1.36313
1.36314
1.36314
1.36314
1.36314
1.36314
1.36315
1.36316
1.36316
1.36316
1.36316
1.36317
1.36317
1.36318
1.36318
1.36318
1.36319
1.36319
1.3632
1.3632
1.36321
1.36321
1.36322
1.36322
1.36323
1.36323
1.36324
1.36324
1.36325
1.36326
1.36327
1.36327
1.36328
1.36328
1.36329
1.36329
1.3633
1.3633
1.36331
1.36332
1.36333
1.36333
1.36334
1.36335
1.36336
1.36336
1.36337
1.36338
1.36339
1.36339
1.3634
1.36341
1.36342
1.36342
1.36343
1.36344
1.36344
1.36345
1.36346
1.36346
1.36347
1.36348
1.36349
1.3635
1.36351
1.36352
1.36353
1.36353
1.36354
1.36355
1.36356
1.36357
1.36357
1.36358
1.36359
1.3636
1.36361
1.36362
1.36363
1.36363
1.36364
1.36365
1.36366
1.36367
1.36368
1.36369
1.36369
1.3637
1.36371
1.36372
1.36373
1.36374
1.36375
1.36376
1.36376
1.36377
1.36377
1.36378
1.36379
1.3638
1.36381
1.36381
1.36382
1.36382
1.36383
1.36383
1.36384
1.36384
1.36385
1.36386
1.36386
1.36387
1.36387
1.36388
1.36388
1.36389
1.36389
1.3639
1.3639
1.3639
1.36391
1.36391
1.36391
1.36391
1.36392
1.36391
1.36391
1.36391
1.36391
1.3639
1.3639
1.3639
1.3639
1.3639
1.36389
1.36389
1.36389
1.36388
1.36388
1.36388
1.36388
1.36387
1.36387
1.36386
1.36385
1.36385
1.36384
1.36383
1.36383
1.36382
1.36382
1.36381
1.3638
1.3638
1.36379
1.36378
1.36377
1.36376
1.36375
1.36374
1.36373
1.36373
1.36372
1.36371
1.3637
1.36369
1.36368
1.36367
1.36366
1.36365
1.36365
1.36365
1.36364
1.36363
1.36362
1.36361
1.3636
1.36359
1.36359
1.36358
1.36357
1.36356
1.36355
1.36355
1.36354
1.36353
1.36353
1.36352
1.3635
1.36349
1.36348
1.36347
1.36347
1.36346
1.36344
1.36343
1.36342
1.36341
1.36339
1.36338
1.36336
1.36335
1.36333
1.36331
1.36329
1.36327
1.36325
1.36322
1.3632
1.36317
1.36314
1.36312
1.36309
1.36307
1.36303
1.363
1.36297
1.36293
1.3629
1.36286
1.36283
1.36279
1.36276
1.36272
1.36268
1.36265
1.36261
1.36257
1.36253
1.3625
1.36246
1.36243
1.36239
1.36236
1.36233
1.3623
1.36226
1.36223
1.36221
1.36218
1.36215
1.36213
1.36211
1.36209
1.36207
1.36205
1.36204
1.36202
1.36201
1.36199
1.36198
1.36198
1.36197
1.36197
1.36196
1.36196
1.36196
1.36196
1.36197
1.36197
1.36198
1.36199
1.362
1.36201
1.36202
1.36203
1.36205
1.36206
1.36208
1.36209
1.36211
1.36213
1.36215
1.36216
1.36218
1.3622
1.36222
1.36224
1.36226
1.36228
1.3623
1.36232
1.36235
1.36237
1.36239
1.36241
1.36244
1.36246
1.36248
1.3625
1.36251
1.36254
1.36256
1.36258
1.3626
1.36262
1.36264
1.36266
1.36268
1.3627
1.36272
1.36274
1.36275
1.36277
1.36279
1.3628
1.36282
1.36284
1.36285
1.36287
1.36288
1.36289
1.36291
1.36292
1.36294
1.36295
1.36297
1.36298
1.36299
1.363
1.36301
1.36303
1.36304
1.36305
1.36306
1.36307
1.36308
1.36308
1.3631
1.36311
1.36312
1.36313
1.36313
1.36314
1.36315
1.36316
1.36317
1.36317
1.36318
1.36319
1.3632
1.36321
1.36321
1.36322
1.36323
1.36324
1.36324
1.36325
1.36326
1.36326
1.36327
1.36328
1.36328
1.36329
1.36329
1.3633
1.36331
1.36331
1.36332
1.36332
1.36332
1.36333
1.36333
1.36334
1.36334
1.36335
1.36335
1.36335
1.36336
1.36336
1.36337
1.36337
1.36338
1.36338
1.36339
1.36339
1.36339
1.36339
1.36339
1.36339
1.3634
1.36341
1.36341
1.36341
1.36342
1.36342
1.36342
1.36343
1.36343
1.36343
1.36344
1.36344
1.36344
1.36345
1.36345
1.36345
1.36345
1.36345
1.36346
1.36346
1.36346
1.36346
1.36346
1.36346
1.36346
1.36347
1.36347
1.36347
1.36347
1.36347
1.36347
1.36347
1.36348
1.36348
1.36348
1.36348
1.36348
1.36348
1.36348
1.36348
1.36348
1.36348
1.36348
1.36348
1.36348
1.36348
1.36349
1.36349
1.36348
1.36349
1.36349
1.36349
1.36349
1.36349
1.36349
1.36349
1.36349
1.36349
1.36349
1.36349
1.36349
1.36349
1.36349
1.36348
1.36348
1.36348
1.36348
1.36348
1.36348
1.36348
1.36348
1.36348
1.36348
1.36348
1.36348
1.36347
1.36347
1.36347
1.36347
1.36346
1.36346
1.36346
1.36346
1.36346
1.36345
1.36345
1.36345
1.36345
1.36345
1.36344
1.36344
1.36344
1.36343
1.36343
1.36343
1.36343
1.36343
1.36343
1.36342
1.36342
1.36341
1.36341
1.3634
1.3634
1.3634
1.36339
1.36339
1.36338
1.36338
1.36337
1.36337
1.36337
1.36336
1.36336
1.36336
1.36335
1.36335
1.36334
1.36334
1.36334
1.36334
1.36333
1.36332
1.36332
1.36331
1.36331
1.36331
1.36331
1.36331
1.3633
1.3633
1.3633
1.3633
1.3633
1.36329
1.36329
1.36329
1.36329
1.36328
1.36328
1.36328
1.36327
1.36327
1.36327
1.36327
1.36327
1.36327
1.36327
1.36327
1.36326
1.36326
1.36326
1.36326
1.36326
1.36326
1.36326
1.36326
1.36326
1.36326
1.36326
1.36326
1.36326
1.36326
1.36326
1.36326
1.36326
1.36326
1.36326
1.36326
1.36326
1.36326
1.36326
1.36326
1.36326
1.36326
1.36326
1.36327
1.36326
1.36326
1.36326
1.36326
1.36326
1.36326
1.36326
1.36326
1.36326
1.36326
1.36326
1.36326
1.36326
1.36326
1.36327
1.36327
1.36327
1.36327
1.36327
1.36327
1.36327
1.36327
1.36327
1.36327
1.36327
1.36327
1.36327
1.36327
1.36327
1.36327
1.36326
1.36326
1.36326
1.36326
1.36325
1.36325
1.36325
1.36324
1.36324
1.36324
1.36324
1.36324
1.36324
1.36324
1.36324
1.36324
1.36324
1.36324
1.36324
1.36323
1.36323
1.36323
1.36322
1.36322
1.36322
1.36321
1.36321
1.36321
1.36321
1.3632
1.3632
1.3632
1.36319
1.36319
1.36319
1.36319
1.36318
1.36318
1.36318
1.36318
1.36318
1.36317
1.36317
1.36317
1.36317
1.36316
1.36316
1.36316
1.36316
1.36316
1.36315
1.36315
1.36315
1.36315
1.36314
1.36314
1.36314
1.36314
1.36314
1.36314
1.36313
1.36313
1.36313
1.36313
1.36313
1.36313
1.36313
1.36313
1.36313
1.36313
1.36313
1.36313
1.36313
1.36312
1.36312
1.36312
1.36312
1.36312
1.36312
1.36312
1.36312
1.36312
1.36312
1.36312
1.36313
1.36313
1.36313
1.36313
1.36313
1.36313
1.36313
1.36314
1.36314
1.36314
1.36315
1.36315
1.36315
1.36316
1.36316
1.36316
1.36316
1.36317
1.36317
1.36317
1.36317
1.36318
1.36319
1.36319
1.36319
1.36319
1.36319
1.3632
1.3632
1.36321
1.36321
1.36321
1.36322
1.36322
1.36322
1.36322
1.36323
1.36323
1.36324
1.36324
1.36325
1.36325
1.36325
1.36326
1.36326
1.36327
1.36327
1.36327
1.36328
1.36329
1.36329
1.3633
1.3633
1.36331
1.36331
1.36332
1.36332
1.36333
1.36333
1.36334
1.36334
1.36335
1.36335
1.36335
1.36336
1.36337
1.36337
1.36337
1.36337
1.36338
1.36338
1.36338
1.36339
1.3634
1.3634
1.3634
1.3634
1.36341
1.36341
1.36341
1.36341
1.36341
1.36341
1.36341
1.36342
1.36341
1.36342
1.36342
1.36342
1.36341
1.36341
1.36341
1.36341
1.36341
1.36341
1.36341
1.36341
1.36341
1.3634
1.3634
1.3634
1.3634
1.36339
1.36339
1.36339
1.36338
1.36338
1.36338
1.36338
1.36337
1.36337
1.36336
1.36336
1.36336
1.36335
1.36335
1.36334
1.36334
1.36333
1.36333
1.36333
1.36332
1.36331
1.36331
1.3633
1.3633
1.36329
1.36329
1.36328
1.36327
1.36327
1.36327
1.36326
1.36326
1.36325
1.36325
1.36324
1.36323
1.36323
1.36322
1.36322
1.36321
1.36321
1.3632
1.3632
1.3632
1.3632
1.36319
1.36319
1.36318
1.36318
1.36318
1.36317
1.36317
1.36317
1.36317
1.36317
1.36316
1.36316
1.36316
1.36316
1.36316
1.36316
1.36315
1.36315
1.36315
1.36315
1.36315
1.36315
1.36314
1.36314
1.36314
1.36314
1.36314
1.36314
1.36314
1.36314
1.36315
1.36315
1.36315
1.36315
1.36315
1.36316
1.36316
1.36316
1.36316
1.36317
1.36317
1.36317
1.36317
1.36317
1.36317
1.36318
1.36318
1.36318
1.36318
1.36319
1.36319
1.36319
1.3632
1.3632
1.3632
1.3632
1.36321
1.36321
1.36321
1.36322
1.36322
1.36322
1.36322
1.36323
1.36323
1.36323
1.36323
1.36324
1.36324
1.36324
1.36324
1.36324
1.36325
1.36326
1.36326
1.36326
1.36327
1.36327
1.36327
1.36328
1.36328
1.36329
1.36329
1.36329
1.3633
1.36331
1.36331
1.36332
1.36333
1.36333
1.36334
1.36334
1.36335
1.36336
1.36336
1.36337
1.36337
1.36338
1.36338
1.36339
1.36339
1.3634
1.36341
1.36342
1.36342
1.36343
1.36344
1.36345
1.36345
1.36346
1.36347
1.36348
1.36349
1.3635
1.36351
1.36351
1.36352
1.36353
1.36354
1.36355
1.36356
1.36357
1.36359
1.3636
1.3636
1.36362
1.36363
1.36364
1.36366
1.36367
1.36368
1.3637
1.36371
1.36373
1.36374
1.36376
1.36378
1.3638
1.36381
1.36383
1.36385
1.36387
1.36389
1.36391
1.36393
1.36395
1.36397
1.36399
1.36401
1.36403
1.36406
1.36408
1.3641
1.36412
1.36414
1.36417
1.36419
1.36421
1.36423
1.36425
1.36427
1.36429
1.36431
1.36433
1.36435
1.36437
1.36439
1.36441
1.36443
1.36444
1.36446
1.36447
1.36448
1.3645
1.36451
1.36452
1.36452
1.36453
1.36454
1.36454
1.36454
1.36454
1.36454
1.36453
1.36452
1.36451
1.3645
1.36449
1.36448
1.36446
1.36444
1.36442
1.36439
1.36436
1.36432
1.36429
1.36426
1.36422
1.36418
1.36414
1.3641
1.36406
1.36401
1.36396
1.36391
1.36386
1.36381
1.36375
1.3637
1.36365
1.36359
1.36354
1.36349
1.36343
1.36337
1.36332
1.36326
1.36321
1.36316
1.3631
1.36305
1.363
1.36295
1.3629
1.36285
1.3628
1.36276
1.36271
1.36267
1.36263
1.36259
1.36255
1.36252
1.36249
1.36246
1.36243
1.3624
1.36237
1.36235
1.36232
1.3623
1.36229
1.36227
1.36225
1.36224
1.36223
1.36222
1.36222
1.36222
1.36221
1.3622
1.3622
1.3622
1.3622
1.3622
1.3622
1.36221
1.36221
1.36221
1.36222
1.36222
1.36223
1.36224
1.36225
1.36226
1.36227
1.36228
1.3623
1.36231
1.36232
1.36233
1.36235
1.36236
1.36237
1.36239
1.3624
1.36242
1.36243
1.36245
1.36247
1.36248
1.3625
1.36251
1.36253
1.36255
1.36256
1.36258
1.3626
1.36262
1.36264
1.36265
1.36267
1.36269
1.3627
1.36272
1.36273
1.36275
1.36276
1.36278
1.36279
1.36281
1.36282
1.36284
1.36285
1.36286
1.36288
1.36289
1.3629
1.36292
1.36293
1.36294
1.36295
1.36296
1.36297
1.36299
1.363
1.36301
1.36303
1.36304
1.36305
1.36306
1.36307
1.36308
1.36309
1.36309
1.3631
1.36311
1.36312
1.36312
1.36313
1.36314
1.36315
1.36316
1.36317
1.36317
1.36318
1.36319
1.36319
1.3632
1.3632
1.36321
1.36322
1.36322
1.36323
1.36324
1.36325
1.36325
1.36325
1.36326
1.36326
1.36327
1.36327
1.36327
1.36328
1.36328
1.36328
1.36329
1.3633
1.3633
1.3633
1.36331
1.36331
1.36331
1.36332
1.36332
1.36332
1.36332
1.36332
1.36333
1.36333
1.36334
1.36334
1.36334
1.36334
1.36335
1.36335
1.36336
1.36336
1.36336
1.36336
1.36336
1.36337
1.36337
1.36337
1.36338
1.36338
1.36338
1.36339
1.36339
1.36339
1.36339
1.36339
1.36339
1.36339
1.3634
1.3634
1.3634
1.3634
1.36341
1.36341
1.36341
1.36341
1.36341
1.36341
1.36341
1.36341
1.36341
1.36341
1.36342
1.36342
1.36343
1.36343
1.36344
1.36344
1.36344
1.36344
1.36344
1.36344
1.36344
1.36344
1.36345
1.36345
1.36345
1.36345
1.36345
1.36346
1.36346
1.36346
1.36347
1.36347
1.36347
1.36347
1.36348
1.36348
1.36348
1.36349
1.36349
1.36349
1.36349
1.3635
1.3635
1.3635
1.3635
1.36351
1.36351
1.36351
1.36351
1.36351
1.36351
1.36351
1.36351
1.36352
1.36352
1.36352
1.36352
1.36353
1.36353
1.36354
1.36354
1.36355
1.36355
1.36355
1.36356
1.36356
1.36356
1.36356
1.36356
1.36357
1.36357
1.36357
1.36357
1.36357
1.36357
1.36358
1.36358
1.36358
1.36358
1.36358
1.36358
1.36358
1.36358
1.36358
1.36359
1.36359
1.36359
1.36359
1.36359
1.36359
1.36359
1.36359
1.36359
1.36358
1.36358
1.36358
1.36358
1.36358
1.36358
1.36358
1.36358
1.36357
1.36357
1.36357
1.36357
1.36357
1.36356
1.36356
1.36356
1.36356
1.36355
1.36355
1.36354
1.36354
1.36353
1.36353
1.36352
1.36352
1.36351
1.3635
1.3635
1.36349
1.36348
1.36348
1.36347
1.36347
1.36346
1.36345
1.36344
1.36343
1.36342
1.36341
1.36341
1.3634
1.36339
1.36338
1.36337
1.36336
1.36336
1.36335
1.36334
1.36333
1.36332
1.36331
1.3633
1.36329
1.36328
1.36328
1.36326
1.36325
1.36325
1.36324
1.36323
1.36321
1.3632
1.36319
1.36319
1.36318
1.36317
1.36316
1.36315
1.36314
1.36313
1.36312
1.36311
1.3631
1.36309
1.36308
1.36308
1.36307
1.36306
1.36306
1.36305
1.36305
1.36304
1.36303
1.36303
1.36302
1.36301
1.36301
1.363
1.363
1.36299
1.36298
1.36298
1.36297
1.36297
1.36296
1.36296
1.36295
1.36295
1.36295
1.36294
1.36294
1.36294
1.36294
1.36294
1.36293
1.36293
1.36293
1.36293
1.36293
1.36293
1.36292
1.36292
1.36292
1.36292
1.36292
1.36292
1.36292
1.36292
1.36293
1.36293
1.36293
1.36293
1.36293
1.36294
1.36294
1.36294
1.36294
1.36295
1.36295
1.36295
1.36295
1.36295
1.36296
1.36296
1.36296
1.36296
1.36297
1.36297
1.36297
1.36298
1.36298
1.36298
1.36299
1.36299
1.36299
1.36299
1.363
1.363
1.36301
1.36301
1.36301
1.36302
1.36302
1.36302
1.36303
1.36303
1.36303
1.36304
1.36304
1.36304
1.36305
1.36305
1.36305
1.36306
1.36306
1.36306
1.36307
1.36306
1.36307
1.36307
1.36308
1.36308
1.36309
1.36309
1.3631
1.3631
1.36311
1.36311
1.36312
1.36312
1.36312
1.36313
1.36313
1.36313
1.36314
1.36314
1.36314
1.36315
1.36315
1.36316
1.36316
1.36316
1.36317
1.36317
1.36317
1.36318
1.36318
1.36319
1.36319
1.3632
1.3632
1.3632
1.36321
1.36321
1.36321
1.36322
1.36322
1.36323
1.36324
1.36324
1.36324
1.36325
1.36325
1.36326
1.36326
1.36326
1.36327
1.36327
1.36328
1.36329
1.36329
1.3633
1.36331
1.36331
1.36331
1.36332
1.36333
1.36333
1.36334
1.36334
1.36335
1.36335
1.36336
1.36337
1.36337
1.36338
1.36339
1.36339
1.3634
1.3634
1.36341
1.36342
1.36342
1.36343
1.36344
1.36344
1.36345
1.36346
1.36346
1.36347
1.36348
1.36348
1.36349
1.3635
1.3635
1.36351
1.36352
1.36353
1.36354
1.36354
1.36355
1.36355
1.36356
1.36356
1.36357
1.36357
1.36358
1.36359
1.36359
1.3636
1.3636
1.3636
1.36361
1.36361
1.36361
1.36361
1.36361
1.36361
1.36361
1.36361
1.36361
1.36361
1.36361
1.3636
1.3636
1.3636
1.36359
1.36359
1.36358
1.36358
1.36357
1.36356
1.36355
1.36354
1.36353
1.36352
1.36352
1.36351
1.3635
1.36348
1.36347
1.36346
1.36344
1.36343
1.36342
1.3634
1.36338
1.36337
1.36335
1.36333
1.36331
1.3633
1.36328
1.36326
1.36324
1.36322
1.3632
1.36319
1.36317
1.36315
1.36313
1.36311
1.36309
1.36307
1.36306
1.36304
1.36302
1.363
1.36299
1.36297
1.36296
1.36294
1.36293
1.36291
1.3629
1.36289
1.36288
1.36286
1.36286
1.36285
1.36284
1.36283
1.36282
1.36281
1.3628
1.3628
1.36279
1.36278
1.36278
1.36277
1.36277
1.36276
1.36276
1.36276
1.36276
1.36275
1.36275
1.36275
1.36275
1.36274
1.36274
1.36274
1.36275
1.36275
1.36275
1.36275
1.36275
1.36275
1.36275
1.36276
1.36276
1.36276
1.36276
1.36276
1.36277
1.36277
1.36278
1.36278
1.36279
1.36279
1.36279
1.3628
1.3628
1.36281
1.36281
1.36282
1.36283
1.36283
1.36283
1.36284
1.36285
1.36285
1.36286
1.36286
1.36287
1.36287
1.36288
1.36289
1.36289
1.36289
1.3629
1.36291
1.36291
1.36292
1.36292
1.36293
1.36294
1.36294
1.36295
1.36296
1.36297
1.36297
1.36298
1.36298
1.36299
1.36299
1.363
1.36301
1.36301
1.36302
1.36303
1.36303
1.36304
1.36305
1.36305
1.36306
1.36307
1.36308
1.36308
1.36309
1.36309
1.3631
1.36311
1.36311
1.36312
1.36312
1.36313
1.36314
1.36314
1.36315
1.36315
1.36316
1.36317
1.36317
1.36318
1.36318
1.36319
1.3632
1.3632
1.36321
1.36322
1.36322
1.36323
1.36324
1.36324
1.36325
1.36325
1.36326
1.36327
1.36327
1.36327
1.36328
1.36328
1.36329
1.36329
1.3633
1.36331
1.36331
1.36332
1.36332
1.36333
1.36333
1.36334
1.36335
1.36335
1.36336
1.36337
1.36337
1.36338
1.36338
1.36339
1.36339
1.3634
1.3634
1.36341
1.36341
1.36342
1.36342
1.36342
1.36343
1.36343
1.36344
1.36345
1.36345
1.36346
1.36347
1.36347
1.36348
1.36348
1.36349
1.3635
1.3635
1.3635
1.36351
1.36351
1.36352
1.36353
1.36353
1.36353
1.36354
1.36354
1.36355
1.36355
1.36355
1.36355
1.36355
1.36356
1.36356
1.36356
1.36357
1.36357
1.36357
1.36357
1.36357
1.36357
1.36357
1.36357
1.36357
1.36357
1.36358
1.36358
1.36358
1.36358
1.36358
1.36358
1.36358
1.36358
1.36358
1.36357
1.36357
1.36356
1.36356
1.36356
1.36355
1.36355
1.36354
1.36354
1.36353
1.36353
1.36352
1.36351
1.3635
1.36349
1.36349
1.36348
1.36347
1.36347
1.36346
1.36345
1.36344
1.36343
1.36342
1.36342
1.3634
1.36339
1.36338
1.36337
1.36336
1.36335
1.36334
1.36333
1.36332
1.36331
1.3633
1.36328
1.36327
1.36326
1.36325
1.36324
1.36323
1.36321
1.3632
1.36319
1.36318
1.36316
1.36315
1.36314
1.36313
1.36312
1.36311
1.3631
1.36309
1.36307
1.36306
1.36305
1.36304
1.36304
1.36303
1.36302
1.36301
1.36301
1.363
1.36299
1.36298
1.36297
1.36297
1.36296
1.36295
1.36295
1.36295
1.36294
1.36294
1.36294
1.36294
1.36294
1.36293
1.36293
1.36293
1.36293
1.36293
1.36293
1.36293
1.36293
1.36293
1.36293
1.36293
1.36293
1.36294
1.36294
1.36294
1.36295
1.36295
1.36295
1.36296
1.36296
1.36297
1.36297
1.36297
1.36297
1.36298
1.36299
1.36299
1.363
1.363
1.36301
1.36302
1.36302
1.36303
1.36304
1.36304
1.36305
1.36306
1.36307
1.36307
1.36308
1.36309
1.36309
1.3631
1.3631
1.36311
1.36312
1.36313
1.36314
1.36314
1.36315
1.36316
1.36316
1.36317
1.36318
1.36319
1.36319
1.3632
1.36321
1.36321
1.36322
1.36323
1.36323
1.36324
1.36325
1.36326
1.36327
1.36328
1.36329
1.36329
1.36329
1.3633
1.36331
1.36332
1.36332
1.36333
1.36334
1.36334
1.36335
1.36336
1.36337
1.36338
1.36339
1.3634
1.36341
1.36342
1.36343
1.36343
1.36344
1.36345
1.36346
1.36347
1.36348
1.36349
1.3635
1.36351
1.36352
1.36353
1.36354
1.36356
1.36357
1.36358
1.36359
1.3636
1.36361
1.36363
1.36364
1.36365
1.36366
1.36367
1.36369
1.3637
1.36371
1.36372
1.36373
1.36374
1.36375
1.36376
1.36377
1.36378
1.36379
1.3638
1.36381
1.36381
1.36382
1.36383
1.36383
1.36384
1.36385
1.36385
1.36385
1.36386
1.36386
1.36385
1.36386
1.36386
1.36386
1.36386
1.36386
1.36386
1.36385
1.36385
1.36384
1.36384
1.36383
1.36382
1.36381
1.3638
1.36379
1.36377
1.36376
1.36374
1.36373
1.36371
1.36369
1.36368
1.36366
1.36364
1.36362
1.3636
1.36358
1.36356
1.36354
1.36351
1.36349
1.36347
1.36344
1.36342
1.36339
1.36337
1.36334
1.36332
1.3633
1.36328
1.36325
1.36323
1.36321
1.36318
1.36316
1.36314
1.36311
1.36309
1.36307
1.36305
1.36303
1.36302
1.363
1.36298
1.36296
1.36295
1.36294
1.36292
1.36291
1.36289
1.36288
1.36287
1.36286
1.36284
1.36284
1.36283
1.36282
1.36282
1.36281
1.3628
1.36279
1.36279
1.36279
1.36278
1.36278
1.36278
1.36277
1.36277
1.36277
1.36277
1.36277
1.36277
1.36277
1.36277
1.36278
1.36278
1.36278
1.36278
1.36278
1.36279
1.36279
1.36279
1.3628
1.3628
1.36281
1.36281
1.36282
1.36282
1.36283
1.36283
1.36284
1.36285
1.36285
1.36286
1.36287
1.36287
1.36288
1.36289
1.36289
1.3629
1.3629
1.36291
1.36292
1.36292
1.36293
1.36294
1.36294
1.36295
1.36295
1.36296
1.36297
1.36297
1.36298
1.36298
1.36299
1.36299
1.36299
1.363
1.363
1.36301
1.36301
1.36302
1.36302
1.36303
1.36303
1.36303
1.36304
1.36304
1.36305
1.36305
1.36305
1.36306
1.36306
1.36307
1.36307
1.36307
1.36307
1.36307
1.36308
1.36308
1.36308
1.36309
1.36309
1.3631
1.3631
1.3631
1.3631
1.3631
1.36311
1.36311
1.36311
1.36311
1.36312
1.36312
1.36312
1.36312
1.36313
1.36313
1.36313
1.36313
1.36313
1.36313
1.36313
1.36314
1.36314
1.36314
1.36314
1.36314
1.36314
1.36315
1.36315
1.36315
1.36315
1.36315
1.36315
1.36315
1.36315
1.36315
1.36315
1.36315
1.36315
1.36316
1.36317
1.36317
1.36317
1.36317
1.36317
1.36317
1.36318
1.36318
1.36318
1.36318
1.36318
1.36319
1.36319
1.36319
1.36319
1.36319
1.36319
1.36319
1.36319
1.3632
1.3632
1.3632
1.3632
1.3632
1.3632
1.3632
1.3632
1.3632
1.3632
1.3632
1.3632
1.3632
1.36321
1.3632
1.36321
1.3632
1.36321
1.36321
1.36321
1.36321
1.36321
1.36321
1.36321
1.36321
1.36322
1.36322
1.36322
1.36321
1.36321
1.36321
1.36321
1.36321
1.36321
1.36321
1.36321
1.3632
1.3632
1.3632
1.3632
1.3632
1.3632
1.3632
1.3632
1.3632
1.3632
1.3632
1.3632
1.3632
1.3632
1.36319
1.36319
1.36319
1.36319
1.36318
1.36318
1.36318
1.36317
1.36317
1.36317
1.36316
1.36316
1.36316
1.36315
1.36315
1.36315
1.36315
1.36314
1.36314
1.36314
1.36313
1.36313
1.36313
1.36313
1.36312
1.36312
1.36311
1.36311
1.3631
1.36309
1.36309
1.36308
1.36307
1.36307
1.36306
1.36305
1.36305
1.36305
1.36305
1.36304
1.36304
1.36303
1.36302
1.36301
1.36301
1.36301
1.363
1.363
1.36299
1.36299
1.36298
1.36298
1.36298
1.36297
1.36297
1.36297
1.36296
1.36296
1.36296
1.36295
1.36295
1.36295
1.36295
1.36294
1.36295
1.36294
1.36294
1.36294
1.36294
1.36294
1.36294
1.36294
1.36294
1.36294
1.36294
1.36293
1.36294
1.36294
1.36294
1.36294
1.36294
1.36294
1.36294
1.36294
1.36294
1.36294
1.36294
1.36295
1.36295
1.36295
1.36295
1.36295
1.36295
1.36295
1.36295
1.36295
1.36295
1.36295
1.36296
1.36296
1.36296
1.36296
1.36297
1.36297
1.36297
1.36297
1.36298
1.36298
1.36298
1.36299
1.36299
1.36299
1.363
1.363
1.363
1.363
1.36301
1.36301
1.36302
1.36302
1.36302
1.36303
1.36303
1.36303
1.36304
1.36304
1.36305
1.36305
1.36306
1.36306
1.36307
1.36307
1.36308
1.36308
1.36309
1.36309
1.36309
1.36309
1.3631
1.3631
1.3631
1.36311
1.36311
1.36311
1.36312
1.36312
1.36312
1.36313
1.36313
1.36314
1.36314
1.36315
1.36315
1.36315
1.36316
1.36316
1.36317
1.36317
1.36317
1.36318
1.36318
1.36318
1.36319
1.36318
1.36319
1.36319
1.3632
1.3632
1.3632
1.3632
1.36321
1.36321
1.36321
1.36321
1.36321
1.36322
1.36322
1.36322
1.36322
1.36322
1.36323
1.36323
1.36323
1.36323
1.36324
1.36324
1.36324
1.36324
1.36324
1.36325
1.36325
1.36325
1.36325
1.36325
1.36325
1.36325
1.36325
1.36325
1.36325
1.36325
1.36325
1.36326
1.36326
1.36326
1.36326
1.36326
1.36326
1.36326
1.36326
1.36326
1.36326
1.36326
1.36326
1.36326
1.36326
1.36326
1.36326
1.36326
1.36326
1.36326
1.36326
1.36326
1.36326
1.36326
1.36326
1.36325
1.36326
1.36326
1.36326
1.36326
1.36325
1.36325
1.36325
1.36325
1.36325
1.36325
1.36324
1.36324
1.36324
1.36324
1.36324
1.36324
1.36324
1.36323
1.36323
1.36323
1.36323
1.36322
1.36323
1.36322
1.36322
1.36322
1.36322
1.36322
1.36321
1.36321
1.36321
1.36321
1.36321
1.36321
1.36321
1.36321
1.36321
1.36321
1.36321
1.36321
1.3632
1.3632
1.3632
1.3632
1.3632
1.3632
1.3632
1.3632
1.36321
1.36321
1.36321
1.36321
1.36321
1.36321
1.36321
1.36322
1.36322
1.36322
1.36322
1.36322
1.36322
1.36323
1.36322
1.36322
1.36322
1.36323
1.36323
1.36324
1.36324
1.36325
1.36325
1.36325
1.36326
1.36326
1.36327
1.36327
1.36328
1.36328
1.36329
1.3633
1.3633
1.36331
1.36332
1.36333
1.36333
1.36334
1.36335
1.36335
1.36336
