-0.436967
-0.436988
-0.43701
-0.437033
-0.437059
-0.437091
-0.437124
-0.43716
-0.437193
-0.437228
-0.437271
-0.437306
-0.437348
-0.437392
-0.437436
-0.437487
-0.437537
-0.437586
-0.437637
-0.437686
-0.437741
-0.437794
-0.437849
-0.437904
-0.437963
-0.438017
-0.438075
-0.438133
-0.438185
-0.438244
-0.438303
-0.43836
-0.438423
-0.43848
-0.43854
-0.4386
-0.438659
-0.438718
-0.43878
-0.438838
-0.438895
-0.43895
-0.439006
-0.439061
-0.439118
-0.439171
-0.439225
-0.439278
-0.439328
-0.439375
-0.439419
-0.439464
-0.439507
-0.439547
-0.439587
-0.439624
-0.439661
-0.439693
-0.439724
-0.439754
-0.43978
-0.439803
-0.439824
-0.439842
-0.439857
-0.43987
-0.439879
-0.439886
-0.439888
-0.439888
-0.439886
-0.439883
-0.439874
-0.439862
-0.439849
-0.439828
-0.439803
-0.439777
-0.439746
-0.439712
-0.439673
-0.439632
-0.439587
-0.439536
-0.439482
-0.439427
-0.439365
-0.439299
-0.439225
-0.439149
-0.439068
-0.438981
-0.438885
-0.438787
-0.438684
-0.438574
-0.438456
-0.438334
-0.438202
-0.43807
-0.437928
-0.437776
-0.437618
-0.437451
-0.437273
-0.437082
-0.436884
-0.436678
-0.436456
-0.436225
-0.435981
-0.435723
-0.435451
-0.435167
-0.434869
-0.434558
-0.434231
-0.433884
-0.433521
-0.433141
-0.43274
-0.432317
-0.431876
-0.431413
-0.430931
-0.430424
-0.429892
-0.429339
-0.428759
-0.428152
-0.427519
-0.426858
-0.42617
-0.42545
-0.424701
-0.423923
-0.423114
-0.422277
-0.421409
-0.42051
-0.419579
-0.418622
-0.417629
-0.416604
-0.415549
-0.414463
-0.413347
-0.412201
-0.411026
-0.409825
-0.408595
-0.407344
-0.406072
-0.404774
-0.403463
-0.402132
-0.400785
-0.399429
-0.398062
-0.396689
-0.395315
-0.393941
-0.39257
-0.391209
-0.389862
-0.38853
-0.387219
-0.385932
-0.38468
-0.38346
-0.38228
-0.381143
-0.380055
-0.379022
-0.37805
-0.377141
-0.376301
-0.375533
-0.374841
-0.374232
-0.373705
-0.373262
-0.372908
-0.372649
-0.372489
-0.372424
-0.372458
-0.37259
-0.372823
-0.373156
-0.373588
-0.374119
-0.374748
-0.375474
-0.376293
-0.377206
-0.378205
-0.379288
-0.380456
-0.381702
-0.383023
-0.384416
-0.385873
-0.387394
-0.38897
-0.390598
-0.392276
-0.393994
-0.395749
-0.397536
-0.399354
-0.401193
-0.403056
-0.404932
-0.406819
-0.408713
-0.41061
-0.412506
-0.4144
-0.416282
-0.418156
-0.420019
-0.421863
-0.423691
-0.425498
-0.427279
-0.429036
-0.430765
-0.432475
-0.434147
-0.435787
-0.437398
-0.438973
-0.440514
-0.442021
-0.443496
-0.444932
-0.446333
-0.447701
-0.449028
-0.450321
-0.451581
-0.452802
-0.453991
-0.455141
-0.456257
-0.457338
-0.458384
-0.459397
-0.460377
-0.461321
-0.462236
-0.463121
-0.463975
-0.464794
-0.465585
-0.466349
-0.467083
-0.467788
-0.468466
-0.469119
-0.469742
-0.470339
-0.470913
-0.471463
-0.471992
-0.472496
-0.47298
-0.473439
-0.473875
-0.474295
-0.474692
-0.475068
-0.475432
-0.475773
-0.476096
-0.476401
-0.47669
-0.47696
-0.477217
-0.477461
-0.477687
-0.477897
-0.478095
-0.47828
-0.478454
-0.478612
-0.478759
-0.478891
-0.479014
-0.479123
-0.479224
-0.479317
-0.479398
-0.479469
-0.479528
-0.479578
-0.479621
-0.479656
-0.47968
-0.479699
-0.47971
-0.479712
-0.479708
-0.479698
-0.479681
-0.479658
-0.479629
-0.479593
-0.479552
-0.479506
-0.479454
-0.479398
-0.479334
-0.479268
-0.479195
-0.479118
-0.479037
-0.478952
-0.478865
-0.478775
-0.478682
-0.478586
-0.478486
-0.478384
-0.478277
-0.47817
-0.478057
-0.477943
-0.477829
-0.477713
-0.477595
-0.477473
-0.477352
-0.477228
-0.477104
-0.47698
-0.476854
-0.476728
-0.476603
-0.47648
-0.476352
-0.476226
-0.476098
-0.475969
-0.47584
-0.475714
-0.475589
-0.475461
-0.475333
-0.475207
-0.475078
-0.474956
-0.474829
-0.474704
-0.474582
-0.474458
-0.474339
-0.474221
-0.474104
-0.473989
-0.473879
-0.473767
-0.473658
-0.473548
-0.473442
-0.473338
-0.473239
-0.47314
-0.473043
-0.472946
-0.472857
-0.472767
-0.47268
-0.472595
-0.472515
-0.472435
-0.472356
-0.472284
-0.472213
-0.472141
-0.472075
-0.472011
-0.471952
-0.471894
-0.471836
-0.471782
-0.471732
-0.471683
-0.471637
-0.471592
-0.47155
-0.471511
-0.471477
-0.471442
-0.471406
-0.471375
-0.471345
-0.471317
-0.47129
-0.471264
-0.471239
-0.471213
-0.47119
-0.471167
-0.471144
-0.471121
-0.471098
-0.471075
-0.47105
-0.471022
-0.470995
-0.470966
-0.470933
-0.470899
-0.470863
-0.470822
-0.470779
-0.470727
-0.470674
-0.470618
-0.470554
-0.470487
-0.470416
-0.470336
-0.470249
-0.470156
-0.470053
-0.469941
-0.469817
-0.469685
-0.469543
-0.46939
-0.469222
-0.469041
-0.468848
-0.468643
-0.468423
-0.468188
-0.46794
-0.46767
-0.467385
-0.467084
-0.466759
-0.466417
-0.466057
-0.465673
-0.465268
-0.464839
-0.464387
-0.463911
-0.463409
-0.462882
-0.462326
-0.461744
-0.461133
-0.460495
-0.45983
-0.459132
-0.458401
-0.457642
-0.456848
-0.456024
-0.455167
-0.454274
-0.45335
-0.452394
-0.451399
-0.450371
-0.449306
-0.448209
-0.447076
-0.445908
-0.444706
-0.443468
-0.442196
-0.440888
-0.439548
-0.438178
-0.436772
-0.435333
-0.433865
-0.432369
-0.430842
-0.429288
-0.427709
-0.426103
-0.424473
-0.422822
-0.421147
-0.419457
-0.41775
-0.416029
-0.41429
-0.412546
-0.410792
-0.409035
-0.407275
-0.405515
-0.403757
-0.402005
-0.40026
-0.398525
-0.39681
-0.395107
-0.393428
-0.391772
-0.390145
-0.38855
-0.386987
-0.385466
-0.383987
-0.382554
-0.381174
-0.379846
-0.378574
-0.377366
-0.376222
-0.375148
-0.374152
-0.373233
-0.372395
-0.371646
-0.370983
-0.370413
-0.36994
-0.369566
-0.369297
-0.369127
-0.369068
-0.369118
-0.36928
-0.369553
-0.369936
-0.370437
-0.371052
-0.37178
-0.372621
-0.373574
-0.374633
-0.375805
-0.377078
-0.378453
-0.379926
-0.381492
-0.383145
-0.384884
-0.386706
-0.388598
-0.39056
-0.392583
-0.394663
-0.396793
-0.398968
-0.40118
-0.403422
-0.405692
-0.407981
-0.410284
-0.412596
-0.414909
-0.417218
-0.419518
-0.421805
-0.424078
-0.426321
-0.428539
-0.430728
-0.43288
-0.434994
-0.437065
-0.439096
-0.441081
-0.443015
-0.444901
-0.446734
-0.44851
-0.450231
-0.451892
-0.4535
-0.455049
-0.456539
-0.457971
-0.459345
-0.46066
-0.461916
-0.463116
-0.464256
-0.465337
-0.466361
-0.467327
-0.468236
-0.469091
-0.469891
-0.470637
-0.471329
-0.471969
-0.472558
-0.473095
-0.473583
-0.474022
-0.47441
-0.474753
-0.475049
-0.4753
-0.475504
-0.475667
-0.475786
-0.475863
-0.475896
-0.475891
-0.475847
-0.475763
-0.47564
-0.47548
-0.475283
-0.47505
-0.474781
-0.47448
-0.474142
-0.47377
-0.473362
-0.47292
-0.472451
-0.47195
-0.471418
-0.470858
-0.470266
-0.469645
-0.468994
-0.468316
-0.46761
-0.466876
-0.46612
-0.465334
-0.464521
-0.463682
-0.462819
-0.461924
-0.461012
-0.460077
-0.459116
-0.458135
-0.457131
-0.456104
-0.455058
-0.45399
-0.452903
-0.451792
-0.450665
-0.449525
-0.448362
-0.447182
-0.445979
-0.44477
-0.44354
-0.442293
-0.441033
-0.439759
-0.438472
-0.437172
-0.435861
-0.434537
-0.433204
-0.43186
-0.430507
-0.429143
-0.427777
-0.426402
-0.42502
-0.423636
-0.422245
-0.420852
-0.419456
-0.418058
-0.41666
-0.415263
-0.413868
-0.412476
-0.411087
-0.409706
-0.408329
-0.406959
-0.405598
-0.404247
-0.402907
-0.40158
-0.400267
-0.398969
-0.397688
-0.396427
-0.395181
-0.393957
-0.392757
-0.391581
-0.390432
-0.389309
-0.388212
-0.387151
-0.386119
-0.385119
-0.384158
-0.383228
-0.382339
-0.381489
-0.380676
-0.379909
-0.379183
-0.378505
-0.37787
-0.377284
-0.376746
-0.376258
-0.375821
-0.375436
-0.375099
-0.374814
-0.374581
-0.374401
-0.374274
-0.374201
-0.374179
-0.374209
-0.374291
-0.374425
-0.374609
-0.374842
-0.375125
-0.375455
-0.375833
-0.376255
-0.376724
-0.37723
-0.377782
-0.378376
-0.379005
-0.379668
-0.380366
-0.381096
-0.381855
-0.38264
-0.383452
-0.384285
-0.385141
-0.386016
-0.386907
-0.38781
-0.388727
-0.38965
-0.390585
-0.391526
-0.392471
-0.393418
-0.394362
-0.395307
-0.396248
-0.397182
-0.39811
-0.399033
-0.399944
-0.400843
-0.401731
-0.402604
-0.403463
-0.404309
-0.405133
-0.405941
-0.40673
-0.407504
-0.40826
-0.408995
-0.409711
-0.410403
-0.411078
-0.411733
-0.412367
-0.412984
-0.41358
-0.414152
-0.414706
-0.415241
-0.41576
-0.416255
-0.416739
-0.417201
-0.417645
-0.418071
-0.418484
-0.418881
-0.419262
-0.419629
-0.419983
-0.420327
-0.420657
-0.420985
-0.421297
-0.421601
-0.421897
-0.422186
-0.422469
-0.422746
-0.423013
-0.423282
-0.423548
-0.423812
-0.424073
-0.424335
-0.424595
-0.424861
-0.425127
-0.425393
-0.425665
-0.425941
-0.426221
-0.426507
-0.426799
-0.427095
-0.427402
-0.427715
-0.428036
-0.428365
-0.428703
-0.42905
-0.429409
-0.429772
-0.430151
-0.430537
-0.430933
-0.431342
-0.431759
-0.432187
-0.432622
-0.433072
-0.43353
-0.433998
-0.434476
-0.434963
-0.435462
-0.435967
-0.436478
-0.437
-0.437529
-0.438071
-0.438616
-0.439166
-0.439721
-0.440281
-0.440845
-0.441413
-0.441985
-0.442557
-0.443133
-0.44371
-0.444288
-0.444868
-0.445444
-0.446015
-0.446591
-0.447161
-0.447728
-0.44829
-0.448848
-0.449398
-0.449944
-0.450481
-0.451013
-0.451535
-0.45205
-0.452557
-0.453051
-0.453538
-0.454014
-0.454479
-0.454933
-0.455375
-0.455802
-0.456218
-0.456622
-0.45701
-0.457386
-0.457751
-0.458099
-0.458432
-0.458751
-0.459054
-0.459343
-0.459616
-0.459873
-0.460115
-0.460338
-0.460544
-0.460738
-0.460915
-0.461075
-0.461223
-0.461352
-0.46147
-0.461567
-0.461647
-0.461709
-0.461758
-0.461792
-0.461809
-0.461807
-0.461791
-0.461763
-0.461716
-0.461652
-0.461572
-0.46148
-0.461373
-0.461251
-0.461112
-0.460961
-0.460797
-0.460619
-0.460427
-0.460222
-0.460004
-0.459773
-0.459528
-0.459271
-0.459004
-0.458726
-0.458437
-0.458138
-0.457826
-0.457506
-0.457177
-0.456841
-0.456493
-0.456137
-0.455771
-0.455402
-0.455023
-0.454634
-0.454244
-0.453844
-0.453439
-0.453027
-0.45261
-0.452188
-0.451763
-0.45133
-0.450891
-0.45045
-0.450009
-0.449561
-0.449107
-0.448648
-0.448186
-0.44772
-0.447247
-0.446773
-0.446297
-0.445814
-0.445327
-0.444836
-0.444342
-0.443841
-0.443336
-0.442825
-0.442309
-0.441788
-0.441261
-0.440725
-0.440184
-0.439639
-0.43909
-0.438534
-0.437969
-0.437397
-0.436818
-0.436233
-0.435641
-0.435042
-0.434436
-0.433827
-0.433209
-0.432585
-0.431956
-0.431322
-0.430683
-0.430042
-0.429397
-0.428751
-0.428106
-0.42746
-0.426814
-0.426172
-0.425531
-0.424899
-0.424274
-0.423658
-0.423053
-0.422464
-0.421887
-0.421327
-0.420787
-0.42027
-0.419775
-0.419305
-0.418867
-0.418456
-0.418079
-0.417737
-0.417432
-0.417165
-0.416942
-0.416764
-0.416628
-0.416543
-0.416506
-0.416523
-0.41659
-0.41671
-0.416882
-0.417111
-0.417396
-0.417737
-0.418133
-0.418585
-0.419093
-0.419652
-0.420266
-0.420935
-0.421653
-0.422423
-0.423244
-0.424108
-0.425017
-0.425966
-0.426956
-0.427984
-0.42905
-0.430144
-0.431264
-0.432412
-0.433584
-0.434778
-0.435987
-0.437212
-0.438446
-0.439691
-0.440942
-0.442193
-0.443444
-0.444691
-0.445934
-0.447169
-0.448393
-0.44961
-0.450811
-0.451996
-0.453164
-0.454317
-0.455444
-0.456552
-0.457631
-0.458688
-0.459719
-0.460724
-0.461701
-0.46265
-0.46357
-0.464459
-0.465321
-0.466152
-0.466954
-0.467728
-0.468472
-0.469189
-0.46987
-0.470522
-0.471145
-0.471738
-0.472302
-0.472836
-0.473344
-0.473822
-0.474275
-0.474704
-0.475105
-0.475483
-0.475834
-0.476158
-0.476463
-0.476743
-0.477003
-0.477237
-0.477452
-0.477646
-0.477821
-0.477977
-0.478112
-0.478234
-0.478333
-0.478421
-0.478488
-0.478541
-0.47858
-0.478602
-0.478612
-0.478609
-0.478592
-0.478564
-0.478523
-0.478471
-0.47841
-0.478337
-0.478252
-0.478156
-0.478052
-0.477939
-0.477817
-0.477687
-0.477548
-0.477401
-0.477247
-0.477087
-0.476916
-0.476739
-0.476556
-0.476366
-0.476169
-0.475964
-0.475754
-0.475539
-0.47532
-0.475093
-0.474857
-0.474619
-0.474374
-0.474124
-0.473869
-0.473607
-0.473339
-0.473067
-0.472789
-0.472507
-0.472216
-0.471923
-0.471624
-0.47132
-0.471008
-0.470693
-0.470375
-0.470049
-0.469718
-0.469381
-0.469039
-0.468691
-0.468338
-0.467979
-0.467615
-0.467244
-0.466866
-0.466485
-0.466097
-0.465704
-0.465305
-0.4649
-0.464489
-0.464078
-0.463653
-0.463219
-0.462785
-0.462345
-0.461896
-0.461444
-0.460985
-0.460518
-0.46005
-0.459574
-0.459089
-0.458601
-0.458109
-0.457608
-0.457102
-0.45659
-0.456069
-0.455547
-0.455018
-0.454482
-0.453943
-0.453395
-0.452843
-0.452282
-0.45172
-0.45115
-0.450575
-0.449993
-0.44941
-0.448819
-0.448223
-0.447622
-0.447014
-0.446404
-0.445789
-0.445169
-0.444545
-0.443917
-0.443285
-0.442649
-0.442009
-0.441365
-0.440716
-0.440066
-0.439412
-0.438756
-0.438103
-0.437442
-0.436779
-0.436114
-0.435447
-0.43478
-0.434113
-0.433444
-0.432774
-0.432101
-0.431431
-0.430765
-0.430094
-0.429427
-0.428762
-0.428099
-0.427439
-0.426779
-0.426125
-0.425474
-0.424828
-0.424187
-0.423551
-0.422917
-0.422293
-0.421676
-0.421066
-0.420465
-0.419871
-0.419289
-0.41871
-0.418145
-0.417589
-0.417044
-0.416511
-0.41599
-0.415482
-0.41499
-0.414512
-0.414052
-0.413604
-0.413172
-0.412756
-0.412358
-0.411979
-0.411615
-0.41127
-0.410942
-0.410636
-0.410344
-0.41008
-0.409832
-0.409608
-0.409402
-0.409223
-0.409064
-0.408927
-0.408815
-0.408723
-0.408657
-0.408612
-0.40859
-0.408592
-0.408619
-0.40867
-0.408745
-0.408835
-0.408954
-0.409092
-0.40926
-0.409446
-0.409657
-0.409893
-0.410149
-0.410427
-0.410726
-0.411044
-0.411386
-0.411748
-0.412132
-0.412533
-0.412953
-0.413392
-0.413848
-0.414324
-0.414815
-0.415321
-0.415843
-0.416379
-0.416932
-0.417498
-0.418079
-0.418668
-0.419267
-0.419879
-0.420497
-0.421125
-0.421762
-0.422408
-0.423057
-0.423714
-0.424376
-0.42504
-0.425709
-0.426382
-0.427057
-0.427733
-0.428415
-0.429092
-0.429768
-0.430442
-0.431109
-0.431781
-0.432447
-0.43311
-0.433767
-0.43442
-0.435065
-0.435705
-0.436335
-0.436958
-0.437572
-0.438174
-0.438767
-0.439349
-0.439924
-0.440487
-0.441041
-0.44158
-0.442107
-0.442621
-0.443125
-0.443612
-0.444085
-0.444543
-0.444987
-0.445416
-0.44583
-0.446231
-0.44661
-0.446979
-0.447329
-0.447662
-0.447981
-0.448281
-0.448564
-0.448832
-0.44908
-0.449311
-0.449524
-0.449722
-0.4499
-0.450058
-0.450201
-0.450326
-0.450434
-0.450521
-0.450593
-0.450648
-0.450685
-0.450702
-0.450705
-0.450685
-0.450656
-0.450608
-0.45054
-0.450454
-0.450356
-0.450242
-0.450112
-0.449967
-0.449805
-0.449629
-0.449442
-0.449238
-0.449022
-0.448791
-0.448544
-0.448284
-0.448015
-0.447733
-0.44744
-0.447137
-0.446823
-0.446499
-0.446166
-0.445824
-0.445474
-0.44512
-0.444756
-0.444384
-0.444007
-0.443627
-0.44324
-0.442849
-0.442455
-0.442058
-0.441659
-0.441259
-0.440859
-0.440458
-0.440056
-0.439663
-0.439269
-0.43888
-0.43849
-0.438104
-0.43772
-0.437344
-0.43697
-0.436607
-0.43625
-0.435902
-0.435562
-0.435231
-0.434909
-0.434597
-0.434296
-0.434005
-0.433727
-0.433464
-0.433208
-0.432964
-0.432732
-0.432514
-0.432308
-0.432115
-0.431936
-0.431771
-0.431621
-0.431483
-0.431356
-0.431245
-0.43115
-0.431066
-0.430996
-0.430939
-0.430891
-0.430858
-0.430843
-0.430838
-0.430843
-0.43086
-0.430891
-0.430934
-0.430986
-0.431051
-0.431126
-0.431212
-0.431307
-0.431411
-0.431524
-0.431644
-0.431776
-0.431913
-0.43206
-0.432212
-0.432372
-0.432536
-0.432705
-0.432877
-0.433056
-0.433239
-0.433426
-0.433616
-0.43381
-0.434004
-0.434205
-0.434405
-0.434605
-0.434808
-0.435012
-0.435217
-0.435422
-0.435627
-0.435832
-0.436038
-0.436244
-0.436446
-0.436647
-0.436849
-0.437046
-0.437242
-0.437433
-0.437624
-0.437808
-0.437998
-0.438181
-0.438359
-0.438535
-0.438709
-0.438879
-0.43905
-0.439213
-0.43937
-0.439526
-0.439677
-0.439824
-0.439968
-0.440107
-0.44024
-0.44037
-0.440497
-0.440621
-0.440733
-0.440849
-0.440957
-0.441061
-0.441159
-0.441258
-0.441348
-0.441434
-0.441514
-0.441589
-0.441658
-0.44172
-0.44178
-0.441834
-0.441883
-0.441927
-0.441965
-0.442001
-0.442028
-0.44205
-0.442067
-0.442078
-0.442083
-0.442085
-0.442079
-0.442064
-0.442046
-0.442024
-0.441996
-0.441958
-0.441917
-0.441868
-0.441815
-0.441754
-0.441685
-0.44161
-0.441526
-0.441437
-0.441344
-0.441241
-0.441132
-0.441017
-0.440891
-0.440759
-0.44062
-0.440474
-0.44032
-0.440159
-0.439989
-0.439814
-0.439629
-0.439436
-0.439235
-0.439026
-0.438808
-0.438585
-0.438353
-0.438114
-0.437863
-0.437604
-0.437336
-0.43706
-0.436776
-0.436483
-0.436179
-0.435869
-0.43555
-0.435226
-0.434888
-0.434544
-0.43419
-0.433829
-0.433461
-0.433082
-0.432697
-0.432305
-0.431905
-0.431499
-0.431084
-0.430662
-0.430234
-0.429796
-0.429352
-0.428903
-0.428447
-0.427983
-0.427511
-0.427038
-0.426563
-0.426085
-0.425598
-0.42511
-0.424615
-0.42412
-0.423619
-0.423116
-0.422611
-0.422106
-0.421596
-0.421087
-0.420576
-0.420069
-0.419556
-0.419052
-0.418542
-0.418041
-0.417541
-0.417043
-0.41655
-0.416062
-0.415575
-0.415096
-0.414619
-0.414153
-0.413692
-0.413238
-0.412791
-0.412347
-0.411916
-0.411492
-0.411079
-0.410675
-0.410284
-0.4099
-0.409523
-0.40916
-0.408809
-0.408469
-0.40814
-0.407823
-0.407517
-0.407226
-0.406944
-0.406674
-0.406416
-0.406173
-0.40594
-0.405718
-0.405509
-0.405311
-0.405125
-0.404951
-0.404788
-0.404638
-0.404496
-0.404366
-0.404245
-0.404136
-0.404038
-0.40395
-0.403871
-0.403802
-0.403741
-0.403692
-0.403646
-0.403611
-0.403584
-0.403564
-0.403554
-0.403548
-0.403549
-0.403559
-0.403572
-0.403591
-0.403613
-0.403643
-0.403675
-0.403714
-0.403758
-0.403806
-0.403856
-0.403912
-0.403972
-0.404036
-0.404103
-0.404173
-0.404244
-0.404321
-0.404398
-0.40448
-0.404566
-0.404657
-0.40475
-0.404845
-0.404941
-0.405041
-0.405144
-0.405249
-0.405353
-0.405467
-0.405581
-0.405698
-0.405819
-0.405942
-0.406069
-0.4062
-0.406336
-0.406473
-0.406611
-0.406758
-0.406907
-0.407059
-0.407215
-0.407375
-0.40754
-0.407709
-0.407882
-0.408066
-0.408248
-0.408435
-0.408624
-0.408817
-0.409018
-0.409224
-0.409435
-0.40965
-0.409871
-0.410097
-0.410328
-0.410565
-0.410806
-0.411055
-0.411308
-0.411563
-0.411826
-0.412094
-0.412368
-0.412647
-0.412934
-0.413224
-0.413519
-0.413817
-0.414123
-0.414434
-0.414751
-0.41507
-0.415399
-0.415729
-0.416066
-0.416408
-0.416755
-0.417107
-0.417466
-0.41783
-0.418198
-0.418569
-0.418944
-0.419323
-0.419706
-0.420093
-0.420482
-0.420877
-0.421278
-0.421685
-0.422091
-0.422499
-0.422911
-0.423328
-0.423747
-0.424164
-0.424581
-0.425005
-0.425431
-0.425856
-0.426285
-0.426713
-0.427144
-0.427576
-0.428008
-0.428439
-0.428869
-0.429302
-0.429735
-0.430167
-0.430598
-0.431028
-0.431457
-0.43188
-0.432306
-0.43273
-0.433152
-0.433571
-0.433988
-0.434399
-0.43481
-0.435215
-0.435619
-0.436019
-0.436421
-0.436813
-0.437203
-0.437587
-0.437964
-0.43834
-0.438711
-0.439075
-0.439433
-0.439789
-0.440136
-0.440477
-0.440817
-0.441147
-0.44147
-0.441787
-0.442097
-0.442403
-0.4427
-0.442988
-0.443271
-0.443548
-0.443817
-0.444079
-0.444335
-0.444583
-0.444824
-0.445057
-0.445283
-0.445502
-0.445714
-0.445915
-0.44611
-0.446299
-0.446481
-0.446655
-0.44682
-0.446982
-0.447134
-0.447279
-0.447415
-0.447545
-0.447666
-0.447782
-0.447891
-0.447992
-0.448087
-0.448175
-0.448256
-0.44833
-0.448397
-0.448455
-0.448509
-0.448556
-0.448597
-0.448629
-0.448657
-0.448681
-0.448696
-0.448706
-0.44871
-0.448705
-0.448697
-0.448684
-0.448662
-0.448638
-0.448608
-0.448573
-0.44853
-0.448483
-0.448433
-0.448375
-0.448316
-0.448252
-0.448183
-0.448111
-0.448034
-0.447953
-0.447868
-0.447779
-0.447686
-0.447588
-0.447488
-0.447387
-0.447281
-0.447172
-0.44706
-0.446945
-0.446827
-0.446706
-0.446583
-0.446458
-0.446331
-0.446201
-0.44607
-0.445937
-0.445802
-0.445663
-0.445525
-0.445385
-0.44524
-0.445098
-0.444956
-0.444812
-0.444668
-0.444524
-0.444374
-0.444228
-0.444083
-0.44394
-0.443794
-0.443649
-0.443503
-0.443359
-0.443214
-0.443071
-0.442928
-0.442786
-0.442645
-0.442506
-0.442367
-0.44223
-0.442092
-0.441958
-0.441826
-0.441695
-0.441564
-0.441437
-0.441312
-0.441188
-0.44107
-0.440952
-0.440837
-0.440724
-0.440614
-0.440507
-0.440403
-0.440301
-0.440203
-0.440105
-0.440011
-0.439922
-0.439837
-0.439752
-0.439674
-0.439597
-0.439525
-0.43946
-0.439396
-0.439336
-0.43928
-0.439228
-0.439179
-0.439135
-0.439092
-0.439056
-0.439024
-0.438996
-0.438968
-0.438949
-0.438934
-0.438923
-0.438917
-0.438912
-0.438915
-0.438921
-0.438937
-0.438953
-0.438973
-0.438997
-0.439024
-0.439057
-0.439095
-0.439139
-0.439186
-0.439239
-0.439294
-0.439354
-0.439418
-0.439489
-0.439562
-0.439638
-0.43972
-0.439805
-0.439895
-0.439988
-0.440086
-0.440188
-0.440293
-0.440403
-0.440517
-0.440634
-0.440755
-0.44088
-0.441006
-0.441139
-0.441274
-0.441413
-0.441555
-0.441703
-0.441852
-0.442004
-0.442159
-0.442317
-0.442477
-0.442638
-0.442804
-0.442972
-0.44314
-0.443313
-0.443488
-0.443665
-0.443843
-0.444024
-0.444204
-0.444387
-0.444572
-0.444758
-0.444946
-0.445131
-0.445322
-0.445512
-0.445699
-0.445889
-0.446081
-0.446271
-0.446461
-0.44665
-0.446841
-0.447029
-0.447215
-0.447405
-0.447589
-0.447771
-0.447952
-0.44813
-0.448309
-0.448483
-0.448654
-0.448822
-0.448987
-0.449148
-0.449306
-0.44946
-0.449611
-0.449754
-0.449896
-0.450032
-0.450164
-0.45029
-0.450411
-0.450527
-0.450641
-0.450746
-0.450843
-0.450933
-0.451018
-0.451094
-0.451162
-0.451223
-0.451273
-0.45132
-0.451354
-0.451382
-0.451398
-0.451408
-0.45141
-0.451401
-0.451382
-0.451353
-0.451313
-0.451264
-0.451203
-0.451132
-0.451049
-0.450958
-0.450853
-0.450736
-0.450608
-0.450467
-0.450312
-0.45015
-0.449975
-0.449785
-0.449583
-0.449371
-0.449143
-0.448908
-0.448657
-0.448389
-0.448114
-0.447823
-0.44752
-0.447203
-0.446875
-0.446532
-0.446176
-0.445806
-0.445426
-0.445036
-0.444634
-0.444218
-0.443788
-0.44335
-0.4429
-0.442443
-0.44197
-0.44149
-0.441001
-0.440503
-0.439997
-0.439483
-0.438959
-0.438428
-0.437894
-0.437354
-0.436807
-0.436258
-0.435706
-0.435152
-0.434595
-0.434038
-0.433481
-0.432927
-0.432374
-0.431822
-0.431275
-0.43073
-0.430191
-0.429656
-0.429131
-0.428614
-0.428106
-0.427609
-0.427123
-0.426647
-0.426186
-0.42574
-0.425311
-0.424898
-0.4245
-0.42412
-0.423762
-0.423422
-0.423101
-0.422801
-0.422522
-0.422264
-0.422031
-0.421822
-0.421637
-0.421477
-0.421342
-0.421232
-0.42115
-0.421092
-0.42106
-0.421054
-0.421074
-0.421121
-0.421191
-0.42129
-0.421417
-0.421568
-0.421744
-0.421944
-0.422169
-0.422419
-0.422692
-0.422988
-0.423307
-0.423647
-0.424006
-0.424388
-0.424795
-0.425216
-0.425653
-0.426109
-0.426582
-0.427069
-0.427573
-0.428093
-0.428624
-0.42917
-0.429721
-0.430284
-0.430859
-0.431439
-0.432031
-0.432631
-0.433242
-0.433851
-0.434468
-0.435088
-0.435712
-0.436339
-0.436968
-0.437597
-0.438225
-0.438856
-0.439487
-0.440111
-0.440735
-0.441359
-0.441981
-0.442596
-0.443213
-0.443822
-0.444428
-0.445028
-0.445625
-0.446214
-0.446792
-0.447368
-0.447943
-0.448504
-0.449062
-0.44961
-0.450151
-0.450685
-0.451213
-0.45173
-0.45224
-0.452741
-0.453236
-0.453716
-0.454197
-0.454668
-0.455127
-0.455578
-0.456023
-0.456454
-0.456877
-0.457295
-0.457706
-0.458104
-0.458496
-0.458877
-0.459255
-0.459621
-0.459981
-0.460332
-0.460677
-0.461011
-0.461337
-0.461666
-0.46198
-0.462287
-0.462587
-0.46288
-0.463167
-0.463451
-0.463725
-0.463991
-0.464252
-0.464507
-0.464756
-0.464999
-0.465235
-0.465469
-0.465696
-0.465921
-0.46614
-0.466352
-0.46656
-0.466766
-0.46696
-0.467155
-0.467346
-0.467533
-0.467717
-0.467894
-0.468071
-0.468247
-0.468417
-0.468585
-0.468747
-0.468912
-0.469072
-0.469229
-0.469384
-0.469535
-0.469684
-0.469831
-0.469978
-0.470124
-0.470269
-0.470412
-0.470554
-0.470695
-0.470834
-0.470973
-0.471111
-0.471248
-0.471384
-0.47152
-0.471655
-0.47179
-0.471922
-0.472056
-0.472187
-0.47232
-0.472449
-0.47258
-0.472715
-0.472848
-0.472976
-0.473108
-0.473241
-0.473374
-0.473509
-0.473642
-0.473775
-0.473908
-0.474041
-0.474176
-0.474309
-0.474442
-0.474578
-0.474711
-0.474842
-0.474975
-0.475108
-0.47524
-0.475373
-0.475508
-0.475641
-0.475775
-0.475904
-0.476033
-0.47616
-0.47629
-0.476421
-0.47655
-0.476679
-0.476808
-0.476933
-0.47706
-0.477188
-0.477313
-0.477437
-0.47756
-0.477682
-0.477803
-0.477922
-0.478036
-0.47815
-0.478266
-0.478382
-0.478494
-0.478604
-0.478713
-0.47882
-0.478922
-0.479028
-0.479124
-0.479222
-0.479318
-0.479413
-0.479504
-0.479596
-0.479682
-0.479768
-0.479849
-0.479928
-0.480003
-0.480073
-0.480142
-0.480211
-0.480274
-0.480335
-0.480391
-0.480439
-0.480488
-0.480536
-0.480577
-0.480612
-0.480646
-0.480678
-0.480703
-0.480725
-0.480741
-0.480754
-0.480759
-0.480765
-0.480764
-0.480758
-0.480747
-0.480731
-0.480707
-0.480681
-0.480649
-0.480612
-0.48057
-0.480518
-0.480464
-0.480405
-0.48034
-0.480271
-0.480196
-0.480113
-0.480024
-0.479928
-0.479826
-0.479717
-0.479599
-0.479477
-0.479348
-0.47921
-0.479067
-0.478917
-0.478758
-0.478594
-0.478422
-0.478243
-0.478056
-0.477862
-0.477659
-0.477449
-0.477234
-0.477008
-0.476779
-0.476539
-0.476289
-0.476031
-0.475764
-0.475488
-0.475202
-0.47491
-0.474609
-0.474299
-0.473981
-0.473656
-0.47332
-0.472973
-0.472619
-0.472259
-0.47189
-0.47151
-0.471121
-0.470722
-0.470315
-0.469899
-0.469471
-0.469042
-0.468599
-0.468147
-0.467687
-0.467215
-0.466736
-0.466252
-0.465759
-0.465255
-0.464742
-0.464219
-0.463687
-0.46315
-0.462604
-0.462051
-0.461492
-0.460923
-0.460349
-0.459763
-0.459175
-0.458577
-0.45797
-0.457361
-0.456743
-0.456119
-0.455489
-0.454853
-0.454211
-0.453565
-0.452913
-0.452254
-0.45159
-0.450922
-0.450253
-0.44958
-0.448901
-0.448222
-0.447537
-0.44685
-0.44616
-0.445471
-0.444776
-0.444084
-0.443392
-0.442699
-0.442003
-0.441312
-0.44062
-0.439928
-0.439242
-0.438555
-0.437867
-0.43718
-0.436497
-0.435812
-0.43514
-0.434467
-0.433795
-0.43313
-0.432466
-0.431805
-0.431154
-0.43051
-0.429867
-0.429232
-0.428604
-0.427981
-0.427365
-0.426756
-0.426154
-0.425556
-0.424968
-0.424387
-0.42381
-0.423244
-0.422687
-0.422138
-0.421599
-0.421068
-0.420543
-0.420028
-0.419522
-0.419019
-0.418527
-0.418044
-0.417571
-0.417106
-0.416647
-0.416197
-0.415754
-0.41532
-0.414889
-0.414469
-0.414057
-0.413655
-0.413266
-0.412879
-0.412501
-0.412131
-0.411769
-0.411414
-0.411068
-0.41073
-0.4104
-0.410078
-0.409765
-0.409457
-0.409159
-0.40887
-0.408597
-0.40833
-0.408072
-0.407825
-0.407587
-0.407361
-0.407148
-0.406949
-0.406763
-0.406588
-0.406431
-0.406287
-0.406159
-0.406052
-0.405962
-0.405892
-0.405841
-0.40581
-0.405803
-0.405821
-0.405862
-0.40593
-0.406024
-0.406141
-0.406284
-0.406461
-0.40667
-0.406909
-0.407182
-0.407488
-0.407825
-0.408196
-0.408605
-0.409047
-0.409524
-0.410038
-0.410589
-0.411176
-0.411799
-0.41246
-0.413159
-0.413892
-0.414661
-0.415465
-0.416301
-0.417173
-0.418079
-0.419016
-0.419985
-0.420983
-0.422008
-0.423062
-0.424143
-0.425248
-0.426375
-0.427525
-0.428691
-0.429876
-0.43108
-0.432298
-0.433527
-0.434774
-0.436026
-0.437286
-0.438551
-0.439821
-0.441094
-0.44237
-0.443643
-0.444913
-0.44618
-0.447442
-0.448695
-0.449942
-0.451181
-0.452406
-0.453624
-0.454827
-0.456017
-0.457189
-0.458348
-0.459491
-0.460618
-0.461726
-0.462814
-0.463886
-0.464939
-0.465971
-0.46698
-0.467968
-0.468935
-0.469883
-0.470807
-0.471709
-0.472589
-0.473448
-0.474284
-0.475096
-0.475889
-0.476659
-0.477411
-0.478138
-0.478849
-0.479533
-0.480197
-0.480838
-0.481463
-0.482062
-0.482645
-0.483207
-0.483748
-0.484274
-0.484779
-0.485266
-0.485735
-0.486185
-0.486619
-0.48704
-0.487439
-0.487823
-0.48819
-0.488541
-0.488877
-0.489203
-0.489509
-0.489801
-0.490079
-0.490343
-0.490589
-0.490826
-0.491053
-0.491266
-0.491469
-0.491657
-0.491836
-0.492002
-0.492159
-0.492303
-0.492436
-0.492561
-0.492672
-0.492776
-0.492868
-0.492952
-0.493031
-0.493098
-0.493156
-0.493206
-0.493251
-0.493285
-0.493311
-0.49333
-0.493342
-0.493344
-0.493341
-0.493331
-0.493315
-0.49329
-0.493261
-0.493223
-0.493181
-0.493134
-0.493079
-0.49302
-0.492955
-0.492885
-0.49281
-0.492728
-0.492642
-0.492552
-0.492457
-0.492357
-0.492252
-0.492145
-0.49203
-0.491912
-0.491789
-0.491663
-0.491533
-0.491398
-0.491257
-0.491115
-0.490969
-0.490817
-0.490666
-0.490509
-0.490346
-0.490183
-0.490018
-0.48985
-0.489678
-0.489504
-0.489317
-0.489134
-0.488948
-0.488757
-0.488566
-0.488369
-0.488172
-0.487972
-0.487769
-0.487564
-0.487355
-0.487145
-0.48693
-0.486715
-0.486498
-0.486279
-0.48606
-0.485836
-0.485611
-0.485383
-0.485153
-0.484924
-0.484691
-0.484456
-0.484219
-0.48398
-0.483738
-0.483498
-0.483255
-0.48301
-0.482766
-0.482519
-0.482267
-0.482017
-0.481766
-0.481516
-0.481261
-0.481004
-0.480749
-0.480495
-0.480238
-0.479981
-0.479725
-0.479466
-0.479207
-0.478947
-0.478687
-0.478426
-0.478168
-0.477905
-0.477644
-0.477381
-0.47712
-0.476859
-0.476599
-0.476339
-0.476079
-0.47582
-0.475561
-0.475303
-0.475043
-0.474787
-0.474531
-0.474276
-0.474025
-0.473772
-0.473518
-0.473268
-0.473019
-0.47277
-0.472521
-0.472277
-0.472034
-0.471791
-0.471552
-0.471317
-0.47108
-0.470849
-0.470618
-0.47039
-0.470163
-0.469939
-0.469715
-0.469496
-0.469279
-0.469065
-0.468852
-0.468643
-0.468437
-0.468232
-0.468034
-0.467837
-0.467643
-0.467452
-0.467264
-0.467077
-0.46689
-0.466711
-0.466538
-0.466366
-0.466202
-0.466036
-0.465874
-0.465712
-0.465559
-0.465409
-0.465259
-0.465116
-0.464973
-0.464834
-0.464698
-0.464567
-0.464435
-0.464311
-0.464188
-0.464068
-0.463953
-0.463839
-0.463728
-0.46362
-0.463515
-0.463413
-0.463321
-0.463224
-0.463133
-0.463041
-0.46295
-0.462864
-0.462781
-0.4627
-0.462621
-0.462544
-0.46247
-0.462397
-0.46233
-0.462259
-0.462192
-0.462128
-0.462067
-0.462008
-0.461951
-0.461893
-0.461836
-0.46178
-0.461728
-0.461673
-0.461621
-0.46157
-0.46152
-0.461471
-0.461424
-0.461377
-0.46133
-0.461281
-0.461237
-0.461189
-0.461144
-0.461099
-0.461055
-0.46101
-0.460966
-0.460922
-0.46088
-0.460836
-0.460792
-0.460746
-0.460701
-0.460657
-0.46061
-0.460565
-0.46052
-0.460474
-0.460428
-0.460382
-0.460336
-0.460289
-0.460242
-0.460197
-0.460151
-0.460105
-0.460057
-0.460005
-0.459956
-0.459906
-0.459856
-0.459808
-0.459755
-0.459704
-0.459652
-0.459601
-0.459549
-0.459497
-0.459445
-0.45939
-0.459338
-0.459286
-0.459234
-0.459181
-0.459127
-0.459075
-0.459023
-0.458971
-0.45892
-0.458871
-0.458818
-0.45877
-0.458721
-0.458674
-0.458625
-0.45858
-0.458533
-0.458489
-0.458445
-0.458406
-0.458364
-0.458322
-0.45828
-0.45824
-0.458198
-0.45816
-0.458121
-0.458083
-0.458049
-0.458014
-0.457983
-0.457954
-0.457928
-0.457905
-0.457882
-0.457862
-0.457841
-0.457824
-0.457807
-0.457796
-0.457781
-0.457769
-0.45776
-0.457755
-0.457749
-0.457748
-0.457747
-0.457748
-0.457751
-0.457756
-0.457763
-0.457772
-0.457783
-0.457797
-0.457815
-0.457833
-0.457852
-0.457874
-0.457898
-0.457926
-0.457952
-0.457982
-0.458014
-0.458048
-0.458083
-0.458123
-0.458163
-0.458204
-0.458244
-0.458288
-0.458334
-0.458381
-0.45843
-0.458483
-0.458534
-0.458587
-0.458639
-0.458694
-0.458752
-0.458807
-0.458865
-0.458923
-0.458983
-0.459042
-0.459103
-0.459163
-0.459229
-0.45929
-0.459351
-0.459413
-0.459476
-0.459539
-0.459598
-0.459656
-0.459715
-0.459774
-0.459832
-0.459887
-0.459944
-0.460001
-0.460056
-0.460108
-0.460157
-0.460207
-0.460255
-0.460302
-0.460342
-0.460384
-0.460425
-0.460463
-0.460497
-0.460531
-0.460562
-0.460591
-0.460614
-0.460637
-0.460657
-0.460677
-0.460689
-0.460697
-0.460708
-0.460712
-0.460713
-0.460713
-0.460704
-0.460696
-0.460683
-0.460668
-0.460644
-0.460619
-0.460589
-0.460561
-0.460523
-0.460484
-0.460438
-0.460385
-0.46033
-0.460271
-0.46021
-0.460145
-0.46007
-0.459993
-0.459912
-0.459826
-0.459736
-0.459638
-0.459539
-0.459433
-0.459324
-0.459211
-0.459094
-0.458972
-0.458846
-0.458715
-0.458578
-0.458436
-0.45829
-0.458143
-0.457991
-0.457835
-0.457677
-0.457514
-0.457341
-0.457168
-0.456998
-0.456819
-0.456637
-0.456452
-0.456264
-0.45607
-0.455873
-0.455678
-0.455478
-0.455273
-0.455068
-0.454861
-0.454655
-0.454444
-0.454231
-0.454016
-0.453801
-0.453584
-0.453368
-0.453149
-0.452929
-0.452709
-0.452494
-0.452273
-0.452055
-0.451835
-0.451611
-0.451395
-0.451177
-0.450962
-0.450747
-0.450533
-0.450321
-0.450111
-0.449902
-0.449699
-0.449495
-0.449297
-0.449099
-0.448902
-0.448711
-0.448523
-0.448338
-0.448157
-0.447983
-0.44781
-0.447639
-0.447475
-0.447315
-0.44716
-0.44701
-0.446865
-0.446722
-0.446586
-0.446456
-0.446333
-0.446213
-0.446098
-0.445986
-0.445885
-0.445787
-0.445694
-0.445606
-0.445524
-0.445445
-0.445374
-0.445306
-0.445246
-0.445191
-0.445144
-0.445099
-0.44506
-0.44503
-0.444999
-0.444975
-0.444955
-0.444941
-0.444928
-0.44492
-0.444916
-0.444919
-0.444926
-0.444937
-0.444951
-0.444969
-0.444993
-0.445014
-0.445039
-0.44507
-0.445104
-0.445141
-0.445177
-0.445221
-0.445262
-0.445304
-0.445351
-0.445402
-0.445452
-0.445501
-0.445556
-0.445609
-0.445665
-0.44572
-0.445775
-0.44583
-0.445885
-0.44594
-0.445995
-0.446049
-0.446103
-0.446154
-0.446207
-0.446258
-0.446306
-0.446355
-0.446403
-0.446447
-0.446492
-0.446535
-0.446574
-0.446614
-0.446651
-0.446689
-0.446722
-0.446753
-0.446782
-0.446808
-0.446832
-0.446853
-0.446871
-0.446887
-0.4469
-0.446909
-0.446917
-0.446918
-0.446924
-0.446917
-0.446914
-0.446906
-0.446894
-0.446882
-0.446863
-0.446844
-0.446819
-0.44679
-0.446761
-0.446725
-0.446686
-0.446648
-0.446604
-0.446556
-0.446502
-0.446442
-0.446378
-0.446312
-0.446245
-0.446172
-0.446094
-0.446013
-0.445927
-0.445835
-0.44574
-0.445644
-0.445541
-0.445433
-0.445319
-0.445202
-0.445078
-0.444947
-0.444814
-0.444677
-0.444536
-0.444392
-0.444237
-0.44408
-0.443917
-0.443748
-0.443573
-0.443392
-0.443208
-0.443015
-0.442815
-0.442608
-0.442393
-0.442175
-0.441948
-0.44171
-0.441468
-0.441218
-0.440959
-0.440693
-0.440417
-0.440131
-0.439838
-0.439538
-0.439226
-0.438904
-0.438573
-0.438235
-0.437882
-0.437518
-0.437143
-0.436756
-0.436357
-0.43595
-0.435526
-0.435089
-0.434638
-0.434174
-0.433696
-0.433205
-0.4327
-0.432177
-0.431639
-0.431082
-0.430511
-0.429924
-0.429317
-0.428695
-0.428055
-0.427395
-0.426718
-0.426023
-0.425303
-0.424572
-0.423818
-0.423044
-0.422249
-0.421434
-0.420601
-0.419739
-0.418861
-0.417961
-0.41704
-0.416098
-0.415131
-0.414146
-0.413139
-0.412113
-0.411061
-0.40999
-0.408899
-0.407787
-0.406656
-0.405505
-0.404332
-0.403146
-0.40194
-0.400715
-0.399476
-0.398224
-0.396958
-0.395677
-0.394379
-0.393076
-0.391763
-0.390443
-0.389117
-0.387786
-0.386453
-0.385119
-0.383785
-0.382455
-0.381129
-0.379811
-0.378504
-0.377206
-0.375919
-0.374648
-0.373398
-0.372166
-0.370961
-0.369782
-0.368628
-0.367511
-0.366419
-0.36536
-0.364339
-0.363356
-0.362415
-0.361514
-0.360662
-0.359854
-0.359098
-0.358388
-0.357728
-0.35712
-0.356565
-0.356064
-0.355616
-0.355225
-0.354891
-0.354605
-0.354383
-0.354217
-0.354107
-0.35405
-0.354051
-0.354107
-0.354214
-0.354376
-0.35459
-0.354858
-0.355172
-0.355535
-0.355944
-0.356398
-0.356898
-0.357435
-0.358018
-0.358633
-0.359288
-0.359977
-0.360699
-0.361453
-0.362235
-0.363045
-0.363882
-0.36474
-0.365623
-0.366523
-0.367439
-0.368377
-0.369326
-0.370287
-0.371258
-0.372243
-0.373235
-0.374227
-0.375232
-0.376244
-0.377256
-0.37827
-0.379281
-0.380297
-0.381306
-0.382314
-0.383318
-0.38432
-0.385313
-0.386302
-0.387279
-0.38825
-0.389212
-0.390164
-0.391104
-0.392035
-0.392952
-0.393859
-0.394754
-0.395636
-0.396507
-0.397362
-0.398203
-0.39903
-0.399841
-0.400638
-0.40142
-0.402184
-0.402936
-0.403671
-0.404391
-0.405092
-0.405781
-0.40645
-0.407107
-0.407745
-0.408367
-0.408975
-0.409566
-0.41014
-0.410701
-0.411247
-0.411777
-0.412292
-0.412791
-0.413276
-0.413745
-0.4142
-0.41464
-0.415061
-0.415472
-0.41587
-0.416258
-0.416628
-0.416982
-0.417325
-0.417655
-0.417973
-0.418277
-0.418572
-0.418855
-0.419124
-0.419381
-0.419624
-0.419856
-0.420077
-0.420287
-0.420489
-0.420679
-0.420863
-0.421036
-0.421198
-0.421352
-0.421498
-0.421633
-0.421762
-0.421881
-0.421991
-0.422092
-0.422187
-0.422271
-0.422347
-0.422419
-0.422484
-0.422544
-0.422595
-0.422639
-0.422678
-0.42271
-0.422736
-0.422754
-0.422769
-0.422776
-0.42278
-0.422776
-0.422769
-0.422758
-0.422742
-0.422721
-0.422696
-0.422667
-0.422638
-0.4226
-0.422558
-0.422512
-0.422457
-0.422404
-0.422347
-0.422288
-0.422225
-0.422157
-0.422087
-0.422013
-0.421939
-0.421859
-0.421776
-0.421691
-0.421602
-0.421509
-0.421415
-0.421318
-0.42122
-0.421118
-0.421014
-0.420903
-0.420794
-0.420683
-0.42057
-0.420454
-0.420336
-0.420216
-0.420094
-0.41997
-0.419839
-0.41971
-0.419577
-0.419442
-0.419307
-0.419175
-0.419036
-0.418896
-0.418753
-0.41861
-0.418463
-0.418317
-0.418164
-0.418008
-0.417854
-0.417697
-0.417543
-0.417382
-0.417219
-0.417056
-0.416889
-0.41672
-0.416551
-0.41638
-0.416202
-0.41602
-0.415838
-0.415658
-0.415469
-0.415283
-0.415094
-0.414906
-0.414712
-0.414519
-0.414321
-0.414124
-0.413921
-0.413716
-0.413509
-0.413301
-0.413089
-0.412872
-0.412654
-0.412434
-0.412212
-0.411987
-0.411759
-0.411528
-0.411295
-0.411059
-0.410819
-0.41058
-0.410336
-0.410089
-0.409839
-0.409587
-0.409332
-0.409074
-0.408813
-0.408549
-0.408282
-0.40802
-0.40775
-0.407475
-0.407197
-0.406918
-0.406636
-0.40635
-0.40606
-0.40577
-0.405477
-0.405177
-0.404871
-0.404565
-0.404259
-0.403948
-0.403636
-0.403322
-0.403003
-0.402683
-0.402361
-0.402039
-0.401715
-0.401384
-0.40105
-0.400717
-0.400383
-0.400048
-0.399709
-0.399367
-0.399024
-0.398679
-0.398333
-0.397987
-0.397638
-0.397288
-0.396936
-0.396584
-0.39623
-0.395874
-0.395519
-0.395164
-0.394808
-0.394452
-0.394096
-0.393746
-0.39339
-0.393035
-0.392681
-0.392328
-0.391976
-0.391624
-0.391275
-0.390926
-0.39058
-0.390235
-0.389893
-0.38955
-0.389213
-0.388878
-0.388546
-0.388215
-0.387889
-0.387568
-0.387252
-0.386938
-0.386628
-0.386325
-0.386024
-0.385728
-0.385437
-0.385151
-0.384873
-0.384598
-0.384329
-0.384066
-0.38381
-0.383559
-0.383316
-0.383077
-0.382847
-0.382626
-0.382411
-0.382207
-0.382007
-0.381817
-0.381632
-0.381456
-0.381287
-0.381127
-0.380976
-0.380833
-0.380699
-0.380573
-0.380457
-0.380349
-0.380251
-0.380161
-0.380081
-0.38001
-0.379948
-0.379893
-0.379852
-0.379819
-0.379794
-0.379779
-0.379773
-0.379782
-0.379794
-0.379817
-0.379846
-0.379884
-0.379933
-0.379994
-0.380064
-0.38014
-0.38023
-0.380324
-0.380426
-0.380537
-0.380656
-0.380783
-0.380916
-0.381058
-0.381209
-0.381362
-0.381528
-0.3817
-0.381878
-0.382064
-0.382257
-0.382456
-0.382664
-0.382876
-0.383093
-0.383316
-0.383546
-0.383782
-0.38402
-0.384263
-0.384511
-0.384762
-0.385018
-0.385277
-0.38554
-0.385807
-0.386076
-0.386351
-0.386623
-0.386898
-0.387177
-0.387459
-0.387742
-0.388027
-0.388313
-0.3886
-0.388888
-0.389179
-0.389469
-0.389761
-0.390053
-0.390345
-0.390634
-0.390918
-0.391204
-0.391492
-0.391778
-0.392064
-0.392348
-0.392631
-0.392907
-0.393187
-0.393464
-0.393738
-0.394012
-0.394286
-0.394555
-0.394824
-0.395088
-0.395348
-0.395607
-0.395863
-0.396117
-0.396367
-0.396615
-0.396859
-0.397101
-0.397339
-0.397574
-0.397806
-0.398034
-0.398262
-0.398484
-0.398702
-0.398917
-0.399126
-0.399334
-0.399539
-0.39974
-0.399938
-0.400132
-0.400322
-0.400512
-0.400693
-0.400871
-0.40105
-0.401223
-0.401393
-0.401559
-0.401724
-0.401883
-0.402039
-0.402192
-0.402341
-0.402491
-0.402635
-0.402774
-0.402907
-0.403035
-0.403164
-0.403289
-0.403409
-0.403526
-0.403637
-0.403749
-0.403858
-0.403964
-0.404066
-0.404166
-0.404262
-0.404355
-0.404442
-0.404528
-0.404611
-0.404691
-0.404765
-0.404836
-0.404905
-0.404974
-0.405037
-0.405097
-0.405153
-0.405203
-0.405253
-0.405298
-0.40534
-0.405377
-0.405411
-0.405443
-0.40547
-0.405493
-0.405516
-0.405529
-0.405538
-0.405546
-0.405547
-0.405547
-0.405542
-0.405532
-0.405519
-0.405501
-0.405478
-0.405455
-0.405423
-0.405386
-0.405339
-0.405292
-0.405238
-0.405178
-0.405116
-0.40505
-0.404976
-0.404895
-0.404813
-0.404722
-0.404626
-0.404526
-0.404417
-0.404302
-0.404182
-0.404054
-0.403921
-0.403781
-0.403634
-0.403481
-0.403323
-0.403156
-0.402983
-0.402802
-0.402615
-0.402421
-0.402219
-0.402011
-0.401798
-0.401576
-0.401346
-0.401107
-0.400864
-0.400616
-0.400359
-0.400094
-0.399823
-0.399543
-0.399259
-0.398968
-0.398669
-0.398366
-0.398059
-0.397741
-0.397421
-0.397094
-0.396763
-0.396427
-0.396084
-0.395738
-0.395387
-0.395031
-0.394675
-0.394318
-0.393956
-0.393592
-0.393226
-0.392858
-0.392488
-0.39212
-0.391751
-0.391384
-0.391018
-0.390656
-0.390294
-0.389934
-0.389579
-0.389227
-0.388881
-0.388539
-0.388202
-0.387871
-0.387547
-0.387236
-0.386931
-0.386635
-0.386349
-0.386077
-0.385808
-0.385553
-0.38531
-0.385083
-0.384869
-0.384666
-0.384481
-0.38431
-0.384153
-0.384013
-0.383893
-0.383782
-0.383695
-0.383625
-0.383571
-0.383535
-0.383516
-0.383516
-0.383535
-0.383572
-0.383627
-0.383701
-0.383794
-0.383907
-0.384034
-0.384184
-0.38435
-0.384534
-0.384733
-0.384954
-0.38519
-0.385443
-0.385712
-0.385997
-0.386298
-0.386613
-0.386941
-0.387286
-0.387644
-0.388016
-0.388398
-0.388794
-0.389197
-0.389616
-0.390045
-0.390484
-0.390932
-0.39139
-0.391852
-0.392325
-0.392805
-0.393291
-0.393784
-0.394281
-0.394784
-0.395288
-0.395797
-0.396311
-0.396827
-0.397346
-0.39787
-0.398392
-0.398916
-0.399442
-0.399967
-0.400491
-0.401012
-0.401535
-0.402057
-0.402577
-0.403095
-0.403611
-0.404127
-0.404638
-0.405148
-0.405653
-0.406155
-0.406655
-0.407149
-0.407639
-0.408125
-0.408605
-0.409084
-0.409557
-0.410025
-0.41049
-0.410948
-0.411401
-0.411849
-0.412289
-0.412724
-0.413158
-0.413586
-0.414007
-0.414422
-0.414831
-0.415234
-0.415631
-0.416023
-0.416409
-0.416788
-0.417162
-0.417531
-0.417895
-0.41825
-0.418599
-0.418942
-0.419281
-0.419612
-0.419936
-0.420251
-0.420562
-0.420863
-0.421164
-0.421456
-0.421742
-0.422022
-0.422295
-0.422566
-0.422827
-0.423081
-0.423326
-0.423566
-0.423801
-0.424029
-0.42425
-0.424465
-0.424673
-0.424875
-0.425068
-0.425257
-0.425439
-0.425614
-0.425783
-0.425948
-0.426104
-0.426254
-0.426397
-0.426535
-0.426665
-0.426789
-0.426903
-0.427018
-0.427121
-0.427218
-0.427309
-0.427393
-0.427471
-0.427542
-0.427609
-0.427664
-0.427716
-0.427763
-0.427802
-0.427834
-0.42786
-0.427879
-0.427892
-0.427896
-0.427898
-0.427892
-0.427877
-0.427857
-0.427837
-0.42781
-0.427774
-0.42773
-0.427679
-0.427624
-0.427561
-0.427492
-0.427416
-0.427335
-0.427249
-0.427155
-0.427055
-0.426946
-0.426834
-0.426718
-0.426591
-0.426461
-0.426327
-0.426185
-0.426037
-0.425883
-0.425723
-0.425558
-0.425389
-0.425214
-0.425034
-0.424846
-0.424654
-0.424455
-0.42425
-0.42404
-0.423825
-0.423604
-0.423375
-0.423141
-0.422905
-0.422664
-0.422417
-0.422163
-0.421905
-0.421644
-0.421381
-0.421111
-0.420836
-0.420557
-0.420272
-0.41998
-0.419688
-0.419393
-0.419096
-0.418793
-0.418485
-0.418175
-0.417864
-0.417548
-0.417232
-0.41691
-0.416585
-0.416256
-0.415927
-0.415598
-0.415265
-0.414933
-0.414597
-0.414257
-0.413919
-0.41358
-0.41324
-0.4129
-0.412557
-0.412218
-0.411878
-0.411535
-0.411197
-0.41086
-0.41052
-0.41019
-0.409859
-0.40953
-0.409204
-0.408884
-0.408564
-0.408248
-0.407936
-0.407629
-0.407328
-0.407028
-0.406735
-0.406448
-0.406173
-0.405898
-0.405632
-0.40537
-0.405113
-0.404866
-0.404626
-0.404395
-0.404172
-0.403956
-0.40375
-0.403554
-0.40337
-0.403188
-0.403023
-0.402867
-0.40272
-0.402585
-0.402457
-0.402343
-0.402241
-0.402149
-0.402069
-0.402001
-0.401944
-0.401899
-0.401866
-0.401845
-0.401836
-0.401839
-0.401853
-0.40188
-0.401918
-0.401971
-0.402033
-0.402107
-0.402192
-0.402289
-0.402397
-0.402516
-0.402646
-0.402785
-0.402936
-0.403102
-0.403274
-0.403458
-0.403649
-0.403844
-0.404051
-0.404269
-0.404495
-0.404729
-0.40497
-0.405222
-0.405477
-0.405742
-0.40601
-0.406284
-0.406566
-0.406846
-0.407135
-0.407428
-0.407723
-0.408021
-0.408322
-0.40863
-0.408938
-0.409249
-0.40956
-0.409873
-0.410186
-0.4105
-0.410814
-0.411125
-0.41144
-0.411751
-0.412061
-0.41237
-0.412674
-0.412978
-0.413279
-0.413578
-0.413873
-0.414165
-0.41445
-0.414735
-0.415015
-0.41529
-0.415563
-0.415832
-0.416093
-0.416349
-0.4166
-0.416843
-0.417084
-0.417313
-0.417541
-0.417763
-0.417979
-0.418186
-0.418389
-0.418586
-0.418776
-0.418958
-0.419135
-0.419305
-0.419469
-0.419626
-0.419779
-0.419923
-0.420059
-0.420187
-0.420307
-0.420423
-0.420533
-0.420635
-0.42073
-0.420819
-0.4209
-0.420974
-0.421042
-0.421102
-0.421156
-0.421202
-0.421241
-0.421273
-0.421298
-0.421316
-0.421324
-0.421328
-0.421324
-0.421313
-0.421292
-0.421261
-0.421232
-0.421196
-0.421147
-0.421093
-0.421026
-0.420954
-0.420874
-0.420785
-0.420693
-0.420591
-0.420475
-0.42035
-0.420217
-0.420077
-0.419929
-0.419771
-0.419603
-0.419429
-0.419245
-0.419052
-0.418843
-0.41863
-0.418406
-0.41817
-0.417923
-0.417668
-0.4174
-0.417121
-0.41683
-0.416527
-0.416215
-0.415889
-0.415554
-0.41521
-0.414852
-0.414482
-0.414099
-0.413706
-0.413302
-0.412886
-0.412462
-0.412018
-0.411568
-0.411107
-0.410635
-0.410152
-0.409661
-0.409157
-0.40864
-0.408116
-0.407583
-0.40704
-0.406488
-0.405928
-0.405362
-0.404787
-0.404204
-0.403615
-0.40302
-0.40242
-0.401816
-0.401208
-0.400596
-0.399985
-0.399374
-0.398755
-0.398139
-0.397518
-0.396907
-0.396293
-0.395683
-0.39508
-0.394482
-0.393888
-0.393303
-0.392727
-0.39216
-0.391601
-0.391052
-0.390519
-0.39
-0.389493
-0.389003
-0.388526
-0.388063
-0.387623
-0.387197
-0.386791
-0.386402
-0.386035
-0.385689
-0.385362
-0.385059
-0.384779
-0.384521
-0.384286
-0.384077
-0.383892
-0.383728
-0.383589
-0.383473
-0.383382
-0.383315
-0.383272
-0.383248
-0.383252
-0.383278
-0.383332
-0.383406
-0.383503
-0.383625
-0.383768
-0.38393
-0.38411
-0.384313
-0.384532
-0.384774
-0.385031
-0.385308
-0.385602
-0.385912
-0.386235
-0.386575
-0.38693
-0.387297
-0.387678
-0.38807
-0.388473
-0.388889
-0.38931
-0.389739
-0.390179
-0.390625
-0.391079
-0.391542
-0.39201
-0.392481
-0.392956
-0.393432
-0.393916
-0.394399
-0.394885
-0.395372
-0.395859
-0.396349
-0.396836
-0.397323
-0.397809
-0.398292
-0.398774
-0.399256
-0.399731
-0.400204
-0.400677
-0.401144
-0.401609
-0.402067
-0.402521
-0.402973
-0.403417
-0.403856
-0.40429
-0.404718
-0.405143
-0.405558
-0.405966
-0.406371
-0.40677
-0.407163
-0.40755
-0.40793
-0.408304
-0.408672
-0.409033
-0.40939
-0.409739
-0.410078
-0.410414
-0.410743
-0.411066
-0.411383
-0.411691
-0.411998
-0.412296
-0.412588
-0.412872
-0.413152
-0.413427
-0.413698
-0.413963
-0.41422
-0.414477
-0.414723
-0.414964
-0.4152
-0.415435
-0.415661
-0.415882
-0.416097
-0.416306
-0.416517
-0.416719
-0.416917
-0.417107
-0.417296
-0.417483
-0.417664
-0.417841
-0.418014
-0.418185
-0.418355
-0.418517
-0.418678
-0.41883
-0.418982
-0.41913
-0.419276
-0.419415
-0.419555
-0.419693
-0.419827
-0.419957
-0.420085
-0.42021
-0.420332
-0.420452
-0.42057
-0.420685
-0.420798
-0.42091
-0.421018
-0.421122
-0.421228
-0.421329
-0.421428
-0.421526
-0.421621
-0.421716
-0.421807
-0.421896
-0.421984
-0.422071
-0.422157
-0.422236
-0.422316
-0.422394
-0.42247
-0.422544
-0.422619
-0.422692
-0.422761
-0.422829
-0.422894
-0.42296
-0.423025
-0.423085
-0.423137
-0.423194
-0.423247
-0.423301
-0.423354
-0.423404
-0.423456
-0.423503
-0.423544
-0.423588
-0.423631
-0.423674
-0.423714
-0.423752
-0.423789
-0.423821
-0.423855
-0.423889
-0.423922
-0.423952
-0.423977
-0.424003
-0.424029
-0.424055
-0.424077
-0.424098
-0.42412
-0.424141
-0.424161
-0.42418
-0.424195
-0.424209
-0.424222
-0.424229
-0.424243
-0.424253
-0.424265
-0.424271
-0.424278
-0.424285
-0.424294
-0.424298
-0.424303
-0.424305
-0.42431
-0.424311
-0.424315
-0.424319
-0.424325
-0.424328
-0.424334
-0.424336
-0.424342
-0.424346
-0.424356
-0.424361
-0.424367
-0.424374
-0.424381
-0.424387
-0.424396
-0.424407
-0.424419
-0.424432
-0.424446
-0.424462
-0.424478
-0.424498
-0.424517
-0.424538
-0.424564
-0.424595
-0.424623
-0.424656
-0.424692
-0.424732
-0.424774
-0.424818
-0.424866
-0.424916
-0.42497
-0.425028
-0.425089
-0.425154
-0.42522
-0.425292
-0.425364
-0.425444
-0.425528
-0.425617
-0.42571
-0.425808
-0.425907
-0.426009
-0.42612
-0.426235
-0.426355
-0.426483
-0.426612
-0.426749
-0.426891
-0.427035
-0.427186
-0.427342
-0.427503
-0.427667
-0.427831
-0.428001
-0.428182
-0.428364
-0.428551
-0.428746
-0.428942
-0.429148
-0.429354
-0.429564
-0.429778
-0.429998
-0.430221
-0.430447
-0.430678
-0.430912
-0.43115
-0.431392
-0.431637
-0.431885
-0.432136
-0.432391
-0.432648
-0.432908
-0.433169
-0.433436
-0.433704
-0.433973
-0.43424
-0.434516
-0.434792
-0.435068
-0.435344
-0.435623
-0.435904
-0.436183
-0.436465
-0.436747
-0.43703
-0.437316
-0.437597
-0.43788
-0.438163
-0.438443
-0.438726
-0.439009
-0.43929
-0.43957
-0.439848
-0.440126
-0.440402
-0.440674
-0.440944
-0.441218
-0.44149
-0.441762
-0.442027
-0.44229
-0.442555
-0.442816
-0.443072
-0.443327
-0.443578
-0.443825
-0.44407
-0.444312
-0.444551
-0.444787
-0.445022
-0.445251
-0.445477
-0.4457
-0.445919
-0.446135
-0.446347
-0.446558
-0.446764
-0.446965
-0.447163
-0.44736
-0.447553
-0.447739
-0.44792
-0.448099
-0.448275
-0.448446
-0.448614
-0.448778
-0.448938
-0.449092
-0.449244
-0.449393
-0.449538
-0.449678
-0.449811
-0.449944
-0.450071
-0.450197
-0.450318
-0.450441
-0.450556
-0.450669
-0.450773
-0.450874
-0.450976
-0.451072
-0.451164
-0.451255
-0.451341
-0.451422
-0.4515
-0.451575
-0.451644
-0.45171
-0.451772
-0.451834
-0.451892
-0.451947
-0.451999
-0.452045
-0.45209
-0.452133
-0.452173
-0.452207
-0.452241
-0.452271
-0.452299
-0.45233
-0.452352
-0.452372
-0.452385
-0.4524
-0.452412
-0.452422
-0.45243
-0.452432
-0.45244
-0.452439
-0.45244
-0.452434
-0.452428
-0.452423
-0.452414
-0.452403
-0.452388
-0.452375
-0.452359
-0.452341
-0.452317
-0.452294
-0.452274
-0.45225
-0.452223
-0.452194
-0.452167
-0.452139
-0.452109
-0.452079
-0.452048
-0.452016
-0.451985
-0.451952
-0.451918
-0.451883
-0.451848
-0.45181
-0.451774
-0.451736
-0.451699
-0.451665
-0.451626
-0.45159
-0.451553
-0.451519
-0.45148
-0.451442
-0.451403
-0.45137
-0.451335
-0.451298
-0.451264
-0.451231
-0.451198
-0.451166
-0.451132
-0.451101
-0.451073
-0.451044
-0.451016
-0.450989
-0.450958
-0.450933
-0.450909
-0.450887
-0.450865
-0.450844
-0.450825
-0.450809
-0.45079
-0.450775
-0.450763
-0.45075
-0.450738
-0.450728
-0.450719
-0.450712
-0.450705
-0.450703
-0.450699
-0.450697
-0.450696
-0.450699
-0.450698
-0.450701
-0.450706
-0.450711
-0.45072
-0.450727
-0.450739
-0.450748
-0.450759
-0.450771
-0.450781
-0.450796
-0.45081
-0.450825
-0.45084
-0.450856
-0.450872
-0.450889
-0.450908
-0.450927
-0.450944
-0.450963
-0.450977
-0.450993
-0.451009
-0.451025
-0.451037
-0.451051
-0.451064
-0.451073
-0.451084
-0.451093
-0.4511
-0.451107
-0.451111
-0.451113
-0.451115
-0.451115
-0.451111
-0.451103
-0.451098
-0.451087
-0.451073
-0.45105
-0.451027
-0.450997
-0.450968
-0.45093
-0.450891
-0.450849
-0.4508
-0.450746
-0.450684
-0.450622
-0.450552
-0.450478
-0.450394
-0.450306
-0.450214
-0.450113
-0.450005
-0.449888
-0.449766
-0.449636
-0.449499
-0.449357
-0.449202
