1.20001
1.20004
1.20007
1.2001
1.20013
1.20016
1.20019
1.20023
1.20026
1.20029
1.20033
1.20036
1.2004
1.20043
1.20047
1.2005
1.20054
1.20057
1.20061
1.20064
1.20068
1.20071
1.20075
1.20078
1.20081
1.20084
1.20087
1.2009
1.20093
1.20096
1.20099
1.20101
1.20103
1.20105
1.20107
1.20109
1.2011
1.20111
1.20112
1.20113
1.20113
1.20113
1.20112
1.20111
1.2011
1.20108
1.20106
1.20103
1.201
1.20096
1.20092
1.20087
1.20081
1.20075
1.20068
1.20061
1.20052
1.20043
1.20033
1.20022
1.2001
1.19998
1.19984
1.19969
1.19954
1.19937
1.19919
1.199
1.19879
1.19858
1.19835
1.19811
1.19785
1.19758
1.1973
1.197
1.19668
1.19635
1.19601
1.19564
1.19526
1.19486
1.19445
1.19401
1.19356
1.19309
1.1926
1.19209
1.19156
1.19102
1.19045
1.18986
1.18925
1.18862
1.18798
1.18731
1.18662
1.18591
1.18519
1.18444
1.18368
1.1829
1.1821
1.18129
1.18046
1.17962
1.17876
1.17789
1.17701
1.17611
1.17521
1.1743
1.17339
1.17247
1.17155
1.17063
1.16971
1.1688
1.16789
1.16698
1.16609
1.16521
1.16434
1.16349
1.16266
1.16186
1.16107
1.16031
1.15958
1.15888
1.15821
1.15757
1.15697
1.15641
1.15588
1.1554
1.15496
1.15456
1.1542
1.15389
1.15362
1.1534
1.15322
1.15309
1.153
1.15296
1.15296
1.153
1.15309
1.15321
1.15338
1.15358
1.15383
1.1541
1.15441
1.15475
1.15512
1.15552
1.15594
1.15639
1.15686
1.15735
1.15786
1.15838
1.15892
1.15947
1.16004
1.16061
1.16119
1.16177
1.16236
1.16295
1.16354
1.16414
1.16473
1.16532
1.16591
1.1665
1.16708
1.16766
1.16823
1.16879
1.16935
1.16991
1.17045
1.17099
1.17152
1.17204
1.17256
1.17306
1.17356
1.17405
1.17454
1.17501
1.17548
1.17594
1.17639
1.17684
1.17728
1.17771
1.17814
1.17856
1.17897
1.17938
1.17978
1.18018
1.18057
1.18096
1.18134
1.18172
1.18209
1.18246
1.18283
1.18319
1.18355
1.18391
1.18426
1.18461
1.18496
1.18531
1.18565
1.18599
1.18633
1.18667
1.187
1.18734
1.18767
1.188
1.18833
1.18866
1.18898
1.18931
1.18963
1.18996
1.19028
1.1906
1.19092
1.19124
1.19155
1.19187
1.19219
1.1925
1.19282
1.19313
1.19344
1.19375
1.19406
1.19437
1.19468
1.19499
1.19529
1.1956
1.1959
1.1962
1.1965
1.1968
1.1971
1.1974
1.19769
1.19799
1.19828
1.19857
1.19885
1.19914
1.19942
1.1997
1.19998
1.20025
1.20053
1.20079
1.20106
1.20132
1.20158
1.20184
1.20209
1.20233
1.20257
1.20281
1.20304
1.20327
1.20349
1.20371
1.20392
1.20412
1.20432
1.20451
1.20469
1.20486
1.20503
1.20519
1.20533
1.20547
1.2056
1.20572
1.20583
1.20592
1.20601
1.20608
1.20613
1.20618
1.20621
1.20622
1.20622
1.2062
1.20617
1.20611
1.20604
1.20595
1.20584
1.20571
1.20555
1.20538
1.20518
1.20495
1.2047
1.20442
1.20412
1.20378
1.20342
1.20303
1.2026
1.20215
1.20166
1.20114
1.20058
1.19999
1.19936
1.1987
1.198
1.19726
1.19648
1.19566
1.19481
1.19391
1.19298
1.19201
1.191
1.18996
1.18888
1.18776
1.18661
1.18543
1.18421
1.18297
1.1817
1.18041
1.1791
1.17777
1.17643
1.17508
1.17372
1.17237
1.17102
1.16968
1.16835
1.16705
1.16577
1.16452
1.16332
1.16215
1.16104
1.15999
1.15899
1.15807
1.15722
1.15644
1.15575
1.15515
1.15464
1.15423
1.15391
1.1537
1.15358
1.15357
1.15367
1.15386
1.15416
1.15456
1.15505
1.15565
1.15633
1.1571
1.15795
1.15889
1.15989
1.16097
1.1621
1.1633
1.16454
1.16583
1.16715
1.16851
1.16989
1.17129
1.17271
1.17414
1.17557
1.177
1.17842
1.17983
1.18123
1.18261
1.18397
1.18531
1.18661
1.18789
1.18914
1.19035
1.19152
1.19266
1.19376
1.19482
1.19584
1.19682
1.19776
1.19866
1.19951
1.20033
1.2011
1.20183
1.20253
1.20318
1.2038
1.20437
1.20491
1.20541
1.20588
1.2063
1.2067
1.20706
1.20739
1.20768
1.20794
1.20818
1.20838
1.20855
1.2087
1.20881
1.2089
1.20897
1.20901
1.20902
1.20901
1.20898
1.20893
1.20885
1.20875
1.20863
1.20849
1.20833
1.20815
1.20796
1.20774
1.20751
1.20726
1.20699
1.20671
1.20641
1.20609
1.20576
1.20541
1.20505
1.20468
1.20429
1.20388
1.20347
1.20304
1.2026
1.20214
1.20168
1.2012
1.20071
1.20021
1.1997
1.19918
1.19865
1.19811
1.19756
1.19701
1.19644
1.19586
1.19528
1.19469
1.19409
1.19349
1.19288
1.19226
1.19164
1.19102
1.19039
1.18976
1.18912
1.18848
1.18784
1.1872
1.18656
1.18591
1.18527
1.18463
1.18399
1.18336
1.18272
1.18209
1.18147
1.18085
1.18024
1.17963
1.17903
1.17844
1.17786
1.17729
1.17673
1.17619
1.17565
1.17513
1.17462
1.17413
1.17366
1.17319
1.17275
1.17233
1.17192
1.17153
1.17116
1.17081
1.17049
1.17018
1.1699
1.16964
1.1694
1.16918
1.16899
1.16882
1.16868
1.16856
1.16846
1.16839
1.16834
1.16832
1.16832
1.16834
1.16839
1.16846
1.16856
1.16868
1.16882
1.16899
1.16917
1.16938
1.16961
1.16986
1.17013
1.17042
1.17072
1.17105
1.17139
1.17175
1.17212
1.17251
1.17292
1.17333
1.17376
1.17421
1.17466
1.17512
1.17559
1.17608
1.17656
1.17706
1.17756
1.17807
1.17859
1.1791
1.17963
1.18015
1.18068
1.18121
1.18174
1.18227
1.1828
1.18333
1.18386
1.18438
1.18491
1.18543
1.18595
1.18646
1.18698
1.18748
1.18799
1.18849
1.18898
1.18947
1.18995
1.19043
1.1909
1.19137
1.19182
1.19228
1.19272
1.19316
1.19359
1.19402
1.19444
1.19485
1.19525
1.19565
1.19604
1.19643
1.1968
1.19717
1.19753
1.19789
1.19824
1.19858
1.19892
1.19924
1.19957
1.19988
1.20019
1.20049
1.20079
1.20108
1.20136
1.20164
1.20191
1.20217
1.20243
1.20269
1.20294
1.20318
1.20342
1.20365
1.20388
1.20411
1.20432
1.20454
1.20475
1.20495
1.20515
1.20535
1.20554
1.20573
1.20591
1.20609
1.20627
1.20644
1.20661
1.20677
1.20694
1.20709
1.20725
1.2074
1.20755
1.2077
1.20784
1.20798
1.20812
1.20825
1.20839
1.20852
1.20864
1.20877
1.20889
1.20901
1.20913
1.20925
1.20936
1.20947
1.20958
1.20969
1.20979
1.20989
1.21
1.2101
1.21019
1.21029
1.21038
1.21047
1.21056
1.21065
1.21074
1.21082
1.2109
1.21098
1.21106
1.21114
1.21121
1.21129
1.21136
1.21143
1.2115
1.21156
1.21163
1.21169
1.21175
1.21181
1.21187
1.21192
1.21198
1.21203
1.21208
1.21212
1.21217
1.21221
1.21225
1.21229
1.21233
1.21237
1.2124
1.21243
1.21246
1.21249
1.21251
1.21253
1.21255
1.21257
1.21259
1.2126
1.21261
1.21262
1.21262
1.21263
1.21263
1.21263
1.21262
1.21262
1.21261
1.2126
1.21258
1.21256
1.21254
1.21252
1.2125
1.21247
1.21244
1.2124
1.21237
1.21233
1.21229
1.21224
1.21219
1.21214
1.21209
1.21203
1.21198
1.21191
1.21185
1.21178
1.21171
1.21164
1.21156
1.21148
1.2114
1.21132
1.21123
1.21114
1.21105
1.21095
1.21085
1.21075
1.21065
1.21054
1.21044
1.21032
1.21021
1.2101
1.20998
1.20986
1.20974
1.20961
1.20949
1.20936
1.20923
1.2091
1.20896
1.20883
1.20869
1.20855
1.20841
1.20827
1.20813
1.20798
1.20784
1.20769
1.20755
1.2074
1.20725
1.2071
1.20695
1.20681
1.20666
1.20651
1.20636
1.20621
1.20606
1.20591
1.20577
1.20562
1.20547
1.20533
1.20518
1.20504
1.2049
1.20475
1.20461
1.20448
1.20434
1.20421
1.20407
1.20394
1.20381
1.20368
1.20356
1.20343
1.20331
1.2032
1.20308
1.20296
1.20285
1.20274
1.20264
1.20253
1.20243
1.20233
1.20224
1.20215
1.20206
1.20197
1.20188
1.2018
1.20172
1.20165
1.20157
1.2015
1.20143
1.20137
1.2013
1.20124
1.20119
1.20113
1.20108
1.20103
1.20098
1.20093
1.20089
1.20085
1.20081
1.20077
1.20074
1.20071
1.20068
1.20065
1.20062
1.2006
1.20058
1.20056
1.20054
1.20052
1.2005
1.20049
1.20048
1.20047
1.20046
1.20045
1.20044
1.20043
1.20043
1.20043
1.20043
1.20042
1.20042
1.20043
1.20043
1.20043
1.20044
1.20044
1.20045
1.20046
1.20047
1.20048
1.20049
1.2005
1.20052
1.20053
1.20055
1.20057
1.20058
1.2006
1.20062
1.20065
1.20067
1.20069
1.20072
1.20075
1.20077
1.2008
1.20084
1.20087
1.2009
1.20094
1.20097
1.20101
1.20105
1.20109
1.20114
1.20118
1.20123
1.20127
1.20132
1.20138
1.20143
1.20148
1.20154
1.2016
1.20166
1.20172
1.20178
1.20185
1.20191
1.20198
1.20205
1.20212
1.2022
1.20227
1.20235
1.20243
1.20251
1.20259
1.20268
1.20276
1.20285
1.20294
1.20303
1.20312
1.20321
1.2033
1.2034
1.2035
1.20359
1.20369
1.20379
1.20389
1.204
1.2041
1.2042
1.20431
1.20441
1.20452
1.20463
1.20473
1.20484
1.20495
1.20506
1.20517
1.20528
1.20539
1.2055
1.2056
1.20571
1.20582
1.20593
1.20604
1.20615
1.20626
1.20636
1.20647
1.20658
1.20668
1.20678
1.20689
1.20699
1.20709
1.20719
1.20729
1.20739
1.20749
1.20758
1.20768
1.20777
1.20786
1.20795
1.20804
1.20813
1.20822
1.2083
1.20838
1.20846
1.20854
1.20862
1.20869
1.20877
1.20884
1.20891
1.20898
1.20904
1.20911
1.20917
1.20923
1.20929
1.20935
1.2094
1.20946
1.20951
1.20956
1.20961
1.20965
1.20969
1.20974
1.20978
1.20982
1.20985
1.20989
1.20992
1.20995
1.20998
1.21001
1.21004
1.21007
1.21009
1.21011
1.21014
1.21016
1.21018
1.21019
1.21021
1.21023
1.21024
1.21025
1.21027
1.21028
1.21029
1.2103
1.21031
1.21032
1.21033
1.21034
1.21034
1.21035
1.21036
1.21036
1.21037
1.21038
1.21038
1.21039
1.2104
1.2104
1.21041
1.21042
1.21042
1.21043
1.21044
1.21045
1.21046
1.21047
1.21048
1.21049
1.2105
1.21051
1.21052
1.21054
1.21055
1.21056
1.21058
1.2106
1.21062
1.21063
1.21065
1.21068
1.2107
1.21072
1.21074
1.21077
1.2108
1.21082
1.21085
1.21088
1.21091
1.21094
1.21097
1.21101
1.21104
1.21108
1.21111
1.21115
1.21119
1.21123
1.21126
1.21131
1.21135
1.21139
1.21143
1.21147
1.21152
1.21156
1.21161
1.21165
1.2117
1.21175
1.21179
1.21184
1.21189
1.21193
1.21198
1.21203
1.21208
1.21213
1.21217
1.21222
1.21227
1.21232
1.21237
1.21242
1.21246
1.21251
1.21256
1.2126
1.21265
1.2127
1.21274
1.21279
1.21283
1.21288
1.21292
1.21296
1.21301
1.21305
1.21309
1.21313
1.21317
1.21321
1.21325
1.21329
1.21333
1.21337
1.21341
1.21345
1.21348
1.21352
1.21356
1.21359
1.21363
1.21366
1.2137
1.21373
1.21376
1.2138
1.21383
1.21386
1.2139
1.21393
1.21396
1.21399
1.21402
1.21406
1.21409
1.21412
1.21415
1.21419
1.21422
1.21425
1.21428
1.21432
1.21435
1.21438
1.21442
1.21445
1.21449
1.21452
1.21456
1.21459
1.21463
1.21466
1.2147
1.21474
1.21478
1.21482
1.21486
1.2149
1.21494
1.21498
1.21502
1.21506
1.21511
1.21515
1.2152
1.21524
1.21529
1.21533
1.21538
1.21543
1.21548
1.21552
1.21557
1.21562
1.21567
1.21572
1.21578
1.21583
1.21588
1.21593
1.21599
1.21604
1.21609
1.21615
1.2162
1.21626
1.21631
1.21636
1.21642
1.21647
1.21653
1.21659
1.21664
1.2167
1.21675
1.21681
1.21686
1.21692
1.21697
1.21702
1.21708
1.21713
1.21719
1.21724
1.21729
1.21734
1.2174
1.21745
1.2175
1.21755
1.2176
1.21765
1.2177
1.21775
1.21779
1.21784
1.21789
1.21793
1.21798
1.21802
1.21807
1.21811
1.21815
1.2182
1.21824
1.21828
1.21832
1.21836
1.21839
1.21843
1.21847
1.2185
1.21854
1.21857
1.21861
1.21864
1.21867
1.2187
1.21873
1.21876
1.21879
1.21882
1.21885
1.21888
1.2189
1.21893
1.21896
1.21898
1.21901
1.21903
1.21905
1.21908
1.2191
1.21912
1.21914
1.21916
1.21918
1.2192
1.21922
1.21924
1.21926
1.21928
1.21929
1.21931
1.21933
1.21935
1.21936
1.21938
1.2194
1.21941
1.21943
1.21945
1.21946
1.21948
1.21949
1.21951
1.21953
1.21954
1.21956
1.21958
1.21959
1.21961
1.21963
1.21965
1.21966
1.21968
1.2197
1.21972
1.21974
1.21976
1.21978
1.2198
1.21983
1.21985
1.21987
1.21989
1.21992
1.21994
1.21997
1.22
1.22002
1.22005
1.22008
1.22011
1.22014
1.22018
1.22021
1.22024
1.22028
1.22032
1.22035
1.22039
1.22043
1.22047
1.22052
1.22056
1.2206
1.22065
1.2207
1.22074
1.22079
1.22084
1.2209
1.22095
1.221
1.22106
1.22112
1.22117
1.22123
1.22129
1.22135
1.22142
1.22148
1.22154
1.22161
1.22167
1.22174
1.22181
1.22188
1.22195
1.22201
1.22209
1.22216
1.22223
1.2223
1.22237
1.22244
1.22251
1.22259
1.22266
1.22273
1.2228
1.22287
1.22294
1.22301
1.22308
1.22315
1.22322
1.22328
1.22335
1.22341
1.22347
1.22353
1.22359
1.22365
1.2237
1.22375
1.22381
1.22385
1.2239
1.22394
1.22398
1.22402
1.22405
1.22408
1.22411
1.22414
1.22416
1.22417
1.22419
1.2242
1.2242
1.2242
1.2242
1.22419
1.22418
1.22417
1.22415
1.22412
1.22409
1.22406
1.22402
1.22397
1.22392
1.22387
1.22381
1.22375
1.22368
1.2236
1.22352
1.22344
1.22335
1.22326
1.22316
1.22305
1.22294
1.22283
1.22271
1.22259
1.22246
1.22233
1.2222
1.22206
1.22191
1.22176
1.22161
1.22146
1.2213
1.22114
1.22097
1.22081
1.22064
1.22046
1.22029
1.22011
1.21994
1.21976
1.21958
1.2194
1.21921
1.21903
1.21885
1.21867
1.21849
1.2183
1.21812
1.21794
1.21777
1.21759
1.21742
1.21724
1.21707
1.2169
1.21674
1.21658
1.21642
1.21626
1.21611
1.21596
1.21582
1.21568
1.21554
1.21541
1.21528
1.21516
1.21504
1.21493
1.21482
1.21471
1.21461
1.21452
1.21443
1.21434
1.21426
1.21418
1.21411
1.21404
1.21398
1.21392
1.21386
1.21381
1.21377
1.21372
1.21368
1.21365
1.21361
1.21358
1.21356
1.21353
1.21351
1.21349
1.21348
1.21346
1.21345
1.21344
1.21343
1.21342
1.21342
1.21341
1.2134
1.2134
1.2134
1.21339
1.21339
1.21339
1.21338
1.21338
1.21337
1.21337
1.21336
1.21336
1.21335
1.21334
1.21333
1.21332
1.21331
1.21329
1.21328
1.21326
1.21324
1.21322
1.2132
1.21318
1.21315
1.21313
1.2131
1.21307
1.21303
1.213
1.21296
1.21292
1.21288
1.21284
1.2128
1.21275
1.2127
1.21265
1.2126
1.21255
1.21249
1.21244
1.21238
1.21232
1.21226
1.21219
1.21213
1.21206
1.21199
1.21192
1.21185
1.21177
1.2117
1.21162
1.21154
1.21146
1.21138
1.21129
1.21121
1.21112
1.21103
1.21094
1.21085
1.21075
1.21066
1.21056
1.21046
1.21036
1.21025
1.21015
1.21004
1.20993
1.20982
1.20971
1.2096
1.20948
1.20937
1.20925
1.20913
1.209
1.20888
1.20875
1.20862
1.20849
1.20836
1.20823
1.2081
1.20796
1.20782
1.20768
1.20755
1.2074
1.20726
1.20712
1.20698
1.20683
1.20669
1.20654
1.2064
1.20625
1.20611
1.20597
1.20582
1.20568
1.20554
1.2054
1.20526
1.20512
1.20499
1.20486
1.20473
1.2046
1.20448
1.20436
1.20424
1.20413
1.20402
1.20392
1.20382
1.20373
1.20364
1.20356
1.20348
1.20341
1.20335
1.2033
1.20325
1.20321
1.20317
1.20315
1.20313
1.20312
1.20312
1.20312
1.20314
1.20316
1.2032
1.20324
1.20329
1.20335
1.20342
1.20349
1.20358
1.20367
1.20377
1.20388
1.204
1.20413
1.20426
1.20441
1.20456
1.20471
1.20488
1.20505
1.20523
1.20541
1.2056
1.20579
1.20599
1.2062
1.20641
1.20662
1.20684
1.20706
1.20729
1.20751
1.20774
1.20798
1.20821
1.20844
1.20868
1.20892
1.20915
1.20939
1.20963
1.20987
1.2101
1.21034
1.21057
1.2108
1.21103
1.21126
1.21149
1.21171
1.21193
1.21215
1.21236
1.21258
1.21278
1.21299
1.21319
1.21339
1.21358
1.21377
1.21396
1.21414
1.21432
1.2145
1.21467
1.21483
1.215
1.21515
1.21531
1.21546
1.2156
1.21575
1.21588
1.21602
1.21615
1.21627
1.21639
1.21651
1.21663
1.21674
1.21684
1.21695
1.21705
1.21714
1.21723
1.21732
1.21741
1.21749
1.21757
1.21764
1.21772
1.21778
1.21785
1.21791
1.21797
1.21803
1.21808
1.21813
1.21818
1.21823
1.21827
1.21831
1.21835
1.21838
1.21842
1.21845
1.21848
1.2185
1.21852
1.21855
1.21857
1.21858
1.2186
1.21861
1.21863
1.21864
1.21865
1.21865
1.21866
1.21867
1.21867
1.21867
1.21867
1.21868
1.21868
1.21868
1.21868
1.21868
1.21867
1.21867
1.21867
1.21867
1.21867
1.21867
1.21867
1.21868
1.21868
1.21868
1.21869
1.2187
1.21871
1.21872
1.21873
1.21874
1.21876
1.21878
1.2188
1.21882
1.21885
1.21888
1.21891
1.21895
1.21899
1.21903
1.21908
1.21913
1.21919
1.21924
1.21931
1.21937
1.21944
1.21952
1.2196
1.21968
1.21977
1.21987
1.21996
1.22007
1.22017
1.22028
1.2204
1.22052
1.22065
1.22078
1.22091
1.22105
1.2212
1.22134
1.2215
1.22165
1.22181
1.22198
1.22215
1.22232
1.2225
1.22268
1.22286
1.22305
1.22324
1.22344
1.22364
1.22384
1.22404
1.22425
1.22445
1.22466
1.22488
1.22509
1.22531
1.22553
1.22575
1.22597
1.22619
1.22642
1.22664
1.22687
1.22709
1.22732
1.22755
1.22777
1.228
1.22823
1.22845
1.22868
1.2289
1.22913
1.22935
1.22957
1.2298
1.23002
1.23024
1.23045
1.23067
1.23088
1.2311
1.23131
1.23152
1.23172
1.23193
1.23213
1.23233
1.23253
1.23272
1.23291
1.2331
1.23329
1.23347
1.23366
1.23384
1.23401
1.23418
1.23436
1.23452
1.23469
1.23485
1.23501
1.23516
1.23531
1.23546
1.23561
1.23575
1.23589
1.23603
1.23616
1.23629
1.23642
1.23654
1.23666
1.23678
1.2369
1.23701
1.23712
1.23722
1.23732
1.23742
1.23752
1.23761
1.2377
1.23779
1.23787
1.23795
1.23803
1.2381
1.23817
1.23824
1.23831
1.23837
1.23843
1.23849
1.23854
1.23859
1.23864
1.23869
1.23873
1.23877
1.23881
1.23884
1.23888
1.23891
1.23893
1.23896
1.23898
1.239
1.23901
1.23902
1.23903
1.23904
1.23905
1.23905
1.23905
1.23905
1.23904
1.23903
1.23902
1.23901
1.23899
1.23897
1.23895
1.23893
1.2389
1.23887
1.23884
1.2388
1.23877
1.23872
1.23868
1.23863
1.23858
1.23853
1.23848
1.23842
1.23836
1.23829
1.23822
1.23815
1.23808
1.238
1.23792
1.23783
1.23774
1.23765
1.23756
1.23746
1.23735
1.23725
1.23713
1.23702
1.2369
1.23677
1.23665
1.23651
1.23637
1.23623
1.23609
1.23593
1.23578
1.23561
1.23545
1.23527
1.23509
1.23491
1.23472
1.23452
1.23432
1.23411
1.2339
1.23368
1.23345
1.23322
1.23297
1.23273
1.23247
1.23221
1.23194
1.23166
1.23138
1.23109
1.23079
1.23048
1.23017
1.22984
1.22951
1.22917
1.22883
1.22847
1.22811
1.22774
1.22736
1.22697
1.22658
1.22618
1.22577
1.22535
1.22493
1.2245
1.22406
1.22361
1.22316
1.2227
1.22224
1.22177
1.22129
1.22081
1.22033
1.21984
1.21935
1.21886
1.21836
1.21786
1.21737
1.21687
1.21637
1.21587
1.21537
1.21488
1.21439
1.2139
1.21342
1.21294
1.21247
1.21201
1.21156
1.21111
1.21068
1.21026
1.20984
1.20945
1.20906
1.20869
1.20833
1.20799
1.20767
1.20737
1.20708
1.20681
1.20656
1.20633
1.20613
1.20594
1.20577
1.20563
1.20551
1.20541
1.20533
1.20527
1.20524
1.20523
1.20524
1.20528
1.20534
1.20541
1.20551
1.20563
1.20577
1.20594
1.20612
1.20632
1.20654
1.20677
1.20702
1.20729
1.20758
1.20788
1.20819
1.20852
1.20886
1.20921
1.20957
1.20995
1.21033
1.21072
1.21112
1.21153
1.21194
1.21236
1.21278
1.21321
1.21365
1.21408
1.21452
1.21496
1.2154
1.21585
1.21629
1.21674
1.21719
1.21763
1.21808
1.21852
1.21896
1.2194
1.21984
1.22028
1.22072
1.22115
1.22158
1.22201
1.22244
1.22286
1.22328
1.2237
1.22412
1.22453
1.22494
1.22535
1.22575
1.22615
1.22655
1.22695
1.22734
1.22773
1.22812
1.2285
1.22888
1.22926
1.22963
1.23
1.23037
1.23073
1.2311
1.23145
1.23181
1.23216
1.23251
1.23285
1.23319
1.23353
1.23386
1.23419
1.23452
1.23484
1.23516
1.23547
1.23578
1.23608
1.23638
1.23668
1.23697
1.23726
1.23754
1.23781
1.23809
1.23835
1.23861
1.23887
1.23912
1.23936
1.2396
1.23983
1.24006
1.24028
1.2405
1.24071
1.24092
1.24112
1.24131
1.2415
1.24168
1.24185
1.24202
1.24219
1.24235
1.2425
1.24265
1.24279
1.24293
1.24306
1.24319
1.24331
1.24343
1.24355
1.24366
1.24376
1.24386
1.24396
1.24405
1.24415
1.24423
1.24432
1.2444
1.24448
1.24456
1.24464
1.24471
1.24478
1.24486
1.24493
1.245
1.24507
1.24514
1.24522
1.24529
1.24536
1.24544
1.24552
1.24559
1.24568
1.24576
1.24584
1.24593
1.24603
1.24612
1.24622
1.24632
1.24643
1.24654
1.24665
1.24677
1.2469
1.24702
1.24716
1.24729
1.24744
1.24758
1.24774
1.2479
1.24806
1.24823
1.2484
1.24858
1.24876
1.24895
1.24914
1.24934
1.24954
1.24975
1.24996
1.25018
1.2504
1.25062
1.25085
1.25108
1.25132
1.25156
1.2518
1.25204
1.25229
1.25254
1.25279
1.25305
1.25331
1.25356
1.25383
1.25409
1.25435
1.25461
1.25488
1.25514
1.25541
1.25567
1.25594
1.2562
1.25647
1.25673
1.257
1.25726
1.25752
1.25778
1.25804
1.25829
1.25855
1.2588
1.25905
1.2593
1.25955
1.25979
1.26003
1.26027
1.26051
1.26074
1.26097
1.2612
1.26142
1.26164
1.26186
1.26207
1.26228
1.26249
1.2627
1.2629
1.26309
1.26329
1.26348
1.26367
1.26385
1.26403
1.26421
1.26438
1.26455
1.26472
1.26488
1.26504
1.2652
1.26535
1.2655
1.26564
1.26578
1.26592
1.26606
1.26619
1.26632
1.26644
1.26656
1.26668
1.2668
1.26691
1.26702
1.26712
1.26722
1.26732
1.26742
1.26751
1.2676
1.26769
1.26777
1.26785
1.26793
1.268
1.26807
1.26814
1.26821
1.26827
1.26833
1.26839
1.26844
1.26849
1.26854
1.26858
1.26863
1.26867
1.26871
1.26874
1.26877
1.2688
1.26883
1.26885
1.26887
1.26889
1.26891
1.26892
1.26893
1.26894
1.26895
1.26895
1.26895
1.26895
1.26894
1.26893
1.26892
1.26891
1.2689
1.26888
1.26886
1.26884
1.26881
1.26878
1.26875
1.26872
1.26869
1.26865
1.26861
1.26857
1.26852
1.26847
1.26842
1.26837
1.26832
1.26826
1.2682
1.26814
1.26807
1.26801
1.26794
1.26787
1.26779
1.26771
1.26764
1.26755
1.26747
1.26739
1.2673
1.26721
1.26711
1.26702
1.26692
1.26682
1.26672
1.26661
1.26651
1.2664
1.26629
1.26618
1.26606
1.26594
1.26582
1.2657
1.26558
1.26545
1.26532
1.2652
1.26506
1.26493
1.26479
1.26466
1.26452
1.26437
1.26423
1.26409
1.26394
1.26379
1.26364
1.26349
1.26333
1.26318
1.26302
1.26286
1.2627
1.26254
1.26237
1.26221
1.26204
1.26187
1.2617
1.26153
1.26135
1.26118
1.261
1.26083
1.26065
1.26047
1.26028
1.2601
1.25992
1.25973
1.25955
1.25936
1.25917
1.25898
1.25879
1.2586
1.2584
1.25821
1.25802
1.25782
1.25762
1.25742
1.25723
1.25703
1.25683
1.25662
1.25642
1.25622
1.25602
1.25581
1.25561
1.2554
1.25519
1.25499
1.25478
1.25457
1.25437
1.25416
1.25395
1.25374
1.25353
1.25332
1.25311
1.2529
1.25269
1.25248
1.25227
1.25206
1.25185
1.25164
1.25143
1.25122
1.25101
1.25081
1.2506
1.25039
1.25019
1.24998
1.24978
1.24957
1.24937
1.24917
1.24897
1.24877
1.24858
1.24838
1.24819
1.248
1.24781
1.24763
1.24744
1.24726
1.24708
1.24691
1.24674
1.24657
1.2464
1.24624
1.24608
1.24592
1.24577
1.24563
1.24548
1.24535
1.24521
1.24508
1.24496
1.24484
1.24473
1.24462
1.24452
1.24442
1.24434
1.24425
1.24418
1.24411
1.24404
1.24399
1.24394
1.24389
1.24386
1.24383
1.24381
1.2438
1.24379
1.24379
1.2438
1.24382
1.24385
1.24388
1.24393
1.24398
1.24403
1.2441
1.24418
1.24426
1.24435
1.24445
1.24455
1.24467
1.24479
1.24492
1.24505
1.24519
1.24534
1.2455
1.24567
1.24584
1.24601
1.2462
1.24638
1.24658
1.24678
1.24698
1.24719
1.24741
1.24763
1.24785
1.24808
1.24831
1.24854
1.24878
1.24902
1.24926
1.24951
1.24975
1.25
1.25025
1.2505
1.25075
1.25101
1.25126
1.25151
1.25176
1.25201
1.25226
1.25251
1.25276
1.253
1.25325
1.25349
1.25373
1.25397
1.2542
1.25444
1.25467
1.25489
1.25512
1.25534
1.25555
1.25576
1.25597
1.25618
1.25638
1.25658
1.25677
1.25696
1.25714
1.25732
1.2575
1.25767
1.25783
1.258
1.25816
1.25831
1.25846
1.2586
1.25874
1.25888
1.25901
1.25914
1.25926
1.25938
1.25949
1.25961
1.25971
1.25981
1.25991
1.26001
1.2601
1.26019
1.26027
1.26035
1.26043
1.2605
1.26057
1.26064
1.26071
1.26077
1.26083
1.26089
1.26094
1.26099
1.26104
1.26109
1.26114
1.26118
1.26122
1.26126
1.2613
1.26134
1.26137
1.26141
1.26144
1.26147
1.2615
1.26153
1.26156
1.26159
1.26162
1.26165
1.26167
1.2617
1.26173
1.26176
1.26178
1.26181
1.26184
1.26186
1.26189
1.26192
1.26195
1.26198
1.26201
1.26204
1.26207
1.26211
1.26214
1.26217
1.26221
1.26225
1.26228
1.26232
1.26236
1.26241
1.26245
1.26249
1.26254
1.26259
1.26264
1.26269
1.26274
1.2628
1.26285
1.26291
1.26297
1.26303
1.26309
1.26316
1.26323
1.2633
1.26337
1.26344
1.26351
1.26359
1.26367
1.26375
1.26383
1.26392
1.26401
1.26409
1.26419
1.26428
1.26437
1.26447
1.26457
1.26467
1.26477
1.26488
1.26499
1.2651
1.26521
1.26532
1.26544
1.26555
1.26567
1.26579
1.26591
1.26604
1.26616
1.26629
1.26642
1.26655
1.26669
1.26682
1.26696
1.26709
1.26723
1.26738
1.26752
1.26766
1.26781
1.26795
1.2681
1.26825
1.2684
1.26855
1.2687
1.26886
1.26901
1.26917
1.26933
1.26948
1.26964
1.2698
1.26996
1.27012
1.27028
1.27044
1.27061
1.27077
1.27093
1.2711
1.27126
1.27142
1.27159
1.27175
1.27192
1.27208
1.27225
1.27241
1.27258
1.27274
1.27291
1.27307
1.27323
1.2734
1.27356
1.27372
1.27388
1.27404
1.2742
1.27436
1.27452
1.27468
1.27484
1.27499
1.27515
1.2753
1.27546
1.27561
1.27576
1.27591
1.27606
1.2762
1.27635
1.27649
1.27664
1.27678
1.27692
1.27706
1.27719
1.27733
1.27746
1.27759
1.27772
1.27785
1.27798
1.2781
1.27823
1.27835
1.27846
1.27858
1.27869
1.27881
1.27892
1.27902
1.27913
1.27923
1.27933
1.27943
1.27953
1.27962
1.27971
1.2798
1.27989
1.27997
1.28005
1.28013
1.2802
1.28028
1.28035
1.28041
1.28048
1.28054
1.2806
1.28065
1.28071
1.28076
1.2808
1.28085
1.28089
1.28093
1.28096
1.28099
1.28102
1.28104
1.28106
1.28108
1.28109
1.2811
1.28111
1.28111
1.28111
1.28111
1.2811
1.28109
1.28107
1.28106
1.28103
1.28101
1.28097
1.28094
1.2809
1.28086
1.28081
1.28076
1.2807
1.28064
1.28057
1.2805
1.28043
1.28035
1.28027
1.28018
1.28009
1.27999
1.27988
1.27978
1.27966
1.27954
1.27942
1.27929
1.27916
1.27902
1.27887
1.27872
1.27856
1.2784
1.27823
1.27806
1.27788
1.27769
1.2775
1.2773
1.27709
1.27688
1.27666
1.27644
1.27621
1.27597
1.27573
1.27547
1.27522
1.27495
1.27468
1.2744
1.27411
1.27382
1.27352
1.27321
1.27289
1.27257
1.27223
1.27189
1.27155
1.27119
1.27083
1.27046
1.27008
1.26969
1.2693
1.2689
1.26849
1.26807
1.26764
1.26721
1.26676
1.26631
1.26586
1.26539
1.26492
1.26443
1.26394
1.26345
1.26294
1.26243
1.26191
1.26139
1.26086
1.26032
1.25977
1.25922
1.25866
1.2581
1.25753
1.25695
1.25637
1.25579
1.2552
1.2546
1.25401
1.25341
1.25281
1.2522
1.25159
1.25099
1.25038
1.24977
1.24916
1.24855
1.24794
1.24734
1.24673
1.24613
1.24554
1.24495
1.24436
1.24378
1.24321
1.24265
1.24209
1.24154
1.24101
1.24048
1.23996
1.23946
1.23897
1.23849
1.23803
1.23758
1.23715
1.23674
1.23634
1.23596
1.23561
1.23527
1.23495
1.23465
1.23437
1.23412
1.23388
1.23367
1.23349
1.23332
1.23318
1.23307
1.23298
1.23291
1.23287
1.23286
1.23287
1.2329
1.23296
1.23305
1.23316
1.23329
1.23345
1.23363
1.23384
1.23406
1.23432
1.23459
1.23488
1.2352
1.23554
1.2359
1.23627
1.23667
1.23708
1.23751
1.23796
1.23842
1.2389
1.23939
1.23989
1.24041
1.24094
1.24148
1.24203
1.24259
1.24315
1.24373
1.24431
1.2449
1.2455
1.24609
1.2467
1.2473
1.24791
1.24852
1.24913
1.24975
1.25036
1.25097
1.25158
1.25219
1.2528
1.25341
1.25401
1.25461
1.2552
1.25579
1.25638
1.25696
1.25754
1.25811
1.25867
1.25923
1.25978
1.26033
1.26086
1.2614
1.26192
1.26244
1.26295
1.26345
1.26394
1.26443
1.26491
1.26538
1.26585
1.2663
1.26675
1.26719
1.26762
1.26804
1.26846
1.26887
1.26927
1.26966
1.27004
1.27042
1.27079
1.27115
1.2715
1.27184
1.27218
1.27251
1.27283
1.27315
1.27346
1.27376
1.27405
1.27434
1.27462
1.27489
1.27516
1.27542
1.27567
1.27592
1.27616
1.27639
1.27662
1.27684
1.27706
1.27727
1.27747
1.27767
1.27786
1.27805
1.27823
1.27841
1.27858
1.27874
1.2789
1.27906
1.27921
1.27935
1.27949
1.27963
1.27976
1.27989
1.28001
1.28013
1.28024
1.28035
1.28045
1.28055
1.28065
1.28074
1.28083
1.28091
1.28099
1.28106
1.28114
1.2812
1.28127
1.28133
1.28139
1.28144
1.28149
1.28153
1.28158
1.28162
1.28165
1.28168
1.28171
1.28174
1.28176
1.28178
1.28179
1.28181
1.28181
1.28182
1.28182
1.28182
1.28182
1.28181
1.2818
1.28179
1.28177
1.28175
1.28173
1.2817
1.28168
1.28164
1.28161
1.28157
1.28153
1.28149
1.28144
1.28139
1.28133
1.28128
1.28122
1.28115
1.28109
1.28102
1.28094
1.28087
1.28079
1.28071
1.28062
1.28053
1.28044
1.28034
1.28024
1.28013
1.28003
1.27991
1.2798
1.27968
1.27956
1.27943
1.2793
1.27917
1.27903
1.27889
1.27874
1.27859
1.27843
1.27827
1.27811
1.27794
1.27776
1.27759
1.2774
1.27722
1.27702
1.27682
1.27662
1.27641
1.2762
1.27598
1.27576
1.27553
1.27529
1.27505
1.27481
1.27455
1.2743
1.27403
1.27376
1.27348
1.2732
1.27291
1.27262
1.27232
1.27201
1.2717
1.27138
1.27105
1.27071
1.27037
1.27003
1.26967
1.26931
1.26895
1.26858
1.2682
1.26781
1.26742
1.26702
1.26661
1.2662
1.26579
1.26536
1.26493
1.2645
1.26406
1.26361
1.26316
1.26271
1.26225
1.26178
1.26131
1.26084
1.26036
1.25987
1.25939
1.2589
1.25841
1.25792
1.25742
1.25692
1.25643
1.25593
1.25543
1.25493
1.25443
1.25393
1.25343
1.25293
1.25244
1.25195
1.25146
1.25098
1.2505
1.25002
1.24955
1.24908
1.24862
1.24817
1.24772
1.24728
1.24685
1.24642
1.24601
1.2456
1.2452
1.24481
1.24444
1.24407
1.24371
1.24337
1.24303
1.24271
1.2424
1.2421
1.24181
1.24154
1.24128
1.24103
1.24079
1.24057
1.24036
1.24016
1.23998
1.23981
1.23965
1.23951
1.23938
1.23926
1.23915
1.23906
1.23898
1.23891
1.23885
1.2388
1.23877
1.23875
1.23874
1.23873
1.23874
1.23876
1.23879
1.23883
1.23887
1.23893
1.23899
1.23906
1.23914
1.23923
1.23932
1.23942
1.23952
1.23963
1.23974
1.23986
1.23998
1.24011
1.24024
1.24037
1.2405
1.24063
1.24077
1.24091
1.24105
1.24118
1.24132
1.24146
1.24159
1.24173
1.24186
1.24199
1.24212
1.24224
1.24237
1.24248
1.2426
1.24271
1.24282
1.24292
1.24302
1.24311
1.2432
1.24328
1.24336
1.24343
1.2435
1.24356
1.24362
1.24367
1.24371
1.24375
1.24379
1.24382
1.24384
1.24386
1.24388
1.24389
1.2439
1.2439
1.2439
1.2439
1.2439
1.24389
1.24388
1.24387
1.24386
1.24385
1.24383
1.24382
1.24381
1.24381
1.2438
1.2438
1.2438
1.2438
1.24381
1.24383
1.24385
1.24387
1.24391
1.24395
1.244
1.24405
1.24412
1.2442
1.24428
1.24438
1.24448
1.2446
1.24473
1.24487
1.24502
1.24519
1.24536
1.24555
1.24576
1.24597
1.2462
1.24644
1.24669
1.24696
1.24724
1.24753
1.24783
1.24815
1.24848
1.24881
1.24916
1.24952
1.2499
1.25028
1.25067
1.25106
1.25147
1.25189
1.25231
1.25274
1.25318
1.25362
1.25407
1.25452
1.25498
1.25544
1.2559
1.25637
1.25684
1.25731
1.25778
1.25825
1.25873
1.2592
1.25967
1.26014
1.26061
1.26107
1.26153
1.26199
1.26245
1.2629
1.26335
1.26379
1.26423
1.26466
1.26508
1.2655
1.26592
1.26632
1.26672
1.26712
1.2675
1.26788
1.26825
1.26861
1.26897
1.26931
1.26965
1.26998
1.2703
1.27062
1.27092
1.27121
1.2715
1.27178
1.27204
1.2723
1.27255
1.27279
1.27302
1.27325
1.27346
1.27366
1.27386
1.27404
1.27422
1.27439
1.27454
1.27469
1.27483
1.27497
1.27509
1.2752
1.2753
1.2754
1.27549
1.27557
1.27564
1.2757
1.27575
1.27579
1.27583
1.27586
1.27588
1.27589
1.27589
1.27589
1.27588
1.27586
1.27583
1.27579
1.27575
1.2757
1.27565
1.27558
1.27551
1.27543
1.27535
1.27526
1.27516
1.27506
1.27495
1.27483
1.27471
1.27458
1.27445
1.27431
1.27416
1.27401
1.27386
1.2737
1.27353
1.27336
1.27319
1.27301
1.27283
1.27264
1.27245
1.27225
1.27206
1.27185
1.27165
1.27144
1.27123
1.27101
1.2708
1.27058
1.27035
1.27013
1.2699
1.26968
1.26945
1.26922
1.26898
1.26875
1.26852
1.26828
1.26805
1.26781
1.26758
1.26734
1.26711
1.26687
1.26664
1.2664
1.26617
1.26594
1.2657
1.26547
1.26525
1.26502
1.26479
1.26457
1.26435
1.26413
1.26391
1.2637
1.26349
1.26328
1.26307
1.26287
1.26267
1.26247
1.26227
1.26208
1.26189
1.26171
1.26153
1.26135
1.26117
1.261
1.26084
1.26067
1.26051
1.26036
1.26021
1.26006
1.25991
1.25977
1.25964
1.25951
1.25938
1.25925
1.25913
1.25901
1.2589
1.25879
1.25869
1.25858
1.25849
1.25839
1.2583
1.25821
1.25813
1.25805
1.25797
1.2579
1.25783
1.25776
1.2577
1.25764
1.25758
1.25753
1.25748
1.25743
1.25738
1.25734
1.2573
1.25726
1.25722
1.25719
1.25716
1.25713
1.2571
1.25708
1.25706
1.25703
1.25702
1.257
1.25698
1.25697
1.25696
1.25695
1.25694
1.25693
1.25692
1.25692
1.25692
1.25691
1.25691
1.25691
1.25691
1.25691
1.25692
1.25692
1.25692
1.25693
1.25694
1.25694
1.25695
1.25696
1.25697
1.25698
1.25699
1.257
1.25701
1.25702
1.25704
1.25705
1.25707
1.25708
1.2571
1.25711
1.25713
1.25715
1.25717
1.25719
1.25721
1.25723
1.25725
1.25727
1.2573
1.25732
1.25734
1.25737
1.2574
1.25742
1.25745
1.25748
1.25751
1.25754
1.25757
1.2576
1.25764
1.25767
1.25771
1.25774
1.25778
1.25782
1.25786
1.2579
1.25794
1.25798
1.25803
1.25807
1.25812
1.25816
1.25821
1.25826
1.25831
1.25836
1.25841
1.25847
1.25852
1.25857
1.25863
1.25869
1.25875
1.2588
1.25886
1.25892
1.25899
1.25905
1.25911
1.25918
1.25924
1.25931
1.25937
1.25944
1.25951
1.25957
1.25964
1.25971
1.25978
1.25985
1.25992
1.25999
1.26006
1.26014
1.26021
1.26028
1.26035
1.26043
1.2605
1.26057
1.26064
1.26072
1.26079
1.26086
1.26094
1.26101
1.26108
1.26115
1.26123
1.2613
1.26137
1.26144
1.26151
1.26158
1.26165
1.26172
1.26179
1.26186
1.26192
1.26199
1.26206
1.26212
1.26219
1.26225
1.26232
1.26238
1.26244
1.2625
1.26256
1.26262
1.26268
1.26274
1.2628
1.26285
1.26291
1.26296
1.26301
1.26307
1.26312
1.26317
1.26322
1.26326
1.26331
1.26336
1.2634
1.26344
1.26349
1.26353
1.26357
1.2636
1.26364
1.26368
1.26371
1.26375
1.26378
1.26381
1.26384
1.26387
1.2639
1.26392
1.26395
1.26397
1.264
1.26402
1.26404
1.26405
1.26407
1.26409
1.2641
1.26412
1.26413
1.26414
1.26415
1.26415
1.26416
1.26416
1.26417
1.26417
1.26417
1.26417
1.26417
1.26416
1.26415
1.26415
1.26414
1.26413
1.26411
1.2641
1.26408
1.26407
1.26405
1.26402
1.264
1.26398
1.26395
1.26392
1.26389
1.26386
1.26382
1.26379
1.26375
1.26371
1.26366
1.26362
1.26357
1.26352
1.26347
1.26342
1.26336
1.2633
1.26324
1.26318
1.26311
1.26304
1.26297
1.2629
1.26282
1.26275
1.26267
1.26258
1.2625
1.26241
1.26232
1.26223
1.26214
1.26204
1.26194
1.26184
1.26174
1.26163
1.26152
1.26141
1.2613
1.26119
1.26107
1.26096
1.26084
1.26071
1.26059
1.26047
1.26034
1.26021
1.26008
1.25995
1.25982
1.25969
1.25956
1.25942
1.25929
1.25915
1.25901
1.25888
1.25874
1.2586
1.25847
1.25833
1.25819
1.25805
1.25791
1.25778
1.25764
1.2575
1.25737
1.25723
1.2571
1.25696
1.25683
1.25669
1.25656
1.25643
1.2563
1.25616
1.25603
1.2559
1.25577
1.25564
1.25551
1.25538
1.25525
1.25512
1.25499
1.25486
1.25473
1.2546
1.25446
1.25433
1.25419
1.25405
1.25391
1.25376
1.25361
1.25346
1.25331
1.25315
1.25299
1.25282
1.25265
1.25248
1.25229
1.25211
1.25191
1.25171
1.2515
1.25129
1.25106
1.25083
1.25059
1.25034
1.25008
1.24981
1.24953
1.24924
1.24894
1.24863
1.24831
1.24797
1.24763
1.24727
1.2469
1.24651
1.24611
1.2457
1.24528
1.24484
1.24439
1.24392
1.24344
1.24295
1.24244
1.24192
1.24138
1.24083
1.24026
1.23968
1.23909
1.23848
1.23786
1.23723
1.23658
1.23592
1.23525
1.23456
1.23387
1.23316
1.23244
1.23171
1.23096
1.23021
1.22945
1.22869
1.22791
1.22712
1.22633
1.22554
1.22474
1.22393
1.22312
1.22231
1.22149
1.22068
1.21986
1.21905
1.21823
1.21742
1.21662
1.21581
1.21502
1.21423
1.21344
1.21267
1.2119
1.21115
1.21041
1.20968
1.20896
1.20826
1.20758
1.20691
1.20626
1.20563
1.20501
1.20442
1.20385
1.2033
1.20278
1.20228
1.2018
1.20134
1.20092
1.20052
1.20014
1.1998
1.19948
1.19919
1.19892
1.19869
1.19849
1.19831
1.19817
1.19805
1.19796
1.19791
1.19788
1.19789
1.19792
1.19798
1.19807
1.19819
1.19834
1.19852
1.19873
1.19896
1.19922
1.19951
1.19983
1.20017
1.20054
1.20093
1.20135
1.20179
1.20226
1.20275
1.20326
1.20379
1.20435
1.20492
1.20552
1.20613
1.20676
1.20741
1.20808
1.20877
1.20947
1.21018
1.21091
1.21166
1.21241
1.21318
1.21396
1.21476
1.21556
1.21637
1.21719
1.21802
1.21886
1.2197
1.22055
1.2214
1.22226
1.22313
1.224
1.22487
1.22574
1.22661
1.22749
1.22836
1.22924
1.23012
1.23099
1.23186
1.23273
1.2336
1.23446
1.23533
1.23618
1.23704
1.23788
1.23873
1.23956
1.2404
1.24122
1.24204
1.24285
1.24366
1.24446
1.24525
1.24603
1.2468
1.24757
1.24833
1.24908
1.24982
1.25055
1.25128
1.25199
1.2527
1.2534
1.25408
1.25476
1.25543
1.25609
1.25674
1.25738
1.25801
1.25863
1.25924
1.25985
1.26044
1.26102
1.26159
1.26216
1.26271
1.26326
1.26379
1.26431
1.26483
1.26534
1.26583
1.26632
1.26679
1.26726
1.26772
1.26817
1.2686
1.26903
1.26945
1.26986
1.27026
1.27065
1.27103
1.27141
1.27177
1.27212
1.27246
1.2728
1.27312
1.27343
1.27374
1.27403
1.27432
1.2746
1.27486
1.27512
1.27537
1.2756
1.27583
1.27605
1.27626
1.27646
1.27665
1.27683
1.277
1.27716
1.27731
1.27745
1.27758
1.2777
1.27781
1.27791
1.27801
1.27809
1.27816
1.27822
1.27827
1.27832
1.27835
1.27837
1.27838
1.27838
1.27837
1.27835
1.27833
1.27829
1.27824
1.27818
1.27811
1.27802
1.27793
1.27783
1.27772
1.27759
1.27746
1.27732
1.27716
1.27699
1.27682
1.27663
1.27643
1.27622
1.276
1.27577
1.27553
1.27527
1.27501
1.27473
1.27444
1.27414
1.27383
1.27351
1.27318
1.27284
1.27248
1.27212
1.27174
1.27135
1.27095
1.27054
1.27012
1.26968
1.26924
1.26878
1.26832
1.26784
1.26735
1.26685
1.26634
1.26582
1.26529
1.26475
1.26419
1.26363
1.26306
1.26248
1.26189
1.26128
1.26067
1.26006
1.25943
1.25879
1.25815
1.25749
1.25683
1.25617
1.25549
1.25481
1.25412
1.25343
1.25273
1.25203
1.25132
1.2506
1.24989
1.24917
1.24845
1.24772
1.247
1.24627
1.24554
1.24481
1.24409
1.24336
1.24264
1.24192
1.2412
1.24048
1.23977
1.23907
1.23837
1.23767
1.23699
1.23631
1.23564
1.23498
1.23432
1.23368
1.23305
1.23243
1.23182
1.23122
1.23064
1.23007
1.22952
1.22898
1.22845
1.22795
1.22745
1.22698
1.22652
1.22608
1.22565
1.22525
1.22486
1.22449
1.22414
1.22381
1.2235
1.22321
1.22294
1.22268
1.22245
1.22224
1.22204
1.22187
1.22171
1.22158
1.22146
1.22137
1.22129
1.22123
1.22119
1.22117
1.22116
1.22118
1.22121
1.22125
1.22132
1.2214
1.2215
1.22161
1.22173
1.22188
1.22203
1.2222
1.22238
1.22258
1.22279
1.22301
1.22324
1.22348
1.22374
1.224
1.22427
1.22456
1.22485
1.22515
1.22546
1.22578
1.2261
1.22643
1.22677
1.22711
1.22746
1.22782
1.22818
1.22855
1.22892
1.22929
1.22967
1.23005
1.23044
1.23082
1.23122
1.23161
1.23201
1.2324
1.2328
1.23321
1.23361
1.23402
1.23442
1.23483
1.23524
1.23565
1.23605
1.23646
1.23687
1.23728
1.23769
1.2381
1.23851
1.23891
1.23932
1.23972
1.24013
1.24053
1.24093
1.24133
1.24173
1.24213
1.24252
1.24291
1.2433
1.24369
1.24408
1.24446
1.24484
1.24522
1.24559
1.24596
1.24633
1.2467
1.24706
1.24742
1.24777
1.24813
1.24847
1.24882
1.24916
1.24949
1.24983
1.25015
1.25048
1.2508
1.25111
1.25142
1.25173
1.25203
1.25233
1.25262
1.25291
1.25319
1.25347
1.25374
1.25401
1.25428
1.25454
1.25479
1.25504
1.25529
1.25553
1.25576
1.25599
1.25622
1.25644
1.25665
1.25687
1.25707
1.25728
1.25747
1.25767
1.25785
1.25804
1.25822
1.25839
1.25856
1.25873
1.25889
1.25905
1.25921
1.25936
1.2595
1.25965
1.25979
1.25992
1.26005
1.26018
1.26031
1.26043
1.26054
1.26066
1.26077
1.26088
1.26098
1.26109
1.26119
1.26128
1.26138
1.26147
1.26156
1.26165
1.26173
1.26181
1.26189
1.26197
1.26204
1.26212
1.26219
1.26226
1.26233
1.26239
1.26246
1.26252
1.26258
1.26264
1.2627
1.26275
1.26281
1.26286
1.26292
1.26297
1.26302
1.26307
1.26311
1.26316
1.26321
1.26325
1.26329
1.26334
1.26338
1.26342
1.26346
1.2635
1.26354
1.26358
1.26362
1.26365
1.26369
1.26372
1.26376
1.26379
1.26383
1.26386
1.26389
1.26392
1.26395
1.26398
1.26401
1.26404
1.26407
1.2641
1.26413
1.26415
1.26418
1.26421
1.26423
1.26426
1.26428
1.26431
1.26433
1.26435
1.26438
1.2644
1.26442
1.26444
1.26446
1.26448
1.2645
1.26452
1.26454
1.26456
1.26458
1.2646
1.26461
1.26463
1.26465
1.26466
1.26468
1.26469
1.26471
1.26472
1.26474
1.26475
1.26477
1.26478
1.26479
1.2648
1.26482
1.26483
1.26484
1.26485
1.26486
1.26487
1.26489
1.2649
1.26491
1.26492
1.26493
1.26494
1.26495
1.26496
1.26497
1.26498
1.26499
1.265
1.26501
1.26502
1.26503
1.26504
1.26505
1.26506
1.26507
1.26508
1.26509
1.2651
1.26511
1.26513
1.26514
1.26515
1.26516
1.26518
1.26519
1.2652
1.26522
1.26523
1.26525
1.26526
1.26528
1.2653
1.26531
1.26533
1.26535
1.26537
1.26539
1.26541
1.26543
1.26545
1.26547
1.26549
1.26551
1.26554
1.26556
1.26559
1.26561
1.26564
1.26566
1.26569
1.26572
1.26574
1.26577
1.2658
1.26583
1.26586
1.26589
1.26592
1.26595
1.26598
1.26601
1.26604
1.26608
1.26611
1.26614
1.26617
1.2662
1.26623
1.26627
1.2663
1.26633
1.26636
1.26639
1.26642
1.26645
1.26648
1.26651
1.26653
1.26656
1.26659
1.26661
1.26664
1.26666
1.26668
1.2667
1.26672
1.26674
1.26675
1.26677
1.26678
1.26679
1.2668
1.26681
1.26681
1.26681
1.26681
1.26681
1.26681
1.2668
1.2668
1.26678
1.26677
1.26676
1.26674
1.26672
1.26669
1.26667
1.26664
1.26661
1.26658
1.26654
1.2665
1.26646
1.26642
1.26637
1.26632
1.26627
1.26622
1.26616
1.26611
1.26605
1.26599
1.26593
1.26586
1.2658
1.26573
1.26566
1.2656
1.26553
1.26546
1.26539
1.26532
1.26525
1.26518
1.26512
1.26505
1.26498
1.26492
1.26485
1.26479
1.26473
1.26468
1.26462
1.26457
1.26452
1.26448
1.26443
1.2644
1.26436
1.26433
1.2643
1.26428
1.26426
1.26425
1.26424
1.26424
1.26424
1.26424
1.26425
1.26426
1.26428
1.26431
1.26434
1.26437
1.26441
1.26445
1.26449
1.26454
1.2646
1.26465
1.26471
1.26478
1.26484
1.26491
1.26498
1.26505
1.26513
1.2652
1.26528
1.26535
1.26543
1.2655
1.26558
1.26565
1.26572
1.26579
1.26585
1.26591
1.26597
1.26603
1.26608
1.26612
1.26616
1.26619
1.26622
1.26624
1.26625
1.26626
1.26625
1.26624
1.26622
1.2662
1.26616
1.26611
1.26605
1.26598
1.26591
1.26582
1.26572
1.2656
1.26548
1.26535
1.2652
1.26504
1.26487
1.26469
1.26449
1.26428
1.26406
1.26383
1.26358
1.26333
1.26306
1.26277
1.26248
1.26217
1.26185
1.26152
1.26117
1.26082
1.26045
1.26007
1.25968
1.25928
1.25886
1.25844
1.258
1.25756
1.25711
1.25664
1.25617
1.25569
1.2552
1.2547
1.25419
1.25368
1.25316
1.25263
1.2521
1.25157
1.25102
1.25048
1.24993
1.24937
1.24881
1.24826
1.24769
1.24713
1.24657
1.24601
1.24545
1.24489
1.24433
1.24378
1.24322
1.24268
1.24213
1.2416
1.24106
1.24054
1.24002
1.23951
1.23901
1.23852
1.23804
1.23757
1.23711
1.23666
1.23623
1.23581
1.2354
1.23501
1.23463
1.23427
1.23393
1.2336
1.23329
1.23299
1.23272
1.23246
1.23223
1.23201
1.23182
1.23164
1.23148
1.23135
1.23124
1.23115
1.23108
1.23103
1.23101
1.231
1.23102
1.23106
1.23113
1.23121
1.23132
1.23145
1.23161
1.23178
1.23198
1.2322
1.23244
1.2327
1.23299
1.23329
1.23361
1.23396
1.23432
1.2347
1.2351
1.23552
1.23596
1.23642
1.23689
1.23738
1.23788
1.2384
1.23893
1.23948
1.24004
1.24062
1.24121
1.24181
1.24242
1.24304
1.24367
1.24431
1.24496
1.24562
1.24629
1.24696
1.24764
1.24833
1.24902
1.24972
1.25042
1.25112
1.25183
1.25254
1.25326
1.25397
1.25469
1.2554
1.25612
1.25683
1.25755
1.25826
1.25897
1.25968
1.26039
1.26109
1.2618
1.26249
1.26319
1.26387
1.26456
1.26524
1.26591
1.26657
1.26724
1.26789
1.26854
1.26918
1.26981
1.27044
1.27106
1.27167
