1.46657
1.46658
1.46657
1.46658
1.46657
1.46657
1.46657
1.46657
1.46657
1.46657
1.46657
1.46657
1.46657
1.46657
1.46657
1.46657
1.46657
1.46658
1.46658
1.46658
1.46658
1.46658
1.46658
1.46658
1.46658
1.46658
1.46658
1.46658
1.46658
1.46659
1.46659
1.46659
1.46659
1.4666
1.4666
1.4666
1.46661
1.46661
1.46662
1.46662
1.46663
1.46663
1.46664
1.46664
1.46665
1.46666
1.46666
1.46667
1.46668
1.46669
1.4667
1.46671
1.46672
1.46673
1.46674
1.46675
1.46676
1.46677
1.46679
1.4668
1.46681
1.46683
1.46684
1.46686
1.46687
1.46689
1.46691
1.46693
1.46695
1.46697
1.46698
1.467
1.46703
1.46705
1.46707
1.46709
1.46711
1.46714
1.46716
1.46718
1.46721
1.46724
1.46727
1.4673
1.46732
1.46735
1.46738
1.46741
1.46744
1.46747
1.4675
1.46753
1.46756
1.46759
1.46762
1.46765
1.46768
1.4677
1.46774
1.46776
1.46779
1.46781
1.46784
1.46786
1.46788
1.46791
1.46793
1.46794
1.46796
1.46797
1.46798
1.46799
1.468
1.46801
1.46801
1.468
1.468
1.46799
1.46798
1.46797
1.46795
1.46793
1.4679
1.46788
1.46785
1.46781
1.46777
1.46773
1.46769
1.46764
1.46759
1.46754
1.46748
1.46742
1.46736
1.4673
1.46724
1.46717
1.4671
1.46703
1.46697
1.4669
1.46684
1.46677
1.46671
1.46664
1.46657
1.46651
1.46645
1.46639
1.46634
1.46627
1.46622
1.46618
1.46613
1.46608
1.46604
1.466
1.46596
1.46593
1.4659
1.46587
1.46584
1.46582
1.46581
1.46579
1.46577
1.46576
1.46576
1.46575
1.46574
1.46574
1.46574
1.46574
1.46574
1.46575
1.46575
1.46576
1.46577
1.46577
1.46578
1.46579
1.4658
1.46581
1.46582
1.46583
1.46585
1.46586
1.46587
1.46589
1.4659
1.46591
1.46593
1.46594
1.46595
1.46596
1.46597
1.46598
1.46599
1.466
1.46601
1.46602
1.46603
1.46603
1.46604
1.46605
1.46605
1.46606
1.46607
1.46607
1.46608
1.46608
1.46609
1.46609
1.46609
1.4661
1.4661
1.46611
1.46611
1.46612
1.46612
1.46612
1.46613
1.46613
1.46613
1.46613
1.46613
1.46614
1.46614
1.46614
1.46614
1.46615
1.46615
1.46614
1.46615
1.46615
1.46615
1.46615
1.46615
1.46616
1.46616
1.46616
1.46616
1.46616
1.46616
1.46616
1.46616
1.46616
1.46616
1.46617
1.46617
1.46617
1.46617
1.46618
1.46618
1.46618
1.46619
1.46619
1.46619
1.4662
1.4662
1.4662
1.46621
1.46621
1.46621
1.46622
1.46622
1.46623
1.46623
1.46624
1.46624
1.46625
1.46625
1.46626
1.46626
1.46627
1.46628
1.46629
1.46629
1.4663
1.46631
1.46632
1.46633
1.46634
1.46635
1.46636
1.46637
1.46638
1.4664
1.46641
1.46642
1.46644
1.46646
1.46647
1.46649
1.46651
1.46653
1.46655
1.46657
1.46659
1.46662
1.46664
1.46666
1.46669
1.46671
1.46674
1.46677
1.4668
1.46683
1.46686
1.4669
1.46693
1.46698
1.46701
1.46705
1.46709
1.46713
1.46717
1.46722
1.46727
1.46732
1.46736
1.46741
1.46747
1.46752
1.46758
1.46763
1.46769
1.46774
1.4678
1.46786
1.46792
1.46797
1.46803
1.46809
1.46815
1.4682
1.46826
1.46831
1.46836
1.46841
1.46846
1.4685
1.46853
1.46857
1.4686
1.46863
1.46865
1.46866
1.46866
1.46867
1.46866
1.46864
1.46862
1.46859
1.46855
1.4685
1.46845
1.46838
1.46831
1.46822
1.46813
1.46802
1.46791
1.4678
1.46767
1.46754
1.4674
1.46727
1.46712
1.46697
1.46682
1.46666
1.46651
1.46635
1.4662
1.46605
1.4659
1.46576
1.46563
1.4655
1.46537
1.46525
1.46514
1.46504
1.46495
1.46486
1.46478
1.46472
1.46466
1.46461
1.46457
1.46454
1.46451
1.4645
1.46449
1.46449
1.4645
1.46451
1.46454
1.46456
1.46459
1.46463
1.46467
1.46472
1.46476
1.46481
1.46486
1.46492
1.46498
1.46504
1.4651
1.46516
1.46523
1.46529
1.46535
1.46541
1.46548
1.46554
1.4656
1.46566
1.46572
1.46577
1.46583
1.46588
1.46594
1.46599
1.46604
1.46609
1.46615
1.46619
1.46624
1.46629
1.46633
1.46637
1.46642
1.46646
1.4665
1.46654
1.46658
1.46661
1.46665
1.46669
1.46672
1.46675
1.46678
1.46681
1.46684
1.46687
1.4669
1.46693
1.46696
1.46699
1.46701
1.46703
1.46706
1.46708
1.4671
1.46713
1.46716
1.46718
1.4672
1.46721
1.46723
1.46725
1.46727
1.4673
1.46731
1.46733
1.46735
1.46737
1.46739
1.4674
1.46742
1.46743
1.46745
1.46746
1.46748
1.46749
1.4675
1.46752
1.46753
1.46754
1.46755
1.46756
1.46756
1.46757
1.46758
1.46759
1.46759
1.4676
1.4676
1.4676
1.4676
1.46761
1.4676
1.4676
1.4676
1.46759
1.46759
1.46758
1.46758
1.46757
1.46756
1.46756
1.46755
1.46753
1.46752
1.46751
1.46749
1.46748
1.46746
1.46744
1.46742
1.4674
1.46738
1.46736
1.46734
1.46731
1.46728
1.46726
1.46723
1.4672
1.46717
1.46714
1.46711
1.46708
1.46705
1.46701
1.46698
1.46695
1.46691
1.46688
1.46684
1.46681
1.46677
1.46673
1.46669
1.46665
1.46662
1.46658
1.46654
1.46651
1.46647
1.46644
1.46641
1.46637
1.46634
1.46631
1.46628
1.46625
1.46622
1.46619
1.46616
1.46614
1.46611
1.46609
1.46607
1.46604
1.46602
1.46601
1.46599
1.46597
1.46595
1.46594
1.46592
1.46591
1.4659
1.46589
1.46588
1.46587
1.46586
1.46586
1.46585
1.46585
1.46585
1.46584
1.46584
1.46584
1.46584
1.46585
1.46585
1.46586
1.46586
1.46587
1.46587
1.46588
1.46588
1.46589
1.46589
1.4659
1.46591
1.46592
1.46593
1.46593
1.46594
1.46595
1.46596
1.46597
1.46598
1.46599
1.466
1.466
1.46601
1.46602
1.46603
1.46604
1.46605
1.46607
1.46608
1.46609
1.4661
1.46611
1.46612
1.46613
1.46614
1.46615
1.46616
1.46618
1.46618
1.46619
1.4662
1.46621
1.46622
1.46623
1.46624
1.46625
1.46626
1.46627
1.46627
1.46628
1.46629
1.4663
1.46631
1.46631
1.46632
1.46633
1.46633
1.46634
1.46635
1.46635
1.46636
1.46637
1.46637
1.46638
1.46639
1.46639
1.4664
1.4664
1.46641
1.46641
1.46641
1.46642
1.46642
1.46642
1.46643
1.46643
1.46644
1.46644
1.46644
1.46645
1.46645
1.46646
1.46646
1.46647
1.46647
1.46647
1.46647
1.46648
1.46648
1.46648
1.46648
1.46648
1.46649
1.46649
1.46649
1.46649
1.4665
1.4665
1.46651
1.46651
1.46651
1.46652
1.46652
1.46653
1.46653
1.46653
1.46654
1.46654
1.46654
1.46654
1.46655
1.46655
1.46655
1.46656
1.46656
1.46656
1.46656
1.46656
1.46657
1.46657
1.46657
1.46658
1.46658
1.46658
1.46659
1.4666
1.4666
1.4666
1.46661
1.46661
1.46661
1.46662
1.46662
1.46662
1.46663
1.46663
1.46664
1.46664
1.46664
1.46665
1.46665
1.46665
1.46666
1.46666
1.46667
1.46667
1.46667
1.46668
1.46668
1.46669
1.46669
1.46669
1.4667
1.4667
1.46671
1.46671
1.46671
1.46672
1.46672
1.46673
1.46673
1.46674
1.46675
1.46675
1.46675
1.46676
1.46676
1.46677
1.46677
1.46678
1.46678
1.46679
1.46679
1.4668
1.46681
1.46681
1.46682
1.46682
1.46682
1.46683
1.46683
1.46684
1.46684
1.46684
1.46684
1.46685
1.46685
1.46685
1.46685
1.46686
1.46686
1.46686
1.46687
1.46687
1.46687
1.46687
1.46688
1.46688
1.46688
1.46689
1.46689
1.46689
1.4669
1.4669
1.46691
1.46691
1.4669
1.46691
1.46691
1.46691
1.46691
1.46691
1.46691
1.46691
1.46691
1.46691
1.46691
1.4669
1.46691
1.4669
1.4669
1.4669
1.4669
1.46689
1.46689
1.46689
1.46689
1.46689
1.46688
1.46688
1.46688
1.46688
1.46687
1.46687
1.46687
1.46686
1.46686
1.46685
1.46685
1.46684
1.46684
1.46684
1.46684
1.46683
1.46683
1.46683
1.46682
1.46682
1.46682
1.46681
1.46681
1.4668
1.46679
1.46679
1.46678
1.46678
1.46678
1.46677
1.46677
1.46676
1.46676
1.46676
1.46675
1.46674
1.46674
1.46674
1.46674
1.46673
1.46673
1.46672
1.46672
1.46672
1.46671
1.46671
1.46671
1.46671
1.46671
1.4667
1.4667
1.4667
1.4667
1.4667
1.46669
1.46669
1.46669
1.46668
1.46668
1.46668
1.46668
1.46667
1.46667
1.46667
1.46667
1.46666
1.46666
1.46666
1.46666
1.46665
1.46665
1.46665
1.46665
1.46665
1.46664
1.46664
1.46664
1.46664
1.46663
1.46664
1.46663
1.46663
1.46663
1.46663
1.46663
1.46662
1.46662
1.46662
1.46661
1.46661
1.46661
1.4666
1.4666
1.4666
1.4666
1.4666
1.46659
1.46659
1.46659
1.46659
1.46659
1.46658
1.46658
1.46658
1.46658
1.46657
1.46657
1.46657
1.46657
1.46656
1.46656
1.46656
1.46656
1.46655
1.46654
1.46654
1.46654
1.46653
1.46653
1.46653
1.46652
1.46652
1.46652
1.46651
1.46651
1.46651
1.46651
1.4665
1.4665
1.4665
1.4665
1.46649
1.46649
1.46649
1.46649
1.46648
1.46648
1.46648
1.46648
1.46648
1.46648
1.46648
1.46648
1.46648
1.46648
1.46648
1.46648
1.46648
1.46648
1.46648
1.46648
1.46648
1.46648
1.46648
1.46648
1.46648
1.46648
1.46648
1.46648
1.46649
1.46649
1.46649
1.46649
1.46649
1.46649
1.46649
1.46649
1.4665
1.4665
1.4665
1.4665
1.46651
1.46651
1.46651
1.46652
1.46652
1.46652
1.46652
1.46652
1.46652
1.46652
1.46652
1.46653
1.46653
1.46653
1.46654
1.46654
1.46654
1.46654
1.46654
1.46654
1.46655
1.46656
1.46656
1.46656
1.46656
1.46656
1.46657
1.46657
1.46657
1.46657
1.46657
1.46658
1.46658
1.46658
1.46658
1.46659
1.46659
1.46659
1.46659
1.4666
1.4666
1.4666
1.4666
1.46661
1.46661
1.46661
1.46661
1.46661
1.46662
1.46662
1.46662
1.46662
1.46662
1.46662
1.46662
1.46662
1.46662
1.46662
1.46662
1.46662
1.46661
1.46661
1.46661
1.46662
1.46662
1.46662
1.46662
1.46662
1.46661
1.46661
1.46661
1.46662
1.46662
1.46662
1.46662
1.46661
1.46661
1.46661
1.4666
1.4666
1.4666
1.4666
1.4666
1.4666
1.46659
1.46659
1.46659
1.46658
1.46659
1.46658
1.46658
1.46658
1.46658
1.46658
1.46658
1.46658
1.46658
1.46658
1.46658
1.46658
1.46658
1.46658
1.46657
1.46657
1.46657
1.46657
1.46657
1.46657
1.46656
1.46656
1.46656
1.46656
1.46656
1.46656
1.46656
1.46656
1.46656
1.46656
1.46656
1.46656
1.46656
1.46656
1.46656
1.46656
1.46656
1.46656
1.46656
1.46657
1.46657
1.46657
1.46658
1.46658
1.46658
1.46658
1.46658
1.46658
1.46658
1.46658
1.46658
1.46659
1.46658
1.46658
1.46659
1.46659
1.46659
1.46659
1.46659
1.46659
1.46659
1.4666
1.4666
1.4666
1.4666
1.4666
1.4666
1.4666
1.4666
1.4666
1.4666
1.4666
1.46661
1.46661
1.4666
1.4666
1.4666
1.46661
1.46661
1.46661
1.46661
1.46661
1.46661
1.46661
1.46661
1.46661
1.46661
1.46661
1.46661
1.46661
1.46661
1.46661
1.46661
1.46661
1.46661
1.46661
1.46661
1.46661
1.4666
1.4666
1.4666
1.4666
1.4666
1.4666
1.4666
1.4666
1.4666
1.4666
1.4666
1.4666
1.4666
1.46659
1.46659
1.46659
1.46659
1.46659
1.46658
1.46658
1.46658
1.46658
1.46658
1.46658
1.46658
1.46658
1.46658
1.46658
1.46658
1.46658
1.46657
1.46657
1.46657
1.46657
1.46657
1.46657
1.46657
1.46657
1.46657
1.46657
1.46657
1.46657
1.46657
1.46657
1.46657
1.46657
1.46657
1.46658
1.46658
1.46658
1.46658
1.46658
1.46658
1.46658
1.46658
1.46658
1.46658
1.46658
1.46658
1.46658
1.46658
1.46658
1.46658
1.46659
1.46658
1.46658
1.46659
1.46659
1.46659
1.46659
1.46659
1.46659
1.46659
1.46659
1.46659
1.46659
1.46659
1.46659
1.46659
1.46659
1.46659
1.4666
1.4666
1.4666
1.4666
1.4666
1.4666
1.4666
1.46661
1.46661
1.46661
1.46661
1.46661
1.46662
1.46662
1.46662
1.46662
1.46662
1.46662
1.46662
1.46662
1.46661
1.46662
1.46662
1.46661
1.46662
1.46661
1.46662
1.46662
1.46662
1.46662
1.46662
1.46662
1.46662
1.46662
1.46662
1.46662
1.46662
1.46662
1.46662
1.46663
1.46663
1.46663
1.46663
1.46663
1.46663
1.46663
1.46663
1.46663
1.46663
1.46663
1.46663
1.46662
1.46662
1.46662
1.46662
1.46662
1.46662
1.46662
1.46662
1.46662
1.46662
1.46662
1.46662
1.46662
1.46662
1.46661
1.46661
1.46661
1.46661
1.46661
1.46661
1.46661
1.46661
1.4666
1.4666
1.4666
1.4666
1.4666
1.4666
1.46659
1.46659
1.46659
1.46659
1.46658
1.46658
1.46658
1.46658
1.46658
1.46657
1.46657
1.46658
1.46657
1.46657
1.46657
1.46656
1.46656
1.46655
1.46655
1.46655
1.46655
1.46655
1.46654
1.46654
1.46654
1.46653
1.46654
1.46653
1.46654
1.46653
1.46653
1.46652
1.46652
1.46652
1.46652
1.46652
1.46652
1.46652
1.46652
1.46652
1.46652
1.46652
1.46652
1.46652
1.46652
1.46652
1.46652
1.46652
1.46652
1.46652
1.46652
1.46653
1.46653
1.46653
1.46653
1.46653
1.46654
1.46654
1.46654
1.46654
1.46654
1.46655
1.46655
1.46655
1.46656
1.46657
1.46657
1.46657
1.46658
1.46658
1.46659
1.46659
1.4666
1.46661
1.46661
1.46662
1.46662
1.46663
1.46663
1.46664
1.46665
1.46665
1.46666
1.46667
1.46668
1.46668
1.46669
1.4667
1.4667
1.46671
1.46672
1.46673
1.46673
1.46674
1.46674
1.46675
1.46676
1.46676
1.46677
1.46678
1.46679
1.46679
1.4668
1.46681
1.46681
1.46682
1.46682
1.46683
1.46683
1.46684
1.46685
1.46685
1.46686
1.46686
1.46686
1.46687
1.46687
1.46687
1.46688
1.46688
1.46688
1.46688
1.46688
1.46689
1.46689
1.46689
1.46689
1.46689
1.46689
1.46689
1.46689
1.46688
1.46688
1.46688
1.46687
1.46687
1.46687
1.46686
1.46686
1.46685
1.46685
1.46684
1.46683
1.46683
1.46682
1.46681
1.46681
1.4668
1.46679
1.46679
1.46678
1.46678
1.46677
1.46676
1.46675
1.46675
1.46675
1.46674
1.46673
1.46673
1.46672
1.46671
1.46671
1.4667
1.46669
1.46669
1.46668
1.46668
1.46667
1.46667
1.46666
1.46666
1.46665
1.46664
1.46664
1.46664
1.46664
1.46663
1.46663
1.46663
1.46663
1.46662
1.46662
1.46662
1.46662
1.46662
1.46662
1.46662
1.46662
1.46662
1.46662
1.46662
1.46662
1.46662
1.46662
1.46662
1.46662
1.46662
1.46663
1.46663
1.46663
1.46664
1.46664
1.46664
1.46664
1.46664
1.46664
1.46665
1.46665
1.46665
1.46665
1.46665
1.46666
1.46666
1.46666
1.46666
1.46666
1.46667
1.46667
1.46667
1.46667
1.46668
1.46668
1.46668
1.46669
1.46669
1.46669
1.46669
1.46669
1.4667
1.4667
1.4667
1.46671
1.46671
1.46671
1.46671
1.46672
1.46672
1.46672
1.46672
1.46672
1.46673
1.46673
1.46673
1.46673
1.46673
1.46673
1.46674
1.46674
1.46674
1.46675
1.46675
1.46675
1.46675
1.46675
1.46676
1.46676
1.46676
1.46677
1.46677
1.46677
1.46677
1.46678
1.46677
1.46678
1.46678
1.46678
1.46678
1.46679
1.46679
1.46679
1.46679
1.46679
1.4668
1.4668
1.4668
1.4668
1.4668
1.46681
1.46681
1.46681
1.46681
1.46681
1.46681
1.46681
1.4668
1.4668
1.4668
1.4668
1.4668
1.46679
1.46679
1.46679
1.46678
1.46678
1.46678
1.46677
1.46677
1.46676
1.46676
1.46675
1.46675
1.46675
1.46674
1.46674
1.46673
1.46672
1.46671
1.46669
1.46668
1.46667
1.46666
1.46665
1.46663
1.46662
1.4666
1.46659
1.46658
1.46656
1.46655
1.46654
1.46652
1.46651
1.4665
1.46648
1.46647
1.46646
1.46644
1.46643
1.46642
1.4664
1.46639
1.46638
1.46637
1.46635
1.46634
1.46633
1.46632
1.46631
1.46631
1.4663
1.46629
1.46628
1.46627
1.46627
1.46626
1.46625
1.46625
1.46624
1.46624
1.46624
1.46623
1.46624
1.46623
1.46623
1.46623
1.46623
1.46623
1.46623
1.46624
1.46624
1.46624
1.46624
1.46625
1.46625
1.46625
1.46625
1.46625
1.46626
1.46626
1.46627
1.46627
1.46628
1.46628
1.46629
1.46629
1.4663
1.46631
1.46631
1.46632
1.46632
1.46633
1.46634
1.46634
1.46635
1.46636
1.46636
1.46637
1.46638
1.46638
1.46639
1.46639
1.4664
1.46641
1.46642
1.46642
1.46643
1.46644
1.46644
1.46645
1.46645
1.46646
1.46646
1.46646
1.46647
1.46647
1.46648
1.46649
1.46649
1.4665
1.4665
1.4665
1.46651
1.46651
1.46652
1.46652
1.46652
1.46653
1.46653
1.46654
1.46654
1.46654
1.46654
1.46655
1.46655
1.46655
1.46656
1.46656
1.46656
1.46656
1.46656
1.46657
1.46657
1.46657
1.46657
1.46657
1.46658
1.46658
1.46658
1.46658
1.46658
1.46658
1.46659
1.46659
1.46658
1.46658
1.46658
1.46658
1.46657
1.46658
1.46658
1.46658
1.46658
1.46657
1.46657
1.46657
1.46657
1.46657
1.46657
1.46656
1.46656
1.46656
1.46655
1.46655
1.46654
1.46654
1.46654
1.46653
1.46652
1.46652
1.46651
1.46651
1.4665
1.46649
1.46649
1.46648
1.46648
1.46647
1.46646
1.46646
1.46645
1.46644
1.46643
1.46642
1.46642
1.46641
1.46641
1.4664
1.4664
1.46639
1.46639
1.46638
1.46637
1.46637
1.46636
1.46635
1.46635
1.46634
1.46633
1.46633
1.46632
1.46632
1.46631
1.4663
1.4663
1.46629
1.46628
1.46628
1.46628
1.46627
1.46627
1.46626
1.46626
1.46625
1.46625
1.46625
1.46625
1.46625
1.46625
1.46625
1.46624
1.46624
1.46624
1.46624
1.46624
1.46624
1.46624
1.46624
1.46624
1.46624
1.46623
1.46623
1.46623
1.46624
1.46624
1.46624
1.46624
1.46624
1.46624
1.46624
1.46624
1.46625
1.46625
1.46626
1.46626
1.46626
1.46627
1.46627
1.46627
1.46627
1.46628
1.46628
1.46629
1.46629
1.46629
1.4663
1.4663
1.46631
1.46631
1.46632
1.46632
1.46633
1.46633
1.46634
1.46634
1.46635
1.46635
1.46636
1.46636
1.46637
1.46637
1.46638
1.46638
1.46638
1.46639
1.46639
1.4664
1.4664
1.46641
1.46641
1.46642
1.46642
1.46643
1.46643
1.46644
1.46644
1.46645
1.46645
1.46645
1.46646
1.46646
1.46647
1.46647
1.46647
1.46648
1.46648
1.46648
1.46648
1.46649
1.4665
1.4665
1.46651
1.46651
1.46651
1.46652
1.46652
1.46652
1.46653
1.46653
1.46654
1.46654
1.46654
1.46655
1.46655
1.46655
1.46656
1.46656
1.46656
1.46657
1.46657
1.46658
1.46658
1.46658
1.46659
1.46659
1.46659
1.46659
1.4666
1.4666
1.46661
1.46661
1.46662
1.46662
1.46662
1.46663
1.46663
1.46664
1.46664
1.46665
1.46665
1.46666
1.46667
1.46667
1.46668
1.46668
1.46669
1.46669
1.4667
1.4667
1.46671
1.46671
1.46672
1.46673
1.46674
1.46675
1.46675
1.46676
1.46677
1.46677
1.46678
1.46679
1.4668
1.46681
1.46681
1.46682
1.46683
1.46684
1.46685
1.46686
1.46687
1.46688
1.46689
1.4669
1.46691
1.46692
1.46693
1.46694
1.46695
1.46696
1.46698
1.46699
1.467
1.46701
1.46702
1.46703
1.46705
1.46705
1.46707
1.46708
1.46709
1.4671
1.46711
1.46713
1.46714
1.46716
1.46717
1.46718
1.46719
1.46721
1.46722
1.46723
1.46724
1.46725
1.46726
1.46726
1.46728
1.46728
1.46729
1.4673
1.46731
1.46731
1.46732
1.46732
1.46733
1.46733
1.46734
1.46734
1.46734
1.46734
1.46734
1.46734
1.46734
1.46733
1.46732
1.46731
1.46731
1.4673
1.46729
1.46728
1.46726
1.46724
1.46723
1.46721
1.46718
1.46716
1.46715
1.46713
1.4671
1.46708
1.46705
1.46702
1.46699
1.46696
1.46693
1.46691
1.46688
1.46684
1.46681
1.46678
1.46674
1.46671
1.46667
1.46664
1.46661
1.46658
1.46654
1.46651
1.46648
1.46645
1.46642
1.46639
1.46636
1.46633
1.46631
1.46628
1.46625
1.46622
1.4662
1.46618
1.46615
1.46613
1.46611
1.46609
1.46607
1.46606
1.46604
1.46603
1.46601
1.466
1.46599
1.46598
1.46597
1.46596
1.46596
1.46595
1.46594
1.46594
1.46594
1.46594
1.46593
1.46593
1.46594
1.46593
1.46593
1.46593
1.46593
1.46594
1.46594
1.46594
1.46594
1.46594
1.46595
1.46595
1.46595
1.46596
1.46596
1.46596
1.46597
1.46597
1.46598
1.46598
1.46599
1.466
1.466
1.466
1.46601
1.46601
1.46602
1.46602
1.46603
1.46603
1.46604
1.46604
1.46604
1.46605
1.46606
1.46606
1.46607
1.46607
1.46607
1.46608
1.46608
1.46609
1.46609
1.4661
1.4661
1.46611
1.46611
1.46612
1.46612
1.46613
1.46613
1.46614
1.46615
1.46616
1.46616
1.46617
1.46617
1.46618
1.46619
1.4662
1.46621
1.46622
1.46622
1.46623
1.46624
1.46625
1.46626
1.46627
1.46628
1.46628
1.46629
1.4663
1.46631
1.46632
1.46632
1.46633
1.46634
1.46635
1.46635
1.46636
1.46637
1.46638
1.46639
1.4664
1.4664
1.46641
1.46642
1.46642
1.46643
1.46643
1.46644
1.46645
1.46645
1.46646
1.46646
1.46646
1.46647
1.46647
1.46647
1.46647
1.46648
1.46648
1.46648
1.46648
1.46648
1.46648
1.46648
1.46648
1.46648
1.46648
1.46648
1.46647
1.46647
1.46647
1.46646
1.46646
1.46645
1.46645
1.46644
1.46644
1.46643
1.46643
1.46642
1.46641
1.46641
1.4664
1.46639
1.46638
1.46638
1.46637
1.46636
1.46635
1.46634
1.46634
1.46633
1.46632
1.46631
1.4663
1.4663
1.46629
1.46629
1.46628
1.46627
1.46627
1.46626
1.46625
1.46625
1.46624
1.46624
1.46623
1.46623
1.46623
1.46622
1.46621
1.46621
1.46621
1.4662
1.4662
1.4662
1.4662
1.4662
1.4662
1.4662
1.46619
1.46619
1.46619
1.46618
1.46619
1.46619
1.46619
1.46619
1.46619
1.46619
1.46619
1.46619
1.4662
1.4662
1.4662
1.4662
1.46621
1.46621
1.46622
1.46622
1.46622
1.46623
1.46623
1.46624
1.46624
1.46624
1.46625
1.46625
1.46625
1.46626
1.46627
1.46627
1.46628
1.46629
1.46629
1.4663
1.4663
1.46631
1.46632
1.46632
1.46633
1.46634
1.46634
1.46634
1.46635
1.46635
1.46636
1.46636
1.46636
1.46637
1.46638
1.46639
1.46639
1.4664
1.4664
1.46641
1.46641
1.46642
1.46642
1.46643
1.46643
1.46644
1.46644
1.46644
1.46645
1.46646
1.46646
1.46647
1.46647
1.46648
1.46649
1.46649
1.46649
1.4665
1.46651
1.46652
1.46652
1.46653
1.46653
1.46654
1.46654
1.46655
1.46655
1.46656
1.46656
1.46656
1.46656
1.46657
1.46657
1.46657
1.46658
1.46658
1.46658
1.46659
1.46659
1.4666
1.4666
1.4666
1.46661
1.46662
1.46662
1.46662
1.46663
1.46663
1.46664
1.46664
1.46664
1.46665
1.46665
1.46665
1.46666
1.46666
1.46667
1.46667
1.46668
1.46668
1.46668
1.46668
1.46669
1.46669
1.4667
1.4667
1.4667
1.46671
1.46671
1.46671
1.46672
1.46672
1.46673
1.46673
1.46674
1.46674
1.46674
1.46675
1.46675
1.46676
1.46676
1.46676
1.46677
1.46677
1.46677
1.46678
1.46678
1.46679
1.46679
1.4668
1.4668
1.4668
1.46681
1.46681
1.46681
1.46681
1.46682
1.46682
1.46682
1.46682
1.46683
1.46683
1.46683
1.46683
1.46684
1.46684
1.46684
1.46684
1.46685
1.46685
1.46685
1.46686
1.46686
1.46686
1.46687
1.46687
1.46687
1.46687
1.46688
1.46688
1.46688
1.46689
1.46689
1.46689
1.4669
1.4669
1.4669
1.4669
1.4669
1.46691
1.46691
1.46691
1.46692
1.46692
1.46692
1.46692
1.46693
1.46693
1.46693
1.46693
1.46693
1.46693
1.46693
1.46694
1.46694
1.46695
1.46695
1.46695
1.46695
1.46695
1.46695
1.46695
1.46695
1.46695
1.46695
1.46695
1.46695
1.46695
1.46695
1.46695
1.46695
1.46695
1.46696
1.46696
1.46696
1.46696
1.46696
1.46696
1.46696
1.46696
1.46696
1.46696
1.46696
1.46696
1.46696
1.46696
1.46696
1.46695
1.46695
1.46695
1.46695
1.46695
1.46695
1.46694
1.46694
1.46694
1.46694
1.46693
1.46693
1.46692
1.46692
1.46692
1.46691
1.46691
1.46691
1.4669
1.4669
1.46689
1.46689
1.46688
1.46688
1.46687
1.46686
1.46685
1.46684
1.46684
1.46683
1.46683
1.46682
1.46681
1.46681
1.4668
1.46679
1.46678
1.46677
1.46676
1.46675
1.46674
1.46673
1.46672
1.46671
1.4667
1.46669
1.46668
1.46666
1.46665
1.46664
1.46663
1.46662
1.46661
1.46659
1.46658
1.46657
1.46656
1.46655
1.46653
1.46652
1.46651
1.4665
1.46648
1.46647
1.46646
1.46645
1.46644
1.46643
1.46642
1.46641
1.4664
1.46639
1.46638
1.46637
1.46636
1.46635
1.46634
1.46633
1.46633
1.46632
1.46631
1.46631
1.4663
1.4663
1.46629
1.46629
1.46628
1.46628
1.46628
1.46628
1.46627
1.46627
1.46627
1.46627
1.46627
1.46627
1.46626
1.46626
1.46626
1.46626
1.46626
1.46626
1.46627
1.46627
1.46627
1.46628
1.46628
1.46628
1.46629
1.46629
1.4663
1.4663
1.46631
1.46631
1.46632
1.46632
1.46633
1.46634
1.46634
1.46635
1.46635
1.46636
1.46636
1.46637
1.46638
1.46639
1.4664
1.4664
1.46641
1.46642
1.46642
1.46643
1.46644
1.46645
1.46645
1.46646
1.46647
1.46648
1.46648
1.46649
1.46649
1.46651
1.46651
1.46651
1.46652
1.46653
1.46653
1.46653
1.46654
1.46654
1.46655
1.46655
1.46656
1.46656
1.46657
1.46657
1.46657
1.46658
1.46658
1.46659
1.46659
1.46659
1.4666
1.4666
1.4666
1.46661
1.46661
1.46661
1.46662
1.46662
1.46662
1.46662
1.46663
1.46663
1.46663
1.46663
1.46663
1.46663
1.46663
1.46663
1.46663
1.46663
1.46663
1.46663
1.46663
1.46663
1.46663
1.46663
1.46663
1.46663
1.46663
1.46663
1.46662
1.46662
1.46662
1.46662
1.46662
1.46662
1.46662
1.46661
1.46661
1.46661
1.46661
1.46661
1.46661
1.4666
1.4666
1.4666
1.46659
1.46659
1.46659
1.46659
1.46659
1.46658
1.46658
1.46658
1.46658
1.46658
1.46657
1.46657
1.46657
1.46656
1.46656
1.46656
1.46655
1.46655
1.46655
1.46654
1.46654
1.46654
1.46654
1.46653
1.46653
1.46652
1.46652
1.46652
1.46652
1.46651
1.46651
1.4665
1.4665
1.4665
1.4665
1.46649
1.46649
1.46649
1.46649
1.46649
1.46648
1.46648
1.46648
1.46648
1.46648
1.46647
1.46647
1.46647
1.46646
1.46646
1.46646
1.46646
1.46646
1.46646
1.46645
1.46645
1.46645
1.46645
1.46645
1.46645
1.46645
1.46645
1.46644
1.46644
1.46644
1.46644
1.46644
1.46644
1.46644
1.46644
1.46644
1.46644
1.46644
1.46644
1.46644
1.46644
1.46644
1.46644
1.46644
1.46644
1.46644
1.46644
1.46644
1.46644
1.46644
1.46644
1.46644
1.46644
1.46644
1.46644
1.46644
1.46644
1.46644
1.46644
1.46645
1.46645
1.46645
1.46645
1.46645
1.46645
1.46646
1.46646
1.46646
1.46646
1.46646
1.46647
1.46647
1.46647
1.46648
1.46648
1.46648
1.46648
1.46649
1.46649
1.46649
1.46649
1.4665
1.4665
1.4665
1.46651
1.46651
1.46652
1.46652
1.46652
1.46653
1.46653
1.46653
1.46654
1.46654
1.46654
1.46654
1.46655
1.46655
1.46656
1.46656
1.46656
1.46657
1.46657
1.46657
1.46658
1.46659
1.46659
1.46659
1.4666
1.4666
1.46661
1.46661
1.46661
1.46662
1.46662
1.46662
1.46663
1.46664
1.46664
1.46665
1.46665
1.46666
1.46666
1.46667
1.46667
1.46668
1.46669
1.46669
1.4667
1.4667
1.46671
1.46672
1.46672
1.46673
1.46673
1.46674
1.46674
1.46675
1.46676
1.46677
1.46677
1.46678
1.46678
1.46679
1.4668
1.46681
1.46681
1.46682
1.46683
1.46683
1.46684
1.46685
1.46686
1.46686
1.46687
1.46688
1.46689
1.46689
1.46691
1.46692
1.46693
1.46693
1.46694
1.46695
1.46696
1.46697
1.46698
1.46699
1.467
1.46701
1.46702
1.46703
1.46703
1.46704
1.46705
1.46706
1.46707
1.46708
1.46709
1.4671
1.46712
1.46712
1.46713
1.46714
1.46715
1.46716
1.46717
1.46719
1.46719
1.4672
1.46722
1.46723
1.46724
1.46725
1.46726
1.46728
1.46729
1.4673
1.46731
1.46732
1.46734
1.46735
1.46736
1.46737
1.46739
1.4674
1.46741
1.46742
1.46743
1.46744
1.46745
1.46746
1.46747
1.46748
1.46749
1.4675
1.46751
1.46752
1.46752
1.46753
1.46753
1.46754
1.46755
1.46755
1.46756
1.46756
1.46757
1.46757
1.46757
1.46757
1.46757
1.46757
1.46756
1.46756
1.46756
1.46755
1.46754
1.46753
1.46753
1.46752
1.46751
1.4675
1.46749
1.46747
1.46746
1.46744
1.46743
1.46741
1.46739
1.46737
1.46734
1.46732
1.4673
1.46727
1.46724
1.46721
1.46718
1.46716
1.46712
1.46709
1.46705
1.46702
1.46699
1.46696
1.46692
1.46689
1.46685
1.46682
1.46678
1.46674
1.46671
1.46667
1.46663
1.46659
1.46656
1.46652
1.46648
1.46644
1.46641
1.46637
1.46634
1.46631
1.46627
1.46624
1.46621
1.46618
1.46614
1.46611
1.46608
1.46605
1.46602
1.466
1.46598
1.46595
1.46593
1.46591
1.46589
1.46587
1.46585
1.46583
1.46582
1.46581
1.4658
1.46579
1.46578
1.46577
1.46576
1.46576
1.46575
1.46575
1.46574
1.46574
1.46574
1.46573
1.46573
1.46574
1.46574
1.46574
1.46574
1.46575
1.46575
1.46575
1.46576
1.46576
1.46577
1.46578
1.46578
1.4658
1.46581
1.46581
1.46582
1.46583
1.46584
1.46585
1.46586
1.46587
1.46588
1.46589
1.4659
1.46591
1.46592
1.46594
1.46595
1.46596
1.46597
1.46599
1.466
1.46601
1.46603
1.46604
1.46605
1.46606
1.46608
1.46609
1.4661
1.46611
1.46612
1.46613
1.46614
1.46616
1.46617
1.46618
1.46619
1.4662
1.46621
1.46622
1.46623
1.46624
1.46625
1.46626
1.46627
1.46628
1.46629
1.4663
1.46631
1.46632
1.46633
1.46634
1.46635
1.46636
1.46636
1.46637
1.46638
1.46639
1.4664
1.46641
1.46642
1.46642
1.46643
1.46643
1.46644
1.46645
1.46645
1.46646
1.46647
1.46648
1.46649
1.4665
1.4665
1.46651
1.46652
1.46653
1.46653
1.46654
1.46655
1.46655
1.46656
1.46657
1.46657
1.46658
1.46658
1.46659
1.46659
1.4666
1.4666
1.4666
1.46661
1.46662
1.46662
1.46663
1.46663
1.46663
1.46664
1.46664
1.46665
1.46665
1.46666
1.46666
1.46667
1.46667
1.46668
1.46669
1.46669
1.46669
1.4667
1.4667
1.46671
1.46672
1.46673
1.46673
1.46674
1.46674
1.46674
1.46675
1.46675
1.46676
1.46676
1.46677
1.46677
1.46678
1.46678
1.46678
1.46679
1.4668
1.4668
1.46681
1.46681
1.46682
1.46682
1.46683
1.46683
1.46684
1.46685
1.46685
1.46685
1.46686
1.46687
1.46687
1.46688
1.46689
1.4669
1.4669
1.46691
1.46691
1.46692
1.46693
1.46694
1.46694
1.46694
1.46695
1.46695
1.46696
1.46697
1.46698
1.46698
1.46699
1.467
1.467
1.46701
1.46702
1.46703
1.46704
1.46705
1.46706
1.46707
1.46707
1.46708
1.46709
1.4671
1.46711
1.46712
1.46712
1.46713
1.46714
1.46715
1.46716
1.46717
1.46718
1.46719
1.4672
1.46721
1.46722
1.46723
1.46724
1.46725
1.46726
1.46727
1.46728
1.46729
1.4673
1.46731
1.46732
1.46732
1.46733
1.46734
1.46735
1.46735
1.46736
1.46737
1.46737
1.46738
1.46738
1.46739
1.46739
1.4674
1.4674
1.4674
1.4674
1.4674
1.46741
1.46741
1.46741
1.46741
1.4674
1.4674
1.4674
1.4674
1.46739
1.46739
1.46738
1.46737
1.46736
1.46735
1.46734
1.46734
1.46733
1.46732
1.46731
1.4673
1.46728
1.46726
1.46725
1.46724
1.46722
1.4672
1.46719
1.46717
1.46715
1.46714
1.46712
1.4671
1.46708
1.46706
1.46704
1.46703
1.467
1.46698
1.46696
1.46694
1.46693
1.46691
1.46689
1.46687
1.46685
1.46683
1.46681
1.46679
1.46677
1.46675
1.46673
1.46672
1.4667
1.46668
1.46667
1.46665
1.46664
1.46662
1.46661
1.4666
1.46658
1.46657
1.46656
1.46654
1.46653
1.46652
1.4665
1.4665
1.46649
1.46649
1.46648
1.46647
1.46647
1.46646
1.46645
1.46645
1.46645
1.46644
1.46644
1.46644
1.46644
1.46644
1.46644
1.46644
1.46644
1.46644
1.46645
1.46645
1.46645
1.46645
1.46646
1.46646
1.46647
1.46647
1.46648
1.46649
1.46649
1.4665
1.46651
1.46652
1.46652
1.46653
1.46655
1.46655
1.46656
1.46657
1.46658
1.46659
1.46659
1.4666
1.46661
1.46661
1.46662
1.46663
1.46663
1.46664
1.46665
1.46665
1.46666
1.46666
1.46666
1.46667
1.46667
1.46668
1.46668
1.46668
1.46668
1.46667
1.46667
1.46667
1.46666
1.46666
1.46665
1.46665
1.46664
1.46664
1.46663
1.46661
1.4666
1.46659
1.46658
1.46656
1.46655
1.46653
1.46652
1.4665
1.46648
1.46646
1.46644
1.46643
1.46641
1.46639
1.46637
1.46635
1.46633
1.46631
1.46629
1.46627
1.46626
1.46624
1.46622
1.4662
1.46619
1.46617
1.46615
1.46614
1.46612
1.4661
1.46609
1.46608
1.46606
1.46605
1.46604
1.46603
1.46602
1.46601
1.46601
1.466
1.466
1.46599
1.46599
1.46598
1.46598
1.46598
1.46598
1.46598
1.46598
1.46598
1.46598
1.46598
1.46599
1.46599
1.46599
1.466
1.46601
1.46601
1.46602
1.46603
1.46604
1.46604
1.46605
1.46606
1.46607
1.46608
1.46609
1.4661
1.46611
1.46612
1.46613
1.46614
1.46616
1.46617
1.46618
1.46619
1.46621
1.46622
1.46623
1.46625
1.46626
1.46627
1.46628
1.4663
1.46631
1.46633
1.46634
1.46636
1.46637
1.46638
1.46639
1.46641
1.46642
1.46644
1.46645
1.46646
1.46648
1.46649
1.46651
1.46652
1.46653
1.46655
1.46656
1.46658
1.46659
1.4666
1.46661
1.46663
1.46664
1.46665
1.46666
1.46668
1.46669
1.4667
1.46671
1.46672
1.46674
1.46675
1.46676
1.46677
1.46678
1.46679
1.4668
1.46681
1.46682
1.46683
1.46683
1.46684
1.46685
1.46687
1.46687
1.46688
1.46689
1.4669
1.46691
1.46692
1.46692
1.46693
1.46694
1.46695
1.46696
1.46696
1.46696
1.46697
1.46697
1.46698
1.46699
1.46699
1.467
1.467
1.46701
1.46701
1.46701
1.46702
1.46702
1.46702
1.46703
1.46703
1.46704
1.46704
1.46704
1.46704
1.46704
1.46704
1.46704
1.46705
1.46705
1.46705
1.46705
1.46704
1.46704
1.46704
1.46704
1.46704
1.46703
1.46703
1.46703
1.46703
1.46703
1.46702
1.46702
1.46701
1.46702
1.46701
1.46701
1.467
1.467
1.46699
1.46699
1.46698
1.46698
1.46698
1.46697
1.46697
1.46696
1.46696
1.46696
1.46695
1.46694
1.46694
1.46693
1.46693
1.46692
1.46691
1.46691
1.46691
1.4669
1.46689
1.46689
1.46687
1.46687
1.46686
1.46685
1.46685
1.46684
1.46683
1.46683
1.46683
1.46682
1.46682
1.46681
1.46681
1.4668
1.4668
1.4668
1.46679
1.46679
1.46678
1.46678
1.46677
1.46677
1.46677
1.46676
1.46676
1.46676
1.46675
1.46675
1.46675
1.46674
1.46674
1.46673
1.46673
1.46672
1.46672
1.46672
1.46672
1.46672
1.46671
1.46671
1.46671
1.46671
1.46671
1.46671
1.4667
1.4667
1.4667
1.4667
1.4667
1.4667
1.46669
1.46669
1.46669
1.46669
1.46669
1.46669
1.46669
1.46669
1.46669
1.46669
1.46669
1.46669
1.46668
1.46668
1.46668
1.46668
1.46668
1.46668
1.46668
1.46668
1.46668
1.46668
1.46668
1.46668
1.46668
1.46668
1.46667
1.46667
1.46667
1.46667
1.46667
1.46667
1.46667
1.46666
1.46666
1.46666
1.46666
1.46665
1.46666
1.46665
1.46665
1.46665
1.46665
1.46664
1.46664
1.46664
1.46664
1.46663
1.46663
1.46663
1.46662
1.46662
1.46662
1.46662
1.46661
1.46661
1.46661
1.46661
1.46661
1.46661
1.46661
1.46661
1.4666
1.4666
1.4666
1.4666
1.46659
1.46659
1.46659
1.46659
1.46659
1.46659
1.46659
1.46659
1.46659
1.46659
1.46658
1.46658
1.46658
1.46658
1.46658
1.46658
1.46658
1.46658
1.46658
1.46658
1.46658
1.46658
1.46658
1.46658
1.46658
1.46658
1.46658
1.46658
1.46658
1.46658
1.46658
1.46658
1.46658
1.46659
1.46659
1.46659
1.46659
1.46659
1.46659
1.46659
1.46659
1.4666
1.4666
1.46661
1.46661
1.46661
1.46661
1.46661
1.46661
1.46661
1.46661
1.46661
1.46661
1.46662
1.46662
1.46662
1.46662
1.46663
1.46663
1.46663
1.46663
1.46664
1.46664
1.46664
1.46664
1.46665
1.46665
1.46665
1.46665
1.46666
1.46666
1.46666
1.46666
1.46666
1.46667
1.46667
1.46666
1.46667
1.46667
1.46667
1.46668
1.46668
1.46668
1.46668
1.46668
1.46669
1.46669
1.46669
1.46669
1.46669
1.46669
1.46669
1.46669
1.46669
1.4667
1.4667
1.4667
1.4667
1.4667
1.46671
1.46671
1.46671
1.46672
1.46672
1.46672
1.46672
1.46672
1.46672
1.46673
1.46673
1.46673
1.46673
1.46674
1.46674
1.46674
1.46675
1.46674
1.46674
1.46675
1.46675
1.46676
1.46676
1.46676
1.46676
1.46676
1.46677
1.46677
1.46677
1.46677
1.46678
1.46678
1.46678
1.46679
1.46679
1.46679
1.4668
1.4668
1.4668
1.46681
1.46681
1.46681
1.46682
1.46682
1.46683
1.46683
1.46684
1.46684
1.46684
1.46685
1.46685
1.46686
1.46686
1.46687
1.46688
1.46688
1.46688
1.46689
1.46689
1.46689
1.4669
1.4669
1.46691
1.46691
1.46691
1.46691
1.46692
1.46692
1.46692
1.46692
1.46692
1.46692
1.46693
1.46693
1.46693
1.46693
1.46693
1.46693
1.46693
1.46693
1.46693
1.46693
1.46693
1.46693
1.46693
1.46693
1.46693
1.46693
1.46694
1.46694
1.46694
1.46694
1.46693
1.46693
1.46693
1.46693
1.46693
1.46693
1.46693
1.46693
1.46693
1.46693
1.46693
1.46693
1.46693
1.46693
1.46693
1.46693
1.46693
1.46693
1.46693
1.46694
1.46694
1.46694
1.46695
1.46695
1.46695
1.46695
1.46696
1.46696
1.46697
1.46698
1.46698
1.46699
1.46699
1.467
1.46701
1.46701
1.46702
1.46703
1.46704
1.46705
1.46707
1.46708
1.46709
1.46711
1.46712
1.46713
1.46715
1.46716
1.46718
1.4672
1.46722
1.46724
1.46726
1.46727
1.46729
1.46731
1.46733
1.46735
1.46737
1.46739
1.46741
1.46743
1.46746
1.46748
1.4675
1.46752
1.46754
1.46757
1.46759
1.46761
1.46763
1.46765
1.46767
1.46769
1.46771
1.46773
1.46775
1.46777
1.46779
1.46781
1.46783
1.46784
1.46786
1.46788
1.46789
1.4679
1.46791
1.46793
1.46794
1.46794
1.46795
1.46796
1.46796
1.46797
1.46797
1.46797
1.46797
1.46797
1.46797
1.46797
1.46796
1.46795
1.46795
1.46793
1.46792
1.46791
1.4679
1.46788
1.46786
1.46784
1.46782
1.4678
1.46777
1.46775
1.46772
1.46769
1.46767
1.46764
1.4676
1.46757
1.46754
1.4675
1.46747
1.46743
1.46739
1.46735
1.46731
1.46727
1.46723
1.46718
1.46714
1.4671
1.46706
1.46701
1.46697
1.46693
1.46688
1.46683
1.46679
1.46675
1.46671
1.46666
1.46662
1.46658
1.46653
1.46649
1.46645
1.46641
1.46637
1.46633
1.46629
1.46625
1.46621
1.46617
1.46614
1.4661
1.46607
1.46603
1.466
1.46596
1.46593
1.4659
1.46587
1.46584
1.46581
1.46579
1.46576
1.46574
1.46572
1.46569
1.46567
1.46565
1.46563
1.46562
1.4656
1.46558
1.46557
1.46555
1.46554
1.46553
1.46552
1.4655
1.46549
1.46548
1.46548
1.46547
1.46547
1.46546
1.46546
1.46546
1.46546
1.46546
1.46546
1.46546
1.46546
1.46546
1.46546
1.46546
1.46547
1.46547
1.46548
1.46548
1.46549
1.46549
1.4655
1.46551
1.46552
1.46553
1.46554
1.46555
1.46556
1.46557
1.46558
1.46559
1.4656
1.46562
1.46563
1.46564
1.46566
1.46567
1.46568
1.4657
1.46572
1.46573
1.46575
1.46576
1.46577
1.46579
1.4658
1.46582
1.46582
1.46584
1.46586
1.46587
1.46589
1.4659
1.46592
1.46593
1.46595
1.46596
1.46598
1.46599
1.46601
1.46602
1.46604
1.46605
1.46607
1.46608
1.46609
1.4661
1.46612
1.46613
1.46614
1.46615
1.46618
1.46619
1.4662
1.46622
1.46623
1.46625
1.46626
1.46628
1.46629
1.46631
1.46632
1.46634
1.46635
1.46636
1.46638
1.46639
1.46641
1.46642
1.46644
1.46645
1.46646
1.46648
1.46649
1.4665
1.46652
1.46653
1.46655
1.46656
1.46658
1.46659
1.4666
1.46662
1.46663
1.46665
1.46666
1.46668
1.46669
1.46671
1.46672
1.46674
1.46676
1.46677
1.46679
1.46681
1.46683
1.46684
1.46685
1.46687
1.46688
1.4669
1.46692
1.46694
1.46695
1.46697
1.46699
1.467
1.46702
1.46704
1.46705
1.46707
1.46709
1.4671
1.46712
1.46714
1.46716
1.46717
1.46719
1.46721
1.46723
1.46724
1.46726
1.46727
1.46729
1.4673
1.46732
1.46733
1.46735
1.46736
1.46738
1.4674
1.46742
1.46744
1.46745
1.46747
1.46749
1.4675
1.46752
1.46753
1.46755
1.46757
1.46758
1.4676
1.46762
1.46763
1.46764
1.46766
1.46767
1.46769
1.4677
1.46771
1.46772
1.46773
1.46774
1.46775
1.46777
1.46778
1.46778
1.4678
1.4678
1.46781
1.46782
1.46783
1.46784
1.46784
1.46784
1.46786
1.46786
1.46786
1.46785
1.46785
1.46785
1.46785
1.46785
1.46785
1.46784
1.46784
1.46783
1.46783
1.46782
1.46781
1.4678
1.46779
1.46778
1.46777
1.46775
1.46774
1.46773
1.46771
1.4677
1.46768
1.46766
1.46764
1.46762
1.4676
1.46758
1.46756
1.46753
1.46751
1.46748
1.46746
1.46743
1.4674
1.46738
1.46735
1.46732
1.46729
1.46726
1.46724
1.46721
1.46718
1.46715
1.46711
1.46708
1.46705
1.46703
1.467
1.46697
1.46694
1.46691
1.46688
1.46685
1.46682
1.4668
1.46677
1.46674
1.46672
1.46669
1.46667
1.46664
1.46661
1.46659
1.46657
1.46655
1.46653
1.46651
1.46649
1.46647
1.46645
1.46643
1.46641
1.46639
1.46637
1.46636
1.46634
1.46633
1.46631
1.4663
1.46629
1.46628
1.46627
1.46626
1.46625
1.46624
1.46623
1.46623
1.46622
1.46621
1.46621
1.4662
1.4662
1.46619
1.46619
1.46618
1.46618
1.46617
1.46617
1.46616
1.46616
1.46616
1.46616
1.46616
1.46615
1.46615
1.46615
1.46615
1.46615
1.46615
1.46615
1.46615
1.46615
1.46615
1.46615
1.46615
1.46615
1.46615
1.46615
1.46615
1.46616
1.46616
1.46616
1.46616
1.46617
1.46617
1.46617
1.46618
1.46618
1.46618
1.46619
1.46619
1.46619
1.4662
1.4662
1.4662
1.46621
1.46621
1.46622
1.46622
1.46623
1.46623
1.46624
1.46625
1.46625
1.46626
1.46626
1.46627
1.46628
1.46629
1.4663
1.4663
1.46631
1.46632
1.46632
1.46633
1.46633
1.46634
1.46635
1.46635
1.46636
1.46637
1.46638
1.46638
1.46639
1.4664
1.4664
1.46641
1.46642
1.46643
1.46643
1.46644
1.46644
1.46645
1.46646
1.46647
1.46648
1.46648
1.46649
1.4665
1.46651
1.46652
1.46653
1.46653
1.46654
1.46655
1.46655
1.46656
1.46656
1.46657
1.46658
1.46658
1.46659
1.46659
1.4666
1.4666
1.46661
1.46661
1.46662
1.46662
1.46663
1.46663
1.46664
1.46664
1.46664
1.46665
1.46665
1.46666
1.46666
1.46666
1.46666
1.46667
1.46667
1.46667
1.46667
1.46668
1.46668
1.46668
1.46668
1.46669
1.46669
1.46669
1.46669
1.46669
1.46669
1.46669
1.4667
1.46669
1.46669
1.46669
1.4667
1.4667
1.4667
1.4667
1.46669
1.46669
1.46669
1.46669
1.46669
1.4667
1.4667
1.4667
1.4667
1.4667
1.4667
1.46671
1.4667
1.4667
1.4667
1.4667
1.4667
1.4667
1.4667
1.46671
1.46671
1.46672
1.46671
1.46671
1.46671
1.46672
1.46672
1.46672
1.46672
1.46672
1.46672
1.46672
1.46672
1.46672
1.46673
1.46672
1.46672
1.46672
1.46672
1.46673
1.46673
1.46673
1.46673
1.46673
1.46673
1.46673
1.46673
1.46673
1.46673
1.46673
1.46673
1.46674
1.46674
1.46674
1.46674
1.46675
1.46675
1.46675
1.46675
1.46675
1.46674
1.46674
1.46674
1.46674
1.46674
1.46674
1.46674
1.46674
1.46674
1.46674
1.46674
1.46674
1.46674
1.46674
1.46673
1.46673
1.46673
1.46673
1.46673
1.46673
1.46673
1.46673
1.46673
1.46673
1.46673
1.46674
1.46674
1.46674
1.46674
1.46673
1.46674
1.46674
1.46674
1.46674
1.46673
1.46673
1.46673
1.46673
1.46673
1.46673
1.46673
1.46673
1.46673
1.46673
1.46673
1.46673
1.46672
1.46672
1.46672
1.46672
1.46672
1.46672
1.46672
1.46672
1.46672
1.46671
1.46671
1.46671
1.4667
1.4667
1.4667
1.4667
1.4667
1.4667
1.4667
1.4667
1.46669
1.46669
1.46669
1.46669
1.46669
1.46669
1.46669
1.46669
1.4667
1.46669
1.4667
1.4667
1.4667
1.4667
1.4667
1.4667
1.46671
1.4667
1.46671
1.46671
1.46671
1.46671
1.46671
1.46671
1.46672
1.46672
1.46672
1.46672
1.46672
1.46672
1.46673
1.46673
1.46673
1.46673
1.46674
1.46674
1.46674
1.46674
1.46674
1.46675
1.46675
1.46676
1.46676
1.46676
1.46677
1.46677
1.46678
1.46678
1.46678
1.46679
1.46679
1.46679
1.4668
1.4668
1.4668
1.46681
1.46681
1.46681
1.46682
1.46682
1.46682
1.46682
1.46683
1.46683
1.46683
1.46683
1.46683
1.46684
1.46684
1.46684
1.46683
1.46683
1.46683
1.46683
1.46683
1.46682
1.46682
1.46682
1.46682
1.46682
1.46681
1.46681
1.46681
1.4668
1.4668
1.4668
1.46679
1.46679
1.46678
1.46677
1.46676
1.46676
1.46675
1.46675
1.46674
1.46673
1.46673
1.46672
1.46671
1.4667
1.4667
1.46669
1.46669
1.46668
1.46667
1.46666
1.46666
1.46665
1.46665
1.46664
1.46664
1.46664
1.46663
1.46663
1.46663
1.46662
1.46662
1.46662
1.46662
1.46662
1.46662
1.46662
1.46662
1.46662
1.46662
1.46662
1.46663
1.46663
1.46663
1.46664
1.46664
1.46665
1.46666
1.46666
1.46667
1.46668
1.46669
1.4667
1.46671
1.46673
1.46674
1.46675
1.46676
1.46678
1.4668
1.46681
1.46683
1.46685
1.46687
1.46688
1.4669
1.46691
1.46693
1.46694
1.46696
1.46698
1.467
1.46702
1.46704
1.46705
1.46707
1.46709
1.46711
1.46713
1.46715
1.46716
1.46719
1.46721
1.46723
1.46724
1.46726
1.46728
1.46729
1.46731
1.46733
1.46735
1.46736
1.46738
1.46739
1.46741
1.46742
1.46743
1.46744
1.46746
1.46747
1.46749
1.46749
1.4675
1.46751
1.46752
1.46753
1.46754
1.46754
1.46755
1.46755
1.46756
1.46756
1.46756
1.46756
1.46756
1.46756
1.46756
1.46755
1.46755
1.46755
1.46754
1.46753
1.46753
1.46752
1.46752
1.4675
1.46749
1.46748
1.46747
1.46745
1.46744
1.46742
1.4674
1.46739
1.46737
1.46735
1.46732
1.4673
1.46728
1.46726
1.46723
1.4672
1.46718
1.46715
1.46712
1.46709
1.46706
1.46703
1.467
1.46697
1.46694
1.46691
1.46688
1.46685
1.46682
1.46678
1.46675
1.46672
1.46669
1.46665
1.46662
1.46658
1.46655
1.46652
1.46648
1.46645
1.46642
1.46638
1.46635
1.46632
1.46629
1.46626
1.46623
1.4662
1.46617
1.46614
1.46611
1.46609
1.46606
1.46603
1.46601
1.46598
1.46596
1.46593
1.46591
1.46589
1.46587
1.46585
1.46583
1.46581
1.46579
1.46578
1.46576
1.46575
1.46573
1.46572
1.46571
1.4657
1.46569
1.46568
1.46567
1.46566
1.46565
1.46565
1.46564
1.46564
1.46563
1.46563
1.46563
1.46563
1.46563
1.46563
1.46563
1.46563
1.46564
1.46564
1.46565
1.46565
1.46566
1.46566
1.46567
1.46568
1.46569
1.4657
1.4657
1.46571
1.46572
1.46574
1.46575
1.46576
1.46577
1.46578
1.4658
1.46581
1.46582
