-0.333446
-0.333488
-0.333532
-0.333575
-0.333622
-0.33367
-0.333718
-0.333767
-0.333815
-0.333864
-0.333915
-0.333967
-0.33402
-0.334072
-0.334125
-0.334176
-0.334229
-0.334282
-0.334335
-0.334387
-0.334439
-0.33449
-0.33454
-0.334589
-0.334634
-0.334681
-0.334728
-0.334774
-0.334815
-0.334854
-0.33489
-0.334924
-0.334955
-0.334983
-0.335007
-0.335028
-0.335044
-0.335059
-0.335067
-0.33507
-0.335068
-0.33506
-0.335046
-0.335026
-0.335
-0.334967
-0.334926
-0.334875
-0.334819
-0.334753
-0.334679
-0.334596
-0.334502
-0.334401
-0.334286
-0.33416
-0.334022
-0.333872
-0.333709
-0.333533
-0.333342
-0.333137
-0.332917
-0.332683
-0.332429
-0.332158
-0.331871
-0.331566
-0.331243
-0.3309
-0.33054
-0.330157
-0.329752
-0.329323
-0.328877
-0.328404
-0.327911
-0.327393
-0.326848
-0.326279
-0.32568
-0.325057
-0.324404
-0.323726
-0.323019
-0.322284
-0.321521
-0.320728
-0.319905
-0.319056
-0.318174
-0.317262
-0.31632
-0.315349
-0.314347
-0.313316
-0.312257
-0.311168
-0.310047
-0.308903
-0.307732
-0.306538
-0.305317
-0.304073
-0.302806
-0.301517
-0.300211
-0.298888
-0.297549
-0.296197
-0.294835
-0.293463
-0.292086
-0.290703
-0.289321
-0.287942
-0.286568
-0.285203
-0.283847
-0.282507
-0.281187
-0.279888
-0.278611
-0.277366
-0.27615
-0.274973
-0.273831
-0.272736
-0.271682
-0.270677
-0.269723
-0.26882
-0.267975
-0.267189
-0.266463
-0.265799
-0.2652
-0.264668
-0.264199
-0.263798
-0.263462
-0.263196
-0.262995
-0.262864
-0.262797
-0.262798
-0.262866
-0.262994
-0.263184
-0.26343
-0.263734
-0.264103
-0.264517
-0.264976
-0.265487
-0.266043
-0.266641
-0.267279
-0.267954
-0.268659
-0.269395
-0.270162
-0.270946
-0.271754
-0.272579
-0.273424
-0.274281
-0.275146
-0.276023
-0.276906
-0.277794
-0.278686
-0.279577
-0.280468
-0.281353
-0.282237
-0.283116
-0.283989
-0.284854
-0.285712
-0.286562
-0.287401
-0.288229
-0.289047
-0.289856
-0.290649
-0.29143
-0.292202
-0.292962
-0.293706
-0.294442
-0.295167
-0.295878
-0.29658
-0.297271
-0.297953
-0.29862
-0.299276
-0.299925
-0.300564
-0.301199
-0.301819
-0.302429
-0.303033
-0.303631
-0.304222
-0.304803
-0.305377
-0.305944
-0.306506
-0.307063
-0.307613
-0.308158
-0.3087
-0.309235
-0.309765
-0.310291
-0.310813
-0.311332
-0.311845
-0.312356
-0.312865
-0.313371
-0.313876
-0.314376
-0.314875
-0.31537
-0.315864
-0.316353
-0.316842
-0.31733
-0.317816
-0.3183
-0.318788
-0.319267
-0.319749
-0.320227
-0.320701
-0.321176
-0.32165
-0.322123
-0.322596
-0.323066
-0.323534
-0.324003
-0.324469
-0.324933
-0.325395
-0.325856
-0.326314
-0.326772
-0.327227
-0.32768
-0.328129
-0.328579
-0.329023
-0.329468
-0.32991
-0.33035
-0.330784
-0.331218
-0.331651
-0.332076
-0.332497
-0.33292
-0.333336
-0.333746
-0.334154
-0.334557
-0.334955
-0.335349
-0.335737
-0.336119
-0.336495
-0.336864
-0.33723
-0.337586
-0.337932
-0.338272
-0.338605
-0.338928
-0.33924
-0.339548
-0.339842
-0.340124
-0.340402
-0.340663
-0.340911
-0.341147
-0.341369
-0.341577
-0.34177
-0.341945
-0.342106
-0.342249
-0.342374
-0.342481
-0.342565
-0.342631
-0.342673
-0.342693
-0.342693
-0.342666
-0.342614
-0.342537
-0.34243
-0.342293
-0.342126
-0.34193
-0.341699
-0.341433
-0.341131
-0.340788
-0.340414
-0.339998
-0.339541
-0.339044
-0.3385
-0.337911
-0.337276
-0.33659
-0.33586
-0.335077
-0.33424
-0.33335
-0.332408
-0.331411
-0.330359
-0.329249
-0.328083
-0.326859
-0.325577
-0.324236
-0.322836
-0.321383
-0.319871
-0.318303
-0.316678
-0.315002
-0.313278
-0.311503
-0.309682
-0.307819
-0.305919
-0.303982
-0.302015
-0.300023
-0.298011
-0.295987
-0.293954
-0.291921
-0.289895
-0.287883
-0.285894
-0.283936
-0.282018
-0.280152
-0.278338
-0.276593
-0.274924
-0.27334
-0.271852
-0.270464
-0.269187
-0.268027
-0.266993
-0.266091
-0.265324
-0.264698
-0.264224
-0.2639
-0.26373
-0.263714
-0.263853
-0.264147
-0.264592
-0.265189
-0.265934
-0.266819
-0.267841
-0.268998
-0.27028
-0.27168
-0.273188
-0.2748
-0.276505
-0.278294
-0.280162
-0.282093
-0.28408
-0.286116
-0.288193
-0.290298
-0.292427
-0.294569
-0.296715
-0.298859
-0.300994
-0.303116
-0.305215
-0.307283
-0.309325
-0.311327
-0.31329
-0.315204
-0.317074
-0.31889
-0.320655
-0.322362
-0.324012
-0.325602
-0.32713
-0.328597
-0.330002
-0.331344
-0.332628
-0.333853
-0.335012
-0.336114
-0.337154
-0.338135
-0.339054
-0.33992
-0.340727
-0.341481
-0.34218
-0.342823
-0.343414
-0.343955
-0.344443
-0.344884
-0.345281
-0.34563
-0.345933
-0.346193
-0.34641
-0.346587
-0.346723
-0.346817
-0.346876
-0.346898
-0.346884
-0.346835
-0.346753
-0.346637
-0.346492
-0.346315
-0.346103
-0.345866
-0.345596
-0.3453
-0.344979
-0.344626
-0.34425
-0.343851
-0.343427
-0.342977
-0.342503
-0.342001
-0.341482
-0.34094
-0.34038
-0.339799
-0.339195
-0.338574
-0.337928
-0.337264
-0.336583
-0.335885
-0.335169
-0.334434
-0.333685
-0.33292
-0.332137
-0.331341
-0.330531
-0.329709
-0.328869
-0.328019
-0.327156
-0.32628
-0.325392
-0.324494
-0.323591
-0.322679
-0.321755
-0.320825
-0.319887
-0.318943
-0.317993
-0.317039
-0.316081
-0.31512
-0.314157
-0.313193
-0.312232
-0.311271
-0.310311
-0.309353
-0.308398
-0.307448
-0.306504
-0.305567
-0.304638
-0.303716
-0.302808
-0.301911
-0.301024
-0.300156
-0.299302
-0.298463
-0.297643
-0.296841
-0.296059
-0.295298
-0.294559
-0.293839
-0.293146
-0.292481
-0.291845
-0.291232
-0.290648
-0.290095
-0.289573
-0.289083
-0.288624
-0.288196
-0.287801
-0.287441
-0.287117
-0.286826
-0.286573
-0.286356
-0.286175
-0.286029
-0.285923
-0.285851
-0.285816
-0.28582
-0.285857
-0.285931
-0.286042
-0.286187
-0.286366
-0.286579
-0.286826
-0.287106
-0.287418
-0.287762
-0.288138
-0.288542
-0.288978
-0.289438
-0.289926
-0.290437
-0.290975
-0.291536
-0.29212
-0.292726
-0.293351
-0.293996
-0.294658
-0.29534
-0.296034
-0.296743
-0.297468
-0.298204
-0.298952
-0.299706
-0.300469
-0.30124
-0.302018
-0.3028
-0.303588
-0.304378
-0.305171
-0.305966
-0.306762
-0.307557
-0.308351
-0.309144
-0.30993
-0.310717
-0.3115
-0.312279
-0.313053
-0.313818
-0.31458
-0.31534
-0.316088
-0.316829
-0.317562
-0.318286
-0.319002
-0.319709
-0.320406
-0.321095
-0.321776
-0.322447
-0.323105
-0.323756
-0.324394
-0.325027
-0.325645
-0.326254
-0.32685
-0.327436
-0.328009
-0.328571
-0.329126
-0.329669
-0.330203
-0.330723
-0.331234
-0.331736
-0.332228
-0.332711
-0.333184
-0.333644
-0.3341
-0.334543
-0.334978
-0.335403
-0.335819
-0.336224
-0.336623
-0.337013
-0.337395
-0.337768
-0.338134
-0.338489
-0.338841
-0.339181
-0.339516
-0.339844
-0.340164
-0.340478
-0.340787
-0.341088
-0.341382
-0.341669
-0.341951
-0.342224
-0.342494
-0.342756
-0.343012
-0.343266
-0.343514
-0.343757
-0.343995
-0.34423
-0.344461
-0.344688
-0.344909
-0.345125
-0.345335
-0.345542
-0.345742
-0.345941
-0.346136
-0.346327
-0.346512
-0.346696
-0.346874
-0.347051
-0.347224
-0.347397
-0.347566
-0.34773
-0.347891
-0.34805
-0.348207
-0.348359
-0.348508
-0.348654
-0.348796
-0.348937
-0.349074
-0.349206
-0.349335
-0.349464
-0.349591
-0.349714
-0.349833
-0.349949
-0.350062
-0.350175
-0.350285
-0.350392
-0.350497
-0.350599
-0.350699
-0.350795
-0.350889
-0.35098
-0.351069
-0.351154
-0.351239
-0.351319
-0.351396
-0.351471
-0.351542
-0.35161
-0.351675
-0.351738
-0.351792
-0.351846
-0.351896
-0.351946
-0.351993
-0.352036
-0.352076
-0.352111
-0.352144
-0.352177
-0.352203
-0.352224
-0.352244
-0.35226
-0.352272
-0.352281
-0.352286
-0.35229
-0.352285
-0.352279
-0.352269
-0.352255
-0.352237
-0.352215
-0.352189
-0.35216
-0.352126
-0.352088
-0.352046
-0.351997
-0.351947
-0.351893
-0.351836
-0.351773
-0.351706
-0.351635
-0.351557
-0.351474
-0.35139
-0.351299
-0.351209
-0.35111
-0.351008
-0.350905
-0.350793
-0.350679
-0.350558
-0.350433
-0.350307
-0.350173
-0.350036
-0.349899
-0.349754
-0.349605
-0.349456
-0.349301
-0.349143
-0.348981
-0.348814
-0.348645
-0.348474
-0.348297
-0.348117
-0.347934
-0.34775
-0.347561
-0.347368
-0.347173
-0.346975
-0.346774
-0.346571
-0.346365
-0.346155
-0.345945
-0.345733
-0.345517
-0.345297
-0.34508
-0.344859
-0.344635
-0.344414
-0.344193
-0.343973
-0.343748
-0.343522
-0.343298
-0.343075
-0.342851
-0.342625
-0.342405
-0.342182
-0.341961
-0.34174
-0.341523
-0.341302
-0.341085
-0.340872
-0.340659
-0.340447
-0.340238
-0.34003
-0.339825
-0.339623
-0.33942
-0.339223
-0.339029
-0.338835
-0.338647
-0.338462
-0.338281
-0.338103
-0.337931
-0.33776
-0.337595
-0.337432
-0.337275
-0.337117
-0.336963
-0.336815
-0.336669
-0.336529
-0.336394
-0.33626
-0.336131
-0.336008
-0.335889
-0.335774
-0.335666
-0.335564
-0.335463
-0.335365
-0.33527
-0.33518
-0.335093
-0.33501
-0.334933
-0.334858
-0.334784
-0.334715
-0.334655
-0.334596
-0.334534
-0.334479
-0.33443
-0.334384
-0.334339
-0.334297
-0.334257
-0.334221
-0.334185
-0.334154
-0.334125
-0.334099
-0.334075
-0.334056
-0.334037
-0.334016
-0.334001
-0.333991
-0.333983
-0.333974
-0.33397
-0.333965
-0.333962
-0.333961
-0.333962
-0.333964
-0.333969
-0.333977
-0.333987
-0.333998
-0.334009
-0.334019
-0.334036
-0.334051
-0.334069
-0.334088
-0.334111
-0.334133
-0.334157
-0.334186
-0.334213
-0.334242
-0.334269
-0.334304
-0.334336
-0.334373
-0.334414
-0.334454
-0.334497
-0.334543
-0.33459
-0.334641
-0.334692
-0.334745
-0.334802
-0.334857
-0.334917
-0.334979
-0.335043
-0.33511
-0.335179
-0.335249
-0.335323
-0.3354
-0.335479
-0.335561
-0.335647
-0.335732
-0.335822
-0.335914
-0.336011
-0.336106
-0.336206
-0.336309
-0.336415
-0.336522
-0.33664
-0.336756
-0.336869
-0.33699
-0.337113
-0.337236
-0.337361
-0.337489
-0.337617
-0.337754
-0.337892
-0.338028
-0.338167
-0.338309
-0.338452
-0.338597
-0.338743
-0.338894
-0.339047
-0.339201
-0.339354
-0.339509
-0.339665
-0.339822
-0.339978
-0.340137
-0.340298
-0.340459
-0.340621
-0.340783
-0.340946
-0.341109
-0.341271
-0.341435
-0.341598
-0.341767
-0.341931
-0.342094
-0.342255
-0.34242
-0.342582
-0.342744
-0.342905
-0.343062
-0.343221
-0.343379
-0.343535
-0.343691
-0.343847
-0.343999
-0.34415
-0.3443
-0.344447
-0.344593
-0.344734
-0.344876
-0.345016
-0.345154
-0.345289
-0.34542
-0.345551
-0.345679
-0.345806
-0.345929
-0.346053
-0.346171
-0.346292
-0.346407
-0.346518
-0.346626
-0.346731
-0.346833
-0.346933
-0.347029
-0.347123
-0.347217
-0.347305
-0.347393
-0.347473
-0.34755
-0.34763
-0.347704
-0.347775
-0.347844
-0.34791
-0.347975
-0.348036
-0.348092
-0.34815
-0.348202
-0.348253
-0.348301
-0.348349
-0.34839
-0.348431
-0.348469
-0.348506
-0.348538
-0.348571
-0.348601
-0.34863
-0.348655
-0.34868
-0.348706
-0.348728
-0.348746
-0.348765
-0.348781
-0.348798
-0.348816
-0.348833
-0.348846
-0.348859
-0.348874
-0.348885
-0.348896
-0.348909
-0.348921
-0.348933
-0.348943
-0.348952
-0.348957
-0.348967
-0.348976
-0.348986
-0.348999
-0.34901
-0.349021
-0.349035
-0.349043
-0.349054
-0.349068
-0.349083
-0.349101
-0.349118
-0.349138
-0.349159
-0.34918
-0.349203
-0.349226
-0.349248
-0.349276
-0.349303
-0.349333
-0.349366
-0.349397
-0.349427
-0.349462
-0.349498
-0.349535
-0.349574
-0.349615
-0.349654
-0.349698
-0.349743
-0.349788
-0.349834
-0.349884
-0.349933
-0.349985
-0.350039
-0.350095
-0.350154
-0.350212
-0.350272
-0.350332
-0.350394
-0.350457
-0.350521
-0.350583
-0.350647
-0.350714
-0.350781
-0.350849
-0.350918
-0.350988
-0.351056
-0.351126
-0.351195
-0.351267
-0.351338
-0.35141
-0.351483
-0.351557
-0.351627
-0.351695
-0.351765
-0.351832
-0.351902
-0.351971
-0.352042
-0.352113
-0.352184
-0.352254
-0.352324
-0.352393
-0.352462
-0.352527
-0.352597
-0.352664
-0.35273
-0.352795
-0.352859
-0.352921
-0.352984
-0.353046
-0.353107
-0.353166
-0.353226
-0.353282
-0.353341
-0.353396
-0.353453
-0.353513
-0.353569
-0.353623
-0.353677
-0.35373
-0.353781
-0.353833
-0.353887
-0.35394
-0.35399
-0.354038
-0.354088
-0.354137
-0.354186
-0.354235
-0.354283
-0.354334
-0.354382
-0.354428
-0.354474
-0.35452
-0.354568
-0.354617
-0.354665
-0.354712
-0.354761
-0.35481
-0.354862
-0.354913
-0.354964
-0.355017
-0.355071
-0.355126
-0.355179
-0.355233
-0.355288
-0.355343
-0.355399
-0.355456
-0.355513
-0.355567
-0.355629
-0.355689
-0.35575
-0.355815
-0.355878
-0.355942
-0.356009
-0.356075
-0.356142
-0.356212
-0.356283
-0.356352
-0.356423
-0.35649
-0.356559
-0.356632
-0.356706
-0.356781
-0.356857
-0.356935
-0.357017
-0.357095
-0.357173
-0.357249
-0.357329
-0.357407
-0.357487
-0.357568
-0.357649
-0.357731
-0.357811
-0.35789
-0.357975
-0.358058
-0.358141
-0.358223
-0.358304
-0.358384
-0.358467
-0.35855
-0.358632
-0.358714
-0.358794
-0.358875
-0.358956
-0.35904
-0.35912
-0.3592
-0.359279
-0.359358
-0.359436
-0.359511
-0.359587
-0.359663
-0.359741
-0.359815
-0.359889
-0.359961
-0.360033
-0.360104
-0.360174
-0.360245
-0.360315
-0.360382
-0.360446
-0.360513
-0.360577
-0.360642
-0.360701
-0.360762
-0.360821
-0.360879
-0.360936
-0.36099
-0.361048
-0.361101
-0.361154
-0.361203
-0.361254
-0.361303
-0.361352
-0.361399
-0.36144
-0.361486
-0.36153
-0.361573
-0.361615
-0.361656
-0.361696
-0.36174
-0.361778
-0.36182
-0.361857
-0.361892
-0.361929
-0.361963
-0.361999
-0.362029
-0.36206
-0.362094
-0.362124
-0.362154
-0.36218
-0.362209
-0.362237
-0.362264
-0.362291
-0.362318
-0.362344
-0.36237
-0.362393
-0.362416
-0.362441
-0.362468
-0.362493
-0.362517
-0.362539
-0.362564
-0.362588
-0.36261
-0.362637
-0.362664
-0.362692
-0.362717
-0.362745
-0.362768
-0.362794
-0.362823
-0.36285
-0.36288
-0.362909
-0.362937
-0.362967
-0.362993
-0.363026
-0.363058
-0.36309
-0.363124
-0.363159
-0.363194
-0.363231
-0.363269
-0.363308
-0.363348
-0.363392
-0.363435
-0.363479
-0.363527
-0.363571
-0.36362
-0.363672
-0.363724
-0.363777
-0.363834
-0.36389
-0.363946
-0.364006
-0.364067
-0.364133
-0.364198
-0.364265
-0.364329
-0.364399
-0.364474
-0.36455
-0.364631
-0.364711
-0.364791
-0.364872
-0.364955
-0.36504
-0.365127
-0.365215
-0.365305
-0.365397
-0.365495
-0.365587
-0.365683
-0.365778
-0.36588
-0.365985
-0.366086
-0.366191
-0.366295
-0.366399
-0.366504
-0.36661
-0.366715
-0.366822
-0.366929
-0.367037
-0.367143
-0.367253
-0.36736
-0.367468
-0.367575
-0.367681
-0.367786
-0.367891
-0.367994
-0.368096
-0.368195
-0.368294
-0.368393
-0.368489
-0.368579
-0.36867
-0.368758
-0.368845
-0.368928
-0.369009
-0.369085
-0.369157
-0.369225
-0.369287
-0.369345
-0.369401
-0.369455
-0.369501
-0.369548
-0.369579
-0.369611
-0.369637
-0.369657
-0.369671
-0.369679
-0.369684
-0.36968
-0.369669
-0.369654
-0.369628
-0.369597
-0.36956
-0.369513
-0.369458
-0.369402
-0.369338
-0.369264
-0.369183
-0.369092
-0.368998
-0.368891
-0.368785
-0.368668
-0.368542
-0.368411
-0.368267
-0.368121
-0.367965
-0.367801
-0.367631
-0.367454
-0.36727
-0.367079
-0.366884
-0.36668
-0.36647
-0.366254
-0.366032
-0.365805
-0.365573
-0.365335
-0.365093
-0.364847
-0.364596
-0.364341
-0.364083
-0.363822
-0.363558
-0.363294
-0.363025
-0.362755
-0.362483
-0.362206
-0.361932
-0.361659
-0.361385
-0.361112
-0.360838
-0.360569
-0.3603
-0.360033
-0.359771
-0.359509
-0.35925
-0.358995
-0.358741
-0.358493
-0.35825
-0.358012
-0.357781
-0.357556
-0.357336
-0.357119
-0.356909
-0.356704
-0.356506
-0.356315
-0.35613
-0.355949
-0.355778
-0.355614
-0.355457
-0.355307
-0.355163
-0.355027
-0.354893
-0.354771
-0.354656
-0.354545
-0.354443
-0.354348
-0.354259
-0.354177
-0.354103
-0.354032
-0.353965
-0.353905
-0.353853
-0.353804
-0.353759
-0.353719
-0.353688
-0.353657
-0.353629
-0.353602
-0.353575
-0.353559
-0.353543
-0.353529
-0.353517
-0.35351
-0.353499
-0.353494
-0.353487
-0.353481
-0.353476
-0.353471
-0.353466
-0.35346
-0.353454
-0.353445
-0.353443
-0.353434
-0.353427
-0.353413
-0.353402
-0.353388
-0.353369
-0.35335
-0.35333
-0.353304
-0.353279
-0.353252
-0.353222
-0.353191
-0.353158
-0.353121
-0.353082
-0.353041
-0.352995
-0.352946
-0.352894
-0.352842
-0.352785
-0.352724
-0.352661
-0.352595
-0.352526
-0.352457
-0.352383
-0.352306
-0.352223
-0.352141
-0.352055
-0.35197
-0.351879
-0.351786
-0.351692
-0.351594
-0.35149
-0.351386
-0.35128
-0.351172
-0.35106
-0.350946
-0.35083
-0.350711
-0.350588
-0.350469
-0.350342
-0.350214
-0.350082
-0.349948
-0.349814
-0.349678
-0.349536
-0.34939
-0.349246
-0.349094
-0.348942
-0.348787
-0.34863
-0.34847
-0.34831
-0.348145
-0.347977
-0.347806
-0.347633
-0.347457
-0.347278
-0.347096
-0.346912
-0.34673
-0.346541
-0.346346
-0.346152
-0.345957
-0.345758
-0.345559
-0.345355
-0.34515
-0.34494
-0.34473
-0.344519
-0.344307
-0.344093
-0.343878
-0.34366
-0.343443
-0.343226
-0.343009
-0.342792
-0.342575
-0.342359
-0.342146
-0.341932
-0.341718
-0.341508
-0.341302
-0.341095
-0.340893
-0.340694
-0.3405
-0.340305
-0.34012
-0.33994
-0.339766
-0.339598
-0.339434
-0.339277
-0.339125
-0.338981
-0.33885
-0.338723
-0.33861
-0.338509
-0.338415
-0.338332
-0.338261
-0.3382
-0.338149
-0.338113
-0.338086
-0.338074
-0.338074
-0.338082
-0.338105
-0.338146
-0.338197
-0.33826
-0.338335
-0.338421
-0.338523
-0.338642
-0.338767
-0.338908
-0.339061
-0.339227
-0.339405
-0.339601
-0.339803
-0.340017
-0.340244
-0.340482
-0.340731
-0.340985
-0.341249
-0.341525
-0.341809
-0.342101
-0.342404
-0.342714
-0.343029
-0.343348
-0.343677
-0.344009
-0.344345
-0.344689
-0.345033
-0.345381
-0.345729
-0.346077
-0.346433
-0.346789
-0.347145
-0.347498
-0.347854
-0.348209
-0.348563
-0.348913
-0.349261
-0.349612
-0.349957
-0.350301
-0.35064
-0.350978
-0.351311
-0.351638
-0.351961
-0.352278
-0.352589
-0.352897
-0.353199
-0.353498
-0.35379
-0.354073
-0.354353
-0.354627
-0.354895
-0.355159
-0.355415
-0.355665
-0.355908
-0.356141
-0.356372
-0.356597
-0.356816
-0.357029
-0.357236
-0.357436
-0.357631
-0.357817
-0.358
-0.358175
-0.358346
-0.358512
-0.358669
-0.358822
-0.358973
-0.359116
-0.359255
-0.35939
-0.35952
-0.359643
-0.359761
-0.359871
-0.359979
-0.36008
-0.360179
-0.360273
-0.360365
-0.36045
-0.360531
-0.360609
-0.360682
-0.36075
-0.360814
-0.360875
-0.360931
-0.360986
-0.361035
-0.361081
-0.361123
-0.361164
-0.3612
-0.361232
-0.361259
-0.361293
-0.361317
-0.361338
-0.361354
-0.36137
-0.361386
-0.361395
-0.361407
-0.361415
-0.361421
-0.361425
-0.361429
-0.361431
-0.361429
-0.361429
-0.361429
-0.36143
-0.361432
-0.361433
-0.361434
-0.361436
-0.361434
-0.361434
-0.361434
-0.361437
-0.361442
-0.361448
-0.361454
-0.361464
-0.361475
-0.36149
-0.361509
-0.361533
-0.361555
-0.361584
-0.361618
-0.361655
-0.361695
-0.36174
-0.361793
-0.361847
-0.361907
-0.361972
-0.362042
-0.362121
-0.362203
-0.362291
-0.362385
-0.362485
-0.362591
-0.362704
-0.362824
-0.362952
-0.363085
-0.363227
-0.363374
-0.36353
-0.363691
-0.363853
-0.364025
-0.364205
-0.364391
-0.364586
-0.364788
-0.364997
-0.36521
-0.365433
-0.365664
-0.365899
-0.366141
-0.366389
-0.366643
-0.366903
-0.367168
-0.36744
-0.367719
-0.368
-0.368287
-0.368581
-0.368878
-0.369176
-0.369483
-0.36979
-0.370105
-0.370423
-0.370743
-0.371065
-0.371388
-0.371714
-0.372042
-0.372374
-0.372708
-0.373046
-0.373383
-0.373724
-0.37406
-0.3744
-0.374738
-0.375081
-0.375421
-0.375761
-0.376101
-0.376444
-0.376785
-0.377124
-0.377457
-0.377789
-0.378126
-0.378457
-0.378787
-0.379114
-0.379438
-0.379759
-0.380076
-0.380391
-0.380704
-0.381012
-0.381318
-0.381622
-0.381926
-0.382222
-0.382515
-0.382804
-0.383088
-0.383369
-0.383646
-0.383919
-0.384187
-0.384451
-0.384711
-0.384967
-0.385215
-0.385462
-0.385704
-0.385941
-0.386174
-0.386403
-0.386624
-0.386843
-0.387057
-0.387267
-0.387471
-0.387672
-0.387867
-0.388058
-0.388244
-0.388425
-0.388601
-0.388773
-0.38894
-0.389102
-0.38926
-0.389411
-0.389559
-0.389703
-0.389842
-0.389977
-0.390109
-0.390234
-0.390355
-0.390472
-0.390586
-0.390694
-0.390797
-0.390895
-0.390992
-0.391082
-0.39117
-0.391254
-0.391331
-0.391404
-0.39147
-0.391532
-0.391592
-0.391651
-0.391703
-0.39175
-0.391794
-0.391834
-0.39187
-0.391901
-0.391929
-0.391952
-0.391974
-0.39199
-0.392002
-0.392009
-0.392013
-0.392015
-0.392011
-0.392002
-0.39199
-0.391974
-0.391954
-0.391929
-0.391901
-0.391869
-0.391835
-0.391797
-0.391752
-0.391706
-0.391651
-0.391594
-0.391532
-0.391466
-0.391396
-0.391322
-0.391243
-0.391162
-0.391074
-0.390979
-0.390879
-0.390777
-0.390668
-0.390558
-0.390439
-0.390314
-0.390187
-0.390057
-0.389918
-0.389775
-0.389625
-0.38947
-0.389304
-0.389139
-0.388961
-0.388782
-0.388593
-0.3884
-0.388201
-0.387994
-0.387781
-0.38756
-0.387329
-0.387093
-0.38685
-0.386598
-0.386336
-0.386068
-0.385792
-0.385506
-0.38521
-0.384907
-0.384594
-0.384272
-0.383934
-0.383595
-0.383244
-0.382882
-0.38251
-0.382125
-0.381732
-0.381328
-0.380913
-0.380487
-0.380047
-0.379598
-0.379137
-0.378667
-0.378183
-0.377687
-0.377179
-0.376659
-0.376127
-0.37558
-0.375022
-0.374452
-0.373872
-0.373279
-0.372676
-0.372061
-0.371436
-0.370799
-0.370152
-0.369494
-0.368828
-0.368153
-0.367463
-0.366767
-0.366066
-0.365354
-0.364635
-0.363907
-0.363177
-0.362441
-0.3617
-0.360956
-0.360204
-0.359456
-0.358707
-0.357958
-0.357211
-0.356466
-0.355723
-0.354989
-0.354259
-0.353536
-0.352822
-0.352116
-0.351423
-0.350742
-0.350075
-0.349429
-0.348793
-0.348178
-0.347583
-0.347005
-0.346444
-0.345906
-0.345399
-0.344915
-0.344457
-0.344028
-0.343626
-0.343253
-0.34291
-0.342593
-0.342312
-0.342063
-0.341847
-0.341664
-0.341516
-0.341403
-0.34132
-0.341269
-0.341254
-0.341272
-0.341324
-0.341409
-0.341526
-0.341673
-0.341852
-0.342062
-0.342301
-0.342573
-0.34287
-0.343198
-0.343549
-0.343934
-0.344338
-0.344766
-0.345218
-0.345687
-0.346178
-0.346688
-0.347218
-0.347762
-0.348322
-0.348896
-0.349483
-0.350082
-0.350692
-0.351312
-0.351943
-0.352579
-0.35322
-0.353869
-0.354523
-0.355181
-0.355841
-0.356505
-0.357172
-0.35784
-0.358506
-0.359179
-0.359845
-0.360513
-0.361181
-0.361843
-0.362505
-0.363167
-0.363824
-0.364478
-0.365131
-0.365779
-0.366422
-0.367062
-0.367698
-0.36833
-0.368958
-0.369582
-0.370199
-0.370814
-0.371422
-0.372026
-0.372628
-0.373228
-0.373821
-0.37441
-0.374994
-0.375571
-0.376146
-0.376716
-0.377284
-0.377845
-0.378401
-0.378953
-0.379497
-0.380039
-0.380576
-0.381111
-0.381638
-0.382159
-0.382678
-0.383192
-0.383697
-0.384197
-0.384692
-0.38518
-0.385665
-0.386141
-0.386611
-0.387075
-0.387534
-0.387984
-0.388428
-0.388864
-0.389293
-0.389717
-0.390132
-0.390538
-0.390937
-0.391329
-0.391709
-0.392085
-0.392451
-0.39281
-0.39316
-0.393502
-0.393835
-0.39416
-0.394473
-0.394783
-0.395081
-0.395374
-0.395655
-0.395928
-0.396194
-0.396452
-0.396699
-0.396938
-0.397168
-0.397391
-0.397605
-0.397812
-0.398008
-0.3982
-0.398384
-0.398562
-0.398732
-0.398896
-0.399054
-0.399207
-0.399353
-0.399494
-0.399631
-0.399763
-0.39989
-0.400014
-0.400134
-0.400252
-0.400369
-0.400481
-0.400589
-0.400696
-0.400806
-0.400914
-0.401019
-0.401126
-0.401232
-0.401342
-0.401453
-0.401566
-0.401681
-0.401799
-0.401921
-0.402046
-0.402174
-0.402307
-0.402445
-0.402588
-0.402736
-0.402889
-0.403049
-0.403214
-0.403386
-0.403565
-0.403752
-0.403945
-0.404144
-0.404351
-0.404565
-0.404789
-0.405018
-0.405254
-0.405499
-0.405751
-0.40601
-0.40628
-0.406555
-0.406837
-0.407124
-0.407421
-0.407722
-0.408033
-0.40835
-0.408674
-0.409004
-0.409343
-0.409683
-0.410028
-0.410382
-0.41074
-0.411103
-0.411471
-0.411845
-0.412221
-0.4126
-0.412981
-0.413369
-0.413757
-0.414148
-0.414538
-0.414932
-0.415328
-0.415725
-0.416125
-0.416523
-0.416924
-0.417327
-0.417724
-0.418121
-0.418517
-0.418912
-0.419305
-0.419696
-0.420086
-0.420475
-0.42086
-0.421242
-0.421621
-0.421997
-0.422369
-0.422736
-0.423102
-0.423463
-0.423821
-0.424177
-0.424527
-0.424872
-0.425212
-0.425551
-0.425882
-0.426211
-0.426533
-0.42685
-0.427159
-0.427464
-0.427765
-0.42806
-0.428351
-0.428637
-0.428918
-0.429194
-0.429458
-0.429723
-0.429983
-0.430237
-0.430489
-0.430733
-0.430972
-0.431205
-0.431436
-0.431662
-0.431879
-0.432092
-0.4323
-0.432497
-0.432695
-0.432887
-0.433074
-0.433257
-0.433431
-0.433604
-0.433771
-0.433934
-0.434091
-0.434244
-0.434393
-0.434539
-0.434675
-0.434809
-0.434936
-0.435059
-0.435179
-0.435295
-0.435404
-0.435512
-0.435614
-0.43571
-0.435799
-0.435886
-0.435972
-0.43605
-0.436125
-0.436198
-0.436266
-0.43633
-0.436391
-0.436447
-0.436501
-0.436549
-0.436595
-0.436633
-0.436671
-0.436703
-0.436733
-0.436757
-0.436777
-0.436791
-0.436803
-0.436812
-0.436816
-0.436819
-0.436813
-0.436804
-0.436793
-0.436778
-0.436759
-0.436735
-0.436708
-0.436681
-0.436647
-0.436609
-0.436568
-0.436523
-0.436474
-0.436419
-0.436363
-0.436303
-0.436239
-0.436172
-0.4361
-0.436028
-0.435949
-0.435865
-0.435776
-0.435687
-0.435596
-0.435499
-0.435399
-0.435297
-0.43519
-0.435076
-0.434959
-0.43484
-0.434719
-0.434593
-0.434462
-0.434329
-0.434194
-0.434054
-0.433909
-0.433765
-0.433616
-0.433463
-0.433306
-0.433144
-0.432981
-0.43281
-0.43264
-0.432468
-0.432292
-0.432112
-0.43193
-0.431744
-0.431556
-0.431367
-0.431172
-0.430974
-0.430773
-0.43057
-0.430365
-0.430156
-0.429946
-0.429731
-0.42951
-0.429289
-0.429066
-0.42884
-0.428611
-0.42838
-0.428146
-0.427907
-0.427668
-0.427426
-0.427177
-0.426931
-0.426685
-0.426434
-0.42618
-0.425923
-0.425665
-0.425403
-0.42514
-0.424874
-0.424608
-0.424339
-0.424067
-0.423797
-0.423523
-0.423245
-0.422967
-0.422685
-0.422404
-0.422121
-0.421836
-0.421547
-0.421259
-0.42097
-0.420681
-0.420388
-0.420094
-0.419796
-0.419499
-0.419201
-0.418899
-0.418594
-0.418292
-0.417989
-0.417687
-0.417382
-0.417075
-0.416768
-0.41646
-0.41615
-0.41584
-0.41553
-0.415218
-0.414906
-0.414595
-0.414282
-0.413968
-0.413654
-0.413337
-0.41302
-0.412705
-0.412387
-0.412074
-0.411759
-0.411444
-0.41113
-0.410815
-0.410501
-0.410188
-0.409875
-0.409561
-0.40925
-0.408938
-0.408633
-0.408326
-0.40802
-0.407715
-0.407413
-0.407112
-0.406813
-0.406517
-0.406223
-0.405931
-0.405645
-0.405359
-0.405077
-0.404798
-0.404522
-0.404251
-0.403983
-0.40372
-0.403461
-0.403207
-0.402958
-0.402714
-0.402476
-0.402243
-0.402016
-0.401796
-0.401585
-0.40138
-0.40118
-0.400985
-0.400797
-0.400618
-0.400449
-0.400288
-0.400136
-0.399992
-0.399858
-0.399731
-0.399616
-0.39951
-0.399415
-0.39933
-0.399256
-0.399192
-0.399139
-0.399097
-0.399069
-0.39905
-0.399042
-0.399044
-0.399062
-0.399089
-0.399129
-0.39918
-0.399244
-0.399319
-0.399407
-0.399506
-0.399618
-0.399741
-0.399877
-0.400024
-0.400185
-0.400356
-0.400537
-0.40073
-0.400934
-0.401152
-0.401375
-0.40161
-0.401856
-0.402112
-0.402377
-0.402651
-0.402937
-0.403228
-0.403528
-0.403834
-0.404149
-0.404471
-0.4048
-0.405135
-0.405476
-0.405822
-0.406173
-0.406529
-0.406889
-0.407253
-0.407617
-0.407985
-0.408357
-0.408731
-0.409109
-0.409486
-0.409864
-0.410241
-0.410622
-0.411001
-0.41138
-0.411758
-0.412131
-0.412503
-0.412872
-0.413236
-0.4136
-0.41396
-0.414317
-0.414669
-0.41502
-0.415365
-0.415704
-0.416037
-0.416366
-0.416693
-0.417009
-0.417322
-0.417627
-0.417931
-0.418229
-0.418518
-0.418799
-0.419077
-0.419347
-0.419611
-0.419868
-0.420113
-0.420357
-0.420594
-0.420824
-0.421045
-0.421262
-0.42147
-0.421674
-0.421872
-0.422063
-0.422247
-0.422421
-0.422593
-0.422759
-0.422919
-0.423073
-0.423216
-0.423361
-0.423498
-0.42363
-0.423756
-0.423877
-0.423996
-0.424107
-0.424213
-0.424315
-0.424415
-0.424506
-0.424593
-0.424679
-0.42476
-0.424838
-0.424913
-0.424984
-0.42505
-0.425113
-0.425176
-0.425236
-0.425294
-0.425349
-0.4254
-0.425447
-0.425496
-0.425544
-0.425588
-0.425631
-0.425676
-0.425719
-0.425761
-0.425803
-0.425842
-0.425885
-0.425925
-0.425963
-0.426006
-0.426042
-0.426083
-0.426127
-0.426169
-0.426209
-0.426252
-0.426294
-0.426339
-0.426386
-0.426436
-0.426482
-0.426533
-0.426584
-0.426638
-0.426693
-0.42675
-0.426807
-0.426865
-0.42693
-0.426995
-0.42706
-0.427132
-0.427201
-0.427276
-0.42735
-0.427429
-0.427513
-0.427597
-0.427684
-0.427773
-0.427866
-0.427958
-0.428054
-0.428155
-0.428258
-0.428365
-0.428472
-0.428584
-0.428699
-0.428815
-0.428937
-0.429063
-0.429191
-0.429321
-0.429455
-0.429594
-0.429733
-0.429876
-0.430022
-0.430168
-0.43032
-0.430474
-0.430632
-0.430795
-0.430959
-0.431126
-0.431295
-0.431468
-0.431643
-0.431826
-0.432004
-0.432188
-0.432375
-0.432566
-0.432753
-0.432948
-0.433145
-0.433344
-0.433546
-0.43375
-0.433957
-0.434166
-0.434375
-0.434589
-0.434807
-0.435025
-0.435247
-0.435466
-0.43569
-0.435916
-0.436145
-0.436372
-0.436602
-0.436839
-0.437071
-0.437306
-0.43754
-0.437777
-0.438016
-0.438256
-0.438497
-0.438739
-0.438982
-0.439225
-0.439472
-0.439719
-0.439962
-0.440208
-0.440455
-0.440701
-0.440948
-0.441193
-0.44144
-0.441687
-0.441934
-0.442181
-0.442427
-0.442673
-0.442919
-0.443167
-0.443414
-0.443658
-0.443901
-0.444146
-0.444387
-0.444628
-0.444867
-0.445105
-0.445342
-0.445578
-0.445812
-0.446045
-0.446277
-0.446507
-0.446737
-0.446963
-0.447188
-0.447411
-0.447629
-0.447848
-0.448064
-0.448281
-0.448494
-0.448704
-0.448909
-0.449114
-0.449314
-0.449514
-0.449714
-0.449909
-0.450101
-0.45029
-0.450477
-0.45066
-0.450841
-0.451018
-0.451193
-0.451364
-0.45153
-0.451694
-0.451856
-0.452014
-0.452168
-0.45232
-0.452467
-0.452611
-0.452754
-0.452893
-0.453026
-0.453155
-0.453278
-0.453399
-0.453519
-0.453632
-0.453739
-0.453844
-0.453947
-0.454041
-0.454133
-0.454221
-0.454305
-0.454384
-0.454458
-0.454528
-0.454596
-0.454656
-0.454715
-0.454768
-0.454814
-0.454853
-0.454889
-0.454918
-0.454944
-0.454965
-0.454981
-0.454991
-0.454996
-0.454998
-0.454992
-0.454978
-0.45496
-0.454937
-0.454908
-0.454876
-0.454833
-0.454786
-0.454733
-0.454674
-0.454609
-0.45454
-0.454462
-0.454375
-0.454284
-0.454186
-0.454081
-0.453972
-0.453853
-0.453726
-0.453593
-0.453453
-0.453305
-0.453151
-0.452991
-0.452823
-0.452645
-0.452459
-0.452266
-0.452066
-0.451856
-0.451638
-0.451412
-0.451172
-0.450928
-0.450675
-0.450414
-0.450143
-0.449861
-0.449572
-0.449276
-0.448969
-0.448651
-0.448324
-0.447988
-0.447643
-0.447286
-0.446922
-0.446547
-0.446161
-0.445763
-0.445354
-0.444935
-0.444504
-0.444063
-0.44361
-0.443151
-0.442676
-0.44219
-0.441697
-0.441185
-0.440667
-0.440134
-0.439594
-0.439041
-0.43847
-0.437891
-0.437299
-0.436695
-0.436079
-0.435452
-0.434812
-0.434161
-0.433497
-0.432822
-0.432134
-0.431433
-0.430722
-0.43
-0.429264
-0.428521
-0.427765
-0.426998
-0.42622
-0.425427
-0.42463
-0.423821
-0.423005
-0.422174
-0.421337
-0.420491
-0.419636
-0.418771
-0.417904
-0.417029
-0.416145
-0.415256
-0.414361
-0.413459
-0.412555
-0.411647
-0.410734
-0.409822
-0.408908
-0.407994
-0.40708
-0.406169
-0.405259
-0.404353
-0.403449
-0.40255
-0.401662
-0.400776
-0.399896
-0.399024
-0.398166
-0.397318
-0.396484
-0.395662
-0.394856
-0.394065
-0.393292
-0.392537
-0.391801
-0.391086
-0.390395
-0.389723
-0.389077
-0.388461
-0.387868
-0.387301
-0.386762
-0.386253
-0.385776
-0.38533
-0.384917
-0.384532
-0.384182
-0.383867
-0.383585
-0.38334
-0.383132
-0.382958
-0.382823
-0.382725
-0.382664
-0.382641
-0.382656
-0.382708
-0.382798
-0.382927
-0.383091
-0.383291
-0.383528
-0.383799
-0.384107
-0.384448
-0.384825
-0.385235
-0.385679
-0.386151
-0.386657
-0.387195
-0.387764
-0.388357
-0.388976
-0.389619
-0.390287
-0.390983
-0.391701
-0.392438
-0.393195
-0.393971
-0.394762
-0.395574
-0.396396
-0.397233
-0.398085
-0.398946
-0.399817
-0.400697
-0.401589
-0.402487
-0.403391
-0.404298
-0.405211
-0.406127
-0.407048
-0.407967
-0.408886
-0.409805
-0.410722
-0.411636
-0.412548
-0.413456
-0.414361
-0.41526
-0.416154
-0.41704
-0.417919
-0.418791
-0.419655
-0.420508
-0.421352
-0.422197
-0.423025
-0.423843
-0.424651
-0.425448
-0.426235
-0.427015
-0.42778
-0.428534
-0.429278
-0.430009
-0.430725
-0.43143
-0.432125
-0.432806
-0.433477
-0.434136
-0.434783
-0.435416
-0.436039
-0.436651
-0.437248
-0.437835
-0.438408
-0.438972
-0.439524
-0.440065
-0.440594
-0.441114
-0.44162
-0.442113
-0.442599
-0.443072
-0.443535
-0.443986
-0.444427
-0.444857
-0.445279
-0.445686
-0.446088
-0.446478
-0.446857
-0.447227
-0.447585
-0.447934
-0.448276
-0.448608
-0.448932
-0.449247
-0.449552
-0.44985
-0.450141
-0.450419
-0.450691
-0.450955
-0.451211
-0.451457
-0.451697
-0.45193
-0.45216
-0.452378
-0.452589
-0.452792
-0.452989
-0.453176
-0.453356
-0.453532
-0.453699
-0.453861
-0.454017
-0.454165
-0.454306
-0.454441
-0.454572
-0.454698
-0.454814
-0.454928
-0.455036
-0.455137
-0.455234
-0.455324
-0.45541
-0.455489
-0.455566
-0.455635
-0.455699
-0.45576
-0.455813
-0.455861
-0.455904
-0.455942
-0.455975
-0.456006
-0.456029
-0.456045
-0.456059
-0.456067
-0.456071
-0.456073
-0.456067
-0.456054
-0.456042
-0.456017
-0.455993
-0.455964
-0.45593
-0.455891
-0.455846
-0.455793
-0.455741
-0.455684
-0.45562
-0.455553
-0.455487
-0.455411
-0.45533
-0.455245
-0.455155
-0.455058
-0.45496
-0.454856
-0.454746
-0.454631
-0.454512
-0.454385
-0.454258
-0.45412
-0.45398
-0.453835
-0.453684
-0.453528
-0.453367
-0.4532
-0.453027
-0.452851
-0.452667
-0.452477
-0.452282
-0.452077
-0.45187
-0.451655
-0.451433
-0.451208
-0.450975
-0.450735
-0.450488
-0.450233
-0.449972
-0.449705
-0.449435
-0.449156
-0.448869
-0.44857
-0.448268
-0.447958
-0.447638
-0.44731
-0.446976
-0.446634
-0.446281
-0.44592
-0.44555
-0.44517
-0.44478
-0.444386
-0.443981
-0.443569
-0.443147
-0.442714
-0.442272
-0.44182
-0.441359
-0.44089
-0.440409
-0.439919
-0.439419
-0.438911
-0.438391
-0.437861
-0.437321
-0.43677
-0.436208
-0.435639
-0.435063
-0.434474
-0.433877
-0.433267
-0.43265
-0.432022
-0.431388
-0.430744
-0.430092
-0.429431
-0.428765
-0.428088
-0.427404
-0.426712
-0.426014
-0.425308
-0.424597
-0.423882
-0.423159
-0.422431
-0.421699
-0.420962
-0.42022
-0.419477
-0.418731
-0.417983
-0.417234
-0.416484
-0.415735
-0.414985
-0.414234
-0.413488
-0.412744
-0.412003
-0.411266
-0.410533
-0.409806
-0.409087
-0.408372
-0.407664
-0.406967
-0.406277
-0.405595
-0.404922
-0.404262
-0.40361
-0.402974
-0.402355
-0.401744
-0.401147
-0.400565
-0.399998
-0.399449
-0.398914
-0.398393
-0.397894
-0.39741
-0.396943
-0.396495
-0.396065
-0.395654
-0.395262
-0.394889
-0.394541
-0.394207
-0.39389
-0.393595
-0.393317
-0.393059
-0.392823
-0.392607
-0.392412
-0.392236
-0.392077
-0.391939
-0.391817
-0.391713
-0.391628
-0.391557
-0.391504
-0.391472
-0.391456
-0.391454
-0.391465
-0.391494
-0.391534
-0.391591
-0.391661
-0.391743
-0.391838
-0.391947
-0.392069
-0.392197
-0.392337
-0.392479
-0.392635
-0.392795
-0.392968
-0.393142
-0.393325
-0.393513
-0.393708
-0.393904
-0.394104
-0.394309
-0.394513
-0.394719
-0.394925
-0.395132
-0.395341
-0.395541
-0.395745
-0.395946
-0.396145
-0.396345
-0.396537
-0.396727
-0.396907
-0.397088
-0.39726
-0.397426
-0.397589
-0.39774
-0.397886
-0.398023
-0.398155
-0.398279
-0.398396
-0.398502
-0.3986
-0.398693
-0.398777
-0.398856
-0.398922
-0.398982
-0.399035
-0.39908
-0.399118
-0.399151
-0.399175
-0.39919
-0.399201
-0.399205
-0.399206
-0.399203
-0.399195
-0.399184
-0.399171
-0.399153
-0.399134
-0.399112
-0.399094
-0.399076
-0.399061
-0.399049
-0.399041
-0.399034
-0.399035
-0.399039
-0.399051
-0.399072
-0.3991
-0.399135
-0.399185
-0.399246
-0.399319
-0.399402
-0.399501
-0.399614
-0.399743
-0.399886
-0.400046
-0.400222
-0.400416
-0.400629
-0.40086
-0.401108
-0.401376
-0.401661
-0.401964
-0.402287
-0.402629
-0.402991
-0.403371
-0.40377
-0.404186
-0.404621
-0.405076
-0.405548
-0.406039
-0.406547
-0.407068
-0.407611
-0.408167
-0.40874
-0.409322
-0.409921
-0.410532
-0.411155
-0.41179
-0.412433
-0.413088
-0.413752
-0.414424
-0.415104
-0.415785
-0.416477
-0.417174
-0.417874
-0.418576
-0.419282
-0.419989
-0.420696
-0.421404
-0.422112
-0.422818
-0.423523
-0.424224
-0.424922
-0.425615
-0.426304
-0.426984
-0.427659
-0.42833
-0.428993
-0.429649
-0.430296
-0.430937
-0.431567
-0.432187
-0.432797
-0.433398
-0.433987
-0.434565
-0.435133
-0.435688
-0.436232
-0.436764
-0.437283
-0.43779
-0.438287
-0.438766
-0.439234
-0.43969
-0.440132
-0.440558
-0.440976
-0.441382
-0.44177
-0.44214
-0.442501
-0.442848
-0.443181
-0.4435
-0.443806
-0.4441
-0.444381
-0.444643
-0.444894
-0.445131
-0.445355
-0.445565
-0.445759
-0.445942
-0.446112
-0.446269
-0.44641
-0.446538
-0.446655
-0.446759
-0.446851
-0.44693
-0.446994
-0.447051
-0.447092
-0.447122
-0.447137
-0.447142
-0.447136
-0.44712
-0.447091
-0.447047
-0.446995
-0.446932
-0.44686
-0.446775
-0.44668
-0.446574
-0.446458
-0.446334
-0.4462
-0.446054
-0.445898
-0.445733
-0.445557
-0.445376
-0.445184
-0.444984
-0.444773
-0.444555
-0.44433
-0.444097
-0.443857
-0.443609
-0.443355
-0.44309
-0.442827
-0.442554
-0.442276
-0.441986
-0.441694
-0.441393
-0.44109
-0.440782
-0.440471
-0.440151
-0.439829
-0.439506
-0.439177
-0.438846
-0.43851
-0.438169
-0.437828
-0.437479
-0.437133
-0.436785
-0.436438
-0.436087
-0.435733
-0.43538
-0.435024
-0.434673
-0.434319
-0.433966
-0.433613
-0.433263
-0.43291
-0.43256
-0.432213
-0.431869
-0.431524
-0.431183
-0.430841
-0.430503
-0.43017
-0.429838
-0.429509
-0.429179
-0.428857
-0.428541
-0.428227
-0.427917
-0.427611
-0.42731
-0.427013
-0.426719
-0.426432
-0.426149
-0.425872
-0.4256
-0.425331
-0.425067
-0.424811
-0.424563
-0.424316
-0.424077
-0.423843
-0.423615
-0.423396
-0.423177
-0.422964
-0.42276
-0.422564
-0.422371
-0.422191
-0.422012
-0.421839
-0.421669
-0.421505
-0.421347
-0.421197
-0.42105
-0.420904
-0.420767
-0.420637
-0.420509
-0.420389
-0.420274
-0.420159
-0.420054
-0.419953
-0.419858
-0.419767
-0.419681
-0.419599
-0.419522
-0.419449
-0.419379
-0.419312
-0.419251
-0.419194
-0.419137
-0.419087
-0.419043
-0.419002
-0.418962
-0.418927
-0.418893
-0.41886
-0.418829
-0.418804
-0.418781
-0.41876
-0.418742
-0.418729
-0.41871
-0.418699
-0.418689
-0.418682
-0.418676
-0.418672
-0.41867
-0.418669
-0.41867
-0.418673
-0.418677
-0.418682
-0.418689
-0.418692
-0.418701
-0.418711
-0.418721
-0.418733
-0.418747
-0.418762
-0.41878
-0.418797
-0.418815
-0.418834
-0.418854
-0.418875
-0.418897
-0.418915
-0.418939
-0.418964
-0.41899
-0.419017
-0.419045
-0.419072
-0.419105
-0.419136
-0.419168
-0.419202
-0.419239
-0.419274
-0.419311
-0.41935
-0.419394
-0.419434
-0.419476
-0.41952
-0.419564
-0.419608
-0.419655
-0.419704
-0.419754
-0.419808
-0.419864
-0.419918
-0.419974
-0.420034
-0.420098
-0.420159
-0.420223
-0.420287
-0.420352
-0.420422
-0.42049
-0.42056
-0.420632
-0.420705
-0.42078
-0.420856
-0.420934
-0.421011
-0.421092
-0.421175
-0.421263
-0.421349
-0.421435
-0.421524
-0.421613
-0.421704
-0.421794
-0.421887
-0.421982
-0.422078
-0.422175
-0.422273
-0.422372
-0.422475
-0.422573
-0.422676
-0.422779
-0.422882
-0.422989
-0.423095
-0.423198
-0.423302
-0.423409
-0.423517
-0.423625
-0.423733
-0.423842
-0.423949
-0.424058
-0.424167
-0.424277
-0.424386
-0.424495
-0.424605
-0.424714
-0.424821
-0.424927
-0.425035
-0.425141
-0.425251
-0.425356
-0.425465
-0.425566
-0.425672
-0.425774
-0.425876
-0.425974
-0.426077
-0.426178
-0.426279
-0.426381
-0.42648
-0.426575
-0.426672
-0.426767
-0.426862
-0.426955
-0.427044
-0.427135
-0.427222
-0.427308
-0.427394
-0.427479
-0.427563
-0.427643
-0.427724
-0.427801
-0.427879
-0.427953
-0.428028
-0.428101
-0.42817
-0.42824
-0.428308
-0.428372
-0.428437
-0.4285
-0.428562
-0.428624
-0.428684
-0.428735
-0.42879
-0.428842
-0.428893
-0.428942
-0.428989
-0.429034
-0.429077
-0.429119
-0.429161
-0.429198
-0.429234
-0.429268
-0.429299
-0.429332
-0.429359
-0.429388
-0.429411
-0.429431
-0.429455
-0.429473
-0.429486
-0.429499
-0.429511
-0.429517
-0.429524
-0.429529
-0.429531
-0.429534
-0.429532
-0.429528
-0.429521
-0.429509
-0.4295
-0.429486
-0.42947
-0.429451
-0.429427
-0.429403
-0.429383
-0.429354
-0.42932
-0.429285
-0.429247
-0.429209
-0.429166
-0.429122
-0.429073
-0.429021
-0.428966
-0.428907
-0.428846
-0.428781
-0.428714
-0.428643
-0.428571
-0.428493
-0.428412
-0.428328
-0.42824
-0.428148
-0.428054
-0.427953
-0.427851
-0.427746
-0.427636
-0.427522
-0.427405
-0.427283
-0.42716
-0.427033
-0.426902
-0.426766
-0.426628
-0.426484
-0.426337
-0.426187
-0.426035
-0.42588
-0.425722
-0.42556
-0.425395
-0.425227
-0.425054
-0.424878
-0.424701
-0.424522
-0.42434
-0.424155
-0.423971
-0.423781
-0.423592
-0.423399
-0.423203
-0.423004
-0.422805
-0.42261
-0.422408
-0.422205
-0.422001
-0.421799
-0.421594
-0.421388
-0.421179
-0.42097
-0.420764
-0.420557
-0.42035
-0.420144
-0.419938
-0.419727
-0.419522
-0.419316
-0.419114
-0.418911
-0.418709
-0.41851
-0.418312
-0.418113
-0.417912
-0.417712
-0.417515
-0.417316
-0.417123
-0.416927
-0.41673
-0.416535
-0.416336
-0.416141
-0.415945
-0.415749
-0.415555
-0.415356
-0.415154
-0.414955
-0.414751
-0.414543
-0.414333
-0.414118
-0.413906
-0.413686
-0.41346
-0.413229
-0.41299
-0.41275
-0.4125
-0.412243
-0.411979
-0.411708
-0.411428
-0.411137
-0.410835
-0.410522
-0.410199
-0.409863
-0.409513
-0.409154
-0.408777
-0.408388
-0.407987
-0.407569
-0.407135
-0.406684
-0.406217
-0.405728
-0.405226
-0.404705
-0.404167
-0.403609
-0.403032
-0.402435
-0.401816
-0.401179
-0.400524
-0.399846
-0.399147
-0.398425
-0.397684
-0.396921
-0.396135
-0.39533
-0.394503
-0.393655
-0.392786
-0.391897
-0.390984
-0.390053
-0.389104
-0.388133
-0.38714
-0.386131
-0.3851
-0.384052
-0.382986
-0.381908
-0.380812
-0.3797
-0.378571
-0.377434
-0.376281
-0.375113
-0.373937
-0.372752
-0.371559
-0.370357
-0.369145
-0.36793
-0.366711
-0.365489
-0.364266
-0.363042
-0.36182
-0.360599
-0.359383
-0.358172
-0.356968
-0.355773
-0.354589
-0.353415
-0.352254
-0.351107
-0.349979
-0.348866
-0.347772
-0.346696
-0.345645
-0.34462
-0.343617
-0.342644
-0.341696
-0.340775
-0.339887
-0.339031
-0.338207
-0.337419
-0.336663
-0.335946
-0.335267
-0.334627
-0.334025
-0.333467
-0.332947
-0.332468
-0.332032
-0.331641
-0.331291
-0.33098
-0.330718
-0.330499
-0.330324
-0.330197
-0.330113
-0.330068
-0.330073
-0.330123
-0.330216
-0.330354
-0.330533
-0.330758
-0.331025
-0.331335
-0.331682
-0.332075
-0.332509
-0.332983
-0.333496
-0.334048
-0.334635
-0.335262
-0.335925
-0.336624
-0.337357
-0.338124
-0.338923
-0.339755
-0.340617
-0.34151
-0.342431
-0.34338
-0.344354
-0.345356
-0.346381
-0.347431
-0.348505
-0.349603
-0.350714
-0.35185
-0.353002
-0.354173
-0.355362
-0.356565
-0.357783
-0.359015
-0.360258
-0.361513
-0.36278
-0.364057
-0.36534
-0.366629
-0.367923
-0.369224
-0.37053
-0.371836
-0.373148
-0.374461
-0.375775
-0.377086
-0.378401
-0.37971
-0.381021
-0.382329
-0.383633
-0.38493
-0.386224
-0.38751
-0.388792
-0.390066
-0.391331
-0.392589
-0.393836
-0.395072
-0.396301
-0.397519
-0.398727
-0.399924
-0.40111
-0.402289
-0.403451
-0.404602
-0.405739
-0.406862
-0.407974
-0.409074
-0.410159
-0.411232
-0.412288
-0.413331
-0.41436
-0.415377
-0.41638
-0.41737
-0.418347
-0.419307
-0.420254
-0.42119
-0.422106
-0.423006
-0.423895
-0.424769
-0.425629
-0.426474
-0.427305
-0.428119
-0.42892
-0.429708
-0.43048
-0.431239
-0.43198
-0.43271
-0.433425
-0.434123
-0.434812
-0.435486
-0.436146
-0.436791
-0.437422
-0.438037
-0.438639
-0.439218
-0.439789
-0.440346
-0.440889
-0.441418
-0.44193
-0.44243
-0.442915
-0.443386
-0.443843
-0.444286
-0.444714
-0.445128
-0.44553
-0.445913
-0.446287
-0.446641
-0.446983
-0.44731
-0.447626
-0.447925
-0.448211
-0.448481
-0.448736
-0.448977
-0.449203
-0.449414
-0.449613
-0.449795
-0.449964
-0.450115
-0.450252
-0.450375
-0.450483
-0.450576
-0.450654
-0.450716
-0.450764
-0.450797
-0.450812
-0.450814
-0.450801
-0.450768
-0.450722
-0.450663
-0.450593
-0.4505
-0.450394
-0.450275
-0.450137
-0.44998
-0.449811
-0.449626
-0.449422
-0.449205
-0.448972
-0.44872
-0.448455
-0.448173
-0.447875
-0.44756
-0.447229
-0.446882
-0.446515
-0.446132
-0.445734
-0.445318
-0.444887
-0.444439
-0.443977
-0.443497
-0.442999
-0.442486
-0.441956
-0.441409
-0.440843
-0.44026
-0.439663
-0.439044
-0.438408
-0.437758
-0.437091
-0.436407
-0.435707
-0.43499
-0.434257
-0.433508
-0.432742
-0.431958
-0.431161
-0.430348
-0.429518
-0.428674
-0.427818
-0.426945
-0.426058
-0.425156
-0.42424
-0.423311
-0.422372
-0.421419
-0.420455
-0.419475
-0.418485
-0.417483
-0.416472
-0.415452
-0.414416
-0.413378
-0.41233
-0.411274
-0.410209
-0.409141
-0.408066
-0.406989
-0.405896
-0.404815
-0.403726
-0.402642
-0.401551
-0.400459
-0.399371
-0.398283
-0.397197
-0.396114
-0.395037
-0.393964
-0.392899
-0.39184
-0.390788
-0.38975
-0.388723
-0.387704
-0.386695
-0.385702
-0.384721
-0.383757
-0.382807
-0.381875
-0.380965
-0.380071
-0.379197
-0.378344
-0.377512
-0.3767
-0.375913
-0.375149
-0.37441
-0.373696
-0.373008
-0.372343
-0.37171
-0.371102
-0.370523
-0.369971
-0.369446
-0.368948
-0.368481
-0.368043
-0.367637
-0.367258
-0.366911
-0.366591
-0.366301
-0.366037
-0.365805
-0.365605
-0.365431
-0.365288
-0.365172
-0.365083
-0.365022
-0.364989
-0.364982
-0.365002
-0.365048
-0.36512
-0.365216
-0.365341
-0.365483
-0.365651
-0.365842
-0.366051
-0.366285
-0.366537
-0.366814
-0.367108
-0.36742
-0.367753
-0.368103
-0.36847
-0.368851
-0.369249
-0.369663
-0.370085
-0.370524
-0.370975
-0.371439
-0.371911
-0.372395
-0.372892
-0.373396
-0.373912
-0.374437
-0.374968
-0.375509
-0.376055
-0.37661
-0.377169
-0.377737
-0.37831
-0.378888
-0.379471
-0.380058
-0.380649
-0.381244
-0.381844
-0.382445
-0.383048
-0.383654
-0.384261
-0.384871
-0.385481
-0.386093
-0.386703
-0.387314
-0.38793
-0.388546
-0.389159
-0.389772
-0.390385
-0.390996
-0.391609
-0.392221
-0.392829
-0.393435
-0.394039
-0.394641
-0.395241
-0.395838
-0.396433
-0.397024
-0.397613
-0.398198
-0.39878
-0.399359
-0.399933
-0.400504
-0.40107
-0.401634
-0.402194
-0.402747
-0.403295
-0.403841
-0.404381
-0.404914
-0.405441
-0.405963
-0.406476
-0.406987
-0.407491
-0.407991
-0.408481
-0.408966
-0.409443
-0.409914
-0.41038
-0.410839
-0.411292
-0.411737
-0.412176
-0.41261
-0.413035
-0.413455
-0.413866
-0.414269
-0.414666
-0.415055
-0.415436
-0.415811
-0.416181
-0.416541
-0.416894
-0.417237
-0.417573
-0.417905
-0.418229
-0.418549
-0.418862
-0.419165
-0.419459
-0.419749
-0.420029
-0.420305
-0.420575
-0.420833
-0.421089
-0.421333
-0.421576
-0.421814
-0.422046
-0.422274
-0.422491
-0.422705
-0.422914
-0.423117
-0.423312
-0.423504
-0.423691
-0.423873
-0.424047
-0.424219
-0.424386
-0.424547
-0.424705
-0.424858
-0.425008
-0.425153
-0.425295
-0.42543
-0.425563
-0.425693
-0.425817
-0.42594
-0.426059
-0.426176
-0.426289
-0.426401
-0.426511
-0.426615
-0.426716
-0.426815
-0.426912
-0.427003
-0.427094
-0.427186
-0.427271
-0.427355
-0.42744
-0.427524
-0.427602
-0.427679
-0.427755
-0.427828
-0.427905
-0.427977
-0.428046
-0.428113
-0.428179
-0.428246
-0.428312
-0.428376
-0.428441
-0.428501
-0.428559
-0.428618
-0.428672
-0.428727
-0.428778
-0.428831
-0.428883
-0.428934
-0.428982
-0.429038
-0.429086
-0.429134
-0.42918
-0.429226
-0.42927
-0.429314
-0.429355
-0.429393
-0.429432
-0.429478
-0.429518
-0.429557
-0.429593
-0.429628
-0.429668
-0.429702
-0.42974
-0.429775
-0.429809
-0.429842
-0.429875
-0.429904
-0.42994
-0.429971
-0.430001
-0.430033
-0.430059
-0.430085
-0.430112
-0.430139
-0.430165
-0.43019
-0.430215
-0.430239
-0.430265
-0.430288
-0.43031
-0.430332
-0.430349
-0.43037
-0.430388
-0.430405
-0.430422
-0.430441
-0.430459
-0.430477
-0.430497
-0.430517
-0.430536
-0.430553
-0.430569
-0.430588
-0.430606
-0.430619
-0.430637
-0.430652
-0.430667
-0.430682
-0.430697
-0.430715
-0.430727
-0.430747
-0.430762
-0.430777
-0.430792
-0.430807
-0.430823
-0.430838
-0.430857
-0.430875
-0.430892
-0.430904
-0.430916
-0.430934
-0.430952
-0.430971
-0.43099
-0.431007
-0.431025
-0.431046
-0.431067
-0.431092
-0.431114
-0.431138
-0.431162
-0.431187
-0.43121
-0.431237
-0.431266
-0.431295
-0.431324
-0.431353
-0.431384
-0.431418
-0.43145
-0.431483
-0.431518
-0.431553
-0.431588
-0.431625
-0.431663
-0.431701
-0.43174
-0.431785
-0.431826
-0.43187
-0.431915
-0.431958
-0.432002
-0.432046
-0.432091
-0.432139
-0.432185
-0.432233
-0.43228
-0.432327
-0.432375
-0.43242
-0.432467
-0.432515
-0.432563
-0.432608
-0.432658
-0.4327
-0.432747
-0.432793
-0.432841
-0.432882
-0.432926
-0.432969
-0.433014
-0.433055
-0.433095
-0.433134
-0.433171
-0.433207
-0.433239
-0.433271
-0.433304
-0.433334
-0.43336
-0.433384
-0.433406
-0.433422
-0.433438
-0.433452
-0.433465
-0.433472
-0.433479
-0.43348
-0.433481
-0.433478
-0.433469
-0.433457
-0.433438
-0.433416
-0.433393
-0.433366
-0.433335
-0.4333
-0.433261
-0.433221
-0.433175
-0.433124
-0.43307
-0.433012
-0.432951
-0.432885
-0.432816
-0.432744
-0.432668
-0.432589
-0.432506
-0.432423
-0.432335
-0.432245
-0.432152
-0.432059
-0.431961
-0.431862
-0.431762
-0.43166
-0.431557
-0.431458
-0.431357
-0.431258
-0.431154
-0.431052
-0.430952
-0.430851
-0.430753
-0.430653
-0.430559
-0.430467
-0.430378
-0.430293
-0.430211
-0.430134
-0.430061
-0.429992
-0.429929
-0.429874
-0.429824
-0.429777
-0.42974
-0.429703
-0.429676
-0.429655
-0.429641
-0.429634
-0.429637
-0.429644
-0.429656
-0.429678
-0.429704
-0.42974
-0.429785
-0.429834
-0.42989
-0.429953
-0.430019
-0.430091
-0.430171
-0.430257
-0.430345
-0.43044
-0.430536
-0.430636
-0.430742
-0.43085
-0.430958
-0.43107
-0.431183
-0.431296
-0.431409
-0.431521
-0.431634
-0.431743
-0.431851
-0.431953
-0.432053
-0.432146
-0.432233
-0.432317
-0.432391
-0.432458
-0.432517
-0.432566
-0.432607
-0.432639
-0.432659
-0.432667
-0.43266
-0.432644
-0.432615
-0.432572
-0.432513
-0.432441
-0.432352
-0.432251
-0.43213
-0.431992
-0.431843
-0.431678
-0.431496
-0.431296
-0.431076
-0.430838
-0.430582
-0.430307
-0.430014
-0.429702
-0.429374
-0.429027
-0.428658
-0.428271
-0.427863
-0.427439
-0.426995
-0.426529
-0.426049
-0.425548
-0.425033
-0.424499
-0.423947
-0.42338
-0.422793
-0.422187
-0.421565
-0.420929
-0.42028
-0.419612
-0.41893
-0.418237
-0.417533
-0.41681
-0.416075
-0.415323
-0.414564
-0.413797
-0.413017
-0.412228
-0.41143
-0.410623
-0.40981
-0.40899
-0.408166
-0.407335
-0.4065
-0.405666
-0.404825
-0.403982
-0.403139
-0.402298
-0.401456
-0.400621
-0.399782
-0.39895
-0.398122
-0.397303
-0.396486
-0.395677
-0.394877
-0.394095
-0.393318
-0.392554
-0.391801
-0.391064
-0.390342
-0.389637
-0.388948
-0.388278
-0.387627
-0.386996
-0.386388
-0.385799
-0.385234
-0.38469
-0.384175
-0.383687
-0.383221
-0.382782
-0.382373
-0.38199
-0.381636
-0.381311
-0.381016
-0.380753
-0.38052
-0.380316
-0.380147
-0.380011
-0.379904
-0.379836
-0.379795
-0.379789
-0.379818
-0.379881
-0.379977
-0.380107
-0.38027
-0.380467
-0.380698
-0.380961
-0.381259
-0.381588
-0.381949
-0.382342
-0.382766
-0.383219
-0.383707
-0.38422
-0.384763
-0.385336
-0.385938
-0.386568
-0.387224
-0.387906
-0.388614
-0.389349
-0.390107
-0.390889
-0.391688
-0.39251
-0.393353
-0.394216
-0.395096
-0.395995
-0.396914
-0.397847
-0.398795
-0.39976
-0.400735
-0.401726
-0.402724
-0.403737
-0.404755
-0.405785
-0.406823
-0.407868
-0.408922
-0.409982
-0.411044
-0.41211
-0.413182
-0.414254
-0.415327
-0.416401
-0.417476
-0.418549
-0.419622
-0.42069
-0.421756
-0.422818
-0.423879
-0.424935
-0.425986
-0.427031
-0.42807
-0.4291
-0.430123
-0.43114
-0.432149
-0.43315
-0.434141
-0.435118
-0.436089
-0.437048
-0.437999
-0.438938
-0.439862
-0.440778
-0.441683
