1.20001
1.20002
1.20003
1.20005
1.20007
1.20008
1.2001
1.20013
1.20015
1.20017
1.2002
1.20022
1.20025
1.20028
1.20031
1.20034
1.20037
1.2004
1.20043
1.20046
1.2005
1.20053
1.20057
1.20061
1.20064
1.20068
1.20072
1.20076
1.20079
1.20083
1.20087
1.20091
1.20095
1.20099
1.20103
1.20107
1.20111
1.20115
1.20119
1.20123
1.20127
1.20131
1.20135
1.20138
1.20142
1.20146
1.20149
1.20153
1.20156
1.20159
1.20162
1.20166
1.20168
1.20171
1.20174
1.20177
1.20179
1.20181
1.20184
1.20186
1.20188
1.20189
1.20191
1.20192
1.20193
1.20194
1.20195
1.20196
1.20196
1.20197
1.20197
1.20196
1.20196
1.20196
1.20195
1.20194
1.20192
1.20191
1.20189
1.20187
1.20185
1.20183
1.2018
1.20177
1.20174
1.2017
1.20166
1.20162
1.20158
1.20153
1.20148
1.20142
1.20137
1.2013
1.20124
1.20117
1.2011
1.20102
1.20094
1.20085
1.20076
1.20067
1.20056
1.20046
1.20034
1.20023
1.2001
1.19997
1.19983
1.19968
1.19953
1.19937
1.19919
1.19902
1.19883
1.19863
1.19842
1.1982
1.19797
1.19772
1.19747
1.1972
1.19692
1.19663
1.19632
1.196
1.19566
1.1953
1.19493
1.19455
1.19414
1.19372
1.19328
1.19282
1.19234
1.19184
1.19133
1.19079
1.19023
1.18965
1.18905
1.18843
1.18779
1.18713
1.18645
1.18574
1.18502
1.18427
1.18351
1.18273
1.18193
1.18111
1.18028
1.17943
1.17856
1.17769
1.1768
1.1759
1.175
1.17408
1.17317
1.17225
1.17134
1.17042
1.16951
1.16862
1.16773
1.16685
1.166
1.16516
1.16435
1.16356
1.16281
1.16208
1.16139
1.16075
1.16014
1.15958
1.15907
1.15861
1.1582
1.15785
1.15756
1.15732
1.15715
1.15704
1.157
1.15702
1.15711
1.15727
1.15749
1.15778
1.15813
1.15855
1.15903
1.15958
1.16019
1.16085
1.16158
1.16235
1.16319
1.16407
1.16499
1.16596
1.16698
1.16803
1.16911
1.17023
1.17137
1.17254
1.17374
1.17495
1.17618
1.17742
1.17867
1.17992
1.18119
1.18245
1.18372
1.18498
1.18623
1.18748
1.18872
1.18995
1.19117
1.19237
1.19356
1.19473
1.19588
1.19702
1.19813
1.19922
1.2003
1.20135
1.20237
1.20338
1.20436
1.20532
1.20625
1.20716
1.20805
1.20891
1.20975
1.21056
1.21135
1.21212
1.21286
1.21358
1.21428
1.21496
1.21561
1.21624
1.21685
1.21744
1.21801
1.21856
1.21908
1.21959
1.22008
1.22055
1.221
1.22144
1.22185
1.22225
1.22264
1.223
1.22335
1.22369
1.22401
1.22432
1.22461
1.22489
1.22515
1.2254
1.22564
1.22587
1.22609
1.22629
1.22648
1.22666
1.22684
1.227
1.22715
1.22729
1.22742
1.22754
1.22766
1.22776
1.22786
1.22795
1.22803
1.22811
1.22818
1.22824
1.22829
1.22834
1.22838
1.22841
1.22844
1.22847
1.22848
1.2285
1.2285
1.22851
1.2285
1.2285
1.22849
1.22847
1.22845
1.22843
1.2284
1.22837
1.22833
1.2283
1.22826
1.22821
1.22816
1.22811
1.22806
1.22801
1.22795
1.22789
1.22783
1.22776
1.2277
1.22763
1.22756
1.22749
1.22741
1.22734
1.22726
1.22719
1.22711
1.22703
1.22695
1.22687
1.22678
1.2267
1.22662
1.22653
1.22645
1.22636
1.22628
1.22619
1.22611
1.22602
1.22593
1.22585
1.22576
1.22568
1.22559
1.22551
1.22543
1.22534
1.22526
1.22518
1.2251
1.22501
1.22494
1.22486
1.22478
1.2247
1.22463
1.22455
1.22448
1.22441
1.22434
1.22427
1.2242
1.22413
1.22407
1.22401
1.22395
1.22389
1.22383
1.22377
1.22372
1.22366
1.22361
1.22356
1.22351
1.22347
1.22342
1.22338
1.22334
1.2233
1.22326
1.22323
1.2232
1.22316
1.22313
1.2231
1.22308
1.22305
1.22303
1.223
1.22298
1.22296
1.22294
1.22292
1.2229
1.22289
1.22287
1.22285
1.22284
1.22282
1.22281
1.22279
1.22278
1.22276
1.22274
1.22273
1.22271
1.22269
1.22267
1.22265
1.22262
1.2226
1.22257
1.22254
1.2225
1.22247
1.22242
1.22238
1.22233
1.22228
1.22222
1.22216
1.22209
1.22201
1.22193
1.22184
1.22175
1.22165
1.22154
1.22142
1.22129
1.22115
1.22101
1.22085
1.22068
1.2205
1.22031
1.22011
1.2199
1.21967
1.21943
1.21917
1.2189
1.21861
1.21831
1.218
1.21766
1.21731
1.21694
1.21655
1.21615
1.21572
1.21528
1.21481
1.21433
1.21382
1.21329
1.21274
1.21217
1.21158
1.21096
1.21032
1.20966
1.20897
1.20827
1.20753
1.20678
1.206
1.2052
1.20437
1.20353
1.20266
1.20176
1.20085
1.19991
1.19895
1.19797
1.19698
1.19596
1.19492
1.19387
1.1928
1.19171
1.19061
1.18949
1.18837
1.18723
1.18608
1.18493
1.18376
1.1826
1.18142
1.18025
1.17908
1.17791
1.17674
1.17558
1.17442
1.17328
1.17214
1.17102
1.16992
1.16884
1.16777
1.16673
1.16572
1.16473
1.16378
1.16286
1.16197
1.16113
1.16032
1.15956
1.15885
1.15818
1.15757
1.15701
1.15651
1.15607
1.15569
1.15537
1.15512
1.15494
1.15483
1.15479
1.15482
1.15493
1.15511
1.15537
1.15571
1.15612
1.1566
1.15716
1.1578
1.15851
1.15928
1.16013
1.16105
1.16203
1.16308
1.16418
1.16534
1.16655
1.16781
1.16912
1.17047
1.17185
1.17327
1.17472
1.1762
1.17769
1.17921
1.18073
1.18227
1.18381
1.18535
1.18689
1.18842
1.18995
1.19146
1.19295
1.19443
1.19589
1.19733
1.19874
1.20012
1.20147
1.20279
1.20408
1.20534
1.20656
1.20774
1.20889
1.21
1.21107
1.2121
1.2131
1.21405
1.21497
1.21585
1.21668
1.21748
1.21824
1.21896
1.21964
1.22029
1.2209
1.22147
1.222
1.2225
1.22296
1.22339
1.22378
1.22414
1.22446
1.22475
1.22501
1.22524
1.22544
1.22561
1.22575
1.22585
1.22593
1.22599
1.22601
1.22601
1.22598
1.22592
1.22584
1.22573
1.2256
1.22545
1.22527
1.22506
1.22484
1.22459
1.22432
1.22403
1.22372
1.22338
1.22303
1.22265
1.22226
1.22184
1.22141
1.22096
1.22049
1.22
1.21949
1.21897
1.21842
1.21787
1.21729
1.2167
1.21609
1.21547
1.21483
1.21417
1.2135
1.21282
1.21212
1.21141
1.21069
1.20995
1.2092
1.20844
1.20766
1.20687
1.20608
1.20527
1.20445
1.20362
1.20278
1.20193
1.20107
1.2002
1.19933
1.19845
1.19756
1.19666
1.19576
1.19485
1.19394
1.19302
1.1921
1.19118
1.19025
1.18932
1.18839
1.18746
1.18653
1.1856
1.18466
1.18374
1.18281
1.18189
1.18097
1.18006
1.17915
1.17825
1.17736
1.17647
1.1756
1.17473
1.17388
1.17304
1.17221
1.17139
1.17059
1.16981
1.16904
1.16829
1.16756
1.16685
1.16617
1.1655
1.16486
1.16424
1.16365
1.16308
1.16254
1.16203
1.16155
1.1611
1.16068
1.16028
1.15993
1.1596
1.15931
1.15905
1.15883
1.15864
1.15848
1.15836
1.15828
1.15823
1.15821
1.15823
1.15829
1.15837
1.1585
1.15865
1.15884
1.15906
1.15932
1.1596
1.15991
1.16025
1.16062
1.16101
1.16143
1.16188
1.16234
1.16283
1.16333
1.16386
1.1644
1.16496
1.16553
1.16611
1.1667
1.16731
1.16792
1.16854
1.16916
1.16979
1.17042
1.17105
1.17168
1.17231
1.17294
1.17356
1.17418
1.17479
1.1754
1.176
1.17659
1.17718
1.17775
1.17831
1.17886
1.1794
1.17993
1.18044
1.18095
1.18144
1.18191
1.18238
1.18283
1.18326
1.18369
1.1841
1.18449
1.18488
1.18524
1.1856
1.18595
1.18628
1.1866
1.1869
1.1872
1.18749
1.18776
1.18803
1.18828
1.18853
1.18877
1.189
1.18922
1.18943
1.18964
1.18984
1.19004
1.19023
1.19042
1.19061
1.19079
1.19097
1.19115
1.19132
1.1915
1.19167
1.19185
1.19202
1.1922
1.19238
1.19256
1.19274
1.19293
1.19312
1.19332
1.19351
1.19372
1.19393
1.19414
1.19436
1.19459
1.19482
1.19505
1.1953
1.19555
1.19581
1.19607
1.19634
1.19662
1.1969
1.1972
1.1975
1.1978
1.19811
1.19843
1.19876
1.19909
1.19942
1.19977
1.20011
1.20047
1.20082
1.20119
1.20155
1.20192
1.2023
1.20267
1.20305
1.20343
1.20381
1.2042
1.20458
1.20497
1.20535
1.20574
1.20612
1.2065
1.20688
1.20726
1.20764
1.20801
1.20838
1.20874
1.2091
1.20945
1.2098
1.21015
1.21049
1.21082
1.21114
1.21146
1.21177
1.21207
1.21237
1.21265
1.21293
1.2132
1.21346
1.21371
1.21395
1.21418
1.21441
1.21462
1.21482
1.21501
1.21519
1.21537
1.21553
1.21568
1.21582
1.21595
1.21607
1.21617
1.21627
1.21636
1.21643
1.2165
1.21655
1.21659
1.21663
1.21665
1.21666
1.21666
1.21665
1.21663
1.2166
1.21655
1.2165
1.21644
1.21637
1.21629
1.2162
1.2161
1.21599
1.21587
1.21574
1.2156
1.21546
1.21531
1.21514
1.21497
1.2148
1.21461
1.21442
1.21422
1.21401
1.2138
1.21358
1.21335
1.21312
1.21289
1.21264
1.21239
1.21214
1.21188
1.21162
1.21136
1.21109
1.21081
1.21053
1.21025
1.20997
1.20968
1.20939
1.20909
1.2088
1.2085
1.20819
1.20789
1.20758
1.20727
1.20696
1.20664
1.20632
1.206
1.20567
1.20535
1.20502
1.20468
1.20434
1.204
1.20366
1.20331
1.20296
1.20261
1.20225
1.20188
1.20151
1.20114
1.20077
1.20039
1.2
1.19961
1.19921
1.19881
1.19841
1.198
1.19759
1.19718
1.19676
1.19633
1.19591
1.19548
1.19505
1.19462
1.19419
1.19376
1.19333
1.1929
1.19247
1.19205
1.19164
1.19122
1.19082
1.19043
1.19004
1.18967
1.18931
1.18896
1.18863
1.18832
1.18803
1.18775
1.1875
1.18727
1.18707
1.18689
1.18675
1.18663
1.18654
1.18648
1.18646
1.18647
1.18651
1.18659
1.18671
1.18686
1.18705
1.18728
1.18754
1.18784
1.18818
1.18856
1.18897
1.18941
1.18989
1.19041
1.19095
1.19153
1.19213
1.19277
1.19343
1.19411
1.19482
1.19555
1.1963
1.19706
1.19784
1.19864
1.19944
1.20026
1.20108
1.20191
1.20274
1.20358
1.20441
1.20524
1.20607
1.2069
1.20771
1.20852
1.20932
1.21011
1.21089
1.21166
1.21241
1.21315
1.21387
1.21457
1.21526
1.21593
1.21658
1.21721
1.21783
1.21842
1.219
1.21955
1.22008
1.2206
1.22109
1.22157
1.22202
1.22246
1.22287
1.22327
1.22364
1.224
1.22434
1.22466
1.22496
1.22525
1.22551
1.22576
1.226
1.22622
1.22642
1.2266
1.22678
1.22693
1.22708
1.22721
1.22732
1.22743
1.22752
1.2276
1.22767
1.22772
1.22777
1.22781
1.22783
1.22785
1.22785
1.22785
1.22784
1.22782
1.2278
1.22776
1.22772
1.22767
1.22761
1.22755
1.22748
1.22741
1.22732
1.22724
1.22715
1.22705
1.22694
1.22684
1.22672
1.22661
1.22648
1.22636
1.22623
1.22609
1.22595
1.22581
1.22566
1.22551
1.22535
1.22519
1.22503
1.22486
1.22469
1.22452
1.22434
1.22416
1.22398
1.22379
1.2236
1.2234
1.2232
1.223
1.22279
1.22258
1.22237
1.22215
1.22193
1.22171
1.22148
1.22125
1.22101
1.22077
1.22053
1.22028
1.22003
1.21978
1.21952
1.21926
1.21899
1.21872
1.21845
1.21817
1.21789
1.2176
1.21731
1.21702
1.21672
1.21642
1.21611
1.2158
1.21549
1.21517
1.21485
1.21452
1.2142
1.21386
1.21352
1.21318
1.21284
1.21249
1.21213
1.21178
1.21142
1.21105
1.21068
1.21031
1.20993
1.20955
1.20917
1.20878
1.20839
1.208
1.2076
1.2072
1.2068
1.20639
1.20598
1.20557
1.20515
1.20473
1.20431
1.20389
1.20346
1.20303
1.2026
1.20217
1.20173
1.2013
1.20086
1.20042
1.19997
1.19953
1.19909
1.19864
1.1982
1.19775
1.1973
1.19686
1.19641
1.19596
1.19552
1.19507
1.19463
1.19419
1.19375
1.19331
1.19287
1.19244
1.19201
1.19158
1.19116
1.19074
1.19032
1.18991
1.1895
1.1891
1.18871
1.18832
1.18793
1.18756
1.18719
1.18683
1.18647
1.18613
1.18579
1.18546
1.18514
1.18484
1.18454
1.18425
1.18397
1.18371
1.18345
1.18321
1.18298
1.18276
1.18256
1.18237
1.18219
1.18203
1.18188
1.18174
1.18162
1.18151
1.18142
1.18135
1.18129
1.18124
1.18121
1.1812
1.1812
1.18121
1.18125
1.18129
1.18136
1.18144
1.18153
1.18164
1.18177
1.18191
1.18206
1.18223
1.18242
1.18262
1.18283
1.18306
1.1833
1.18356
1.18382
1.1841
1.1844
1.1847
1.18502
1.18534
1.18568
1.18603
1.18639
1.18675
1.18713
1.18751
1.1879
1.1883
1.18871
1.18912
1.18954
1.18997
1.1904
1.19083
1.19127
1.19171
1.19215
1.1926
1.19305
1.1935
1.19395
1.1944
1.19485
1.1953
1.19575
1.1962
1.19665
1.19709
1.19753
1.19797
1.1984
1.19883
1.19926
1.19968
1.20009
1.2005
1.20091
1.2013
1.20169
1.20207
1.20245
1.20282
1.20318
1.20353
1.20387
1.20421
1.20453
1.20485
1.20515
1.20545
1.20573
1.20601
1.20627
1.20653
1.20677
1.20701
1.20723
1.20744
1.20764
1.20783
1.20801
1.20817
1.20832
1.20847
1.2086
1.20872
1.20882
1.20892
1.209
1.20907
1.20913
1.20918
1.20922
1.20924
1.20926
1.20926
1.20925
1.20923
1.20919
1.20915
1.2091
1.20903
1.20896
1.20887
1.20877
1.20866
1.20855
1.20842
1.20829
1.20814
1.20799
1.20782
1.20765
1.20747
1.20728
1.20709
1.20689
1.20668
1.20646
1.20624
1.20601
1.20578
1.20554
1.2053
1.20505
1.2048
1.20454
1.20428
1.20402
1.20376
1.2035
1.20323
1.20296
1.2027
1.20243
1.20216
1.2019
1.20163
1.20137
1.20111
1.20085
1.2006
1.20035
1.2001
1.19986
1.19962
1.19939
1.19916
1.19894
1.19873
1.19852
1.19832
1.19813
1.19794
1.19776
1.19759
1.19743
1.19727
1.19713
1.19699
1.19686
1.19674
1.19663
1.19653
1.19644
1.19636
1.19628
1.19622
1.19616
1.19611
1.19608
1.19605
1.19603
1.19602
1.19601
1.19602
1.19603
1.19605
1.19608
1.19612
1.19616
1.19621
1.19627
1.19633
1.1964
1.19647
1.19656
1.19664
1.19673
1.19683
1.19693
1.19704
1.19715
1.19726
1.19737
1.19749
1.19762
1.19774
1.19787
1.198
1.19813
1.19826
1.19839
1.19853
1.19866
1.1988
1.19894
1.19907
1.19921
1.19935
1.19948
1.19962
1.19975
1.19989
1.20002
1.20015
1.20028
1.20041
1.20054
1.20066
1.20079
1.20091
1.20103
1.20115
1.20126
1.20138
1.20149
1.2016
1.2017
1.2018
1.20191
1.202
1.2021
1.20219
1.20228
1.20237
1.20245
1.20254
1.20261
1.20269
1.20276
1.20283
1.2029
1.20296
1.20302
1.20307
1.20313
1.20318
1.20322
1.20327
1.20331
1.20334
1.20337
1.2034
1.20343
1.20345
1.20347
1.20348
1.2035
1.2035
1.20351
1.20351
1.2035
1.20349
1.20348
1.20347
1.20345
1.20342
1.20339
1.20336
1.20332
1.20328
1.20324
1.20319
1.20313
1.20307
1.20301
1.20294
1.20287
1.20279
1.20271
1.20262
1.20253
1.20243
1.20233
1.20222
1.20211
1.20199
1.20186
1.20174
1.2016
1.20146
1.20132
1.20117
1.20101
1.20085
1.20068
1.20051
1.20033
1.20015
1.19996
1.19976
1.19956
1.19935
1.19914
1.19892
1.1987
1.19847
1.19824
1.198
1.19775
1.1975
1.19724
1.19698
1.19671
1.19644
1.19617
1.19588
1.1956
1.19531
1.19501
1.19471
1.19441
1.1941
1.19379
1.19347
1.19316
1.19283
1.19251
1.19218
1.19185
1.19152
1.19119
1.19085
1.19051
1.19018
1.18984
1.1895
1.18916
1.18882
1.18848
1.18814
1.18781
1.18747
1.18714
1.18681
1.18648
1.18615
1.18583
1.18551
1.18519
1.18488
1.18457
1.18427
1.18397
1.18368
1.18339
1.18311
1.18283
1.18257
1.1823
1.18205
1.1818
1.18156
1.18132
1.1811
1.18088
1.18067
1.18046
1.18027
1.18008
1.1799
1.17973
1.17956
1.17941
1.17926
1.17912
1.17899
1.17886
1.17875
1.17864
1.17854
1.17844
1.17836
1.17828
1.17821
1.17814
1.17808
1.17803
1.17798
1.17794
1.17791
1.17788
1.17786
1.17784
1.17782
1.17782
1.17781
1.17781
1.17782
1.17783
1.17784
1.17786
1.17788
1.1779
1.17792
1.17795
1.17799
1.17802
1.17806
1.1781
1.17814
1.17818
1.17823
1.17828
1.17833
1.17839
1.17844
1.1785
1.17856
1.17862
1.17868
1.17874
1.17881
1.17888
1.17895
1.17902
1.1791
1.17917
1.17925
1.17933
1.17941
1.1795
1.17958
1.17967
1.17977
1.17986
1.17996
1.18005
1.18016
1.18026
1.18037
1.18048
1.18059
1.1807
1.18082
1.18094
1.18107
1.1812
1.18133
1.18146
1.1816
1.18174
1.18188
1.18203
1.18218
1.18233
1.18249
1.18265
1.18282
1.18299
1.18316
1.18333
1.18351
1.18369
1.18388
1.18407
1.18426
1.18446
1.18466
1.18486
1.18507
1.18528
1.1855
1.18571
1.18594
1.18616
1.18639
1.18662
1.18685
1.18709
1.18733
1.18758
1.18782
1.18807
1.18833
1.18858
1.18884
1.1891
1.18937
1.18963
1.1899
1.19017
1.19044
1.19072
1.19099
1.19127
1.19155
1.19183
1.19211
1.1924
1.19268
1.19297
1.19326
1.19354
1.19383
1.19412
1.19441
1.1947
1.19498
1.19527
1.19556
1.19585
1.19614
1.19642
1.19671
1.19699
1.19727
1.19755
1.19783
1.19811
1.19839
1.19866
1.19893
1.1992
1.19947
1.19973
1.2
1.20025
1.20051
1.20076
1.20101
1.20126
1.2015
1.20174
1.20197
1.20221
1.20243
1.20266
1.20288
1.20309
1.2033
1.20351
1.20371
1.20391
1.2041
1.20429
1.20448
1.20466
1.20483
1.205
1.20517
1.20533
1.20548
1.20563
1.20578
1.20592
1.20606
1.20619
1.20631
1.20644
1.20655
1.20666
1.20677
1.20687
1.20697
1.20706
1.20715
1.20723
1.20731
1.20738
1.20745
1.20751
1.20757
1.20762
1.20767
1.20772
1.20776
1.20779
1.20782
1.20785
1.20787
1.20789
1.20791
1.20792
1.20792
1.20793
1.20792
1.20792
1.20791
1.2079
1.20788
1.20786
1.20784
1.20781
1.20778
1.20775
1.20771
1.20767
1.20763
1.20758
1.20753
1.20748
1.20743
1.20737
1.20731
1.20725
1.20719
1.20712
1.20705
1.20698
1.20691
1.20683
1.20676
1.20668
1.2066
1.20652
1.20643
1.20635
1.20626
1.20617
1.20609
1.206
1.2059
1.20581
1.20572
1.20563
1.20553
1.20544
1.20534
1.20524
1.20515
1.20505
1.20495
1.20486
1.20476
1.20466
1.20457
1.20447
1.20437
1.20428
1.20418
1.20409
1.20399
1.2039
1.2038
1.20371
1.20362
1.20353
1.20344
1.20335
1.20327
1.20318
1.2031
1.20301
1.20293
1.20285
1.20277
1.2027
1.20262
1.20255
1.20248
1.20241
1.20234
1.20227
1.20221
1.20215
1.20209
1.20203
1.20198
1.20192
1.20187
1.20183
1.20178
1.20174
1.2017
1.20166
1.20163
1.2016
1.20157
1.20154
1.20151
1.20149
1.20147
1.20146
1.20145
1.20144
1.20143
1.20142
1.20142
1.20143
1.20143
1.20144
1.20145
1.20146
1.20148
1.2015
1.20152
1.20154
1.20157
1.2016
1.20164
1.20167
1.20171
1.20176
1.2018
1.20185
1.2019
1.20196
1.20201
1.20207
1.20213
1.2022
1.20227
1.20234
1.20241
1.20249
1.20257
1.20265
1.20273
1.20281
1.2029
1.20299
1.20309
1.20318
1.20328
1.20338
1.20348
1.20358
1.20369
1.20379
1.2039
1.20401
1.20412
1.20424
1.20435
1.20447
1.20459
1.20471
1.20483
1.20495
1.20507
1.2052
1.20532
1.20544
1.20557
1.2057
1.20582
1.20595
1.20607
1.2062
1.20633
1.20645
1.20658
1.20671
1.20683
1.20696
1.20708
1.2072
1.20732
1.20744
1.20756
1.20768
1.2078
1.20791
1.20802
1.20813
1.20824
1.20834
1.20845
1.20855
1.20864
1.20874
1.20883
1.20892
1.209
1.20908
1.20916
1.20923
1.2093
1.20937
1.20943
1.20948
1.20953
1.20958
1.20962
1.20965
1.20968
1.20971
1.20972
1.20974
1.20974
1.20974
1.20974
1.20972
1.20971
1.20968
1.20965
1.20961
1.20956
1.2095
1.20944
1.20937
1.20929
1.20921
1.20911
1.20901
1.2089
1.20878
1.20866
1.20852
1.20838
1.20823
1.20807
1.2079
1.20772
1.20754
1.20734
1.20714
1.20693
1.20671
1.20648
1.20624
1.20599
1.20574
1.20548
1.20521
1.20493
1.20465
1.20436
1.20406
1.20375
1.20344
1.20312
1.20279
1.20246
1.20212
1.20178
1.20143
1.20108
1.20072
1.20036
1.2
1.19963
1.19927
1.1989
1.19852
1.19815
1.19778
1.19741
1.19704
1.19667
1.19631
1.19594
1.19558
1.19523
1.19488
1.19453
1.1942
1.19386
1.19354
1.19322
1.19292
1.19262
1.19233
1.19206
1.19179
1.19154
1.1913
1.19107
1.19085
1.19065
1.19047
1.1903
1.19014
1.19
1.18988
1.18977
1.18968
1.18961
1.18955
1.18952
1.18949
1.18949
1.1895
1.18953
1.18958
1.18965
1.18973
1.18983
1.18995
1.19008
1.19023
1.1904
1.19058
1.19078
1.19099
1.19122
1.19146
1.19171
1.19198
1.19226
1.19256
1.19286
1.19318
1.1935
1.19384
1.19418
1.19454
1.1949
1.19527
1.19565
1.19603
1.19642
1.19681
1.19721
1.19762
1.19803
1.19844
1.19885
1.19927
1.19968
1.2001
1.20052
1.20094
1.20136
1.20178
1.2022
1.20262
1.20304
1.20345
1.20386
1.20427
1.20468
1.20508
1.20548
1.20588
1.20627
1.20666
1.20704
1.20742
1.2078
1.20817
1.20853
1.2089
1.20925
1.2096
1.20995
1.21029
1.21062
1.21095
1.21127
1.21159
1.2119
1.21221
1.21251
1.2128
1.21309
1.21338
1.21365
1.21393
1.21419
1.21445
1.21471
1.21496
1.21521
1.21545
1.21568
1.21591
1.21613
1.21635
1.21657
1.21678
1.21698
1.21718
1.21738
1.21757
1.21776
1.21794
1.21812
1.21829
1.21846
1.21863
1.21879
1.21895
1.2191
1.21925
1.2194
1.21954
1.21969
1.21982
1.21996
1.22009
1.22022
1.22035
1.22048
1.2206
1.22072
1.22084
1.22095
1.22106
1.22118
1.22129
1.22139
1.2215
1.22161
1.22171
1.22181
1.22191
1.22201
1.22211
1.22221
1.2223
1.2224
1.22249
1.22259
1.22268
1.22277
1.22287
1.22296
1.22305
1.22314
1.22323
1.22332
1.22341
1.2235
1.22359
1.22367
1.22376
1.22385
1.22394
1.22403
1.22412
1.22421
1.22429
1.22438
1.22447
1.22456
1.22465
1.22474
1.22483
1.22492
1.225
1.22509
1.22518
1.22527
1.22536
1.22545
1.22554
1.22562
1.22571
1.2258
1.22589
1.22598
1.22607
1.22615
1.22624
1.22633
1.22641
1.2265
1.22659
1.22667
1.22676
1.22684
1.22693
1.22701
1.22709
1.22717
1.22726
1.22734
1.22742
1.22749
1.22757
1.22765
1.22773
1.2278
1.22787
1.22795
1.22802
1.22809
1.22816
1.22822
1.22829
1.22835
1.22842
1.22848
1.22854
1.22859
1.22865
1.2287
1.22876
1.22881
1.22885
1.2289
1.22894
1.22899
1.22903
1.22906
1.2291
1.22913
1.22916
1.22919
1.22921
1.22924
1.22926
1.22927
1.22929
1.2293
1.22931
1.22931
1.22931
1.22931
1.22931
1.2293
1.22929
1.22928
1.22926
1.22924
1.22921
1.22919
1.22915
1.22912
1.22908
1.22903
1.22899
1.22894
1.22888
1.22882
1.22876
1.22869
1.22862
1.22854
1.22846
1.22837
1.22828
1.22819
1.22809
1.22798
1.22787
1.22776
1.22764
1.22751
1.22738
1.22725
1.22711
1.22696
1.22681
1.22666
1.2265
1.22633
1.22616
1.22598
1.2258
1.22561
1.22541
1.22521
1.225
1.22479
1.22457
1.22435
1.22412
1.22388
1.22364
1.2234
1.22314
1.22288
1.22262
1.22235
1.22207
1.22178
1.2215
1.2212
1.2209
1.22059
1.22028
1.21996
1.21963
1.2193
1.21897
1.21863
1.21828
1.21793
1.21757
1.2172
1.21684
1.21646
1.21608
1.2157
1.21531
1.21492
1.21452
1.21411
1.21371
1.21329
1.21288
1.21246
1.21203
1.21161
1.21118
1.21074
1.2103
1.20986
1.20942
1.20897
1.20852
1.20807
1.20762
1.20716
1.20671
1.20625
1.20579
1.20533
1.20487
1.20441
1.20395
1.20348
1.20302
1.20256
1.2021
1.20164
1.20118
1.20072
1.20026
1.19981
1.19935
1.1989
1.19845
1.19801
1.19756
1.19712
1.19669
1.19625
1.19582
1.19539
1.19497
1.19455
1.19414
1.19373
1.19332
1.19292
1.19252
1.19213
1.19174
1.19136
1.19098
1.19061
1.19025
1.18989
1.18953
1.18918
1.18884
1.1885
1.18816
1.18783
1.18751
1.1872
1.18688
1.18658
1.18628
1.18598
1.18569
1.18541
1.18513
1.18486
1.18459
1.18433
1.18407
1.18382
1.18357
1.18333
1.18309
1.18286
1.18264
1.18242
1.1822
1.18199
1.18179
1.18159
1.1814
1.18122
1.18104
1.18087
1.1807
1.18054
1.18039
1.18025
1.18012
1.18
1.17988
1.17978
1.17968
1.1796
1.17953
1.17947
1.17942
1.17939
1.17937
1.17936
1.17937
1.1794
1.17944
1.17951
1.17959
1.17968
1.1798
1.17994
1.1801
1.18028
1.18048
1.18071
1.18095
1.18123
1.18152
1.18184
1.18218
1.18255
1.18294
1.18336
1.1838
1.18426
1.18475
1.18526
1.1858
1.18636
1.18694
1.18754
1.18817
1.18881
1.18948
1.19016
1.19086
1.19159
1.19232
1.19307
1.19384
1.19462
1.19541
1.19621
1.19702
1.19785
1.19867
1.19951
1.20035
1.20119
1.20204
1.20289
1.20374
1.20458
1.20543
1.20628
1.20712
1.20795
1.20879
1.20961
1.21043
1.21124
1.21204
1.21283
1.21362
1.21439
1.21515
1.2159
1.21664
1.21737
1.21808
1.21878
1.21947
1.22014
1.2208
1.22144
1.22207
1.22269
1.22329
1.22388
1.22445
1.22501
1.22555
1.22608
1.22659
1.22709
1.22758
1.22805
1.2285
1.22895
1.22937
1.22979
1.23019
1.23058
1.23095
1.23132
1.23167
1.232
1.23233
1.23264
1.23294
1.23323
1.23351
1.23377
1.23403
1.23427
1.23451
1.23473
1.23494
1.23515
1.23534
1.23553
1.2357
1.23587
1.23603
1.23618
1.23632
1.23646
1.23658
1.2367
1.23681
1.23691
1.23701
1.2371
1.23718
1.23725
1.23732
1.23739
1.23744
1.23749
1.23754
1.23758
1.23761
1.23764
1.23766
1.23768
1.23769
1.2377
1.2377
1.2377
1.23769
1.23768
1.23767
1.23765
1.23763
1.2376
1.23757
1.23753
1.23749
1.23745
1.2374
1.23735
1.2373
1.23724
1.23718
1.23712
1.23705
1.23698
1.23691
1.23683
1.23675
1.23667
1.23659
1.2365
1.23641
1.23632
1.23623
1.23613
1.23603
1.23593
1.23582
1.23571
1.2356
1.23549
1.23538
1.23526
1.23515
1.23503
1.2349
1.23478
1.23465
1.23453
1.2344
1.23427
1.23413
1.234
1.23386
1.23372
1.23358
1.23344
1.2333
1.23315
1.23301
1.23286
1.23271
1.23256
1.23241
1.23226
1.2321
1.23195
1.23179
1.23163
1.23147
1.23131
1.23115
1.23099
1.23082
1.23066
1.2305
1.23033
1.23016
1.23
1.22983
1.22966
1.22949
1.22932
1.22915
1.22898
1.22881
1.22863
1.22846
1.22829
1.22811
1.22794
1.22777
1.22759
1.22742
1.22725
1.22707
1.2269
1.22672
1.22655
1.22638
1.2262
1.22603
1.22586
1.22569
1.22552
1.22534
1.22517
1.225
1.22483
1.22467
1.2245
1.22433
1.22417
1.224
1.22384
1.22367
1.22351
1.22335
1.22319
1.22303
1.22288
1.22272
1.22257
1.22242
1.22227
1.22212
1.22197
1.22182
1.22168
1.22153
1.22139
1.22126
1.22112
1.22098
1.22085
1.22072
1.22059
1.22046
1.22034
1.22021
1.22009
1.21997
1.21986
1.21974
1.21963
1.21952
1.21941
1.2193
1.2192
1.2191
1.219
1.2189
1.21881
1.21871
1.21862
1.21853
1.21845
1.21836
1.21828
1.2182
1.21812
1.21805
1.21797
1.2179
1.21783
1.21776
1.2177
1.21763
1.21757
1.21751
1.21745
1.21739
1.21734
1.21728
1.21723
1.21718
1.21713
1.21708
1.21703
1.21699
1.21694
1.2169
1.21686
1.21682
1.21678
1.21674
1.2167
1.21666
1.21663
1.21659
1.21656
1.21652
1.21649
1.21646
1.21643
1.21639
1.21636
1.21633
1.2163
1.21627
1.21624
1.21621
1.21618
1.21615
1.21612
1.21609
1.21606
1.21603
1.216
1.21597
1.21594
1.21591
1.21589
1.21586
1.21582
1.21579
1.21576
1.21573
1.2157
1.21567
1.21564
1.21561
1.21558
1.21554
1.21551
1.21548
1.21545
1.21541
1.21538
1.21535
1.21531
1.21528
1.21524
1.21521
1.21517
1.21514
1.21511
1.21507
1.21504
1.215
1.21497
1.21493
1.2149
1.21486
1.21483
1.21479
1.21476
1.21472
1.21469
1.21466
1.21462
1.21459
1.21456
1.21453
1.2145
1.21446
1.21443
1.2144
1.21438
1.21435
1.21432
1.21429
1.21427
1.21424
1.21422
1.21419
1.21417
1.21415
1.21413
1.21411
1.21409
1.21407
1.21406
1.21404
1.21403
1.21401
1.214
1.21399
1.21398
1.21398
1.21397
1.21396
1.21396
1.21396
1.21396
1.21396
1.21396
1.21396
1.21397
1.21397
1.21398
1.21399
1.214
1.21401
1.21403
1.21404
1.21406
1.21407
1.21409
1.21411
1.21413
1.21416
1.21418
1.21421
1.21423
1.21426
1.21429
1.21432
1.21435
1.21438
1.21441
1.21445
1.21448
1.21451
1.21455
1.21459
1.21462
1.21466
1.2147
1.21474
1.21478
1.21482
1.21486
1.2149
1.21494
1.21498
1.21502
1.21506
1.2151
1.21514
1.21519
1.21523
1.21526
1.2153
1.21534
1.21538
1.21542
1.21546
1.21549
1.21553
1.21556
1.21559
1.21563
1.21566
1.21569
1.21572
1.21574
1.21577
1.21579
1.21581
1.21584
1.21585
1.21587
1.21589
1.2159
1.21591
1.21592
1.21593
1.21593
1.21594
1.21594
1.21594
1.21593
1.21593
1.21592
1.2159
1.21589
1.21587
1.21585
1.21583
1.21581
1.21578
1.21575
1.21571
1.21568
1.21564
1.2156
1.21555
1.2155
1.21545
1.2154
1.21534
1.21528
1.21522
1.21515
1.21508
1.21501
1.21493
1.21486
1.21477
1.21469
1.2146
1.21451
1.21442
1.21432
1.21423
1.21412
1.21402
1.21391
1.21381
1.21369
1.21358
1.21346
1.21334
1.21322
1.2131
1.21297
1.21285
1.21272
1.21258
1.21245
1.21232
1.21218
1.21204
1.2119
1.21176
1.21162
1.21148
1.21133
1.21119
1.21104
1.2109
1.21075
1.2106
1.21046
1.21031
1.21016
1.21002
1.20987
1.20972
1.20958
1.20943
1.20929
1.20915
1.20901
1.20887
1.20873
1.20859
1.20846
1.20832
1.20819
1.20806
1.20793
1.20781
1.20768
1.20756
1.20745
1.20733
1.20722
1.20711
1.207
1.2069
1.2068
1.2067
1.20661
1.20652
1.20643
1.20635
1.20627
1.20619
1.20612
1.20605
1.20598
1.20592
1.20586
1.20581
1.20576
1.20571
1.20567
1.20563
1.20559
1.20556
1.20553
1.2055
1.20548
1.20546
1.20544
1.20543
1.20542
1.20541
1.20541
1.20541
1.20541
1.20541
1.20542
1.20543
1.20544
1.20546
1.20547
1.20549
1.20551
1.20554
1.20556
1.20559
1.20561
1.20564
1.20567
1.2057
1.20574
1.20577
1.2058
1.20584
1.20587
1.20591
1.20595
1.20598
1.20602
1.20606
1.20609
1.20613
1.20617
1.2062
1.20624
1.20627
1.20631
1.20634
1.20637
1.2064
1.20644
1.20647
1.20649
1.20652
1.20655
1.20657
1.2066
1.20662
1.20664
1.20666
1.20668
1.20669
1.20671
1.20672
1.20673
1.20674
1.20674
1.20675
1.20675
1.20675
1.20675
1.20675
1.20674
1.20673
1.20672
1.20671
1.2067
1.20668
1.20666
1.20664
1.20662
1.20659
1.20656
1.20653
1.2065
1.20646
1.20642
1.20638
1.20634
1.20629
1.20624
1.20619
1.20614
1.20608
1.20602
1.20596
1.20589
1.20582
1.20575
1.20568
1.2056
1.20552
1.20543
1.20534
1.20525
1.20516
1.20506
1.20496
1.20486
1.20475
1.20463
1.20452
1.2044
1.20427
1.20414
1.20401
1.20387
1.20373
1.20358
1.20343
1.20328
1.20311
1.20295
1.20277
1.2026
1.20241
1.20222
1.20203
1.20183
1.20162
1.2014
1.20118
1.20096
1.20072
1.20048
1.20023
1.19997
1.1997
1.19943
1.19915
1.19885
1.19855
1.19824
1.19793
1.1976
1.19726
1.19691
1.19655
1.19618
1.1958
1.19541
1.19501
1.19459
1.19417
1.19373
1.19328
1.19281
1.19234
1.19185
1.19134
1.19083
1.1903
1.18975
1.1892
1.18863
1.18804
1.18744
1.18683
1.1862
1.18556
1.1849
1.18423
1.18354
1.18284
1.18213
1.1814
1.18066
1.1799
1.17914
1.17836
1.17757
1.17676
1.17595
1.17512
1.17428
1.17344
1.17258
1.17172
1.17085
1.16998
1.1691
1.16821
1.16733
1.16644
1.16555
1.16466
1.16377
1.16289
1.16201
1.16114
1.16027
1.15942
1.15857
1.15774
1.15692
1.15611
1.15533
1.15456
1.15381
1.15308
1.15237
1.15169
1.15104
1.15041
1.14981
1.14924
1.1487
1.1482
1.14772
1.14728
1.14688
1.14651
1.14618
1.14588
1.14562
1.14539
1.14521
1.14506
1.14495
1.14488
1.14484
1.14484
1.14488
1.14495
1.14506
1.1452
1.14538
1.14559
1.14583
1.1461
1.14641
1.14674
1.1471
1.14748
1.1479
1.14833
1.14879
1.14927
1.14977
1.1503
1.15084
1.15139
1.15196
1.15255
1.15315
1.15376
1.15439
1.15502
1.15566
1.15631
1.15697
1.15763
1.15829
1.15896
1.15964
1.16031
1.16099
1.16166
1.16234
1.16301
1.16369
1.16435
1.16502
1.16568
1.16634
1.16699
1.16764
1.16828
1.16892
1.16955
1.17017
1.17078
1.17138
1.17198
1.17257
1.17315
1.17372
1.17428
1.17483
1.17537
1.1759
1.17642
1.17693
1.17743
1.17792
1.1784
1.17887
1.17933
1.17978
1.18022
1.18065
1.18106
1.18147
1.18186
1.18225
1.18262
1.18299
1.18334
1.18368
1.18401
1.18434
1.18465
1.18495
1.18525
1.18553
1.18581
1.18607
1.18633
1.18657
1.18681
1.18704
1.18726
1.18747
1.18767
1.18787
1.18806
1.18824
1.18841
1.18857
1.18873
1.18888
1.18902
1.18915
1.18928
1.1894
1.18952
1.18962
1.18973
1.18982
1.18991
1.19
1.19008
1.19015
1.19022
1.19028
1.19034
1.19039
1.19044
1.19048
1.19052
1.19055
1.19058
1.19061
1.19063
1.19065
1.19066
1.19067
1.19068
1.19068
1.19068
1.19068
1.19067
1.19066
1.19064
1.19063
1.19061
1.19058
1.19056
1.19053
1.1905
1.19047
1.19043
1.19039
1.19035
1.19031
1.19027
1.19022
1.19017
1.19012
1.19007
1.19001
1.18995
1.18989
1.18983
1.18977
1.18971
1.18964
1.18957
1.1895
1.18943
1.18936
1.18929
1.18921
1.18913
1.18906
1.18898
1.18889
1.18881
1.18873
1.18864
1.18855
1.18847
1.18838
1.18828
1.18819
1.1881
1.188
1.18791
1.18781
1.18771
1.18761
1.18751
1.1874
1.1873
1.18719
1.18709
1.18698
1.18687
1.18676
1.18664
1.18653
1.18641
1.1863
1.18618
1.18606
1.18594
1.18581
1.18569
1.18556
1.18544
1.18531
1.18518
1.18505
1.18491
1.18478
1.18464
1.1845
1.18436
1.18422
1.18408
1.18393
1.18379
1.18364
1.18349
1.18334
1.18318
1.18303
1.18287
1.18271
1.18255
1.18239
1.18222
1.18206
1.18189
1.18172
1.18154
1.18137
1.1812
1.18102
1.18084
1.18066
1.18047
1.18029
1.1801
1.17991
1.17972
1.17953
1.17933
1.17913
1.17894
1.17874
1.17853
1.17833
1.17812
1.17792
1.17771
1.17749
1.17728
1.17707
1.17685
1.17663
1.17641
1.17619
1.17597
1.17575
1.17552
1.1753
1.17507
1.17484
1.17461
1.17438
1.17415
1.17391
1.17368
1.17345
1.17321
1.17297
1.17274
1.1725
1.17227
1.17203
1.17179
1.17155
1.17132
1.17108
1.17084
1.17061
1.17037
1.17014
1.1699
1.16967
1.16944
1.16921
1.16898
1.16875
1.16852
1.1683
1.16807
1.16785
1.16763
1.16742
1.1672
1.16699
1.16678
1.16657
1.16637
1.16617
1.16597
1.16578
1.16559
1.1654
1.16522
1.16504
1.16486
1.16469
1.16452
1.16436
1.1642
1.16405
1.1639
1.16376
1.16362
1.16349
1.16336
1.16324
1.16312
1.16301
1.1629
1.1628
1.1627
1.16261
1.16253
1.16245
1.16238
1.16231
1.16225
1.1622
1.16215
1.16211
1.16208
1.16205
1.16203
1.16201
1.162
1.162
1.162
1.16201
1.16202
1.16204
1.16207
1.1621
1.16214
1.16219
1.16224
1.16229
1.16236
1.16243
1.1625
1.16258
1.16266
1.16275
1.16285
1.16295
1.16305
1.16316
1.16328
1.1634
1.16352
1.16365
1.16378
1.16392
1.16406
1.16421
1.16436
1.16451
1.16466
1.16482
1.16498
1.16515
1.16532
1.16549
1.16566
1.16584
1.16601
1.16619
1.16637
1.16656
1.16674
1.16693
1.16712
1.16731
1.16749
1.16769
1.16788
1.16807
1.16826
1.16845
1.16865
1.16884
1.16903
1.16923
1.16942
1.16961
1.1698
1.16999
1.17018
1.17037
1.17056
1.17075
1.17094
1.17112
1.17131
1.17149
1.17167
1.17185
1.17203
1.1722
1.17238
1.17255
1.17272
1.17289
1.17306
1.17322
1.17338
1.17355
1.1737
1.17386
1.17402
1.17417
1.17432
1.17447
1.17461
1.17475
1.1749
1.17503
1.17517
1.17531
1.17544
1.17557
1.17569
1.17582
1.17594
1.17606
1.17618
1.17629
1.17641
1.17652
1.17663
1.17673
1.17684
1.17694
1.17704
1.17713
1.17723
1.17732
1.17741
1.1775
1.17759
1.17767
1.17775
1.17783
1.17791
1.17798
1.17806
1.17813
1.17819
1.17826
1.17832
1.17839
1.17845
1.1785
1.17856
1.17861
1.17866
1.17871
1.17876
1.1788
1.17884
1.17888
1.17892
1.17896
1.17899
1.17902
1.17905
1.17907
1.1791
1.17912
1.17914
1.17915
1.17916
1.17918
1.17918
1.17919
1.17919
1.17919
1.17919
1.17918
1.17917
1.17916
1.17914
1.17913
1.1791
1.17908
1.17905
1.17902
1.17899
1.17895
1.17891
1.17886
1.17881
1.17876
1.1787
1.17864
1.17858
1.17851
1.17844
1.17836
1.17828
1.1782
1.17811
1.17801
1.17792
1.17781
1.17771
1.1776
1.17748
1.17736
1.17723
1.1771
1.17697
1.17683
1.17669
1.17654
1.17639
1.17623
1.17607
1.1759
1.17573
1.17555
1.17537
1.17519
1.175
1.1748
1.17461
1.1744
1.1742
1.17399
1.17377
1.17356
1.17333
1.17311
1.17288
1.17265
1.17242
1.17218
1.17195
1.17171
1.17147
1.17122
1.17098
1.17073
1.17049
1.17024
1.17
1.16975
1.16951
1.16927
1.16902
1.16879
1.16855
1.16831
1.16808
1.16786
1.16763
1.16741
1.1672
1.16699
1.16679
1.16659
1.1664
1.16622
1.16604
1.16587
1.16571
1.16556
1.16542
1.16528
1.16516
1.16505
1.16494
1.16485
1.16477
1.1647
1.16464
1.16459
1.16455
1.16453
1.16452
1.16452
1.16453
1.16455
1.16459
1.16464
1.1647
1.16478
1.16486
1.16496
1.16507
1.16519
1.16533
1.16547
1.16563
1.1658
1.16598
1.16617
1.16637
1.16658
1.1668
1.16703
1.16727
1.16752
1.16777
1.16804
1.16831
1.16859
1.16887
1.16917
1.16947
1.16977
1.17008
1.1704
1.17072
1.17104
1.17137
1.1717
1.17203
1.17237
1.17271
1.17306
1.1734
1.17375
1.17409
1.17444
1.17479
1.17514
1.17549
1.17584
1.17619
1.17654
1.17688
1.17723
1.17758
1.17792
1.17826
1.1786
1.17894
1.17928
1.17961
1.17994
1.18027
1.1806
1.18093
1.18125
1.18156
1.18188
1.18219
1.1825
1.18281
1.18311
1.18341
1.1837
1.18399
1.18428
1.18456
1.18484
1.18512
1.18539
1.18566
1.18593
1.18619
1.18645
1.1867
1.18695
1.18719
1.18743
1.18767
1.1879
1.18813
1.18836
1.18858
1.18879
1.189
1.18921
1.18942
1.18961
1.18981
1.19
1.19019
1.19037
1.19055
1.19072
1.19089
1.19105
1.19121
1.19137
1.19152
1.19167
1.19181
1.19195
1.19209
1.19222
1.19234
1.19246
1.19258
1.19269
1.1928
1.19291
1.19301
1.1931
1.19319
1.19328
1.19336
1.19344
1.19351
1.19358
1.19365
1.19371
1.19376
1.19381
1.19386
1.1939
1.19394
1.19398
1.19401
1.19403
1.19405
1.19407
1.19408
1.19409
1.1941
1.1941
1.19409
1.19408
1.19407
1.19406
1.19403
1.19401
1.19398
1.19395
1.19391
1.19387
1.19382
1.19377
1.19371
1.19366
1.19359
1.19353
1.19346
1.19338
1.1933
1.19322
1.19313
1.19304
1.19295
1.19285
1.19274
1.19264
1.19253
1.19241
1.1923
1.19217
1.19205
1.19192
1.19179
1.19165
1.19151
1.19137
1.19122
1.19107
1.19091
1.19076
1.1906
1.19043
1.19026
1.19009
1.18992
1.18974
1.18956
1.18938
1.18919
1.189
1.18881
1.18862
1.18842
1.18822
1.18802
1.18782
1.18761
1.1874
1.18719
1.18698
1.18676
1.18655
1.18633
1.18611
1.18589
1.18567
1.18544
1.18522
1.18499
1.18477
1.18454
1.18432
1.18409
1.18386
1.18364
1.18341
1.18318
1.18296
1.18273
1.18251
1.18229
1.18207
1.18185
1.18163
1.18142
1.1812
1.18099
1.18079
1.18058
1.18038
1.18018
1.17998
1.17979
1.17961
1.17942
1.17924
1.17907
1.1789
1.17873
1.17857
1.17842
1.17827
1.17813
1.17799
1.17786
1.17774
1.17762
1.17751
1.1774
1.17731
1.17721
1.17713
1.17706
1.17699
1.17693
1.17687
1.17683
1.17679
1.17676
1.17674
1.17672
1.17672
1.17672
1.17673
1.17675
1.17677
1.17681
1.17685
1.1769
1.17695
1.17702
1.17709
1.17717
1.17726
1.17735
1.17745
1.17756
1.17767
1.17779
1.17792
1.17805
1.17819
1.17834
1.17849
1.17865
1.17881
1.17897
1.17914
1.17932
1.1795
1.17968
1.17987
1.18006
1.18025
1.18044
1.18064
1.18084
1.18104
1.18125
1.18145
1.18166
1.18187
1.18208
1.18229
1.18249
1.1827
1.18291
1.18312
1.18333
1.18354
1.18374
1.18394
1.18415
1.18435
1.18455
1.18474
1.18494
1.18513
1.18532
1.18551
1.18569
1.18587
1.18605
1.18622
1.18639
1.18656
1.18672
1.18688
1.18704
1.18719
1.18734
1.18748
1.18762
1.18776
1.18789
1.18802
1.18814
1.18826
1.18837
1.18848
1.18858
1.18868
1.18878
1.18887
1.18896
1.18904
1.18912
1.18919
1.18926
1.18932
1.18938
1.18944
1.18948
1.18953
1.18957
1.18961
1.18964
1.18966
1.18968
1.1897
1.18971
1.18972
1.18972
1.18972
1.18971
1.1897
1.18968
1.18966
1.18963
1.1896
1.18956
1.18952
1.18947
1.18942
1.18936
1.18929
1.18922
1.18915
1.18907
1.18898
1.18889
1.18879
1.18868
1.18857
1.18845
1.18833
1.1882
1.18806
1.18792
1.18777
1.18761
1.18744
1.18727
1.18709
1.18691
1.18671
1.18651
1.18631
1.18609
1.18587
1.18563
1.1854
1.18515
1.1849
1.18463
1.18436
1.18409
1.1838
1.18351
1.18321
1.1829
1.18259
1.18227
1.18194
1.1816
1.18126
1.18091
1.18055
1.18019
1.17982
1.17945
1.17907
1.17869
1.1783
1.17791
1.17751
1.17711
1.17671
1.1763
1.17589
1.17549
1.17507
1.17466
1.17425
1.17384
1.17343
1.17303
1.17262
1.17222
1.17182
1.17143
1.17104
1.17065
1.17027
1.1699
1.16954
1.16918
1.16884
1.1685
1.16817
1.16785
1.16754
1.16725
1.16697
1.1667
1.16644
1.16619
1.16596
1.16575
1.16554
1.16536
1.16518
1.16503
1.16489
1.16476
1.16465
1.16456
1.16448
1.16442
1.16438
1.16435
1.16434
1.16434
1.16436
1.16439
1.16444
1.16451
1.16459
1.16468
1.16479
1.16491
1.16504
1.16519
1.16535
1.16553
1.16571
1.16591
1.16611
1.16633
1.16656
1.16679
1.16704
1.16729
1.16755
1.16782
1.1681
1.16838
1.16867
1.16896
1.16926
1.16956
1.16987
1.17018
1.17049
1.17081
1.17113
1.17145
1.17177
1.1721
1.17242
1.17275
1.17307
1.1734
1.17372
1.17404
1.17437
1.17469
1.17501
1.17533
1.17564
1.17595
1.17627
1.17657
1.17688
1.17718
1.17748
1.17778
1.17807
1.17836
1.17865
1.17893
1.17921
1.17948
1.17975
1.18002
1.18028
1.18053
1.18079
1.18104
1.18128
1.18152
1.18176
1.18199
1.18222
1.18244
1.18266
1.18288
1.18309
1.1833
1.1835
1.1837
1.18389
1.18408
1.18427
1.18445
1.18463
1.18481
1.18498
1.18515
1.18531
1.18547
1.18563
1.18578
1.18593
1.18608
1.18623
1.18637
1.1865
1.18664
1.18677
1.1869
1.18702
1.18715
1.18727
1.18739
1.1875
1.18761
1.18772
1.18783
1.18794
1.18804
1.18814
1.18824
1.18834
1.18843
1.18853
1.18862
1.18871
1.18879
1.18888
1.18896
1.18904
1.18912
1.1892
1.18928
1.18935
1.18943
1.1895
1.18957
1.18964
1.18971
1.18977
1.18984
1.1899
1.18996
1.19002
1.19008
1.19014
1.1902
1.19025
1.19031
1.19036
1.19041
1.19046
1.19051
1.19056
1.19061
1.19065
1.1907
1.19074
1.19079
1.19083
1.19087
1.19091
1.19094
1.19098
1.19102
1.19105
1.19109
1.19112
1.19115
1.19118
1.19121
1.19124
1.19127
1.19129
1.19132
1.19134
1.19137
1.19139
1.19141
1.19143
1.19145
1.19147
1.19149
1.1915
1.19152
1.19153
1.19155
1.19156
1.19157
1.19158
1.1916
1.19161
1.19161
1.19162
1.19163
1.19164
1.19165
1.19165
1.19166
1.19166
1.19167
1.19167
1.19168
1.19168
1.19168
1.19168
1.19169
1.19169
1.19169
1.1917
1.1917
1.1917
1.1917
1.1917
1.19171
1.19171
1.19171
1.19172
1.19172
1.19173
1.19173
1.19174
1.19175
1.19175
1.19176
1.19177
1.19178
1.1918
1.19181
1.19182
1.19184
1.19186
1.19188
1.1919
1.19192
1.19194
1.19197
1.19199
1.19202
1.19206
1.19209
1.19213
1.19216
1.1922
1.19225
1.19229
1.19234
1.19239
1.19245
1.1925
1.19256
1.19262
1.19269
1.19276
1.19283
1.1929
1.19298
1.19306
1.19314
1.19323
1.19332
1.19341
1.19351
1.19361
1.19371
1.19381
1.19392
1.19404
1.19415
1.19427
1.19439
1.19452
1.19464
1.19478
1.19491
1.19505
1.19519
1.19533
1.19547
1.19562
1.19577
1.19593
1.19608
1.19624
1.1964
1.19657
1.19673
1.1969
1.19707
1.19724
1.19741
1.19759
1.19777
1.19794
1.19812
1.19831
1.19849
1.19867
1.19886
1.19904
1.19923
1.19941
1.1996
1.19979
1.19998
1.20017
1.20036
1.20054
1.20073
1.20092
1.20111
1.2013
1.20149
1.20167
1.20186
1.20205
1.20223
1.20241
1.2026
1.20278
1.20296
1.20314
1.20332
1.20349
1.20367
1.20384
1.20402
1.20419
1.20436
1.20452
1.20469
1.20485
1.20501
1.20517
1.20533
1.20548
1.20564
1.20579
1.20594
1.20608
1.20623
1.20637
1.20651
1.20664
1.20678
1.20691
1.20704
1.20717
1.20729
1.20741
1.20753
1.20765
1.20776
1.20788
1.20798
1.20809
1.2082
1.2083
1.2084
1.20849
1.20859
1.20868
1.20877
1.20885
1.20894
1.20902
1.2091
1.20917
1.20925
1.20932
1.20939
1.20945
1.20952
1.20958
1.20964
1.20969
1.20975
1.2098
1.20985
1.2099
1.20994
1.20999
1.21003
1.21007
1.2101
1.21014
1.21017
1.2102
1.21023
1.21026
1.21028
1.2103
1.21032
1.21034
1.21036
1.21037
1.21039
1.2104
1.21041
1.21042
1.21042
1.21043
1.21043
1.21043
1.21043
1.21043
1.21043
1.21043
1.21042
1.21042
1.21041
1.2104
1.21039
1.21038
1.21037
1.21035
1.21034
1.21033
1.21031
1.21029
1.21028
1.21026
1.21024
1.21022
1.2102
1.21018
1.21016
1.21014
1.21011
1.21009
1.21007
1.21004
1.21002
1.21
1.20997
1.20995
1.20992
1.2099
1.20987
1.20985
1.20983
1.2098
1.20978
1.20975
1.20973
1.20971
1.20968
1.20966
1.20964
1.20962
1.2096
1.20957
1.20955
1.20953
1.20951
1.2095
1.20948
1.20946
1.20944
1.20943
1.20941
1.2094
1.20938
1.20937
1.20936
1.20935
1.20934
1.20933
1.20932
1.20931
1.20931
1.2093
1.20929
1.20929
1.20929
1.20928
1.20928
1.20928
1.20928
1.20928
1.20929
1.20929
1.20929
1.2093
1.2093
1.20931
1.20931
1.20932
1.20933
1.20934
1.20935
1.20936
1.20937
1.20938
1.20939
1.2094
1.20941
1.20942
1.20943
1.20944
1.20945
1.20946
1.20947
1.20948
1.20949
1.2095
1.20951
1.20952
1.20953
1.20954
1.20954
1.20955
1.20955
1.20956
1.20956
1.20956
1.20956
1.20955
1.20955
1.20954
1.20953
1.20952
1.20951
1.20949
1.20947
1.20945
1.20943
1.2094
1.20937
1.20934
1.2093
1.20926
1.20922
1.20917
1.20912
1.20907
1.20901
1.20895
1.20888
1.20881
1.20873
1.20865
1.20856
1.20847
1.20838
