1.20006
1.2002
1.20035
1.2005
1.20066
1.20084
1.20102
1.2012
1.2014
1.2016
1.20182
1.20203
1.20226
1.20249
1.20273
1.20298
1.20323
1.20349
1.20376
1.20403
1.20431
1.20459
1.20488
1.20517
1.20547
1.20577
1.20607
1.20638
1.2067
1.20702
1.20734
1.20766
1.20799
1.20832
1.20866
1.209
1.20934
1.20968
1.21002
1.21037
1.21071
1.21106
1.21141
1.21177
1.21212
1.21247
1.21283
1.21318
1.21354
1.21389
1.21425
1.21461
1.21496
1.21532
1.21568
1.21603
1.21639
1.21674
1.21709
1.21744
1.21779
1.21814
1.21849
1.21884
1.21918
1.21953
1.21987
1.22021
1.22055
1.22088
1.22122
1.22155
1.22187
1.2222
1.22252
1.22285
1.22316
1.22348
1.22379
1.2241
1.2244
1.22471
1.22501
1.2253
1.22559
1.22588
1.22617
1.22645
1.22673
1.227
1.22727
1.22754
1.2278
1.22805
1.22831
1.22856
1.2288
1.22904
1.22928
1.22951
1.22973
1.22995
1.23017
1.23038
1.23059
1.23079
1.23098
1.23118
1.23136
1.23154
1.23172
1.23189
1.23205
1.23221
1.23237
1.23251
1.23266
1.23279
1.23292
1.23305
1.23317
1.23328
1.23339
1.23349
1.23359
1.23368
1.23376
1.23384
1.23391
1.23398
1.23403
1.23409
1.23413
1.23417
1.2342
1.23423
1.23425
1.23426
1.23427
1.23427
1.23427
1.23425
1.23423
1.23421
1.23417
1.23413
1.23409
1.23403
1.23397
1.2339
1.23383
1.23375
1.23366
1.23356
1.23346
1.23335
1.23324
1.23311
1.23298
1.23285
1.2327
1.23255
1.23239
1.23223
1.23206
1.23188
1.2317
1.23151
1.23131
1.2311
1.23089
1.23068
1.23045
1.23022
1.22999
1.22975
1.2295
1.22925
1.22899
1.22872
1.22845
1.22818
1.2279
1.22761
1.22732
1.22703
1.22673
1.22643
1.22612
1.22581
1.2255
1.22518
1.22486
1.22454
1.22421
1.22388
1.22355
1.22322
1.22289
1.22255
1.22222
1.22188
1.22154
1.2212
1.22087
1.22053
1.22019
1.21986
1.21952
1.21919
1.21886
1.21853
1.2182
1.21788
1.21756
1.21724
1.21693
1.21662
1.21631
1.21601
1.21571
1.21542
1.21513
1.21485
1.21458
1.21431
1.21404
1.21378
1.21353
1.21329
1.21305
1.21282
1.21259
1.21238
1.21217
1.21196
1.21177
1.21158
1.2114
1.21123
1.21107
1.21092
1.21077
1.21063
1.2105
1.21038
1.21027
1.21017
1.21007
1.20999
1.20991
1.20984
1.20978
1.20972
1.20968
1.20965
1.20962
1.2096
1.20959
1.20959
1.2096
1.20961
1.20963
1.20966
1.2097
1.20975
1.20981
1.20987
1.20994
1.21002
1.21011
1.2102
1.2103
1.21041
1.21052
1.21065
1.21077
1.21091
1.21105
1.2112
1.21136
1.21152
1.21168
1.21186
1.21203
1.21222
1.21241
1.2126
1.2128
1.213
1.21321
1.21343
1.21364
1.21386
1.21409
1.21432
1.21455
1.21479
1.21502
1.21527
1.21551
1.21576
1.216
1.21625
1.21651
1.21676
1.21702
1.21727
1.21753
1.21779
1.21805
1.21831
1.21856
1.21882
1.21908
1.21934
1.2196
1.21986
1.22011
1.22037
1.22062
1.22087
1.22112
1.22137
1.22161
1.22186
1.2221
1.22234
1.22257
1.22281
1.22304
1.22326
1.22349
1.22371
1.22392
1.22413
1.22434
1.22455
1.22475
1.22494
1.22514
1.22532
1.22551
1.22568
1.22586
1.22603
1.22619
1.22635
1.2265
1.22665
1.2268
1.22694
1.22707
1.2272
1.22732
1.22743
1.22755
1.22765
1.22775
1.22785
1.22794
1.22802
1.2281
1.22817
1.22823
1.22829
1.22835
1.2284
1.22844
1.22848
1.22851
1.22853
1.22855
1.22857
1.22858
1.22858
1.22857
1.22857
1.22855
1.22853
1.2285
1.22847
1.22844
1.22839
1.22834
1.22829
1.22823
1.22817
1.2281
1.22802
1.22794
1.22786
1.22776
1.22767
1.22757
1.22746
1.22735
1.22723
1.22711
1.22699
1.22686
1.22672
1.22658
1.22644
1.22629
1.22613
1.22597
1.22581
1.22565
1.22548
1.2253
1.22512
1.22494
1.22475
1.22456
1.22437
1.22417
1.22397
1.22377
1.22356
1.22335
1.22314
1.22293
1.22271
1.22249
1.22227
1.22204
1.22182
1.22159
1.22136
1.22113
1.2209
1.22067
1.22044
1.22021
1.21998
1.21974
1.21951
1.21928
1.21905
1.21882
1.2186
1.21837
1.21815
1.21793
1.21771
1.2175
1.21729
1.21708
1.21688
1.21668
1.21649
1.2163
1.21611
1.21594
1.21577
1.2156
1.21544
1.21529
1.21515
1.21501
1.21488
1.21476
1.21464
1.21454
1.21444
1.21435
1.21427
1.2142
1.21413
1.21408
1.21403
1.21399
1.21397
1.21395
1.21393
1.21393
1.21394
1.21395
1.21397
1.21401
1.21404
1.21409
1.21414
1.2142
1.21427
1.21434
1.21442
1.21451
1.2146
1.2147
1.2148
1.2149
1.21501
1.21512
1.21524
1.21536
1.21548
1.2156
1.21573
1.21586
1.21598
1.21611
1.21624
1.21636
1.21649
1.21662
1.21674
1.21686
1.21699
1.2171
1.21722
1.21733
1.21744
1.21755
1.21765
1.21775
1.21785
1.21794
1.21803
1.21811
1.21819
1.21826
1.21833
1.2184
1.21846
1.21851
1.21857
1.21861
1.21865
1.21869
1.21873
1.21875
1.21878
1.2188
1.21882
1.21883
1.21884
1.21885
1.21885
1.21885
1.21885
1.21885
1.21884
1.21883
1.21882
1.21881
1.2188
1.21879
1.21878
1.21876
1.21875
1.21874
1.21873
1.21872
1.21871
1.2187
1.2187
1.21869
1.21869
1.2187
1.2187
1.21871
1.21873
1.21874
1.21877
1.21879
1.21882
1.21886
1.2189
1.21895
1.219
1.21906
1.21912
1.21919
1.21927
1.21935
1.21944
1.21954
1.21964
1.21975
1.21986
1.21998
1.22011
1.22024
1.22039
1.22053
1.22069
1.22085
1.22101
1.22118
1.22136
1.22155
1.22174
1.22193
1.22213
1.22234
1.22255
1.22276
1.22298
1.2232
1.22343
1.22366
1.2239
1.22414
1.22438
1.22462
1.22487
1.22512
1.22537
1.22562
1.22587
1.22613
1.22638
1.22664
1.2269
1.22716
1.22741
1.22767
1.22793
1.22818
1.22844
1.22869
1.22894
1.22919
1.22944
1.22969
1.22993
1.23018
1.23042
1.23065
1.23089
1.23112
1.23134
1.23157
1.23179
1.23201
1.23222
1.23243
1.23263
1.23284
1.23303
1.23323
1.23342
1.2336
1.23378
1.23396
1.23413
1.2343
1.23446
1.23462
1.23477
1.23492
1.23507
1.23521
1.23535
1.23548
1.2356
1.23573
1.23585
1.23596
1.23607
1.23617
1.23628
1.23637
1.23647
1.23655
1.23664
1.23672
1.2368
1.23687
1.23694
1.23701
1.23707
1.23713
1.23718
1.23723
1.23728
1.23733
1.23737
1.23741
1.23744
1.23748
1.23751
1.23753
1.23756
1.23758
1.2376
1.23762
1.23763
1.23765
1.23766
1.23766
1.23767
1.23767
1.23767
1.23767
1.23767
1.23767
1.23766
1.23766
1.23765
1.23764
1.23762
1.23761
1.23759
1.23758
1.23756
1.23754
1.23752
1.23749
1.23747
1.23744
1.23742
1.23739
1.23736
1.23732
1.23729
1.23725
1.23722
1.23718
1.23714
1.23709
1.23705
1.237
1.23695
1.2369
1.23685
1.23679
1.23674
1.23668
1.23661
1.23655
1.23648
1.23641
1.23634
1.23626
1.23618
1.23609
1.23601
1.23592
1.23582
1.23572
1.23562
1.23551
1.2354
1.23529
1.23517
1.23504
1.23491
1.23478
1.23464
1.2345
1.23435
1.23419
1.23403
1.23387
1.2337
1.23352
1.23334
1.23315
1.23296
1.23276
1.23255
1.23234
1.23212
1.23189
1.23166
1.23143
1.23119
1.23094
1.23069
1.23043
1.23016
1.22989
1.22962
1.22934
1.22905
1.22876
1.22847
1.22817
1.22787
1.22756
1.22725
1.22694
1.22662
1.22631
1.22599
1.22567
1.22534
1.22502
1.2247
1.22438
1.22406
1.22374
1.22342
1.2231
1.22279
1.22248
1.22218
1.22188
1.22158
1.22129
1.22101
1.22073
1.22047
1.22021
1.21996
1.21971
1.21948
1.21926
1.21905
1.21885
1.21866
1.21849
1.21833
1.21818
1.21804
1.21792
1.21781
1.21772
1.21764
1.21758
1.21753
1.21749
1.21748
1.21747
1.21749
1.21752
1.21756
1.21763
1.2177
1.21779
1.2179
1.21803
1.21816
1.21832
1.21848
1.21867
1.21886
1.21907
1.2193
1.21953
1.21978
1.22004
1.22032
1.2206
1.2209
1.22121
1.22153
1.22185
1.22219
1.22254
1.22289
1.22325
1.22362
1.224
1.22438
1.22477
1.22517
1.22557
1.22598
1.22639
1.2268
1.22722
1.22764
1.22807
1.22849
1.22892
1.22935
1.22978
1.23022
1.23065
1.23109
1.23152
1.23196
1.23239
1.23282
1.23325
1.23369
1.23412
1.23454
1.23497
1.23539
1.23582
1.23623
1.23665
1.23706
1.23748
1.23788
1.23829
1.23869
1.23908
1.23948
1.23987
1.24025
1.24064
1.24101
1.24139
1.24176
1.24212
1.24248
1.24284
1.24319
1.24354
1.24388
1.24422
1.24455
1.24488
1.2452
1.24552
1.24584
1.24615
1.24645
1.24675
1.24705
1.24734
1.24762
1.2479
1.24818
1.24845
1.24871
1.24897
1.24923
1.24948
1.24972
1.24996
1.2502
1.25043
1.25065
1.25087
1.25109
1.2513
1.2515
1.2517
1.25189
1.25208
1.25226
1.25244
1.25261
1.25278
1.25294
1.2531
1.25325
1.25339
1.25353
1.25366
1.25379
1.25391
1.25402
1.25413
1.25423
1.25433
1.25442
1.25451
1.25458
1.25466
1.25472
1.25478
1.25483
1.25487
1.25491
1.25494
1.25497
1.25498
1.25499
1.255
1.25499
1.25498
1.25496
1.25493
1.25489
1.25485
1.2548
1.25474
1.25467
1.25459
1.25451
1.25441
1.25431
1.2542
1.25408
1.25395
1.25381
1.25366
1.2535
1.25333
1.25316
1.25297
1.25277
1.25257
1.25235
1.25213
1.25189
1.25165
1.25139
1.25112
1.25085
1.25056
1.25026
1.24995
1.24964
1.24931
1.24897
1.24862
1.24826
1.24789
1.24751
1.24712
1.24672
1.24631
1.24589
1.24546
1.24502
1.24457
1.24411
1.24365
1.24317
1.24269
1.2422
1.2417
1.24119
1.24068
1.24016
1.23963
1.2391
1.23856
1.23802
1.23747
1.23692
1.23637
1.23581
1.23525
1.23469
1.23412
1.23356
1.233
1.23243
1.23187
1.23131
1.23075
1.2302
1.22965
1.22911
1.22857
1.22804
1.22751
1.22699
1.22648
1.22598
1.22549
1.22501
1.22453
1.22407
1.22363
1.22319
1.22277
1.22236
1.22196
1.22158
1.22121
1.22085
1.22052
1.22019
1.21988
1.21959
1.21931
1.21905
1.21881
1.21858
1.21836
1.21816
1.21797
1.2178
1.21765
1.21751
1.21738
1.21727
1.21717
1.21708
1.217
1.21694
1.21689
1.21685
1.21682
1.2168
1.21679
1.21678
1.21679
1.2168
1.21682
1.21685
1.21688
1.21692
1.21696
1.217
1.21705
1.2171
1.21716
1.21722
1.21727
1.21733
1.21739
1.21745
1.21751
1.21757
1.21763
1.21769
1.21774
1.2178
1.21785
1.2179
1.21794
1.21798
1.21802
1.21806
1.21809
1.21812
1.21815
1.21817
1.21819
1.21821
1.21822
1.21822
1.21823
1.21822
1.21822
1.21821
1.2182
1.21818
1.21816
1.21813
1.2181
1.21807
1.21804
1.218
1.21795
1.21791
1.21786
1.2178
1.21774
1.21768
1.21762
1.21755
1.21748
1.21741
1.21733
1.21725
1.21717
1.21708
1.21699
1.2169
1.2168
1.2167
1.2166
1.2165
1.21639
1.21628
1.21616
1.21605
1.21593
1.2158
1.21568
1.21555
1.21542
1.21529
1.21516
1.21502
1.21488
1.21474
1.2146
1.21446
1.21432
1.21418
1.21404
1.2139
1.21376
1.21362
1.21348
1.21335
1.21322
1.21309
1.21297
1.21286
1.21275
1.21265
1.21255
1.21247
1.21239
1.21233
1.21227
1.21223
1.2122
1.21219
1.21219
1.21221
1.21224
1.21229
1.21236
1.21245
1.21256
1.21269
1.21284
1.21301
1.2132
1.21342
1.21366
1.21392
1.21421
1.21452
1.21486
1.21522
1.2156
1.21601
1.21644
1.21689
1.21736
1.21786
1.21838
1.21892
1.21947
1.22005
1.22065
1.22126
1.22189
1.22253
1.22319
1.22386
1.22455
1.22524
1.22594
1.22666
1.22738
1.2281
1.22883
1.22957
1.23031
1.23105
1.23179
1.23253
1.23327
1.234
1.23473
1.23546
1.23618
1.2369
1.23761
1.23831
1.23901
1.23969
1.24037
1.24104
1.24169
1.24234
1.24297
1.24359
1.24421
1.2448
1.24539
1.24596
1.24652
1.24707
1.2476
1.24812
1.24863
1.24912
1.2496
1.25007
1.25052
1.25096
1.25139
1.2518
1.25221
1.25259
1.25297
1.25333
1.25368
1.25402
1.25435
1.25466
1.25496
1.25525
1.25553
1.2558
1.25606
1.2563
1.25654
1.25676
1.25698
1.25718
1.25737
1.25756
1.25773
1.2579
1.25806
1.2582
1.25834
1.25847
1.25859
1.2587
1.25881
1.25891
1.259
1.25908
1.25915
1.25922
1.25927
1.25933
1.25937
1.25941
1.25944
1.25946
1.25948
1.25949
1.25949
1.25949
1.25948
1.25947
1.25945
1.25942
1.25939
1.25935
1.2593
1.25926
1.2592
1.25914
1.25907
1.259
1.25893
1.25884
1.25876
1.25867
1.25857
1.25847
1.25836
1.25825
1.25813
1.25801
1.25789
1.25776
1.25762
1.25749
1.25734
1.2572
1.25704
1.25689
1.25673
1.25657
1.2564
1.25623
1.25606
1.25588
1.2557
1.25551
1.25533
1.25513
1.25494
1.25474
1.25454
1.25434
1.25414
1.25393
1.25372
1.25351
1.25329
1.25308
1.25286
1.25264
1.25242
1.2522
1.25198
1.25176
1.25153
1.25131
1.25108
1.25086
1.25063
1.25041
1.25019
1.24996
1.24974
1.24952
1.2493
1.24908
1.24887
1.24865
1.24844
1.24823
1.24803
1.24783
1.24763
1.24743
1.24724
1.24705
1.24686
1.24669
1.24651
1.24634
1.24617
1.24602
1.24586
1.24571
1.24557
1.24543
1.2453
1.24518
1.24506
1.24495
1.24485
1.24475
1.24466
1.24458
1.2445
1.24444
1.24438
1.24432
1.24428
1.24424
1.24421
1.24419
1.24418
1.24417
1.24417
1.24418
1.2442
1.24422
1.24425
1.24429
1.24434
1.24439
1.24446
1.24452
1.2446
1.24468
1.24477
1.24486
1.24496
1.24507
1.24518
1.2453
1.24543
1.24555
1.24569
1.24583
1.24597
1.24612
1.24627
1.24643
1.24659
1.24676
1.24692
1.24709
1.24727
1.24744
1.24762
1.2478
1.24799
1.24817
1.24836
1.24855
1.24874
1.24893
1.24912
1.24931
1.2495
1.24969
1.24989
1.25008
1.25027
1.25046
1.25065
1.25084
1.25103
1.25122
1.25141
1.25159
1.25178
1.25196
1.25214
1.25232
1.25249
1.25267
1.25284
1.25301
1.25318
1.25334
1.2535
1.25366
1.25382
1.25397
1.25412
1.25426
1.25441
1.25455
1.25468
1.25482
1.25495
1.25507
1.25519
1.25531
1.25543
1.25554
1.25564
1.25574
1.25584
1.25594
1.25603
1.25611
1.2562
1.25627
1.25635
1.25642
1.25648
1.25654
1.2566
1.25665
1.25669
1.25673
1.25677
1.2568
1.25683
1.25685
1.25687
1.25688
1.25689
1.2569
1.25689
1.25689
1.25688
1.25686
1.25684
1.25681
1.25678
1.25674
1.2567
1.25665
1.2566
1.25654
1.25648
1.25641
1.25634
1.25626
1.25617
1.25608
1.25599
1.25589
1.25578
1.25567
1.25555
1.25543
1.25531
1.25517
1.25504
1.25489
1.25474
1.25459
1.25443
1.25427
1.2541
1.25392
1.25374
1.25356
1.25337
1.25317
1.25297
1.25277
1.25256
1.25234
1.25212
1.25189
1.25166
1.25143
1.25119
1.25095
1.2507
1.25044
1.25019
1.24992
1.24966
1.24939
1.24911
1.24883
1.24855
1.24826
1.24797
1.24768
1.24738
1.24707
1.24677
1.24646
1.24615
1.24583
1.24551
1.24519
1.24486
1.24453
1.2442
1.24386
1.24352
1.24318
1.24284
1.24249
1.24214
1.24179
1.24143
1.24108
1.24072
1.24035
1.23999
1.23962
1.23925
1.23888
1.23851
1.23813
1.23775
1.23737
1.23699
1.23661
1.23622
1.23583
1.23544
1.23505
1.23465
1.23425
1.23386
1.23346
1.23305
1.23265
1.23224
1.23183
1.23142
1.23101
1.23059
1.23018
1.22976
1.22934
1.22892
1.2285
1.22807
1.22764
1.22722
1.22679
1.22636
1.22592
1.22549
1.22506
1.22462
1.22419
1.22375
1.22331
1.22288
1.22244
1.222
1.22157
1.22113
1.2207
1.22026
1.21983
1.2194
1.21897
1.21855
1.21813
1.21771
1.21729
1.21688
1.21647
1.21607
1.21567
1.21528
1.2149
1.21452
1.21415
1.21379
1.21344
1.21309
1.21276
1.21243
1.21212
1.21182
1.21153
1.21126
1.21099
1.21074
1.21051
1.21029
1.21009
1.2099
1.20973
1.20958
1.20944
1.20933
1.20923
1.20915
1.20909
1.20905
1.20903
1.20904
1.20906
1.2091
1.20917
1.20925
1.20936
1.20949
1.20964
1.20981
1.21001
1.21022
1.21046
1.21072
1.211
1.2113
1.21162
1.21196
1.21231
1.21269
1.21309
1.21351
1.21394
1.21439
1.21486
1.21534
1.21584
1.21635
1.21688
1.21742
1.21798
1.21854
1.21912
1.21972
1.22032
1.22093
1.22155
1.22218
1.22281
1.22346
1.22411
1.22477
1.22543
1.2261
1.22677
1.22744
1.22812
1.2288
1.22949
1.23017
1.23086
1.23154
1.23223
1.23292
1.2336
1.23428
1.23497
1.23565
1.23632
1.237
1.23767
1.23834
1.239
1.23966
1.24031
1.24096
1.24161
1.24225
1.24288
1.24351
1.24413
1.24475
1.24536
1.24596
1.24655
1.24714
1.24772
1.2483
1.24886
1.24942
1.24997
1.25051
1.25104
1.25157
1.25209
1.2526
1.2531
1.25359
1.25407
1.25455
1.25501
1.25547
1.25592
1.25636
1.25679
1.25721
1.25762
1.25803
1.25842
1.25881
1.25919
1.25955
1.25991
1.26027
1.26061
1.26094
1.26127
1.26158
1.26189
1.26219
1.26248
1.26277
1.26304
1.26331
1.26357
1.26382
1.26406
1.26429
1.26452
1.26474
1.26495
1.26515
1.26535
1.26554
1.26572
1.26589
1.26606
1.26622
1.26637
1.26652
1.26666
1.26679
1.26692
1.26704
1.26715
1.26726
1.26736
1.26745
1.26754
1.26763
1.2677
1.26778
1.26784
1.2679
1.26796
1.26801
1.26806
1.2681
1.26813
1.26816
1.26819
1.26821
1.26823
1.26824
1.26825
1.26826
1.26826
1.26825
1.26824
1.26823
1.26822
1.2682
1.26818
1.26815
1.26812
1.26809
1.26806
1.26802
1.26798
1.26793
1.26789
1.26784
1.26778
1.26773
1.26767
1.26761
1.26755
1.26749
1.26742
1.26735
1.26729
1.26721
1.26714
1.26707
1.26699
1.26691
1.26683
1.26675
1.26667
1.26659
1.26651
1.26642
1.26634
1.26625
1.26617
1.26608
1.26599
1.2659
1.26581
1.26572
1.26564
1.26555
1.26546
1.26537
1.26528
1.26519
1.2651
1.26501
1.26492
1.26484
1.26475
1.26466
1.26458
1.26449
1.26441
1.26432
1.26424
1.26416
1.26408
1.264
1.26392
1.26384
1.26376
1.26369
1.26362
1.26354
1.26347
1.2634
1.26334
1.26327
1.2632
1.26314
1.26308
1.26302
1.26296
1.26291
1.26285
1.2628
1.26275
1.2627
1.26265
1.26261
1.26257
1.26252
1.26248
1.26245
1.26241
1.26238
1.26235
1.26232
1.26229
1.26227
1.26224
1.26222
1.2622
1.26218
1.26217
1.26215
1.26214
1.26213
1.26212
1.26212
1.26211
1.26211
1.26211
1.26211
1.26211
1.26211
1.26212
1.26213
1.26213
1.26214
1.26216
1.26217
1.26218
1.2622
1.26221
1.26223
1.26225
1.26227
1.26229
1.26231
1.26233
1.26235
1.26238
1.2624
1.26243
1.26245
1.26248
1.2625
1.26253
1.26255
1.26258
1.26261
1.26263
1.26266
1.26269
1.26271
1.26274
1.26276
1.26278
1.26281
1.26283
1.26285
1.26287
1.26289
1.26291
1.26293
1.26294
1.26296
1.26297
1.26298
1.26299
1.263
1.263
1.263
1.26301
1.263
1.263
1.26299
1.26298
1.26297
1.26295
1.26293
1.2629
1.26288
1.26285
1.26281
1.26277
1.26273
1.26268
1.26262
1.26257
1.2625
1.26243
1.26236
1.26228
1.26219
1.2621
1.262
1.26189
1.26178
1.26166
1.26153
1.26139
1.26124
1.26109
1.26093
1.26075
1.26057
1.26038
1.26018
1.25997
1.25974
1.25951
1.25926
1.259
1.25873
1.25845
1.25815
1.25784
1.25751
1.25717
1.25682
1.25644
1.25606
1.25565
1.25524
1.2548
1.25434
1.25387
1.25338
1.25287
1.25234
1.2518
1.25123
1.25064
1.25003
1.24941
1.24876
1.24809
1.2474
1.24669
1.24596
1.24521
1.24443
1.24364
1.24283
1.242
1.24115
1.24028
1.23939
1.23849
1.23757
1.23664
1.23569
1.23473
1.23376
1.23278
1.23179
1.2308
1.2298
1.2288
1.2278
1.22681
1.22581
1.22483
1.22386
1.2229
1.22195
1.22102
1.22012
1.21924
1.21838
1.21756
1.21677
1.21602
1.2153
1.21463
1.214
1.21342
1.21288
1.2124
1.21197
1.2116
1.21128
1.21102
1.21082
1.21067
1.21059
1.21057
1.21061
1.21071
1.21087
1.21108
1.21136
1.21169
1.21207
1.21251
1.213
1.21354
1.21412
1.21475
1.21542
1.21612
1.21687
1.21764
1.21845
1.21928
1.22014
1.22102
1.22192
1.22284
1.22376
1.2247
1.22565
1.2266
1.22755
1.22851
1.22946
1.23042
1.23136
1.2323
1.23324
1.23416
1.23507
1.23597
1.23686
1.23773
1.23859
1.23943
1.24025
1.24106
1.24185
1.24262
1.24337
1.24411
1.24483
1.24552
1.2462
1.24686
1.24751
1.24813
1.24874
1.24932
1.24989
1.25044
1.25098
1.2515
1.252
1.25248
1.25295
1.2534
1.25384
1.25426
1.25467
1.25506
1.25544
1.25581
1.25616
1.2565
1.25683
1.25714
1.25744
1.25774
1.25802
1.25829
1.25855
1.2588
1.25904
1.25927
1.25949
1.2597
1.25991
1.2601
1.26029
1.26047
1.26064
1.2608
1.26096
1.26111
1.26125
1.26139
1.26151
1.26164
1.26175
1.26186
1.26197
1.26207
1.26216
1.26225
1.26233
1.26241
1.26248
1.26254
1.26261
1.26266
1.26272
1.26276
1.26281
1.26285
1.26288
1.26291
1.26294
1.26296
1.26298
1.26299
1.263
1.26301
1.26301
1.26301
1.26301
1.263
1.26299
1.26297
1.26296
1.26294
1.26291
1.26289
1.26286
1.26282
1.26279
1.26275
1.26271
1.26266
1.26262
1.26257
1.26252
1.26246
1.26241
1.26235
1.26229
1.26222
1.26216
1.26209
1.26202
1.26195
1.26188
1.2618
1.26172
1.26165
1.26156
1.26148
1.2614
1.26132
1.26123
1.26114
1.26105
1.26096
1.26087
1.26078
1.26069
1.26059
1.2605
1.2604
1.2603
1.26021
1.26011
1.26001
1.25991
1.25981
1.25971
1.25961
1.2595
1.2594
1.2593
1.2592
1.25909
1.25899
1.25888
1.25878
1.25868
1.25857
1.25847
1.25836
1.25826
1.25815
1.25804
1.25794
1.25783
1.25773
1.25762
1.25751
1.25741
1.2573
1.25719
1.25709
1.25698
1.25687
1.25676
1.25666
1.25655
1.25644
1.25633
1.25622
1.25611
1.256
1.25589
1.25577
1.25566
1.25555
1.25543
1.25532
1.2552
1.25509
1.25497
1.25485
1.25473
1.25461
1.25449
1.25436
1.25424
1.25411
1.25399
1.25386
1.25373
1.25359
1.25346
1.25332
1.25318
1.25304
1.2529
1.25276
1.25261
1.25247
1.25232
1.25216
1.25201
1.25185
1.25169
1.25153
1.25137
1.2512
1.25103
1.25086
1.25068
1.25051
1.25033
1.25015
1.24996
1.24977
1.24958
1.24939
1.24919
1.249
1.2488
1.24859
1.24839
1.24818
1.24797
1.24775
1.24754
1.24732
1.2471
1.24688
1.24665
1.24642
1.24619
1.24596
1.24573
1.24549
1.24525
1.24501
1.24477
1.24453
1.24429
1.24404
1.2438
1.24355
1.2433
1.24305
1.2428
1.24255
1.2423
1.24205
1.2418
1.24155
1.2413
1.24105
1.2408
1.24055
1.2403
1.24006
1.23981
1.23956
1.23932
1.23908
1.23884
1.2386
1.23836
1.23813
1.2379
1.23767
1.23744
1.23722
1.237
1.23678
1.23656
1.23635
1.23614
1.23594
1.23573
1.23553
1.23534
1.23515
1.23496
1.23478
1.2346
1.23442
1.23425
1.23408
1.23391
1.23375
1.23359
1.23344
1.23329
1.23314
1.233
1.23286
1.23273
1.23259
1.23246
1.23234
1.23221
1.23209
1.23198
1.23186
1.23175
1.23164
1.23153
1.23143
1.23132
1.23122
1.23112
1.23102
1.23093
1.23083
1.23074
1.23064
1.23055
1.23046
1.23036
1.23027
1.23018
1.23009
1.23
1.2299
1.22981
1.22972
1.22962
1.22953
1.22943
1.22933
1.22923
1.22914
1.22903
1.22893
1.22883
1.22872
1.22862
1.22851
1.2284
1.22829
1.22817
1.22806
1.22794
1.22783
1.22771
1.22759
1.22746
1.22734
1.22721
1.22709
1.22696
1.22683
1.2267
1.22657
1.22643
1.2263
1.22616
1.22603
1.22589
1.22575
1.22561
1.22547
1.22533
1.22519
1.22505
1.22491
1.22476
1.22462
1.22447
1.22433
1.22418
1.22404
1.22389
1.22374
1.2236
1.22345
1.2233
1.22315
1.223
1.22285
1.22269
1.22254
1.22239
1.22223
1.22207
1.22192
1.22176
1.2216
1.22143
1.22127
1.22111
1.22094
1.22077
1.2206
1.22043
1.22025
1.22008
1.2199
1.21972
1.21954
1.21935
1.21917
1.21898
1.21879
1.2186
1.21841
1.21822
1.21803
1.21783
1.21764
1.21744
1.21725
1.21705
1.21686
1.21667
1.21647
1.21629
1.2161
1.21592
1.21574
1.21556
1.21539
1.21523
1.21507
1.21491
1.21477
1.21463
1.21451
1.21439
1.21428
1.21418
1.2141
1.21403
1.21397
1.21392
1.21389
1.21388
1.21388
1.2139
1.21393
1.21399
1.21406
1.21415
1.21426
1.21439
1.21455
1.21472
1.21491
1.21512
1.21536
1.21561
1.21589
1.21619
1.21651
1.21685
1.21721
1.21759
1.21799
1.21842
1.21886
1.21932
1.21979
1.22029
1.2208
1.22133
1.22187
1.22243
1.223
1.22358
1.22417
1.22478
1.2254
1.22602
1.22666
1.2273
1.22794
1.22859
1.22925
1.22991
1.23057
1.23124
1.2319
1.23257
1.23323
1.23389
1.23455
1.23521
1.23586
1.23651
1.23715
1.23778
1.23841
1.23903
1.23964
1.24025
1.24084
1.24143
1.24201
1.24258
1.24313
1.24368
1.24421
1.24474
1.24525
1.24575
1.24624
1.24672
1.24718
1.24764
1.24808
1.24851
1.24892
1.24933
1.24972
1.2501
1.25047
1.25082
1.25117
1.2515
1.25182
1.25213
1.25243
1.25272
1.25299
1.25326
1.25351
1.25375
1.25399
1.25421
1.25442
1.25463
1.25482
1.255
1.25518
1.25534
1.2555
1.25565
1.25579
1.25592
1.25605
1.25616
1.25627
1.25638
1.25647
1.25656
1.25664
1.25672
1.25679
1.25685
1.25691
1.25696
1.25701
1.25705
1.25709
1.25712
1.25715
1.25717
1.25719
1.25721
1.25722
1.25723
1.25723
1.25724
1.25724
1.25723
1.25722
1.25722
1.2572
1.25719
1.25717
1.25716
1.25714
1.25712
1.25709
1.25707
1.25704
1.25702
1.25699
1.25696
1.25693
1.2569
1.25687
1.25684
1.25681
1.25678
1.25675
1.25672
1.25669
1.25666
1.25663
1.2566
1.25657
1.25654
1.25652
1.25649
1.25646
1.25644
1.25641
1.25639
1.25637
1.25635
1.25633
1.25631
1.25629
1.25627
1.25626
1.25624
1.25623
1.25622
1.25621
1.2562
1.2562
1.25619
1.25619
1.25619
1.25619
1.25619
1.25619
1.25619
1.2562
1.25621
1.25621
1.25622
1.25624
1.25625
1.25626
1.25628
1.2563
1.25631
1.25633
1.25635
1.25638
1.2564
1.25642
1.25645
1.25648
1.25651
1.25653
1.25656
1.25659
1.25663
1.25666
1.25669
1.25672
1.25676
1.25679
1.25682
1.25686
1.25689
1.25693
1.25696
1.257
1.25703
1.25707
1.2571
1.25714
1.25717
1.2572
1.25724
1.25727
1.2573
1.25733
1.25735
1.25738
1.25741
1.25743
1.25745
1.25747
1.25749
1.25751
1.25752
1.25754
1.25755
1.25755
1.25756
1.25756
1.25756
1.25755
1.25755
1.25754
1.25752
1.2575
1.25748
1.25746
1.25743
1.25739
1.25735
1.25731
1.25726
1.25721
1.25715
1.25709
1.25702
1.25694
1.25686
1.25677
1.25668
1.25658
1.25647
1.25636
1.25624
1.25611
1.25597
1.25583
1.25568
1.25552
1.25536
1.25518
1.255
1.25481
1.25461
1.2544
1.25418
1.25395
1.25371
1.25346
1.2532
1.25294
1.25266
1.25237
1.25207
1.25176
1.25144
1.25111
1.25077
1.25042
1.25006
1.24969
1.2493
1.24891
1.2485
1.24808
1.24766
1.24722
1.24677
1.24631
1.24584
1.24536
1.24487
1.24437
1.24386
1.24334
1.24281
1.24228
1.24173
1.24118
1.24062
1.24006
1.23948
1.2389
1.23832
1.23773
1.23713
1.23654
1.23593
1.23533
1.23472
1.23412
1.23351
1.2329
1.2323
1.2317
1.23109
1.2305
1.2299
1.22932
1.22873
1.22816
1.22759
1.22703
1.22648
1.22594
1.22541
1.22489
1.22438
1.22389
1.2234
1.22293
1.22248
1.22204
1.22161
1.2212
1.22081
1.22043
1.22007
1.21972
1.21939
1.21907
1.21877
1.21849
1.21822
1.21797
1.21773
1.21751
1.2173
1.2171
1.21692
1.21674
1.21658
1.21643
1.2163
1.21616
1.21604
1.21593
1.21582
1.21571
1.21562
1.21552
1.21543
1.21533
1.21524
1.21515
1.21506
1.21496
1.21486
1.21476
1.21465
1.21453
1.21441
1.21428
1.21414
1.214
1.21384
1.21367
1.2135
1.21331
1.21311
1.21291
1.21269
1.21246
1.21222
1.21197
1.21171
1.21144
1.21117
1.21088
1.21059
1.21029
1.20999
1.20968
1.20937
1.20906
1.20874
1.20843
1.20813
1.20782
1.20752
1.20723
1.20695
1.20668
1.20642
1.20618
1.20595
1.20574
1.20555
1.20538
1.20523
1.2051
1.205
1.20493
1.20488
1.20487
1.20488
1.20491
1.20498
1.20508
1.20521
1.20537
1.20556
1.20579
1.20604
1.20631
1.20662
1.20696
1.20732
1.2077
1.20811
1.20854
1.20899
1.20946
1.20995
1.21045
1.21097
1.21149
1.21203
1.21257
1.21312
1.21368
1.21423
1.21479
1.21534
1.21589
1.21643
1.21697
1.2175
1.21801
1.21852
1.21901
1.21949
1.21995
1.22039
1.22081
1.22122
1.2216
1.22196
1.22231
1.22262
1.22292
1.22319
1.22344
1.22366
1.22386
1.22403
1.22418
1.2243
1.2244
1.22448
1.22453
1.22455
1.22455
1.22453
1.22448
1.22441
1.22432
1.2242
1.22407
1.22391
1.22373
1.22354
1.22332
1.22309
1.22283
1.22257
1.22228
1.22198
1.22167
1.22134
1.22099
1.22064
1.22028
1.2199
1.21952
1.21912
1.21872
1.21831
1.2179
1.21748
1.21706
1.21663
1.2162
1.21577
1.21534
1.2149
1.21447
1.21404
1.21361
1.21318
1.21276
1.21234
1.21193
1.21152
1.21112
1.21072
1.21033
1.20995
1.20958
1.20921
1.20886
1.20851
1.20817
1.20784
1.20753
1.20722
1.20692
1.20664
1.20636
1.20609
1.20584
1.20559
1.20536
1.20514
1.20492
1.20472
1.20452
1.20433
1.20416
1.20399
1.20383
1.20367
1.20353
1.20339
1.20326
1.20313
1.20301
1.2029
1.20278
1.20268
1.20257
1.20247
1.20238
1.20228
1.20219
1.2021
1.20201
1.20193
1.20184
1.20176
1.20168
1.2016
1.20152
1.20144
1.20136
1.20129
1.20122
1.20115
1.20108
1.20102
1.20096
1.20091
1.20086
1.20082
1.20078
1.20076
1.20074
1.20073
1.20073
1.20075
1.20077
1.20081
1.20086
1.20093
1.20102
1.20112
1.20123
1.20137
1.20153
1.2017
1.2019
1.20212
1.20236
1.20262
1.2029
1.2032
1.20353
1.20388
1.20425
1.20465
1.20506
1.2055
1.20596
1.20644
1.20693
1.20745
1.20798
1.20854
1.20911
1.20969
1.21029
1.2109
1.21152
1.21215
1.2128
1.21345
1.21411
1.21477
1.21544
1.21611
1.21679
1.21746
1.21814
1.21881
1.21948
1.22014
1.22081
1.22146
1.22211
1.22275
1.22338
1.224
1.22462
1.22522
1.22581
1.22638
1.22695
1.2275
1.22803
1.22856
1.22906
1.22956
1.23003
1.2305
1.23094
1.23137
1.23178
1.23218
1.23256
1.23293
1.23327
1.23361
1.23392
1.23422
1.2345
1.23477
1.23502
1.23525
1.23547
1.23567
1.23585
1.23602
1.23618
1.23632
1.23644
1.23655
1.23664
1.23672
1.23678
1.23683
1.23687
1.23689
1.23689
1.23688
1.23686
1.23682
1.23677
1.23671
1.23663
1.23653
1.23643
1.23631
1.23617
1.23602
1.23586
1.23569
1.23549
1.23529
1.23507
1.23484
1.23459
1.23433
1.23405
1.23376
1.23346
1.23314
1.2328
1.23245
1.23208
1.2317
1.2313
1.23088
1.23045
1.23001
1.22954
1.22906
1.22856
1.22805
1.22751
1.22696
1.2264
1.22581
1.22521
1.22459
1.22395
1.2233
1.22262
1.22193
1.22123
1.2205
1.21976
1.219
1.21823
1.21744
1.21663
1.21581
1.21498
1.21413
1.21328
1.21241
1.21153
1.21064
1.20975
1.20884
1.20794
1.20703
1.20612
1.20521
1.2043
1.20339
1.20249
1.2016
1.20072
1.19986
1.19901
1.19817
1.19735
1.19656
1.19579
1.19505
1.19434
1.19366
1.19301
1.1924
1.19183
1.1913
1.19081
1.19036
1.18996
1.18961
1.1893
1.18905
1.18884
1.18869
1.18859
1.18854
1.18854
1.18859
1.1887
1.18885
1.18906
1.18931
1.18962
1.18997
1.19036
1.1908
1.19128
1.1918
1.19235
1.19294
1.19357
1.19422
1.1949
1.19561
1.19634
1.19709
1.19786
1.19865
1.19945
1.20026
1.20108
1.20191
1.20274
1.20358
1.20441
1.20525
1.20608
1.20691
1.20773
1.20855
1.20936
1.21015
1.21094
1.21172
1.21248
1.21323
1.21396
1.21468
1.21538
1.21607
1.21674
1.2174
1.21804
1.21866
1.21926
1.21985
1.22042
1.22097
1.22151
1.22203
1.22253
1.22301
1.22348
1.22394
1.22437
1.22479
1.2252
1.22559
1.22596
1.22633
1.22667
1.22701
1.22733
1.22764
1.22793
1.22821
1.22848
1.22874
1.22899
1.22923
1.22946
1.22967
1.22988
1.23008
1.23027
1.23045
1.23062
1.23079
1.23094
1.23109
1.23123
1.23137
1.2315
1.23162
1.23173
1.23184
1.23195
1.23205
1.23214
1.23223
1.23232
1.2324
1.23247
1.23255
1.23261
1.23268
1.23274
1.2328
1.23285
1.23291
1.23295
1.233
1.23305
1.23309
1.23313
1.23316
1.2332
1.23323
1.23326
1.23329
1.23332
1.23335
1.23337
1.2334
1.23342
1.23344
1.23346
1.23348
1.2335
1.23352
1.23353
1.23355
1.23356
1.23358
1.23359
1.23361
1.23362
1.23363
1.23364
1.23366
1.23367
1.23368
1.23369
1.2337
1.23371
1.23372
1.23373
1.23374
1.23375
1.23376
1.23377
1.23378
1.23379
1.2338
1.23381
1.23382
1.23382
1.23383
1.23384
1.23385
1.23386
1.23387
1.23388
1.23388
1.23389
1.2339
1.23391
1.23392
1.23393
1.23393
1.23394
1.23395
1.23396
1.23396
1.23397
1.23398
1.23398
1.23399
1.23399
1.234
1.234
1.23401
1.23401
1.23402
1.23402
1.23402
1.23402
1.23403
1.23403
1.23403
1.23403
1.23403
1.23402
1.23402
1.23402
1.23401
1.23401
1.234
1.23399
1.23398
1.23397
1.23396
1.23395
1.23394
1.23392
1.23391
1.23389
1.23387
1.23385
1.23383
1.23381
1.23378
1.23375
1.23373
1.2337
1.23366
1.23363
1.23359
1.23356
1.23352
1.23347
1.23343
1.23338
1.23333
1.23328
1.23323
1.23317
1.23312
1.23305
1.23299
1.23293
1.23286
1.23278
1.23271
1.23263
1.23255
1.23247
1.23238
1.23229
1.2322
1.23211
1.23201
1.23191
1.2318
1.23169
1.23158
1.23147
1.23135
1.23123
1.2311
1.23097
1.23084
1.2307
1.23057
1.23042
1.23028
1.23013
1.22997
1.22981
1.22965
1.22949
1.22932
1.22915
1.22897
1.22879
1.22861
1.22842
1.22823
1.22804
1.22784
1.22764
1.22744
1.22723
1.22702
1.2268
1.22659
1.22637
1.22614
1.22591
1.22568
1.22545
1.22522
1.22498
1.22474
1.22449
1.22425
1.224
1.22375
1.2235
1.22324
1.22299
1.22273
1.22247
1.22221
1.22194
1.22168
1.22142
1.22115
1.22088
1.22062
1.22035
1.22008
1.21982
1.21955
1.21928
1.21902
1.21875
1.21849
1.21822
1.21796
1.2177
1.21744
1.21719
1.21693
1.21668
1.21643
1.21618
1.21594
1.21569
1.21545
1.21522
1.21499
1.21476
1.21454
1.21432
1.2141
1.21389
1.21368
1.21348
1.21328
1.21309
1.2129
1.21272
1.21255
1.21238
1.21221
1.21205
1.2119
1.21175
1.21161
1.21148
1.21135
1.21123
1.21111
1.211
1.2109
1.2108
1.21071
1.21063
1.21056
1.21049
1.21042
1.21037
1.21032
1.21027
1.21024
1.21021
1.21019
1.21017
1.21016
1.21016
1.21016
1.21017
1.21018
1.2102
1.21023
1.21027
1.2103
1.21035
1.2104
1.21046
1.21052
1.21058
1.21065
1.21073
1.21081
1.2109
1.21099
1.21108
1.21118
1.21129
1.21139
1.2115
1.21162
1.21174
1.21186
1.21198
1.21211
1.21224
1.21237
1.21251
1.21264
1.21278
1.21292
1.21306
1.2132
1.21335
1.21349
1.21364
1.21378
1.21393
1.21408
1.21422
1.21437
1.21452
1.21466
1.2148
1.21495
1.21509
1.21523
1.21537
1.2155
1.21564
1.21577
1.2159
1.21602
1.21615
1.21627
1.21638
1.2165
1.21661
1.21672
1.21682
1.21692
1.21701
1.2171
1.21719
1.21727
1.21734
1.21742
1.21748
1.21755
1.2176
1.21765
1.2177
1.21774
1.21777
1.2178
1.21783
1.21785
1.21786
1.21787
1.21787
1.21786
1.21785
1.21784
1.21782
1.21779
1.21776
1.21772
1.21767
1.21763
1.21757
1.21751
1.21745
1.21738
1.2173
1.21722
1.21714
1.21705
1.21695
1.21685
1.21675
1.21664
1.21653
1.21642
1.2163
1.21618
1.21606
1.21593
1.2158
1.21567
1.21553
1.2154
1.21526
1.21512
1.21498
1.21484
1.21469
1.21455
1.2144
1.21426
1.21411
1.21397
1.21382
1.21368
1.21354
1.2134
1.21326
1.21312
1.21298
1.21285
1.21271
1.21258
1.21246
1.21233
1.21221
1.21209
1.21198
1.21186
1.21176
1.21165
1.21155
1.21146
1.21136
1.21128
1.21119
1.21112
1.21104
1.21097
1.21091
1.21085
1.21079
1.21074
1.2107
1.21065
1.21062
1.21059
1.21056
1.21054
1.21052
1.21051
1.2105
1.2105
1.2105
1.21051
1.21052
1.21054
1.21056
1.21058
1.21061
1.21064
1.21067
1.21071
1.21076
1.2108
1.21085
1.2109
1.21096
1.21102
1.21108
1.21114
1.21121
1.21128
1.21135
1.21142
1.21149
1.21157
1.21165
1.21173
1.21181
1.21189
1.21197
1.21206
1.21214
1.21223
1.21231
1.2124
1.21249
1.21258
1.21266
1.21275
1.21284
1.21293
1.21302
1.2131
1.21319
1.21328
1.21337
1.21345
1.21354
1.21362
1.21371
1.21379
1.21388
1.21396
1.21404
1.21412
1.21421
1.21429
1.21437
1.21445
1.21452
1.2146
1.21468
1.21476
1.21483
1.21491
1.21498
1.21506
1.21513
1.21521
1.21528
1.21535
1.21543
1.2155
1.21557
1.21564
1.21572
1.21579
1.21586
1.21593
1.216
1.21608
1.21615
1.21622
1.21629
1.21637
1.21644
1.21651
1.21659
1.21666
1.21674
1.21682
1.21689
1.21697
1.21705
1.21713
1.21721
1.21729
1.21737
1.21745
1.21754
1.21762
1.21771
1.21779
1.21788
1.21797
1.21806
1.21815
1.21824
1.21834
1.21843
1.21853
1.21862
1.21872
1.21882
1.21892
1.21903
1.21913
1.21923
1.21934
1.21945
1.21955
1.21966
1.21977
1.21988
1.22
1.22011
1.22023
1.22034
1.22046
1.22058
1.2207
1.22082
1.22094
1.22106
1.22118
1.22131
1.22143
1.22156
1.22168
1.22181
1.22194
1.22206
1.22219
1.22232
1.22245
1.22258
1.22271
1.22285
1.22298
1.22311
1.22324
1.22337
1.22351
1.22364
1.22377
1.22391
1.22404
1.22417
1.22431
1.22444
1.22458
1.22471
1.22484
1.22497
1.22511
1.22524
1.22537
1.2255
1.22564
1.22577
1.2259
1.22603
1.22616
1.22629
1.22642
1.22654
1.22667
1.2268
1.22692
1.22705
1.22717
1.2273
1.22742
1.22754
1.22767
1.22779
1.22791
1.22803
1.22814
1.22826
1.22838
1.22849
1.22861
1.22872
1.22883
1.22894
1.22905
1.22916
1.22927
1.22938
1.22948
1.22959
1.22969
1.2298
1.2299
1.23
1.2301
1.2302
1.23029
1.23039
1.23049
1.23058
1.23067
1.23076
1.23085
1.23094
1.23103
1.23112
1.2312
1.23129
1.23137
1.23145
1.23154
1.23162
1.23169
1.23177
1.23185
1.23192
1.232
1.23207
1.23214
1.23221
1.23228
1.23235
1.23242
1.23249
1.23255
1.23262
1.23268
1.23274
1.2328
1.23286
1.23292
1.23298
1.23303
1.23309
1.23314
1.2332
1.23325
1.2333
1.23335
1.2334
1.23344
1.23349
1.23353
1.23358
1.23362
1.23366
1.2337
1.23374
1.23378
1.23382
1.23385
1.23389
1.23392
1.23395
1.23398
1.23401
1.23404
1.23407
1.2341
1.23412
1.23415
1.23417
1.23419
1.23421
1.23423
1.23425
1.23426
1.23428
1.23429
1.2343
1.23431
1.23432
1.23433
1.23433
1.23434
1.23434
1.23434
1.23434
1.23434
1.23434
1.23434
1.23433
1.23432
1.23431
1.2343
1.23429
1.23427
1.23426
1.23424
1.23422
1.2342
1.23417
1.23415
1.23412
1.23409
1.23406
1.23402
1.23399
1.23395
1.23391
1.23386
1.23382
1.23377
1.23372
1.23367
1.23362
1.23356
1.2335
1.23344
1.23337
1.23331
1.23324
1.23317
1.23309
1.23301
1.23293
1.23285
1.23276
1.23267
1.23258
1.23248
1.23238
1.23228
1.23218
1.23207
1.23195
1.23184
1.23172
1.2316
1.23147
1.23134
1.2312
1.23106
1.23092
1.23078
1.23062
1.23047
1.23031
1.23015
1.22998
1.22981
1.22963
1.22945
1.22926
1.22907
1.22888
1.22868
1.22847
1.22826
1.22805
1.22783
1.2276
1.22737
1.22714
1.2269
1.22665
1.2264
1.22614
1.22588
1.22562
1.22534
1.22507
1.22479
1.2245
1.22421
1.22391
1.22361
1.22331
1.223
1.22269
1.22237
1.22205
1.22172
1.22139
1.22106
1.22072
1.22039
1.22005
1.2197
1.21936
1.21902
1.21867
1.21832
1.21798
1.21763
1.21728
1.21694
1.2166
1.21626
1.21592
1.21558
1.21525
1.21493
1.21461
1.21429
1.21398
1.21368
1.21339
1.2131
1.21283
1.21256
1.2123
1.21205
1.21181
1.21159
1.21138
1.21118
1.21099
1.21082
1.21066
1.21051
1.21038
1.21027
1.21017
1.21009
1.21002
1.20997
1.20993
1.20992
1.20991
1.20993
1.20996
1.21001
1.21007
1.21015
1.21025
1.21036
1.21049
1.21063
1.21078
1.21096
1.21114
1.21134
1.21155
1.21177
1.212
1.21225
1.21251
1.21277
1.21304
1.21333
1.21362
1.21391
1.21422
1.21453
1.21484
1.21516
1.21548
1.21581
1.21613
1.21646
1.21679
1.21712
1.21745
1.21778
1.21811
1.21843
1.21876
1.21908
1.21939
1.21971
1.22001
1.22032
1.22062
1.22091
1.2212
1.22148
1.22175
1.22202
1.22228
1.22253
1.22278
1.22302
1.22325
1.22348
1.22369
1.2239
1.2241
1.22429
1.22448
1.22466
1.22482
1.22499
1.22514
1.22528
1.22542
1.22555
1.22568
1.22579
1.2259
1.226
1.2261
1.22618
1.22626
1.22634
1.22641
1.22647
1.22652
1.22657
1.22662
1.22666
1.22669
1.22672
1.22674
1.22676
1.22678
1.22679
1.22679
1.22679
1.22679
1.22679
1.22678
1.22677
1.22675
1.22674
1.22672
1.22669
1.22667
1.22664
1.22661
1.22658
1.22655
1.22651
1.22648
1.22644
1.2264
1.22636
1.22632
1.22628
1.22623
1.22619
1.22614
1.2261
1.22605
1.226
1.22596
1.22591
1.22586
1.2258
1.22575
1.2257
1.22565
1.22559
1.22554
1.22548
1.22542
1.22537
1.22531
1.22524
1.22518
1.22512
1.22505
1.22498
1.22491
1.22484
1.22477
1.22469
1.22461
1.22453
1.22444
1.22435
1.22426
1.22416
1.22406
1.22396
1.22385
1.22374
1.22362
1.2235
1.22337
1.22324
1.2231
1.22296
1.2228
1.22265
1.22248
1.22231
1.22213
1.22195
1.22175
1.22155
1.22134
1.22112
1.22089
1.22065
1.22041
1.22015
1.21988
1.21961
1.21932
1.21902
1.21871
1.2184
1.21806
1.21772
1.21737
1.217
1.21662
1.21623
1.21583
1.21542
1.21499
1.21455
1.2141
1.21364
1.21316
1.21267
1.21217
1.21166
1.21113
1.21059
1.21005
1.20949
1.20891
1.20833
1.20774
1.20714
1.20653
1.20591
1.20528
1.20464
1.204
1.20335
1.2027
1.20204
1.20138
1.20071
1.20004
1.19938
1.19871
1.19804
1.19738
1.19672
1.19606
1.19541
1.19477
1.19413
1.19351
1.19289
1.19229
1.1917
1.19113
1.19057
1.19003
1.18951
1.189
1.18852
1.18805
1.18761
1.1872
1.1868
1.18643
1.18609
1.18577
1.18548
1.18522
1.18498
1.18477
1.18458
1.18443
1.1843
1.18419
1.18411
1.18406
1.18404
1.18404
1.18406
1.1841
1.18417
1.18426
1.18437
1.1845
1.18465
1.18482
1.185
1.18519
1.1854
1.18563
1.18586
1.1861
1.18635
1.18661
1.18688
1.18715
1.18742
1.1877
1.18798
1.18825
1.18853
1.18881
1.18908
1.18935
1.18961
1.18987
1.19013
1.19038
1.19062
1.19085
1.19107
1.19129
1.1915
1.19169
1.19188
1.19206
1.19223
1.19239
1.19254
1.19267
1.1928
1.19292
1.19303
1.19312
1.19321
1.19329
1.19336
1.19342
1.19347
1.19351
1.19354
1.19357
1.19359
1.1936
1.1936
1.1936
1.19359
1.19358
1.19356
1.19354
1.19351
1.19348
1.19345
1.19341
1.19337
1.19333
1.19329
1.19325
1.19321
1.19316
1.19312
1.19308
1.19304
1.193
1.19296
1.19292
1.19289
1.19286
1.19284
1.19281
1.1928
1.19278
1.19277
1.19277
1.19277
1.19277
1.19278
1.1928
1.19282
1.19285
1.19288
1.19292
1.19297
1.19302
1.19308
1.19315
1.19322
1.1933
1.19338
1.19348
1.19357
1.19368
1.19379
1.19391
1.19404
1.19417
1.1943
1.19445
1.1946
1.19475
1.19491
1.19508
1.19525
1.19543
1.19561
1.1958
1.19599
1.19619
1.19639
1.1966
1.1968
1.19702
1.19723
1.19745
1.19768
1.1979
1.19813
1.19836
1.1986
1.19883
1.19907
1.19931
1.19955
1.19979
1.20004
1.20028
1.20052
1.20077
1.20101
1.20126
1.2015
1.20175
1.20199
1.20223
1.20247
1.20272
1.20296
1.20319
1.20343
1.20367
1.2039
1.20413
1.20436
1.20459
1.20482
1.20504
1.20526
1.20548
1.2057
1.20591
1.20612
1.20633
1.20653
1.20674
1.20694
1.20713
1.20733
1.20752
1.20771
1.20789
1.20807
1.20825
1.20843
1.2086
1.20877
1.20894
1.2091
1.20926
1.20942
1.20957
1.20972
1.20987
1.21002
1.21016
1.2103
1.21044
1.21057
1.2107
1.21083
1.21096
1.21108
1.2112
1.21132
1.21144
1.21155
1.21166
1.21177
1.21187
1.21198
1.21208
1.21218
1.21227
1.21237
1.21246
1.21255
1.21263
1.21272
1.2128
1.21288
1.21296
1.21304
1.21311
1.21318
1.21325
1.21332
1.21339
1.21345
1.21351
1.21357
1.21363
1.21368
1.21374
1.21379
1.21384
1.21389
1.21393
1.21398
1.21402
1.21406
1.21409
1.21413
1.21416
1.21419
1.21422
1.21425
1.21427
1.2143
1.21432
1.21433
1.21435
1.21436
1.21437
1.21438
1.21439
1.21439
1.2144
1.21439
1.21439
1.21439
1.21438
1.21437
1.21436
1.21434
1.21433
1.21431
1.21428
1.21426
1.21423
1.2142
1.21417
1.21414
1.2141
1.21406
1.21402
1.21398
1.21393
1.21388
1.21383
1.21378
1.21372
1.21366
1.2136
1.21354
1.21347
1.21341
1.21334
1.21327
1.21319
1.21312
1.21304
1.21296
1.21288
1.21279
1.21271
1.21262
1.21253
1.21244
1.21235
1.21226
1.21216
1.21207
1.21197
1.21187
1.21177
1.21167
1.21156
1.21146
1.21136
1.21125
1.21115
1.21104
1.21093
1.21083
1.21072
1.21061
1.21051
1.2104
1.21029
1.21018
1.21008
1.20997
1.20986
1.20976
1.20965
1.20955
1.20944
1.20934
1.20924
1.20914
1.20904
1.20894
1.20884
1.20874
1.20865
1.20856
1.20847
1.20838
1.20829
1.2082
1.20812
1.20803
1.20795
1.20788
1.2078
1.20773
1.20765
1.20758
1.20752
1.20745
1.20739
1.20733
1.20727
1.20721
1.20716
1.20711
1.20706
1.20701
1.20696
1.20692
1.20688
1.20685
1.20681
1.20678
1.20675
1.20672
1.20669
1.20667
1.20664
1.20662
1.20661
1.20659
1.20658
1.20656
1.20655
1.20654
1.20654
1.20653
1.20653
1.20653
1.20653
1.20653
1.20653
1.20653
1.20654
1.20654
1.20655
1.20656
1.20657
1.20658
1.20659
1.2066
1.20661
1.20663
1.20664
1.20665
1.20667
1.20668
1.2067
1.20672
1.20673
1.20675
1.20677
1.20678
1.2068
1.20682
1.20684
1.20685
1.20687
1.20689
1.20691
1.20692
1.20694
1.20696
1.20697
1.20699
1.20701
1.20702
1.20704
1.20705
1.20707
1.20708
1.2071
1.20711
1.20712
1.20713
1.20715
1.20716
1.20717
1.20718
1.20719
1.2072
1.20721
1.20722
1.20723
1.20724
1.20725
1.20725
1.20726
1.20727
1.20727
1.20728
1.20728
