1.80001
1.80003
1.80005
1.80007
1.8001
1.80013
1.80016
1.80019
1.80022
1.80026
1.80029
1.80033
1.80037
1.80041
1.80046
1.8005
1.80055
1.8006
1.80065
1.8007
1.80075
1.8008
1.80085
1.80091
1.80096
1.80102
1.80108
1.80113
1.80119
1.80125
1.80131
1.80137
1.80143
1.80149
1.80155
1.80161
1.80167
1.80173
1.80179
1.80185
1.8019
1.80196
1.80202
1.80207
1.80213
1.80218
1.80224
1.80229
1.80234
1.80239
1.80244
1.80248
1.80253
1.80257
1.80261
1.80265
1.80269
1.80272
1.80275
1.80279
1.80281
1.80284
1.80286
1.80288
1.8029
1.80292
1.80293
1.80294
1.80294
1.80295
1.80295
1.80295
1.80294
1.80293
1.80292
1.80291
1.80289
1.80286
1.80284
1.80281
1.80278
1.80274
1.8027
1.80265
1.8026
1.80255
1.80249
1.80243
1.80236
1.80229
1.80222
1.80214
1.80205
1.80196
1.80186
1.80176
1.80165
1.80153
1.80141
1.80128
1.80114
1.801
1.80085
1.80069
1.80052
1.80034
1.80015
1.79995
1.79974
1.79952
1.79929
1.79905
1.79879
1.79852
1.79824
1.79794
1.79763
1.7973
1.79695
1.79659
1.79621
1.7958
1.79538
1.79494
1.79448
1.79399
1.79349
1.79296
1.7924
1.79182
1.79121
1.79058
1.78992
1.78923
1.78851
1.78777
1.78699
1.78618
1.78535
1.78448
1.78358
1.78265
1.78169
1.78069
1.77967
1.77861
1.77753
1.77641
1.77527
1.77409
1.77289
1.77167
1.77041
1.76914
1.76784
1.76653
1.7652
1.76385
1.76249
1.76113
1.75975
1.75838
1.757
1.75563
1.75427
1.75292
1.75159
1.75028
1.749
1.74774
1.74652
1.74534
1.74421
1.74312
1.74209
1.74112
1.74021
1.73937
1.7386
1.73791
1.7373
1.73677
1.73633
1.73599
1.73573
1.73557
1.7355
1.73554
1.73567
1.7359
1.73623
1.73667
1.7372
1.73783
1.73855
1.73937
1.74028
1.74128
1.74236
1.74353
1.74478
1.7461
1.74749
1.74895
1.75046
1.75204
1.75367
1.75534
1.75706
1.75882
1.7606
1.76242
1.76426
1.76612
1.768
1.76989
1.77178
1.77368
1.77557
1.77746
1.77935
1.78122
1.78308
1.78493
1.78675
1.78856
1.79034
1.79209
1.79382
1.79552
1.7972
1.79884
1.80044
1.80202
1.80356
1.80507
1.80654
1.80798
1.80938
1.81074
1.81207
1.81337
1.81462
1.81584
1.81703
1.81818
1.8193
1.82038
1.82142
1.82244
1.82342
1.82436
1.82528
1.82616
1.82701
1.82783
1.82863
1.82939
1.83012
1.83083
1.8315
1.83215
1.83278
1.83338
1.83395
1.8345
1.83503
1.83553
1.83602
1.83648
1.83691
1.83733
1.83773
1.83811
1.83847
1.83881
1.83913
1.83944
1.83972
1.84
1.84025
1.8405
1.84072
1.84093
1.84113
1.84132
1.84149
1.84165
1.84179
1.84193
1.84205
1.84216
1.84226
1.84235
1.84244
1.84251
1.84257
1.84262
1.84266
1.8427
1.84272
1.84274
1.84275
1.84276
1.84276
1.84274
1.84273
1.8427
1.84268
1.84264
1.8426
1.84255
1.8425
1.84244
1.84238
1.84232
1.84225
1.84217
1.84209
1.84201
1.84192
1.84183
1.84174
1.84164
1.84155
1.84144
1.84134
1.84123
1.84112
1.84101
1.8409
1.84078
1.84066
1.84054
1.84042
1.8403
1.84018
1.84005
1.83993
1.8398
1.83967
1.83954
1.83942
1.83929
1.83916
1.83903
1.8389
1.83877
1.83865
1.83852
1.83839
1.83826
1.83814
1.83801
1.83789
1.83777
1.83764
1.83752
1.8374
1.83728
1.83717
1.83705
1.83694
1.83683
1.83672
1.83661
1.83651
1.8364
1.8363
1.8362
1.8361
1.83601
1.83592
1.83583
1.83574
1.83566
1.83557
1.83549
1.83542
1.83534
1.83527
1.8352
1.83514
1.83507
1.83501
1.83495
1.8349
1.83484
1.83479
1.83475
1.8347
1.83466
1.83461
1.83458
1.83454
1.8345
1.83447
1.83444
1.83441
1.83438
1.83435
1.83433
1.8343
1.83428
1.83426
1.83423
1.83421
1.83419
1.83416
1.83414
1.83412
1.83409
1.83406
1.83403
1.834
1.83397
1.83393
1.83389
1.83385
1.8338
1.83375
1.8337
1.83364
1.83357
1.8335
1.83342
1.83333
1.83323
1.83313
1.83302
1.8329
1.83276
1.83262
1.83247
1.8323
1.83213
1.83193
1.83173
1.83151
1.83127
1.83102
1.83076
1.83047
1.83017
1.82984
1.8295
1.82914
1.82876
1.82835
1.82792
1.82747
1.82699
1.82649
1.82596
1.82541
1.82483
1.82422
1.82358
1.82291
1.82222
1.82149
1.82073
1.81994
1.81911
1.81826
1.81737
1.81644
1.81548
1.81449
1.81346
1.8124
1.8113
1.81017
1.809
1.8078
1.80656
1.80529
1.80398
1.80264
1.80127
1.79987
1.79843
1.79696
1.79546
1.79394
1.79238
1.7908
1.78919
1.78756
1.78591
1.78424
1.78255
1.78084
1.77912
1.77739
1.77565
1.77389
1.77214
1.77038
1.76862
1.76686
1.76511
1.76336
1.76163
1.75991
1.75821
1.75654
1.75488
1.75326
1.75166
1.7501
1.74858
1.7471
1.74567
1.74429
1.74296
1.74169
1.74048
1.73934
1.73827
1.73727
1.73635
1.73551
1.73476
1.7341
1.73353
1.73306
1.73268
1.73241
1.73224
1.73219
1.73224
1.7324
1.73267
1.73306
1.73356
1.73417
1.7349
1.73574
1.7367
1.73776
1.73893
1.7402
1.74157
1.74305
1.74461
1.74627
1.74801
1.74983
1.75172
1.75368
1.7557
1.75778
1.75991
1.76209
1.7643
1.76654
1.76881
1.7711
1.7734
1.77571
1.77802
1.78033
1.78263
1.78492
1.78719
1.78943
1.79165
1.79384
1.79599
1.7981
1.80018
1.8022
1.80419
1.80612
1.808
1.80983
1.81161
1.81333
1.815
1.81661
1.81816
1.81965
1.82108
1.82245
1.82377
1.82502
1.82622
1.82736
1.82844
1.82947
1.83043
1.83134
1.8322
1.833
1.83375
1.83444
1.83508
1.83567
1.8362
1.83669
1.83713
1.83752
1.83786
1.83816
1.83841
1.83862
1.83878
1.8389
1.83898
1.83901
1.83901
1.83896
1.83888
1.83876
1.8386
1.8384
1.83817
1.8379
1.8376
1.83726
1.83689
1.83648
1.83604
1.83557
1.83507
1.83454
1.83398
1.83339
1.83277
1.83212
1.83144
1.83073
1.83
1.82924
1.82845
1.82764
1.8268
1.82594
1.82505
1.82414
1.8232
1.82224
1.82126
1.82026
1.81923
1.81819
1.81712
1.81603
1.81492
1.8138
1.81265
1.81149
1.81031
1.80911
1.8079
1.80667
1.80542
1.80416
1.80289
1.8016
1.8003
1.79899
1.79767
1.79633
1.79499
1.79364
1.79228
1.79091
1.78953
1.78815
1.78676
1.78537
1.78398
1.78258
1.78119
1.77979
1.77839
1.777
1.7756
1.77422
1.77283
1.77146
1.77009
1.76873
1.76737
1.76603
1.76471
1.76339
1.7621
1.76082
1.75955
1.75831
1.75709
1.75589
1.75471
1.75356
1.75244
1.75135
1.75028
1.74925
1.74825
1.74729
1.74636
1.74547
1.74462
1.74381
1.74305
1.74232
1.74165
1.74101
1.74043
1.73989
1.7394
1.73896
1.73857
1.73824
1.73795
1.73772
1.73754
1.73741
1.73734
1.73732
1.73735
1.73743
1.73756
1.73775
1.73798
1.73826
1.7386
1.73897
1.7394
1.73987
1.74038
1.74093
1.74152
1.74215
1.74281
1.74351
1.74424
1.745
1.74579
1.7466
1.74744
1.74829
1.74917
1.75006
1.75096
1.75188
1.75281
1.75374
1.75468
1.75563
1.75658
1.75752
1.75847
1.75941
1.76034
1.76127
1.76219
1.7631
1.764
1.76489
1.76576
1.76662
1.76746
1.76829
1.7691
1.76989
1.77067
1.77142
1.77216
1.77287
1.77357
1.77424
1.7749
1.77553
1.77614
1.77674
1.77731
1.77787
1.7784
1.77892
1.77942
1.7799
1.78036
1.7808
1.78123
1.78164
1.78204
1.78242
1.78279
1.78315
1.78349
1.78383
1.78415
1.78446
1.78477
1.78506
1.78535
1.78563
1.78591
1.78618
1.78645
1.78672
1.78698
1.78724
1.78751
1.78777
1.78803
1.7883
1.78857
1.78884
1.78912
1.7894
1.78968
1.78997
1.79027
1.79058
1.79089
1.79121
1.79154
1.79188
1.79222
1.79258
1.79295
1.79332
1.79371
1.79411
1.79451
1.79493
1.79536
1.79579
1.79624
1.7967
1.79717
1.79765
1.79813
1.79863
1.79913
1.79965
1.80017
1.8007
1.80124
1.80178
1.80233
1.80288
1.80344
1.80401
1.80458
1.80515
1.80572
1.8063
1.80687
1.80745
1.80803
1.80861
1.80918
1.80976
1.81033
1.81089
1.81145
1.81201
1.81256
1.81311
1.81365
1.81418
1.81471
1.81522
1.81573
1.81622
1.81671
1.81719
1.81765
1.81811
1.81855
1.81898
1.81939
1.8198
1.82019
1.82056
1.82093
1.82127
1.82161
1.82193
1.82223
1.82252
1.82279
1.82305
1.82329
1.82352
1.82373
1.82392
1.8241
1.82426
1.82441
1.82453
1.82465
1.82474
1.82483
1.82489
1.82494
1.82497
1.82499
1.82499
1.82497
1.82494
1.82489
1.82483
1.82476
1.82466
1.82456
1.82443
1.8243
1.82415
1.82398
1.8238
1.82361
1.82341
1.82319
1.82296
1.82272
1.82246
1.82219
1.82192
1.82163
1.82133
1.82102
1.8207
1.82037
1.82003
1.81968
1.81933
1.81896
1.81859
1.81821
1.81783
1.81743
1.81703
1.81663
1.81622
1.8158
1.81538
1.81495
1.81452
1.81408
1.81364
1.81319
1.81274
1.81229
1.81183
1.81137
1.8109
1.81043
1.80996
1.80948
1.809
1.80851
1.80802
1.80752
1.80702
1.80652
1.80601
1.80549
1.80497
1.80444
1.80391
1.80337
1.80282
1.80227
1.80171
1.80115
1.80058
1.8
1.79941
1.79882
1.79822
1.79762
1.797
1.79639
1.79576
1.79513
1.7945
1.79386
1.79322
1.79258
1.79193
1.79128
1.79064
1.78999
1.78935
1.78871
1.78808
1.78745
1.78684
1.78623
1.78564
1.78506
1.7845
1.78396
1.78345
1.78295
1.78248
1.78204
1.78163
1.78125
1.78091
1.78061
1.78034
1.78012
1.77994
1.77981
1.77972
1.77969
1.7797
1.77977
1.77989
1.78006
1.78029
1.78058
1.78092
1.78131
1.78176
1.78227
1.78283
1.78345
1.78412
1.78484
1.78561
1.78643
1.78729
1.7882
1.78915
1.79014
1.79117
1.79223
1.79332
1.79445
1.79559
1.79677
1.79796
1.79917
1.80039
1.80162
1.80287
1.80411
1.80536
1.80662
1.80786
1.80911
1.81034
1.81157
1.81279
1.81399
1.81517
1.81634
1.81749
1.81861
1.81972
1.8208
1.82186
1.82289
1.82389
1.82487
1.82582
1.82674
1.82763
1.82849
1.82932
1.83013
1.8309
1.83164
1.83235
1.83303
1.83369
1.83431
1.8349
1.83547
1.836
1.83651
1.83699
1.83744
1.83787
1.83827
1.83865
1.839
1.83932
1.83963
1.83991
1.84016
1.8404
1.84062
1.84081
1.84099
1.84114
1.84128
1.8414
1.8415
1.84159
1.84165
1.84171
1.84175
1.84177
1.84178
1.84178
1.84176
1.84173
1.84169
1.84164
1.84158
1.8415
1.84142
1.84133
1.84122
1.84111
1.84099
1.84086
1.84072
1.84057
1.84042
1.84025
1.84009
1.83991
1.83973
1.83954
1.83934
1.83914
1.83893
1.83871
1.83849
1.83826
1.83803
1.83779
1.83755
1.8373
1.83704
1.83678
1.83651
1.83624
1.83596
1.83568
1.83539
1.8351
1.8348
1.8345
1.83419
1.83387
1.83355
1.83323
1.8329
1.83256
1.83222
1.83187
1.83152
1.83116
1.83079
1.83042
1.83005
1.82966
1.82928
1.82888
1.82848
1.82808
1.82767
1.82725
1.82683
1.8264
1.82597
1.82553
1.82508
1.82463
1.82417
1.8237
1.82323
1.82276
1.82228
1.82179
1.82129
1.82079
1.82029
1.81977
1.81926
1.81873
1.8182
1.81767
1.81712
1.81658
1.81602
1.81547
1.8149
1.81433
1.81376
1.81318
1.81259
1.812
1.8114
1.8108
1.8102
1.80959
1.80897
1.80835
1.80773
1.8071
1.80647
1.80583
1.80519
1.80455
1.8039
1.80325
1.8026
1.80194
1.80128
1.80062
1.79996
1.7993
1.79863
1.79796
1.79729
1.79662
1.79595
1.79528
1.79461
1.79394
1.79328
1.79261
1.79194
1.79128
1.79062
1.78996
1.78931
1.78866
1.78801
1.78737
1.78674
1.78611
1.78548
1.78487
1.78426
1.78365
1.78306
1.78248
1.7819
1.78134
1.78078
1.78024
1.77971
1.77919
1.77869
1.77819
1.77772
1.77725
1.77681
1.77637
1.77596
1.77556
1.77518
1.77481
1.77447
1.77414
1.77384
1.77355
1.77328
1.77304
1.77281
1.77261
1.77243
1.77227
1.77213
1.77202
1.77193
1.77186
1.77181
1.77179
1.77179
1.77182
1.77187
1.77194
1.77204
1.77215
1.7723
1.77246
1.77265
1.77286
1.7731
1.77335
1.77363
1.77393
1.77425
1.77459
1.77495
1.77533
1.77574
1.77616
1.77659
1.77705
1.77752
1.77801
1.77852
1.77904
1.77958
1.78013
1.78069
1.78127
1.78186
1.78246
1.78307
1.78369
1.78431
1.78495
1.7856
1.78625
1.7869
1.78756
1.78823
1.7889
1.78957
1.79025
1.79092
1.7916
1.79228
1.79295
1.79363
1.7943
1.79497
1.79564
1.7963
1.79695
1.7976
1.79825
1.79889
1.79952
1.80014
1.80075
1.80136
1.80195
1.80254
1.80311
1.80368
1.80423
1.80477
1.80529
1.80581
1.80631
1.8068
1.80727
1.80773
1.80817
1.8086
1.80901
1.80941
1.80979
1.81016
1.81051
1.81084
1.81116
1.81146
1.81174
1.81201
1.81226
1.81249
1.8127
1.8129
1.81307
1.81323
1.81338
1.8135
1.81361
1.8137
1.81377
1.81383
1.81386
1.81388
1.81389
1.81387
1.81384
1.81379
1.81373
1.81364
1.81355
1.81343
1.8133
1.81316
1.813
1.81282
1.81263
1.81243
1.81221
1.81198
1.81173
1.81148
1.81121
1.81093
1.81063
1.81033
1.81002
1.80969
1.80936
1.80902
1.80867
1.80831
1.80794
1.80757
1.8072
1.80681
1.80643
1.80604
1.80564
1.80524
1.80485
1.80445
1.80405
1.80365
1.80325
1.80285
1.80245
1.80206
1.80167
1.80128
1.8009
1.80052
1.80015
1.79979
1.79944
1.79909
1.79875
1.79842
1.79809
1.79778
1.79748
1.79719
1.79691
1.79664
1.79639
1.79614
1.79591
1.79569
1.79549
1.79529
1.79511
1.79495
1.7948
1.79466
1.79453
1.79442
1.79433
1.79424
1.79417
1.79411
1.79407
1.79404
1.79402
1.79402
1.79403
1.79405
1.79408
1.79412
1.79417
1.79424
1.79431
1.7944
1.79449
1.7946
1.79471
1.79483
1.79496
1.7951
1.79525
1.7954
1.79555
1.79572
1.79589
1.79606
1.79624
1.79642
1.79661
1.7968
1.79699
1.79719
1.79739
1.79759
1.79779
1.79799
1.7982
1.7984
1.79861
1.79881
1.79902
1.79922
1.79943
1.79963
1.79983
1.80003
1.80023
1.80042
1.80061
1.80081
1.80099
1.80118
1.80136
1.80154
1.80172
1.80189
1.80206
1.80223
1.80239
1.80255
1.80271
1.80286
1.80301
1.80315
1.80329
1.80342
1.80355
1.80368
1.8038
1.80392
1.80403
1.80414
1.80424
1.80434
1.80444
1.80453
1.80461
1.80469
1.80477
1.80484
1.8049
1.80496
1.80501
1.80506
1.80511
1.80514
1.80518
1.80521
1.80523
1.80524
1.80525
1.80526
1.80526
1.80525
1.80524
1.80522
1.8052
1.80517
1.80513
1.80509
1.80504
1.80499
1.80492
1.80486
1.80478
1.8047
1.80461
1.80451
1.80441
1.8043
1.80418
1.80406
1.80393
1.80379
1.80364
1.80349
1.80333
1.80316
1.80298
1.8028
1.8026
1.8024
1.80219
1.80198
1.80175
1.80152
1.80127
1.80102
1.80076
1.8005
1.80022
1.79994
1.79964
1.79934
1.79903
1.79871
1.79839
1.79805
1.79771
1.79735
1.79699
1.79663
1.79625
1.79586
1.79547
1.79507
1.79466
1.79425
1.79383
1.7934
1.79296
1.79252
1.79207
1.79161
1.79115
1.79068
1.79021
1.78973
1.78925
1.78876
1.78827
1.78778
1.78728
1.78678
1.78628
1.78577
1.78526
1.78476
1.78425
1.78374
1.78323
1.78272
1.78221
1.78171
1.78121
1.78071
1.78021
1.77972
1.77923
1.77874
1.77826
1.77779
1.77732
1.77686
1.7764
1.77596
1.77552
1.77509
1.77466
1.77425
1.77385
1.77345
1.77307
1.7727
1.77234
1.77198
1.77164
1.77132
1.771
1.77069
1.7704
1.77012
1.76985
1.76959
1.76934
1.76911
1.76889
1.76868
1.76848
1.7683
1.76812
1.76796
1.76781
1.76767
1.76754
1.76742
1.76731
1.76721
1.76712
1.76704
1.76697
1.76691
1.76686
1.76682
1.76678
1.76676
1.76674
1.76672
1.76672
1.76672
1.76673
1.76674
1.76676
1.76678
1.76681
1.76685
1.76689
1.76693
1.76698
1.76703
1.76709
1.76715
1.76721
1.76728
1.76735
1.76742
1.7675
1.76758
1.76766
1.76775
1.76783
1.76793
1.76802
1.76812
1.76822
1.76832
1.76842
1.76853
1.76864
1.76876
1.76888
1.769
1.76912
1.76925
1.76938
1.76951
1.76965
1.76979
1.76993
1.77008
1.77023
1.77039
1.77055
1.77071
1.77088
1.77106
1.77123
1.77142
1.7716
1.77179
1.77199
1.77219
1.7724
1.77261
1.77282
1.77304
1.77327
1.7735
1.77374
1.77398
1.77423
1.77448
1.77474
1.775
1.77527
1.77554
1.77582
1.7761
1.77639
1.77669
1.77699
1.7773
1.77761
1.77792
1.77825
1.77857
1.7789
1.77924
1.77958
1.77993
1.78028
1.78064
1.781
1.78137
1.78174
1.78211
1.78249
1.78287
1.78326
1.78365
1.78405
1.78445
1.78485
1.78525
1.78566
1.78607
1.78649
1.78691
1.78733
1.78775
1.78817
1.7886
1.78902
1.78945
1.78988
1.79031
1.79075
1.79118
1.79161
1.79204
1.79248
1.79291
1.79334
1.79377
1.7942
1.79463
1.79506
1.79549
1.79591
1.79633
1.79675
1.79717
1.79758
1.79799
1.7984
1.7988
1.7992
1.7996
1.79999
1.80038
1.80076
1.80114
1.80152
1.80189
1.80225
1.80261
1.80296
1.80331
1.80365
1.80399
1.80431
1.80464
1.80495
1.80526
1.80557
1.80587
1.80616
1.80644
1.80672
1.80698
1.80725
1.8075
1.80775
1.80799
1.80822
1.80845
1.80867
1.80888
1.80909
1.80928
1.80947
1.80965
1.80983
1.80999
1.81015
1.81031
1.81045
1.81059
1.81072
1.81084
1.81096
1.81107
1.81117
1.81126
1.81135
1.81143
1.81151
1.81157
1.81163
1.81169
1.81174
1.81178
1.81181
1.81184
1.81186
1.81188
1.81189
1.81189
1.81189
1.81188
1.81187
1.81185
1.81182
1.81179
1.81176
1.81172
1.81167
1.81162
1.81157
1.81151
1.81144
1.81137
1.8113
1.81123
1.81114
1.81106
1.81097
1.81088
1.81078
1.81068
1.81058
1.81047
1.81036
1.81025
1.81014
1.81002
1.8099
1.80978
1.80965
1.80952
1.80939
1.80926
1.80913
1.80899
1.80886
1.80872
1.80858
1.80844
1.8083
1.80815
1.80801
1.80787
1.80772
1.80758
1.80743
1.80729
1.80714
1.807
1.80685
1.8067
1.80656
1.80642
1.80627
1.80613
1.80599
1.80585
1.80571
1.80557
1.80543
1.8053
1.80516
1.80503
1.8049
1.80477
1.80464
1.80452
1.8044
1.80428
1.80416
1.80404
1.80393
1.80382
1.80371
1.80361
1.80351
1.80341
1.80331
1.80322
1.80313
1.80305
1.80297
1.80289
1.80281
1.80274
1.80267
1.80261
1.80255
1.80249
1.80244
1.80239
1.80235
1.80231
1.80227
1.80224
1.80221
1.80219
1.80217
1.80215
1.80214
1.80214
1.80214
1.80214
1.80214
1.80216
1.80217
1.80219
1.80222
1.80224
1.80228
1.80232
1.80236
1.8024
1.80245
1.80251
1.80257
1.80263
1.8027
1.80277
1.80285
1.80293
1.80302
1.80311
1.8032
1.8033
1.8034
1.80351
1.80362
1.80373
1.80385
1.80397
1.80409
1.80422
1.80435
1.80449
1.80463
1.80477
1.80492
1.80507
1.80522
1.80537
1.80553
1.80569
1.80585
1.80602
1.80619
1.80636
1.80653
1.80671
1.80688
1.80706
1.80724
1.80742
1.80761
1.80779
1.80798
1.80817
1.80835
1.80854
1.80873
1.80892
1.80911
1.8093
1.80949
1.80968
1.80987
1.81006
1.81025
1.81043
1.81062
1.8108
1.81098
1.81116
1.81134
1.81152
1.81169
1.81186
1.81203
1.8122
1.81236
1.81252
1.81267
1.81282
1.81297
1.81311
1.81325
1.81338
1.8135
1.81362
1.81374
1.81385
1.81395
1.81405
1.81414
1.81422
1.8143
1.81437
1.81443
1.81448
1.81452
1.81456
1.81459
1.81461
1.81462
1.81462
1.81461
1.81459
1.81456
1.81452
1.81447
1.81441
1.81434
1.81425
1.81416
1.81406
1.81394
1.81381
1.81367
1.81352
1.81335
1.81318
1.81299
1.81278
1.81257
1.81234
1.8121
1.81185
1.81158
1.8113
1.81101
1.81071
1.81039
1.81006
1.80972
1.80936
1.80899
1.80861
1.80822
1.80782
1.8074
1.80697
1.80653
1.80608
1.80562
1.80515
1.80467
1.80418
1.80369
1.80318
1.80267
1.80214
1.80162
1.80108
1.80054
1.8
1.79945
1.7989
1.79834
1.79779
1.79723
1.79667
1.79612
1.79556
1.79501
1.79446
1.79392
1.79338
1.79284
1.79232
1.7918
1.79129
1.7908
1.79031
1.78984
1.78938
1.78893
1.7885
1.78808
1.78769
1.78731
1.78694
1.7866
1.78628
1.78598
1.7857
1.78545
1.78521
1.78501
1.78482
1.78466
1.78453
1.78442
1.78433
1.78427
1.78424
1.78424
1.78426
1.7843
1.78437
1.78447
1.7846
1.78475
1.78492
1.78513
1.78535
1.7856
1.78587
1.78617
1.78649
1.78683
1.78719
1.78757
1.78797
1.78839
1.78883
1.78929
1.78976
1.79025
1.79076
1.79127
1.7918
1.79235
1.7929
1.79347
1.79404
1.79463
1.79522
1.79582
1.79643
1.79704
1.79765
1.79828
1.7989
1.79953
1.80015
1.80078
1.80141
1.80204
1.80267
1.8033
1.80393
1.80455
1.80517
1.80579
1.80641
1.80702
1.80762
1.80822
1.80882
1.8094
1.80999
1.81056
1.81113
1.8117
1.81225
1.8128
1.81334
1.81388
1.8144
1.81492
1.81543
1.81593
1.81642
1.81691
1.81738
1.81785
1.81831
1.81876
1.8192
1.81964
1.82006
1.82048
1.82089
1.82129
1.82168
1.82207
1.82244
1.82281
1.82317
1.82352
1.82387
1.8242
1.82453
1.82485
1.82517
1.82547
1.82577
1.82607
1.82635
1.82663
1.82691
1.82717
1.82743
1.82769
1.82794
1.82818
1.82842
1.82865
1.82888
1.8291
1.82932
1.82953
1.82974
1.82994
1.83014
1.83033
1.83053
1.83071
1.8309
1.83108
1.83125
1.83143
1.8316
1.83176
1.83193
1.83209
1.83225
1.83241
1.83256
1.83272
1.83287
1.83302
1.83317
1.83331
1.83346
1.8336
1.83374
1.83388
1.83402
1.83416
1.8343
1.83444
1.83457
1.83471
1.83484
1.83498
1.83511
1.83525
1.83538
1.83551
1.83565
1.83578
1.83591
1.83604
1.83618
1.83631
1.83644
1.83658
1.83671
1.83684
1.83697
1.83711
1.83724
1.83737
1.83751
1.83764
1.83777
1.83791
1.83804
1.83817
1.8383
1.83844
1.83857
1.8387
1.83883
1.83897
1.8391
1.83923
1.83936
1.83949
1.83962
1.83975
1.83988
1.84001
1.84014
1.84026
1.84039
1.84051
1.84064
1.84076
1.84088
1.841
1.84112
1.84124
1.84136
1.84147
1.84159
1.8417
1.84181
1.84192
1.84203
1.84213
1.84223
1.84233
1.84243
1.84253
1.84262
1.84271
1.8428
1.84289
1.84297
1.84306
1.84313
1.84321
1.84328
1.84335
1.84342
1.84348
1.84354
1.84359
1.84365
1.8437
1.84374
1.84378
1.84382
1.84385
1.84388
1.84391
1.84393
1.84395
1.84396
1.84397
1.84397
1.84397
1.84396
1.84395
1.84394
1.84392
1.84389
1.84386
1.84382
1.84378
1.84373
1.84368
1.84362
1.84355
1.84348
1.8434
1.84332
1.84323
1.84314
1.84303
1.84292
1.84281
1.84269
1.84256
1.84242
1.84228
1.84213
1.84197
1.84181
1.84164
1.84146
1.84127
1.84108
1.84087
1.84066
1.84045
1.84022
1.83999
1.83974
1.83949
1.83924
1.83897
1.83869
1.83841
1.83812
1.83782
1.83751
1.83719
1.83686
1.83653
1.83618
1.83583
1.83546
1.83509
1.83471
1.83432
1.83393
1.83352
1.8331
1.83268
1.83224
1.8318
1.83135
1.83089
1.83042
1.82994
1.82945
1.82896
1.82845
1.82794
1.82742
1.82689
1.82635
1.82581
1.82525
1.82469
1.82412
1.82355
1.82296
1.82237
1.82177
1.82117
1.82056
1.81994
1.81932
1.81869
1.81805
1.81741
1.81676
1.81611
1.81545
1.81479
1.81413
1.81346
1.81279
1.81211
1.81143
1.81075
1.81006
1.80938
1.80869
1.808
1.8073
1.80661
1.80592
1.80523
1.80453
1.80384
1.80315
1.80246
1.80177
1.80108
1.8004
1.79971
1.79903
1.79836
1.79768
1.79701
1.79635
1.79569
1.79503
1.79438
1.79373
1.79309
1.79246
1.79183
1.79121
1.79059
1.78998
1.78938
1.78878
1.7882
1.78761
1.78704
1.78648
1.78592
1.78537
1.78483
1.78429
1.78377
1.78325
1.78274
1.78224
1.78175
1.78127
1.78079
1.78033
1.77987
1.77942
1.77897
1.77854
1.77811
1.7777
1.77729
1.77688
1.77649
1.7761
1.77573
1.77536
1.77499
1.77464
1.77429
1.77395
1.77362
1.7733
1.77299
1.77268
1.77239
1.7721
1.77182
1.77156
1.7713
1.77105
1.77082
1.77059
1.77038
1.77018
1.76999
1.76982
1.76967
1.76952
1.7694
1.76929
1.7692
1.76913
1.76908
1.76905
1.76904
1.76906
1.7691
1.76917
1.76926
1.76938
1.76953
1.7697
1.76991
1.77015
1.77042
1.77072
1.77106
1.77143
1.77184
1.77228
1.77276
1.77327
1.77382
1.77441
1.77503
1.77569
1.77639
1.77712
1.77789
1.7787
1.77953
1.78041
1.78131
1.78225
1.78322
1.78422
1.78524
1.7863
1.78738
1.78848
1.78961
1.79076
1.79193
1.79312
1.79432
1.79554
1.79677
1.79801
1.79926
1.80052
1.80179
1.80306
1.80433
1.8056
1.80688
1.80815
1.80941
1.81068
1.81193
1.81318
1.81442
1.81564
1.81686
1.81806
1.81925
1.82043
1.82159
1.82273
1.82385
1.82496
1.82605
1.82712
1.82817
1.8292
1.83021
1.8312
1.83216
1.83311
1.83403
1.83493
1.83581
1.83667
1.83751
1.83832
1.83912
1.83989
1.84064
1.84136
1.84207
1.84275
1.84342
1.84406
1.84468
1.84529
1.84587
1.84643
1.84697
1.8475
1.848
1.84849
1.84896
1.84941
1.84984
1.85026
1.85066
1.85104
1.85141
1.85176
1.8521
1.85242
1.85272
1.85302
1.85329
1.85356
1.85381
1.85405
1.85427
1.85448
1.85468
1.85487
1.85505
1.85521
1.85537
1.85551
1.85565
1.85577
1.85588
1.85599
1.85608
1.85616
1.85624
1.85631
1.85637
1.85642
1.85646
1.85649
1.85652
1.85654
1.85655
1.85655
1.85655
1.85654
1.85653
1.8565
1.85647
1.85644
1.8564
1.85635
1.8563
1.85624
1.85617
1.8561
1.85603
1.85595
1.85586
1.85577
1.85568
1.85558
1.85547
1.85536
1.85525
1.85513
1.85501
1.85488
1.85475
1.85462
1.85448
1.85434
1.85419
1.85404
1.85389
1.85373
1.85357
1.85341
1.85324
1.85307
1.8529
1.85272
1.85254
1.85236
1.85217
1.85198
1.85179
1.8516
1.8514
1.8512
1.851
1.85079
1.85058
1.85037
1.85016
1.84995
1.84973
1.84951
1.84929
1.84907
1.84884
1.84861
1.84838
1.84815
1.84792
1.84768
1.84745
1.84721
1.84697
1.84673
1.84648
1.84624
1.84599
1.84574
1.84549
1.84524
1.84499
1.84474
1.84449
1.84423
1.84398
1.84372
1.84347
1.84321
1.84295
1.84269
1.84243
1.84217
1.84191
1.84165
1.84139
1.84113
1.84087
1.84061
1.84035
1.84009
1.83983
1.83957
1.83931
1.83905
1.83879
1.83853
1.83827
1.83802
1.83776
1.83751
1.83725
1.837
1.83675
1.8365
1.83625
1.836
1.83576
1.83551
1.83527
1.83503
1.83479
1.83455
1.83432
1.83408
1.83385
1.83362
1.8334
1.83317
1.83295
1.83273
1.83252
1.8323
1.83209
1.83188
1.83168
1.83147
1.83127
1.83108
1.83088
1.83069
1.8305
1.83032
1.83014
1.82996
1.82978
1.82961
1.82944
1.82928
1.82911
1.82895
1.8288
1.82865
1.8285
1.82835
1.82821
1.82807
1.82793
1.8278
1.82767
1.82754
1.82742
1.8273
1.82718
1.82707
1.82696
1.82685
1.82674
1.82664
1.82654
1.82645
1.82635
1.82626
1.82617
1.82609
1.826
1.82592
1.82584
1.82577
1.82569
1.82562
1.82555
1.82548
1.82542
1.82535
1.82529
1.82523
1.82517
1.82511
1.82505
1.825
1.82494
1.82489
1.82484
1.82479
1.82474
1.82469
1.82464
1.82459
1.82454
1.8245
1.82445
1.8244
1.82436
1.82431
1.82427
1.82423
1.82418
1.82414
1.82409
1.82405
1.82401
1.82396
1.82392
1.82387
1.82383
1.82378
1.82374
1.82369
1.82365
1.8236
1.82355
1.82351
1.82346
1.82341
1.82336
1.82332
1.82327
1.82322
1.82317
1.82312
1.82307
1.82302
1.82297
1.82292
1.82287
1.82281
1.82276
1.82271
1.82266
1.82261
1.82255
1.8225
1.82245
1.8224
1.82234
1.82229
1.82224
1.82219
1.82214
1.82209
1.82204
1.82199
1.82194
1.82189
1.82184
1.82179
1.82174
1.8217
1.82165
1.82161
1.82156
1.82152
1.82148
1.82144
1.8214
1.82136
1.82132
1.82129
1.82126
1.82122
1.82119
1.82116
1.82113
1.82111
1.82108
1.82106
1.82104
1.82102
1.821
1.82099
1.82098
1.82096
1.82095
1.82095
1.82094
1.82094
1.82094
1.82094
1.82094
1.82095
1.82095
1.82096
1.82097
1.82099
1.821
1.82102
1.82104
1.82106
1.82109
1.82111
1.82114
1.82117
1.8212
1.82123
1.82127
1.82131
1.82135
1.82139
1.82143
1.82148
1.82152
1.82157
1.82162
1.82167
1.82172
1.82177
1.82183
1.82188
1.82194
1.82199
1.82205
1.82211
1.82217
1.82223
1.82229
1.82235
1.82241
1.82247
1.82253
1.8226
1.82266
1.82272
1.82278
1.82284
1.8229
1.82296
1.82301
1.82307
1.82313
1.82318
1.82324
1.82329
1.82334
1.82339
1.82344
1.82349
1.82353
1.82357
1.82361
1.82365
1.82369
1.82372
1.82375
1.82378
1.82381
1.82383
1.82385
1.82387
1.82388
1.82389
1.8239
1.82391
1.82391
1.8239
1.8239
1.82389
1.82387
1.82386
1.82384
1.82381
1.82378
1.82375
1.82371
1.82367
1.82362
1.82357
1.82352
1.82346
1.82339
1.82333
1.82325
1.82318
1.8231
1.82301
1.82292
1.82283
1.82273
1.82262
1.82251
1.8224
1.82228
1.82216
1.82204
1.8219
1.82177
1.82163
1.82149
1.82134
1.82119
1.82103
1.82087
1.82071
1.82054
1.82037
1.82019
1.82002
1.81983
1.81965
1.81946
1.81927
1.81907
1.81888
1.81868
1.81847
1.81827
1.81806
1.81785
1.81764
1.81743
1.81722
1.817
1.81678
1.81656
1.81635
1.81613
1.81591
1.81569
1.81547
1.81524
1.81502
1.81481
1.81459
1.81437
1.81415
1.81394
1.81372
1.81351
1.8133
1.81309
1.81289
1.81268
1.81248
1.81228
1.81209
1.8119
1.81171
1.81153
1.81134
1.81117
1.811
1.81083
1.81066
1.8105
1.81035
1.8102
1.81005
1.80991
1.80978
1.80965
1.80952
1.8094
1.80929
1.80918
1.80907
1.80897
1.80888
1.80879
1.80871
1.80863
1.80856
1.8085
1.80844
1.80838
1.80833
1.80829
1.80825
1.80822
1.80819
1.80816
1.80814
1.80813
1.80812
1.80811
1.80811
1.80811
1.80812
1.80813
1.80815
1.80816
1.80819
1.80821
1.80824
1.80827
1.8083
1.80834
1.80838
1.80842
1.80846
1.80851
1.80856
1.8086
1.80865
1.8087
1.80876
1.80881
1.80886
1.80892
1.80897
1.80903
1.80908
1.80914
1.80919
1.80925
1.8093
1.80936
1.80941
1.80946
1.80951
1.80956
1.80961
1.80965
1.8097
1.80974
1.80978
1.80982
1.80986
1.8099
1.80993
1.80996
1.80999
1.81001
1.81004
1.81006
1.81008
1.81009
1.81011
1.81012
1.81012
1.81013
1.81013
1.81013
1.81012
1.81011
1.8101
1.81009
1.81007
1.81005
1.81002
1.80999
1.80996
1.80992
1.80988
1.80984
1.8098
1.80975
1.80969
1.80963
1.80957
1.80951
1.80944
1.80936
1.80929
1.8092
1.80912
1.80903
1.80893
1.80884
1.80873
1.80863
1.80851
1.8084
1.80827
1.80815
1.80802
1.80788
1.80774
1.80759
1.80744
1.80728
1.80712
1.80695
1.80678
1.8066
1.80641
1.80622
1.80602
1.80581
1.8056
1.80538
1.80515
1.80491
1.80467
1.80442
1.80416
1.8039
1.80362
1.80334
1.80304
1.80274
1.80243
1.80211
1.80178
1.80143
1.80108
1.80072
1.80034
1.79995
1.79955
1.79914
1.79872
1.79828
1.79783
1.79737
1.79689
1.7964
1.79589
1.79537
1.79483
1.79427
1.7937
1.79311
1.79251
1.79189
1.79125
1.79059
1.78991
1.78922
1.7885
1.78777
1.78701
1.78624
1.78545
1.78463
1.7838
1.78294
1.78206
1.78116
1.78024
1.7793
1.77833
1.77735
1.77634
1.77531
1.77426
1.77319
1.7721
1.77099
1.76986
1.76871
1.76754
1.76635
1.76514
1.76392
1.76268
1.76143
1.76016
1.75888
1.75758
1.75628
1.75497
1.75365
1.75232
1.75099
1.74966
1.74832
1.74699
1.74566
1.74433
1.74302
1.74171
1.74041
1.73912
1.73786
1.73661
1.73538
1.73417
1.73299
1.73184
1.73071
1.72962
1.72856
1.72754
1.72656
1.72562
1.72472
1.72386
1.72306
1.7223
1.72159
1.72093
1.72032
1.71976
1.71926
1.71882
1.71843
1.71809
1.71781
1.71759
1.71743
1.71732
1.71726
1.71726
1.71732
1.71743
1.71759
1.7178
1.71807
1.71838
1.71874
1.71915
1.71961
1.72011
1.72065
1.72122
1.72184
1.7225
1.72319
1.72391
1.72466
1.72544
1.72625
1.72709
1.72795
1.72883
1.72973
1.73065
1.73158
1.73253
1.73349
1.73447
1.73545
1.73644
1.73744
1.73845
1.73946
1.74047
1.74148
1.7425
1.74351
1.74452
1.74553
1.74653
1.74753
1.74853
1.74951
1.75049
1.75146
1.75242
1.75338
1.75432
1.75525
1.75617
1.75708
1.75797
1.75885
1.75972
1.76058
1.76142
1.76224
1.76306
1.76385
1.76463
1.7654
1.76615
1.76689
1.76761
1.76831
1.769
1.76967
1.77033
1.77097
1.77159
1.7722
1.77279
1.77337
1.77393
1.77448
1.77501
1.77552
1.77602
1.77651
1.77698
1.77743
1.77787
1.7783
1.77871
1.77911
1.77949
1.77986
1.78022
1.78056
1.78089
1.78121
1.78151
1.7818
1.78208
1.78235
1.78261
1.78286
1.78309
1.78331
1.78353
1.78373
1.78392
1.7841
1.78427
1.78444
1.78459
1.78473
1.78487
1.785
1.78511
1.78522
1.78533
1.78542
1.78551
1.78559
1.78566
1.78572
1.78578
1.78583
1.78588
1.78591
1.78595
1.78597
1.78599
1.78601
1.78602
1.78602
1.78602
1.78601
1.786
1.78599
1.78597
1.78594
1.78591
1.78588
1.78584
1.7858
1.78575
1.7857
1.78565
1.78559
1.78553
1.78547
1.7854
1.78533
1.78525
1.78518
1.7851
1.78502
1.78493
1.78484
1.78475
1.78466
1.78456
1.78446
1.78436
1.78426
1.78415
1.78404
1.78393
1.78382
1.7837
1.78358
1.78346
1.78334
1.78322
1.78309
1.78296
1.78283
1.7827
1.78256
1.78243
1.78229
1.78215
1.782
1.78186
1.78171
1.78156
1.78141
1.78126
1.7811
1.78095
1.78079
1.78063
1.78046
1.7803
1.78013
1.77996
1.77979
1.77962
1.77944
1.77927
1.77909
1.7789
1.77872
1.77853
1.77835
1.77815
1.77796
1.77777
1.77757
1.77737
1.77717
1.77696
1.77675
1.77654
1.77633
1.77612
1.7759
1.77568
1.77546
1.77523
1.775
1.77477
1.77454
1.7743
1.77406
1.77382
1.77358
1.77333
1.77308
1.77283
1.77258
1.77232
1.77206
1.77179
1.77153
1.77126
1.77098
1.77071
1.77043
1.77015
1.76987
1.76958
1.76929
1.769
1.7687
1.7684
1.7681
1.7678
1.76749
1.76718
1.76687
1.76656
1.76624
1.76592
1.7656
1.76528
1.76495
1.76462
1.76429
1.76396
1.76362
1.76328
1.76294
1.7626
1.76226
1.76191
1.76157
1.76122
1.76087
1.76052
1.76017
1.75982
1.75946
1.75911
1.75875
1.7584
1.75804
1.75769
1.75733
1.75698
1.75662
1.75627
1.75591
1.75556
1.75521
1.75485
1.7545
1.75416
1.75381
1.75347
1.75312
1.75278
1.75245
1.75211
1.75178
1.75145
1.75112
1.7508
1.75048
1.75017
1.74986
1.74955
1.74925
1.74896
1.74867
1.74838
1.7481
1.74783
1.74756
1.74729
1.74704
1.74679
1.74654
1.74631
1.74608
1.74585
1.74564
1.74543
1.74523
1.74504
1.74485
1.74468
1.74451
1.74435
1.7442
1.74405
1.74392
1.74379
1.74368
1.74357
1.74347
1.74338
1.7433
1.74323
1.74317
1.74312
1.74307
1.74304
1.74301
1.743
1.74299
1.743
1.74301
1.74303
1.74306
1.7431
1.74315
1.74321
1.74328
1.74336
1.74344
1.74354
1.74364
1.74375
1.74387
1.74399
1.74413
1.74427
1.74442
1.74458
1.74475
1.74492
1.7451
1.74528
1.74548
1.74568
1.74588
1.74609
1.74631
1.74653
1.74676
1.747
1.74723
1.74748
1.74772
1.74798
1.74823
1.74849
1.74875
1.74902
1.74929
1.74956
1.74984
1.75011
1.75039
1.75067
1.75096
1.75124
1.75153
1.75182
1.7521
1.75239
1.75268
1.75297
1.75326
1.75355
1.75384
1.75413
1.75442
1.7547
1.75499
1.75528
1.75556
1.75584
1.75612
1.7564
1.75668
1.75696
1.75723
1.7575
1.75777
1.75804
1.7583
1.75857
1.75882
1.75908
1.75933
1.75959
1.75983
1.76008
1.76032
1.76056
1.76079
1.76102
1.76125
1.76148
1.7617
1.76192
1.76213
1.76234
1.76255
1.76276
1.76296
1.76316
1.76335
1.76354
1.76373
1.76391
1.76409
1.76427
1.76444
1.76461
1.76478
1.76494
1.7651
1.76525
1.76541
1.76556
1.7657
1.76584
1.76598
1.76612
1.76625
1.76638
1.7665
1.76663
1.76675
1.76686
1.76697
1.76708
1.76719
1.76729
1.76739
1.76749
1.76758
1.76767
1.76776
1.76784
1.76792
1.76799
1.76807
1.76814
1.7682
1.76827
1.76833
1.76838
1.76844
1.76848
1.76853
1.76857
1.76861
1.76865
1.76868
1.7687
1.76873
1.76875
1.76876
1.76877
1.76878
1.76879
1.76879
1.76878
1.76877
1.76876
1.76874
1.76872
1.76869
1.76866
1.76862
1.76858
1.76853
1.76848
1.76842
1.76836
1.76829
1.76822
1.76814
1.76805
1.76796
1.76787
1.76776
1.76766
1.76754
1.76742
1.76729
1.76716
1.76702
1.76687
1.76672
1.76656
1.76639
1.76622
1.76604
1.76585
1.76566
1.76546
1.76525
1.76503
1.76481
1.76458
1.76434
1.7641
1.76385
1.76359
1.76333
1.76306
1.76278
1.7625
1.7622
1.76191
1.7616
1.7613
1.76098
1.76066
1.76033
1.76
1.75967
1.75932
1.75898
1.75863
1.75828
1.75792
1.75756
1.7572
1.75684
1.75647
1.7561
1.75573
1.75537
1.755
1.75463
1.75426
1.7539
1.75354
1.75318
1.75282
1.75247
1.75212
1.75178
1.75145
1.75112
1.7508
1.75048
1.75018
1.74988
1.7496
1.74932
1.74906
1.74881
1.74857
1.74834
1.74813
1.74793
1.74774
1.74757
1.74741
1.74727
1.74715
1.74705
1.74696
1.74688
1.74683
1.74679
1.74678
1.74678
1.74679
1.74683
1.74689
1.74696
1.74705
1.74716
1.74729
1.74744
1.74761
1.74779
1.74799
1.74821
1.74845
1.7487
1.74897
1.74925
1.74955
1.74987
1.7502
1.75054
1.7509
1.75127
1.75166
1.75205
1.75246
1.75288
1.75331
1.75375
1.7542
1.75466
1.75512
1.75559
1.75607
1.75656
1.75705
1.75755
1.75805
1.75856
1.75907
1.75958
1.7601
1.76062
1.76114
1.76166
1.76219
1.76271
1.76323
1.76376
1.76428
1.7648
1.76533
1.76585
1.76636
1.76688
1.76739
1.76791
1.76841
1.76892
1.76942
1.76992
1.77041
1.7709
1.77139
1.77187
1.77235
1.77282
1.77329
1.77375
1.77421
1.77466
1.77511
1.77555
1.77599
1.77642
1.77685
1.77727
1.77768
1.77809
1.77849
1.77889
1.77928
1.77967
1.78005
1.78042
1.78079
1.78115
1.78151
1.78185
1.7822
1.78253
1.78286
1.78319
1.78351
1.78382
1.78412
1.78442
1.78471
1.785
1.78528
1.78555
1.78582
1.78608
1.78633
1.78658
1.78682
1.78706
1.78728
1.78751
1.78772
1.78793
1.78813
1.78833
1.78851
1.7887
1.78887
1.78904
1.7892
1.78936
1.78951
1.78965
1.78979
1.78992
1.79004
1.79016
1.79027
1.79037
1.79047
1.79056
1.79064
1.79072
1.79079
1.79086
1.79091
1.79097
1.79101
1.79105
1.79108
1.79111
1.79113
1.79114
1.79115
1.79115
1.79114
1.79113
1.79111
1.79108
1.79105
1.79101
1.79097
1.79092
1.79086
1.7908
1.79073
1.79065
1.79057
1.79048
1.79039
1.79029
1.79018
1.79007
1.78995
1.78983
1.7897
1.78956
1.78942
1.78927
1.78912
1.78896
1.78879
1.78862
1.78844
1.78826
1.78807
1.78788
1.78768
1.78747
1.78726
1.78705
1.78683
1.7866
1.78637
1.78613
1.78589
1.78565
1.7854
1.78514
1.78488
1.78461
1.78434
1.78407
1.78379
1.78351
1.78322
1.78293
1.78263
1.78233
1.78203
1.78172
1.78141
1.7811
1.78078
1.78047
1.78014
1.77982
1.77949
1.77916
1.77883
1.7785
1.77817
1.77783
1.77749
1.77715
1.77681
1.77647
1.77613
1.77579
1.77545
1.77511
1.77478
1.77444
1.7741
1.77377
1.77343
1.7731
1.77277
1.77245
1.77213
1.77181
1.77149
1.77118
1.77087
1.77057
1.77027
1.76998
1.76969
1.76941
1.76913
1.76886
1.7686
1.76835
1.7681
1.76786
1.76763
1.76741
1.76719
1.76699
1.76679
1.7666
1.76643
1.76626
1.7661
1.76596
1.76582
1.7657
1.76558
1.76548
1.76539
1.76531
1.76524
1.76518
1.76514
1.76511
1.76508
1.76508
1.76508
1.76509
1.76512
1.76516
1.76521
1.76527
1.76534
1.76543
1.76553
1.76563
1.76575
1.76588
1.76602
1.76618
1.76634
1.76651
1.76669
1.76688
1.76708
1.76729
1.76751
1.76773
1.76797
1.76821
1.76846
1.76871
1.76898
1.76924
1.76952
1.7698
1.77008
1.77037
1.77066
1.77096
1.77126
1.77157
1.77187
1.77218
1.77249
1.7728
1.77311
1.77343
1.77374
1.77406
1.77437
1.77468
1.77499
1.7753
1.77561
1.77592
1.77622
1.77652
1.77682
1.77712
1.77741
1.7777
1.77798
1.77826
1.77854
1.77881
1.77907
1.77933
1.77959
1.77984
1.78009
1.78033
1.78056
1.78079
1.78101
1.78122
1.78143
1.78164
1.78183
1.78202
1.78221
1.78239
1.78256
1.78272
1.78288
1.78303
1.78317
1.78331
1.78344
1.78356
1.78368
1.78379
1.78389
1.78398
1.78407
1.78415
1.78423
1.78429
1.78435
1.78441
1.78445
1.78449
1.78453
1.78455
1.78457
1.78458
1.78458
1.78458
1.78457
1.78455
1.78452
1.78449
1.78445
1.7844
1.78434
1.78428
1.78421
1.78413
1.78404
1.78394
1.78384
1.78372
1.7836
1.78347
1.78333
1.78318
1.78302
1.78286
1.78268
1.78249
1.7823
1.78209
1.78188
1.78165
1.78141
1.78117
1.78091
1.78064
1.78036
1.78007
1.77977
1.77946
1.77913
1.7788
1.77845
1.77809
1.77773
1.77734
1.77695
1.77655
1.77613
1.7757
1.77527
1.77482
1.77435
1.77388
1.7734
1.77291
1.7724
1.77189
1.77136
1.77083
1.77029
1.76974
1.76918
1.76861
1.76803
1.76745
1.76686
1.76627
1.76567
1.76506
1.76445
1.76384
1.76323
1.76261
1.762
1.76138
1.76076
1.76015
1.75954
1.75893
1.75833
1.75773
1.75714
1.75655
1.75598
1.75541
1.75485
1.75431
1.75377
1.75325
1.75275
1.75225
1.75178
1.75132
1.75087
1.75045
1.75004
1.74966
1.74929
1.74894
1.74862
1.74832
1.74804
1.74778
1.74754
1.74733
1.74714
1.74698
1.74684
1.74673
1.74663
1.74657
1.74652
1.7465
1.74651
1.74654
1.74659
1.74666
1.74676
1.74688
1.74702
1.74718
1.74736
1.74757
1.74779
1.74803
1.74829
1.74857
1.74886
1.74917
1.7495
1.74984
1.75019
1.75056
1.75094
1.75133
1.75173
1.75215
1.75257
1.753
1.75344
1.75389
1.75434
1.7548
1.75527
1.75574
1.75622
1.75669
1.75718
1.75766
1.75815
1.75863
1.75912
1.75961
1.76009
1.76058
1.76107
1.76155
1.76203
1.76251
1.76299
1.76346
1.76393
1.7644
1.76486
1.76532
1.76577
1.76622
1.76667
1.76711
1.76754
1.76797
1.76839
1.76881
1.76922
1.76962
1.77002
1.77042
1.7708
1.77118
1.77156
1.77192
1.77229
1.77264
1.77299
1.77333
1.77367
1.774
1.77432
1.77464
1.77495
1.77525
1.77555
1.77584
1.77613
1.77641
1.77668
1.77695
1.77721
1.77747
1.77772
1.77797
1.77821
1.77845
1.77868
1.7789
1.77912
1.77934
1.77955
1.77976
1.77996
1.78016
1.78035
1.78054
1.78072
1.7809
1.78108
1.78125
1.78142
1.78159
1.78175
1.78191
1.78206
1.78221
1.78236
1.78251
1.78265
1.78279
1.78293
1.78306
1.78319
1.78332
1.78344
1.78356
1.78368
1.7838
1.78392
1.78403
1.78414
1.78425
1.78435
1.78446
1.78456
1.78466
1.78476
1.78485
1.78494
1.78503
1.78512
1.78521
1.7853
1.78538
1.78546
1.78554
1.78562
1.78569
1.78577
1.78584
1.78591
1.78598
1.78605
1.78611
1.78618
1.78624
1.7863
1.78636
1.78642
1.78647
1.78653
1.78658
1.78663
1.78668
1.78673
1.78677
1.78682
1.78686
1.7869
1.78694
1.78698
1.78701
1.78705
1.78708
1.78711
1.78714
1.78717
1.7872
1.78723
1.78725
1.78728
1.7873
1.78732
1.78734
1.78736
1.78738
1.78739
1.78741
1.78742
1.78744
1.78745
1.78746
1.78747
1.78748
1.78749
1.78749
1.7875
1.78751
1.78751
1.78752
1.78752
1.78753
1.78753
1.78754
1.78754
1.78754
1.78755
1.78755
1.78755
1.78756
1.78756
1.78757
1.78757
1.78758
1.78758
1.78759
1.7876
1.78761
1.78762
1.78763
1.78764
1.78766
1.78768
1.78769
1.78771
1.78773
1.78776
1.78778
1.78781
1.78784
1.78788
1.78791
1.78795
1.78799
1.78804
1.78808
1.78813
1.78819
1.78825
1.78831
1.78837
1.78844
1.78851
1.78859
1.78867
1.78875
1.78884
1.78894
1.78903
1.78913
1.78924
1.78935
1.78947
1.78959
1.78971
1.78984
1.78998
1.79012
1.79026
1.79041
1.79056
1.79072
1.79089
1.79105
1.79123
1.7914
1.79159
1.79177
1.79197
1.79216
1.79236
1.79257
1.79278
1.79299
1.79321
1.79343
1.79366
1.79389
1.79413
1.79436
1.79461
1.79485
1.7951
1.79535
1.7956
1.79586
1.79612
1.79638
1.79665
1.79692
1.79719
1.79746
1.79773
1.79801
1.79828
1.79856
1.79884
1.79912
1.7994
1.79969
1.79997
1.80025
1.80053
1.80082
1.8011
1.80138
1.80167
1.80195
1.80223
1.80251
1.80279
1.80307
1.80335
1.80362
1.8039
1.80417
1.80444
1.80471
1.80498
1.80524
1.80551
1.80577
1.80602
1.80628
1.80653
1.80678
1.80703
1.80728
1.80752
1.80776
1.80799
1.80823
1.80845
1.80868
1.8089
1.80912
1.80934
1.80955
1.80976
1.80996
1.81017
1.81036
1.81056
1.81075
1.81094
1.81112
1.8113
1.81147
1.81165
1.81181
1.81198
1.81214
1.81229
1.81245
1.81259
1.81274
1.81288
1.81302
1.81315
1.81328
1.8134
1.81353
1.81364
1.81376
1.81387
1.81398
1.81408
1.81418
1.81428
1.81437
1.81446
1.81454
1.81462
1.8147
1.81478
1.81485
1.81492
1.81498
1.81504
1.8151
1.81516
1.81521
1.81526
1.8153
1.81534
1.81538
1.81542
1.81545
1.81548
1.81551
1.81554
1.81556
1.81558
1.8156
1.81561
1.81563
1.81564
1.81564
1.81565
1.81565
1.81565
1.81565
1.81565
1.81564
1.81563
1.81562
1.81561
1.8156
1.81559
1.81557
1.81555
1.81553
1.81551
1.81549
1.81547
1.81544
1.81541
1.81539
1.81536
1.81533
1.8153
1.81527
1.81524
1.8152
1.81517
1.81514
1.8151
1.81507
1.81503
1.81499
1.81496
1.81492
1.81489
1.81485
1.81481
1.81478
1.81474
1.8147
1.81467
1.81463
1.8146
1.81456
1.81453
1.81449
1.81446
1.81443
1.81439
1.81436
1.81433
1.8143
1.81427
1.81424
1.81422
1.81419
1.81417
1.81414
1.81412
1.8141
1.81408
1.81406
1.81404
1.81402
1.81401
1.81399
1.81398
1.81397
1.81396
1.81395
1.81394
1.81394
1.81393
1.81393
1.81392
1.81392
1.81392
1.81393
1.81393
1.81393
1.81394
1.81394
1.81395
1.81396
1.81397
1.81398
1.81399
1.81401
1.81402
1.81403
1.81405
1.81406
1.81408
1.81409
1.81411
1.81413
1.81414
1.81416
1.81418
1.8142
1.81421
1.81423
1.81424
1.81426
1.81427
1.81428
1.8143
1.81431
1.81432
1.81432
1.81433
1.81433
1.81434
1.81434
1.81433
1.81433
1.81432
1.81431
1.8143
1.81428
1.81426
1.81424
1.81421
1.81418
1.81414
1.8141
1.81406
1.81401
1.81396
1.8139
1.81383
1.81376
1.81369
1.8136
1.81352
1.81342
1.81332
1.81321
1.8131
1.81298
1.81285
1.81271
1.81256
