   0.0323165	 0	 0
   0.0969496	 0	 0
    0.161583	 0	 0
    0.226216	 0	 0
    0.290849	 0	 0
    0.355482	 0	 0
    0.420115	 0	 0
    0.484748	 0	 0
    0.549381	 0	 0
    0.614014	 0	 0
    0.678647	 0	 0
     0.74328	 0	 0
    0.807913	 0	 0
    0.872546	 0.00443025	 0.00321852
    0.937179	 0.1777	 0.0290722
     1.00181	 0.93838	 0.0607399
     1.06645	 2.23624	 0.0866737
     1.13108	 2.82573	 0.0869057
     1.19571	 2.38534	 0.0810502
     1.26034	 1.94226	 0.0601478
     1.32498	 1.70871	 0.0717589
     1.38961	 1.60618	 0.0532427
     1.45424	 1.2142	 0.043525
     1.51888	 1.03465	 0.036226
     1.58351	 0.950399	 0.0281857
     1.64814	 1.01671	 0.0371633
     1.71278	 0.999472	 0.0361391
     1.77741	 0.96916	 0.0366807
     1.84204	 1.25974	 0.0313919
     1.90667	 1.13041	 0.0294814
     1.97131	 1.09789	 0.0321084
     2.03594	 1.11719	 0.0307644
     2.10057	 1.16425	 0.0267558
     2.16521	 1.1379	 0.0321397
     2.22984	 1.07383	 0.0250461
     2.29447	 1.0888	 0.0263959
     2.35911	 0.990434	 0.018977
     2.42374	 0.993413	 0.0218848
     2.48837	 0.960434	 0.019535
     2.55301	 0.979891	 0.0232741
     2.61764	 0.967252	 0.021027
     2.68227	 0.991463	 0.0262463
      2.7469	 0.873286	 0.0199951
     2.81154	 0.880693	 0.0175293
     2.87617	 0.915024	 0.0170196
      2.9408	 0.940152	 0.0220718
     3.00544	 0.936792	 0.0203536
     3.07007	 0.970362	 0.0204284
      3.1347	 0.951439	 0.0187063
     3.19934	 0.944153	 0.0214487
     3.26397	 0.992496	 0.0187936
      3.3286	 1.01928	 0.0196582
     3.39323	 0.987277	 0.0220394
     3.45787	 1.02684	 0.017985
      3.5225	 1.0378	 0.0164273
     3.58713	 1.04669	 0.0153752
     3.65177	 0.980393	 0.0162822
      3.7164	 1.01973	 0.0161077
     3.78103	 0.979325	 0.0127396
     3.84567	 0.973243	 0.0133194
      3.9103	 1.01819	 0.0146447
     3.97493	 1.00359	 0.0115688
     4.03957	 0.961491	 0.0144227
      4.1042	 1.01039	 0.0155425
     4.16883	 0.937849	 0.0155443
     4.23346	 0.991424	 0.0147943
      4.2981	 0.982468	 0.012448
     4.36273	 0.95757	 0.0124483
     4.42736	 1.01225	 0.0157991
       4.492	 0.997425	 0.0140709
     4.55663	 0.971571	 0.0130631
     4.62126	 1.02176	 0.0106821
      4.6859	 1.03016	 0.0152115
     4.75053	 1.01949	 0.0155149
     4.81516	 0.93469	 0.0123377
     4.87979	 0.936881	 0.0125931
     4.94443	 0.954776	 0.0118079
     5.00906	 0.953567	 0.0108651
     5.07369	 0.977652	 0.0106299
     5.13833	 0.943871	 0.0120141
     5.20296	 0.946858	 0.0103656
     5.26759	 0.968426	 0.0115694
     5.33223	 0.962124	 0.0104794
     5.39686	 0.984135	 0.0116534
     5.46149	 0.983123	 0.0117494
     5.52612	 0.980213	 0.00933947
     5.59076	 1.00447	 0.00923761
     5.65539	 0.967465	 0.00923603
     5.72002	 1.028	 0.00850595
     5.78466	 0.992209	 0.00937738
     5.84929	 0.97833	 0.00806574
     5.91392	 0.988952	 0.00907648
     5.97856	 1.01225	 0.0105389
     6.04319	 1.00609	 0.00989189
     6.10782	 0.992381	 0.00880265
     6.17246	 1.00036	 0.00879009
     6.23709	 1.00677	 0.00908117
     6.30172	 0.986184	 0.00907057
     6.36635	 1.00925	 0.00923226
     6.43099	 1.01213	 0.00841311
