1.20027
1.2008
1.20133
1.20185
1.20237
1.20288
1.20338
1.20387
1.20436
1.20484
1.20532
1.20579
1.20625
1.2067
1.20715
1.20759
1.20803
1.20845
1.20888
1.20929
1.2097
1.2101
1.2105
1.21089
1.21127
1.21165
1.21202
1.21238
1.21274
1.2131
1.21344
1.21379
1.21412
1.21445
1.21478
1.2151
1.21542
1.21573
1.21603
1.21633
1.21663
1.21692
1.2172
1.21749
1.21776
1.21804
1.2183
1.21857
1.21883
1.21908
1.21934
1.21958
1.21983
1.22007
1.22031
1.22054
1.22077
1.221
1.22122
1.22144
1.22166
1.22187
1.22208
1.22229
1.2225
1.2227
1.2229
1.22309
1.22329
1.22348
1.22367
1.22385
1.22404
1.22422
1.2244
1.22457
1.22475
1.22492
1.22509
1.22526
1.22542
1.22559
1.22575
1.22591
1.22606
1.22622
1.22637
1.22652
1.22667
1.22682
1.22696
1.2271
1.22724
1.22738
1.22752
1.22765
1.22778
1.22791
1.22804
1.22817
1.22829
1.22841
1.22853
1.22865
1.22876
1.22888
1.22899
1.22909
1.2292
1.2293
1.2294
1.2295
1.22959
1.22969
1.22977
1.22986
1.22994
1.23002
1.2301
1.23017
1.23024
1.23031
1.23037
1.23043
1.23048
1.23053
1.23058
1.23062
1.23066
1.23069
1.23072
1.23074
1.23076
1.23078
1.23078
1.23079
1.23078
1.23077
1.23076
1.23073
1.23071
1.23067
1.23063
1.23058
1.23052
1.23045
1.23038
1.2303
1.2302
1.2301
1.22999
1.22987
1.22974
1.2296
1.22945
1.22929
1.22912
1.22893
1.22873
1.22852
1.22829
1.22805
1.2278
1.22753
1.22725
1.22695
1.22663
1.2263
1.22595
1.22558
1.2252
1.22479
1.22436
1.22392
1.22345
1.22296
1.22244
1.22191
1.22135
1.22077
1.22016
1.21952
1.21886
1.21817
1.21746
1.21671
1.21594
1.21514
1.21431
1.21345
1.21256
1.21164
1.21069
1.20971
1.20869
1.20765
1.20658
1.20548
1.20434
1.20318
1.20199
1.20078
1.19954
1.19827
1.19699
1.19568
1.19435
1.19301
1.19165
1.19028
1.18891
1.18752
1.18614
1.18476
1.18338
1.18201
1.18066
1.17932
1.17801
1.17673
1.17547
1.17426
1.17308
1.17196
1.17088
1.16986
1.1689
1.168
1.16718
1.16642
1.16575
1.16515
1.16463
1.1642
1.16385
1.16359
1.16342
1.16334
1.16335
1.16345
1.16363
1.1639
1.16425
1.16469
1.1652
1.16579
1.16645
1.16718
1.16797
1.16883
1.16974
1.1707
1.1717
1.17275
1.17383
1.17494
1.17609
1.17725
1.17843
1.17963
1.18083
1.18205
1.18326
1.18447
1.18568
1.18688
1.18807
1.18925
1.19041
1.19155
1.19268
1.19378
1.19487
1.19593
1.19696
1.19797
1.19895
1.19991
1.20084
1.20175
1.20262
1.20347
1.2043
1.20509
1.20586
1.20661
1.20733
1.20802
1.20869
1.20933
1.20996
1.21056
1.21114
1.21169
1.21223
1.21275
1.21325
1.21373
1.21419
1.21464
1.21507
1.21549
1.21589
1.21627
1.21665
1.21701
1.21736
1.21769
1.21802
1.21834
1.21864
1.21894
1.21923
1.2195
1.21977
1.22004
1.22029
1.22054
1.22078
1.22102
1.22124
1.22147
1.22168
1.22189
1.2221
1.2223
1.22249
1.22268
1.22286
1.22304
1.22322
1.22339
1.22355
1.22371
1.22386
1.22401
1.22415
1.22429
1.22443
1.22455
1.22468
1.22479
1.2249
1.22501
1.22511
1.2252
1.22529
1.22537
1.22544
1.22551
1.22557
1.22562
1.22567
1.2257
1.22573
1.22576
1.22577
1.22578
1.22578
1.22577
1.22575
1.22572
1.22569
1.22564
1.22559
1.22552
1.22545
1.22537
1.22528
1.22518
1.22507
1.22496
1.22483
1.22469
1.22455
1.22439
1.22423
1.22406
1.22387
1.22368
1.22349
1.22328
1.22307
1.22285
1.22262
1.22238
1.22214
1.22189
1.22164
1.22137
1.22111
1.22084
1.22057
1.22029
1.22001
1.21972
1.21944
1.21915
1.21886
1.21857
1.21828
1.21799
1.21771
1.21742
1.21714
1.21685
1.21658
1.2163
1.21603
1.21577
1.21551
1.21526
1.21501
1.21477
1.21454
1.21431
1.2141
1.21389
1.21369
1.21349
1.21331
1.21314
1.21297
1.21282
1.21267
1.21253
1.21241
1.21229
1.21218
1.21208
1.21199
1.21191
1.21183
1.21177
1.21171
1.21166
1.21162
1.21158
1.21155
1.21153
1.21151
1.21149
1.21149
1.21148
1.21148
1.21149
1.21149
1.2115
1.21152
1.21153
1.21155
1.21156
1.21158
1.2116
1.21161
1.21163
1.21165
1.21167
1.21168
1.2117
1.21171
1.21172
1.21173
1.21174
1.21175
1.21175
1.21176
1.21176
1.21176
1.21176
1.21176
1.21175
1.21175
1.21174
1.21174
1.21173
1.21172
1.21171
1.21171
1.2117
1.21169
1.21169
1.21168
1.21168
1.21168
1.21168
1.21169
1.21169
1.2117
1.21172
1.21173
1.21176
1.21178
1.21181
1.21184
1.21188
1.21193
1.21198
1.21203
1.21209
1.21216
1.21223
1.21231
1.2124
1.21249
1.21259
1.21269
1.2128
1.21292
1.21304
1.21317
1.2133
1.21344
1.21359
1.21374
1.2139
1.21407
1.21424
1.21441
1.21459
1.21477
1.21496
1.21516
1.21535
1.21555
1.21576
1.21597
1.21618
1.21639
1.2166
1.21682
1.21704
1.21726
1.21748
1.21771
1.21793
1.21815
1.21838
1.2186
1.21882
1.21904
1.21927
1.21948
1.2197
1.21992
1.22013
1.22034
1.22055
1.22076
1.22096
1.22116
1.22136
1.22155
1.22174
1.22193
1.22211
1.22229
1.22246
1.22263
1.2228
1.22296
1.22312
1.22327
1.22341
1.22356
1.22369
1.22382
1.22395
1.22407
1.22419
1.2243
1.22441
1.22451
1.2246
1.2247
1.22478
1.22486
1.22494
1.22501
1.22507
1.22514
1.22519
1.22524
1.22529
1.22533
1.22536
1.2254
1.22542
1.22544
1.22546
1.22547
1.22548
1.22549
1.22548
1.22548
1.22547
1.22546
1.22544
1.22542
1.22539
1.22536
1.22532
1.22529
1.22524
1.2252
1.22515
1.22509
1.22504
1.22498
1.22491
1.22485
1.22477
1.2247
1.22462
1.22454
1.22446
1.22437
1.22428
1.22418
1.22409
1.22399
1.22389
1.22378
1.22367
1.22356
1.22345
1.22333
1.22321
1.22309
1.22296
1.22283
1.2227
1.22257
1.22244
1.2223
1.22216
1.22202
1.22187
1.22173
1.22158
1.22142
1.22127
1.22111
1.22096
1.2208
1.22063
1.22047
1.2203
1.22013
1.21996
1.21979
1.21961
1.21944
1.21926
1.21908
1.21889
1.21871
1.21852
1.21833
1.21814
1.21795
1.21776
1.21757
1.21737
1.21717
1.21697
1.21677
1.21657
1.21636
1.21616
1.21595
1.21574
1.21554
1.21533
1.21511
1.2149
1.21469
1.21448
1.21426
1.21405
1.21383
1.21361
1.2134
1.21318
1.21296
1.21275
1.21253
1.21231
1.2121
1.21188
1.21166
1.21145
1.21123
1.21102
1.21081
1.21059
1.21038
1.21017
1.20996
1.20976
1.20955
1.20935
1.20914
1.20894
1.20875
1.20855
1.20836
1.20817
1.20798
1.20779
1.20761
1.20743
1.20725
1.20708
1.20691
1.20674
1.20657
1.20641
1.20625
1.2061
1.20595
1.2058
1.20565
1.20551
1.20538
1.20524
1.20511
1.20499
1.20486
1.20475
1.20463
1.20452
1.20441
1.20431
1.2042
1.20411
1.20401
1.20392
1.20383
1.20374
1.20366
1.20358
1.2035
1.20343
1.20336
1.20329
1.20322
1.20315
1.20309
1.20303
1.20297
1.20291
1.20285
1.2028
1.20274
1.20269
1.20264
1.20259
1.20254
1.20248
1.20243
1.20238
1.20233
1.20228
1.20223
1.20218
1.20213
1.20208
1.20203
1.20197
1.20192
1.20186
1.20181
1.20175
1.20169
1.20163
1.20157
1.2015
1.20144
1.20137
1.2013
1.20123
1.20116
1.20108
1.201
1.20093
1.20084
1.20076
1.20068
1.20059
1.2005
1.20041
1.20031
1.20022
1.20012
1.20002
1.19991
1.19981
1.1997
1.19959
1.19948
1.19937
1.19925
1.19914
1.19902
1.1989
1.19878
1.19865
1.19853
1.1984
1.19827
1.19814
1.19801
1.19788
1.19774
1.19761
1.19747
1.19733
1.1972
1.19706
1.19692
1.19678
1.19664
1.1965
1.19636
1.19621
1.19607
1.19593
1.19579
1.19565
1.1955
1.19536
1.19522
1.19508
1.19494
1.1948
1.19466
1.19453
1.19439
1.19425
1.19412
1.19398
1.19385
1.19372
1.19359
1.19346
1.19333
1.19321
1.19308
1.19296
1.19284
1.19272
1.19261
1.19249
1.19238
1.19227
1.19216
1.19205
1.19195
1.19185
1.19175
1.19165
1.19156
1.19146
1.19137
1.19129
1.1912
1.19112
1.19104
1.19096
1.19088
1.19081
1.19074
1.19067
1.19061
1.19054
1.19048
1.19042
1.19037
1.19031
1.19026
1.19021
1.19017
1.19012
1.19008
1.19004
1.19
1.18997
1.18993
1.1899
1.18987
1.18985
1.18982
1.1898
1.18978
1.18976
1.18974
1.18972
1.18971
1.18969
1.18968
1.18967
1.18966
1.18965
1.18964
1.18964
1.18963
1.18963
1.18963
1.18962
1.18962
1.18962
1.18962
1.18962
1.18962
1.18962
1.18963
1.18963
1.18963
1.18963
1.18963
1.18963
1.18964
1.18964
1.18964
1.18964
1.18964
1.18964
1.18964
1.18964
1.18964
1.18963
1.18963
1.18963
1.18962
1.18961
1.18961
1.1896
1.18959
1.18958
1.18956
1.18955
1.18954
1.18952
1.1895
1.18948
1.18946
1.18944
1.18941
1.18938
1.18936
1.18933
1.18929
1.18926
1.18922
1.18918
1.18914
1.1891
1.18906
1.18901
1.18896
1.18891
1.18886
1.1888
1.18874
1.18868
1.18862
1.18855
1.18849
1.18842
1.18834
1.18827
1.18819
1.18811
1.18803
1.18795
1.18786
1.18777
1.18768
1.18758
1.18749
1.18739
1.18728
1.18718
1.18707
1.18696
1.18685
1.18674
1.18662
1.1865
1.18638
1.18626
1.18613
1.186
1.18587
1.18574
1.18561
1.18547
1.18533
1.18519
1.18505
1.1849
1.18476
1.18461
1.18446
1.18431
1.18415
1.184
1.18384
1.18369
1.18353
1.18337
1.1832
1.18304
1.18288
1.18271
1.18255
1.18238
1.18222
1.18205
1.18188
1.18171
1.18154
1.18138
1.18121
1.18104
1.18087
1.1807
1.18054
1.18037
1.1802
1.18004
1.17987
1.17971
1.17955
1.17938
1.17922
1.17907
1.17891
1.17875
1.1786
1.17845
1.1783
1.17815
1.17801
1.17787
1.17773
1.17759
1.17745
1.17732
1.17719
1.17707
1.17694
1.17683
1.17671
1.1766
1.17649
1.17638
1.17628
1.17618
1.17609
1.176
1.17591
1.17583
1.17575
1.17568
1.17561
1.17554
1.17548
1.17542
1.17537
1.17532
1.17528
1.17524
1.1752
1.17517
1.17514
1.17512
1.1751
1.17509
1.17508
1.17507
1.17507
1.17508
1.17509
1.1751
1.17512
1.17514
1.17516
1.17519
1.17523
1.17526
1.1753
1.17535
1.1754
1.17545
1.17551
1.17557
1.17563
1.1757
1.17577
1.17585
1.17593
1.17601
1.17609
1.17618
1.17627
1.17637
1.17647
1.17657
1.17667
1.17678
1.17688
1.177
1.17711
1.17723
1.17735
1.17747
1.17759
1.17772
1.17785
1.17798
1.17811
1.17825
1.17839
1.17853
1.17867
1.17881
1.17896
1.17911
1.17925
1.1794
1.17956
1.17971
1.17987
1.18002
1.18018
1.18034
1.1805
1.18067
1.18083
1.181
1.18116
1.18133
1.1815
1.18167
1.18184
1.18201
1.18219
1.18236
1.18254
1.18271
1.18289
1.18307
1.18325
1.18343
1.18361
1.18379
1.18398
1.18416
1.18434
1.18453
1.18471
1.1849
1.18509
1.18527
1.18546
1.18565
1.18584
1.18603
1.18622
1.18641
1.1866
1.18679
1.18698
1.18717
1.18736
1.18755
1.18774
1.18794
1.18813
1.18832
1.18851
1.1887
1.1889
1.18909
1.18928
1.18947
1.18967
1.18986
1.19005
1.19024
1.19043
1.19062
1.19081
1.191
1.19119
1.19138
1.19156
1.19175
1.19194
1.19212
1.19231
1.19249
1.19268
1.19286
1.19304
1.19322
1.1934
1.19358
1.19375
1.19393
1.1941
1.19428
1.19445
1.19462
1.19479
1.19496
1.19512
1.19528
1.19545
1.19561
1.19577
1.19592
1.19608
1.19623
1.19638
1.19653
1.19668
1.19682
1.19696
1.1971
1.19724
1.19738
1.19751
1.19764
1.19776
1.19789
1.19801
1.19813
1.19824
1.19836
1.19847
1.19857
1.19868
1.19878
1.19887
1.19897
1.19906
1.19914
1.19923
1.19931
1.19938
1.19946
1.19952
1.19959
1.19965
1.19971
1.19976
1.19981
1.19985
1.19989
1.19993
1.19996
1.19999
1.20001
1.20003
1.20004
1.20005
1.20006
1.20006
1.20006
1.20005
1.20003
1.20001
1.19999
1.19996
1.19993
1.19989
1.19984
1.19979
1.19974
1.19968
1.19961
1.19954
1.19947
1.19938
1.1993
1.1992
1.19911
1.199
1.19889
1.19878
1.19866
1.19853
1.1984
1.19826
1.19811
1.19796
1.19781
1.19765
1.19748
1.1973
1.19712
1.19694
1.19675
1.19655
1.19634
1.19613
1.19592
1.19569
1.19546
1.19523
1.19499
1.19474
1.19449
1.19423
1.19397
1.1937
1.19342
1.19314
1.19285
1.19256
1.19226
1.19195
1.19164
1.19133
1.19101
1.19068
1.19035
1.19002
1.18968
1.18934
1.18899
1.18864
1.18829
1.18793
1.18757
1.1872
1.18684
1.18647
1.1861
1.18572
1.18535
1.18497
1.1846
1.18422
1.18384
1.18347
1.18309
1.18272
1.18234
1.18197
1.1816
1.18123
1.18086
1.1805
1.18014
1.17979
1.17944
1.17909
1.17875
1.17841
1.17808
1.17775
1.17743
1.17712
1.17681
1.17651
1.17621
1.17592
1.17564
1.17537
1.1751
1.17484
1.17458
1.17434
1.1741
1.17386
1.17364
1.17342
1.1732
1.17299
1.17279
1.17259
1.1724
1.17221
1.17203
1.17185
1.17168
1.17151
1.17134
1.17117
1.171
1.17084
1.17068
1.17052
1.17036
1.17019
1.17003
1.16987
1.1697
1.16953
1.16936
1.16919
1.16901
1.16883
1.16864
1.16845
1.16826
1.16806
1.16786
1.16765
1.16743
1.16721
1.16699
1.16676
1.16652
1.16627
1.16603
1.16577
1.16551
1.16525
1.16497
1.1647
1.16442
1.16414
1.16385
1.16356
1.16326
1.16297
1.16267
1.16237
1.16207
1.16176
1.16146
1.16116
1.16086
1.16057
1.16027
1.15998
1.15969
1.15941
1.15913
1.15886
1.1586
1.15834
1.1581
1.15786
1.15763
1.15741
1.1572
1.15701
1.15682
1.15665
1.1565
1.15635
1.15623
1.15611
1.15602
1.15594
1.15587
1.15582
1.15579
1.15578
1.15579
1.15581
1.15585
1.15591
1.15599
1.15609
1.15621
1.15634
1.1565
1.15667
1.15686
1.15707
1.1573
1.15755
1.15782
1.1581
1.1584
1.15872
1.15905
1.1594
1.15977
1.16015
1.16055
1.16096
1.16139
1.16183
1.16229
1.16275
1.16323
1.16373
1.16423
1.16475
1.16527
1.16581
1.16635
1.16691
1.16747
1.16804
1.16862
1.16921
1.1698
1.1704
1.17101
1.17162
1.17223
1.17285
1.17347
1.1741
1.17472
1.17535
1.17599
1.17662
1.17726
1.17789
1.17853
1.17916
1.1798
1.18043
1.18107
1.1817
1.18233
1.18296
1.18358
1.18421
1.18482
1.18544
1.18605
1.18666
1.18726
1.18786
1.18845
1.18904
1.18962
1.1902
1.19077
1.19133
1.19188
1.19243
1.19298
1.19351
1.19404
1.19456
1.19507
1.19557
1.19606
1.19655
1.19703
1.19749
1.19795
1.1984
1.19884
1.19927
1.19969
1.2001
1.2005
1.2009
1.20128
1.20165
1.20201
1.20236
1.2027
1.20303
1.20334
1.20365
1.20395
1.20424
1.20451
1.20478
1.20504
1.20528
1.20552
1.20574
1.20595
1.20616
1.20635
1.20653
1.2067
1.20687
1.20702
1.20716
1.2073
1.20742
1.20753
1.20763
1.20773
1.20781
1.20789
1.20796
1.20801
1.20806
1.2081
1.20813
1.20815
1.20817
1.20817
1.20817
1.20816
1.20814
1.20811
1.20807
1.20803
1.20798
1.20792
1.20786
1.20779
1.20771
1.20762
1.20753
1.20743
1.20732
1.20721
1.20709
1.20696
1.20683
1.20669
1.20654
1.20639
1.20623
1.20607
1.2059
1.20572
1.20554
1.20536
1.20517
1.20497
1.20477
1.20456
1.20434
1.20413
1.2039
1.20367
1.20344
1.2032
1.20296
1.20271
1.20245
1.20219
1.20193
1.20166
1.20139
1.20111
1.20083
1.20055
1.20025
1.19996
1.19966
1.19936
1.19905
1.19874
1.19842
1.1981
1.19778
1.19745
1.19712
1.19679
1.19645
1.19611
1.19576
1.19541
1.19506
1.19471
1.19435
1.19399
1.19363
1.19327
1.1929
1.19253
1.19216
1.19179
1.19142
1.19104
1.19066
1.19029
1.18991
1.18953
1.18915
1.18877
1.18839
1.18801
1.18763
1.18725
1.18687
1.18649
1.18611
1.18574
1.18536
1.18499
1.18462
1.18425
1.18388
1.18352
1.18316
1.1828
1.18245
1.1821
1.18176
1.18142
1.18108
1.18075
1.18042
1.1801
1.17978
1.17947
1.17917
1.17887
1.17858
1.1783
1.17802
1.17775
1.17749
1.17723
1.17699
1.17675
1.17652
1.1763
1.17609
1.17588
1.17569
1.17551
1.17533
1.17517
1.17502
1.17487
1.17474
1.17462
1.17451
1.17441
1.17432
1.17425
1.17418
1.17413
1.17408
1.17405
1.17403
1.17402
1.17403
1.17404
1.17407
1.17411
1.17416
1.17423
1.1743
1.17439
1.17448
1.17459
1.17471
1.17484
1.17499
1.17514
1.1753
1.17548
1.17566
1.17585
1.17606
1.17627
1.17649
1.17672
1.17696
1.17721
1.17747
1.17773
1.178
1.17828
1.17857
1.17886
1.17916
1.17946
1.17977
1.18009
1.1804
1.18073
1.18105
1.18138
1.18172
1.18205
1.18239
1.18273
1.18307
1.18341
1.18376
1.1841
1.18444
1.18478
1.18513
1.18547
1.1858
1.18614
1.18647
1.1868
1.18713
1.18745
1.18777
1.18809
1.1884
1.1887
1.189
1.18929
1.18958
1.18985
1.19012
1.19039
1.19064
1.19089
1.19113
1.19136
1.19157
1.19178
1.19198
1.19217
1.19234
1.19251
1.19266
1.1928
1.19292
1.19304
1.19314
1.19323
1.1933
1.19335
1.1934
1.19342
1.19343
1.19343
1.19341
1.19337
1.19332
1.19324
1.19315
1.19305
1.19292
1.19278
1.19261
1.19243
1.19223
1.19201
1.19177
1.19151
1.19124
1.19094
1.19062
1.19028
1.18993
1.18955
1.18916
1.18874
1.18831
1.18786
1.18739
1.18691
1.1864
1.18588
1.18535
1.1848
1.18423
1.18366
1.18307
1.18246
1.18185
1.18123
1.1806
1.17997
1.17932
1.17868
1.17803
1.17738
1.17674
1.17609
1.17545
1.17482
1.17419
1.17357
1.17297
1.17238
1.1718
1.17124
1.17071
1.17019
1.16969
1.16922
1.16878
1.16836
1.16797
1.16761
1.16728
1.16699
1.16673
1.1665
1.16631
1.16616
1.16604
1.16595
1.16591
1.1659
1.16592
1.16598
1.16607
1.1662
1.16636
1.16656
1.16678
1.16703
1.16732
1.16762
1.16796
1.16831
1.16869
1.16908
1.1695
1.16992
1.17037
1.17082
1.17128
1.17175
1.17223
1.17271
1.17319
1.17367
1.17414
1.17462
1.17509
1.17555
1.176
1.17645
1.17688
1.1773
1.1777
1.17809
1.17846
1.17882
1.17916
1.17948
1.17978
1.18006
1.18031
1.18055
1.18077
1.18096
1.18113
1.18128
1.18141
1.18152
1.1816
1.18166
1.1817
1.18172
1.18171
1.18169
1.18164
1.18157
1.18148
1.18138
1.18125
1.18111
1.18094
1.18076
1.18057
1.18036
1.18013
1.17989
1.17963
1.17937
1.17909
1.1788
1.1785
1.17819
1.17787
1.17755
1.17722
1.17688
1.17655
1.1762
1.17586
1.17551
1.17517
1.17483
1.17448
1.17414
1.17381
1.17348
1.17316
1.17284
1.17254
1.17224
1.17195
1.17167
1.17141
1.17116
1.17092
1.1707
1.1705
1.17031
1.17013
1.16998
1.16985
1.16973
1.16964
1.16956
1.16951
1.16947
1.16946
1.16948
1.16951
1.16957
1.16965
1.16975
1.16988
1.17002
1.1702
1.17039
1.17061
1.17085
1.17111
1.17139
1.1717
1.17202
1.17237
1.17273
1.17312
1.17352
1.17394
1.17438
1.17483
1.1753
1.17579
1.17628
1.17679
1.17732
1.17785
1.1784
1.17895
1.17951
1.18008
1.18066
1.18124
1.18183
1.18242
1.18301
1.18361
1.1842
1.1848
1.1854
1.18599
1.18658
1.18717
1.18776
1.18834
1.18892
1.18949
1.19005
1.19061
1.19116
1.1917
1.19223
1.19275
1.19327
1.19377
1.19426
1.19474
1.19521
1.19567
1.19612
1.19656
1.19698
1.19739
1.19778
1.19817
1.19854
1.19889
1.19924
1.19957
1.19988
1.20019
1.20048
1.20075
1.20102
1.20126
1.2015
1.20172
1.20193
1.20212
1.2023
1.20247
1.20263
1.20277
1.2029
1.20302
1.20312
1.20321
1.2033
1.20336
1.20342
1.20347
1.2035
1.20352
1.20353
1.20353
1.20352
1.2035
1.20347
1.20344
1.20339
1.20333
1.20326
1.20318
1.2031
1.203
1.2029
1.20279
1.20268
1.20255
1.20242
1.20228
1.20214
1.20199
1.20183
1.20166
1.2015
1.20132
1.20114
1.20096
1.20077
1.20058
1.20038
1.20018
1.19998
1.19977
1.19956
1.19935
1.19913
1.19891
1.19869
1.19847
1.19825
1.19803
1.1978
1.19758
1.19735
1.19712
1.1969
1.19667
1.19644
1.19622
1.19599
1.19577
1.19554
1.19532
1.1951
1.19488
1.19466
1.19445
1.19423
1.19402
1.19381
1.19361
1.1934
1.1932
1.193
1.19281
1.19261
1.19242
1.19224
1.19205
1.19187
1.19169
1.19152
1.19135
1.19118
1.19101
1.19085
1.19069
1.19053
1.19038
1.19022
1.19007
1.18993
1.18978
1.18964
1.1895
1.18936
1.18922
1.18908
1.18894
1.18881
1.18867
1.18854
1.1884
1.18827
1.18813
1.188
1.18786
1.18772
1.18759
1.18744
1.1873
1.18715
1.18701
1.18685
1.1867
1.18654
1.18638
1.18621
1.18604
1.18586
1.18568
1.18549
1.1853
1.18511
1.1849
1.18469
1.18448
1.18425
1.18402
1.18379
1.18355
1.1833
1.18304
1.18278
1.18251
1.18224
1.18196
1.18167
1.18138
1.18108
1.18077
1.18047
1.18015
1.17984
1.17952
1.17919
1.17887
1.17854
1.17821
1.17789
1.17756
1.17723
1.17691
1.17659
1.17628
1.17597
1.17566
1.17537
1.17508
1.1748
1.17453
1.17427
1.17403
1.1738
1.17358
1.17338
1.1732
1.17303
1.17288
1.17276
1.17265
1.17256
1.1725
1.17245
1.17243
1.17244
1.17247
1.17252
1.1726
1.1727
1.17282
1.17298
1.17315
1.17335
1.17358
1.17383
1.1741
1.1744
1.17472
1.17506
1.17542
1.1758
1.1762
1.17662
1.17705
1.17751
1.17798
1.17846
1.17895
1.17946
1.17998
1.1805
1.18104
1.18158
1.18213
1.18268
1.18324
1.1838
1.18436
1.18492
1.18549
1.18605
1.1866
1.18716
1.1877
1.18825
1.18879
1.18932
1.18984
1.19036
1.19086
1.19136
1.19185
1.19232
1.19279
1.19324
1.19369
1.19412
1.19454
1.19494
1.19534
1.19572
1.19609
1.19644
1.19678
1.19711
1.19743
1.19773
1.19802
1.1983
1.19856
1.19881
1.19905
1.19928
1.19949
1.19969
1.19988
1.20006
1.20022
1.20038
1.20052
1.20065
1.20077
1.20088
1.20098
1.20106
1.20114
1.20121
1.20127
1.20132
1.20136
1.20139
1.20141
1.20143
1.20143
1.20143
1.20142
1.20141
1.20138
1.20135
1.20131
1.20127
1.20122
1.20116
1.2011
1.20103
1.20096
1.20088
1.2008
1.20071
1.20061
1.20052
1.20041
1.20031
1.2002
1.20009
1.19997
1.19985
1.19972
1.1996
1.19947
1.19934
1.1992
1.19906
1.19892
1.19878
1.19864
1.19849
1.19834
1.1982
1.19805
1.19789
1.19774
1.19759
1.19743
1.19727
1.19712
1.19696
1.1968
1.19664
1.19648
1.19632
1.19616
1.196
1.19584
1.19568
1.19552
1.19536
1.1952
1.19504
1.19488
1.19473
1.19457
1.19441
1.19425
1.1941
1.19394
1.19379
1.19364
1.19348
1.19333
1.19318
1.19303
1.19288
1.19274
1.19259
1.19245
1.1923
1.19216
1.19202
1.19188
1.19175
1.19161
1.19147
1.19134
1.19121
1.19108
1.19095
1.19082
1.1907
1.19057
1.19045
1.19033
1.19021
1.19009
1.18998
1.18986
1.18975
1.18964
1.18953
1.18942
1.18932
1.18921
1.18911
1.18901
1.18891
1.18881
1.18871
1.18862
1.18852
1.18843
1.18834
1.18825
1.18816
1.18808
1.18799
1.18791
1.18783
1.18774
1.18767
1.18759
1.18751
1.18744
1.18736
1.18729
1.18722
1.18715
1.18708
1.18702
1.18695
1.18689
1.18683
1.18677
1.18671
1.18665
1.18659
1.18654
1.18648
1.18643
1.18638
1.18633
1.18628
1.18624
1.18619
1.18615
1.18611
1.18607
1.18603
1.18599
1.18596
1.18592
1.18589
1.18586
1.18584
1.18581
1.18579
1.18577
1.18575
1.18573
1.18571
1.1857
1.18569
1.18568
1.18567
1.18567
1.18567
1.18566
1.18567
1.18567
1.18568
1.18569
1.1857
1.18571
1.18573
1.18575
1.18577
1.18579
1.18582
1.18584
1.18588
1.18591
1.18594
1.18598
1.18602
1.18606
1.18611
1.18615
1.1862
1.18625
1.18631
1.18636
1.18642
1.18648
1.18654
1.1866
1.18667
1.18673
1.1868
1.18687
1.18694
1.18701
1.18709
1.18716
1.18724
1.18732
1.1874
1.18748
1.18756
1.18764
1.18772
1.1878
1.18788
1.18797
1.18805
1.18813
1.18822
1.1883
1.18838
1.18847
1.18855
1.18863
1.18871
1.18879
1.18887
1.18895
1.18903
1.1891
1.18918
1.18925
1.18933
1.1894
1.18947
1.18953
1.1896
1.18966
1.18973
1.18978
1.18984
1.1899
1.18995
1.19
1.19005
1.19009
1.19014
1.19018
1.19022
1.19025
1.19028
1.19031
1.19034
1.19036
1.19038
1.1904
1.19042
1.19043
1.19044
1.19044
1.19045
1.19045
1.19044
1.19044
1.19043
1.19042
1.1904
1.19039
1.19037
1.19035
1.19032
1.1903
1.19027
1.19024
1.1902
1.19017
1.19013
1.19009
1.19005
1.19001
1.18997
1.18992
1.18987
1.18983
1.18978
1.18973
1.18968
1.18962
1.18957
1.18952
1.18947
1.18941
1.18936
1.18931
1.18926
1.1892
1.18915
1.1891
1.18905
1.189
1.18895
1.1889
1.18886
1.18881
1.18877
1.18872
1.18868
1.18864
1.1886
1.18856
1.18853
1.1885
1.18846
1.18843
1.1884
1.18838
1.18835
1.18833
1.18831
1.18829
1.18827
1.18825
1.18824
1.18823
1.18822
1.18821
1.1882
1.18819
1.18818
1.18818
1.18818
1.18817
1.18817
1.18817
1.18817
1.18817
1.18817
1.18817
1.18817
1.18818
1.18818
1.18818
1.18818
1.18818
1.18818
1.18818
1.18818
1.18818
1.18818
1.18818
1.18818
1.18817
1.18816
1.18816
1.18815
1.18814
1.18813
1.18811
1.1881
1.18808
1.18806
1.18804
1.18802
1.188
1.18797
1.18794
1.18791
1.18788
1.18785
1.18781
1.18778
1.18774
1.18769
1.18765
1.1876
1.18756
1.18751
1.18746
1.1874
1.18735
1.18729
1.18724
1.18718
1.18712
1.18706
1.18699
1.18693
1.18686
1.1868
1.18673
1.18666
1.18659
1.18652
1.18645
1.18638
1.18631
1.18624
1.18617
1.1861
1.18603
1.18596
1.18588
1.18581
1.18574
1.18568
1.18561
1.18554
1.18547
1.18541
1.18534
1.18528
1.18522
1.18516
1.1851
1.18504
1.18499
1.18494
1.18489
1.18484
1.18479
1.18474
1.1847
1.18466
1.18463
1.18459
1.18456
1.18453
1.1845
1.18448
1.18446
1.18444
1.18443
1.18442
1.18441
1.18441
1.18441
1.18441
1.18441
1.18442
1.18444
1.18445
1.18447
1.1845
1.18452
1.18456
1.18459
1.18463
1.18467
1.18472
1.18477
1.18482
1.18488
1.18494
1.185
1.18507
1.18514
1.18522
1.1853
1.18538
1.18547
1.18556
1.18566
1.18575
1.18586
1.18596
1.18607
1.18618
1.1863
1.18641
1.18654
1.18666
1.18679
1.18692
1.18705
1.18719
1.18733
1.18747
1.18761
1.18776
1.18791
1.18806
1.18822
1.18837
1.18853
1.18869
1.18885
1.18902
1.18918
1.18935
1.18952
1.18969
1.18986
1.19003
1.1902
1.19037
1.19055
1.19072
1.1909
1.19107
1.19125
1.19143
1.1916
1.19178
1.19195
1.19213
1.1923
1.19248
1.19265
1.19282
1.19299
1.19317
1.19333
1.1935
1.19367
1.19383
1.19399
1.19415
1.19431
1.19447
1.19462
1.19477
1.19492
1.19507
1.19521
1.19535
1.19549
1.19562
1.19575
1.19588
1.196
1.19612
1.19624
1.19635
1.19645
1.19656
1.19665
1.19675
1.19684
1.19692
1.197
1.19707
1.19714
1.19721
1.19726
1.19732
1.19736
1.1974
1.19744
1.19747
1.19749
1.19751
1.19752
1.19752
1.19752
1.19751
1.19749
1.19747
1.19744
1.1974
1.19736
1.19731
1.19725
1.19719
1.19711
1.19704
1.19695
1.19685
1.19675
1.19664
1.19653
1.19641
1.19627
1.19614
1.19599
1.19584
1.19568
1.19551
1.19534
1.19516
1.19497
1.19478
1.19458
1.19437
1.19416
1.19394
1.19371
1.19348
1.19324
1.193
1.19275
1.1925
1.19224
1.19198
1.19171
1.19144
1.19116
1.19088
1.1906
1.19031
1.19002
1.18973
1.18944
1.18914
1.18884
1.18854
1.18824
1.18794
1.18764
1.18734
1.18703
1.18673
1.18643
1.18612
1.18582
1.18552
1.18523
1.18493
1.18463
1.18434
1.18405
1.18376
1.18348
1.18319
1.18291
1.18264
1.18237
1.1821
1.18183
1.18157
1.18131
1.18106
1.18081
1.18057
1.18033
1.1801
1.17987
1.17964
1.17942
1.17921
1.179
1.17879
1.1786
1.1784
1.17822
1.17803
1.17786
1.17769
1.17753
1.17737
1.17722
1.17707
1.17694
1.17681
1.17668
1.17657
1.17646
1.17635
1.17626
1.17617
1.17609
1.17602
1.17596
1.1759
1.17585
1.17581
1.17578
1.17575
1.17574
1.17573
1.17573
1.17573
1.17575
1.17577
1.1758
1.17584
1.17588
1.17594
1.17599
1.17606
1.17613
1.1762
1.17628
1.17637
1.17646
1.17655
1.17665
1.17674
1.17684
1.17694
1.17705
1.17715
1.17725
1.17735
1.17745
1.17754
1.17763
1.17772
1.1778
1.17787
1.17794
1.178
1.17805
1.17809
1.17812
1.17814
1.17815
1.17814
1.17813
1.1781
1.17805
1.17799
1.17791
1.17782
1.17771
1.17759
1.17744
1.17728
1.1771
1.1769
1.17668
1.17644
1.17619
1.17591
1.17562
1.1753
1.17497
1.17462
1.17425
1.17386
1.17345
1.17303
1.17259
1.17213
1.17166
1.17117
1.17067
1.17016
1.16964
1.1691
1.16856
1.16801
1.16745
1.16688
1.16631
1.16574
1.16516
1.16459
1.16402
1.16345
1.16288
1.16232
1.16177
1.16122
1.16069
1.16017
1.15966
1.15917
1.15869
1.15824
1.1578
1.15738
1.15698
1.15661
1.15625
1.15593
1.15562
1.15535
1.1551
1.15487
1.15468
1.15451
1.15437
1.15426
1.15417
1.15411
1.15408
1.15408
1.15411
1.15416
1.15424
1.15434
1.15447
1.15462
1.15479
1.15499
1.15521
1.15545
1.15571
1.15599
1.15628
1.15659
1.15692
1.15727
1.15762
1.15799
1.15837
1.15877
1.15917
1.15958
1.16
1.16043
1.16086
1.1613
1.16175
1.1622
1.16265
1.1631
1.16356
1.16402
1.16448
1.16494
1.1654
1.16586
1.16631
1.16677
1.16722
1.16767
1.16812
1.16857
1.16901
1.16944
1.16987
1.1703
1.17072
1.17113
1.17154
1.17194
1.17233
1.17271
1.17309
1.17346
1.17382
1.17418
1.17452
1.17486
1.17518
1.1755
1.1758
1.1761
1.17638
1.17665
1.17691
1.17716
1.1774
1.17763
1.17784
1.17805
1.17824
1.17841
1.17858
1.17873
1.17887
1.17899
1.17911
1.17921
1.17929
1.17937
1.17943
1.17948
1.17952
1.17954
1.17955
1.17955
1.17954
1.17952
1.17949
1.17944
1.17939
1.17932
1.17925
1.17917
1.17908
1.17898
1.17888
1.17877
1.17865
1.17853
1.1784
1.17828
1.17815
1.17801
1.17788
1.17775
1.17761
1.17748
1.17736
1.17723
1.17711
1.17699
1.17688
1.17678
1.17669
1.1766
1.17652
1.17645
1.17639
1.17635
1.17631
1.17629
1.17628
1.17628
1.17629
1.17632
1.17637
1.17642
1.1765
1.17658
1.17668
1.1768
1.17693
1.17707
1.17723
1.17741
1.17759
1.17779
1.178
1.17823
1.17846
1.17871
1.17896
1.17923
1.17951
1.17979
1.18008
1.18038
1.18068
1.18099
1.18131
1.18163
1.18195
1.18227
1.1826
1.18292
1.18325
1.18357
1.18389
1.18421
1.18453
1.18484
1.18515
1.18545
1.18575
1.18604
1.18632
1.18659
1.18686
1.18712
1.18737
1.18761
1.18784
1.18806
1.18828
1.18848
1.18866
1.18884
1.18901
1.18916
1.18931
1.18944
1.18956
1.18967
1.18976
1.18985
1.18992
1.18998
1.19003
1.19006
1.19009
1.1901
1.1901
1.19009
1.19006
1.19003
1.18999
1.18993
1.18986
1.18979
1.1897
1.1896
1.18949
1.18937
1.18925
1.18911
1.18896
1.18881
1.18864
1.18847
1.18829
1.1881
1.18791
1.18771
1.1875
1.18728
1.18706
1.18683
1.18659
1.18635
1.18611
1.18586
1.1856
1.18534
1.18508
1.18481
1.18454
1.18427
1.18399
1.18371
1.18343
1.18315
1.18286
1.18257
1.18229
1.182
1.18171
1.18142
1.18113
1.18084
1.18055
1.18027
1.17998
1.1797
1.17941
1.17913
1.17886
1.17858
1.17831
1.17804
1.17777
1.17751
1.17725
1.177
1.17675
1.1765
1.17626
1.17603
1.1758
1.17557
1.17535
1.17514
1.17493
1.17473
1.17454
1.17435
1.17417
1.17399
1.17382
1.17366
1.17351
1.17336
1.17322
1.17309
1.17297
1.17285
1.17274
1.17264
1.17255
1.17246
1.17239
1.17232
1.17225
1.1722
1.17215
1.17211
1.17208
1.17206
1.17204
1.17203
1.17203
1.17204
1.17205
1.17207
1.1721
1.17213
1.17217
1.17222
1.17227
1.17234
1.1724
1.17248
1.17256
1.17264
1.17273
1.17283
1.17293
1.17304
1.17315
1.17326
1.17339
1.17351
1.17364
1.17378
1.17391
1.17405
1.1742
1.17435
1.1745
1.17465
1.17481
1.17497
1.17513
1.17529
1.17546
1.17562
1.17579
1.17596
1.17613
1.1763
1.17648
1.17665
1.17682
1.177
1.17717
1.17734
1.17752
1.17769
1.17786
1.17803
1.1782
1.17837
1.17854
1.17871
1.17887
1.17904
1.1792
1.17936
1.17952
1.17968
1.17983
1.17998
1.18013
1.18028
1.18042
1.18056
1.1807
1.18083
1.18097
1.1811
1.18122
1.18134
1.18146
1.18158
1.18169
1.1818
1.1819
1.182
1.1821
1.1822
1.18229
1.18237
1.18245
1.18253
1.1826
1.18267
1.18274
1.1828
1.18286
1.18291
1.18296
1.183
1.18304
1.18307
1.1831
1.18313
1.18315
1.18317
1.18318
1.18319
1.18319
1.18319
1.18318
1.18317
1.18315
1.18313
1.18311
1.18308
1.18304
1.183
1.18296
1.18291
1.18286
1.1828
1.18273
1.18266
1.18259
1.18251
1.18243
1.18234
1.18225
1.18215
1.18204
1.18193
1.18182
1.1817
1.18158
1.18145
1.18132
1.18118
1.18103
1.18088
1.18073
1.18057
1.18041
1.18024
1.18006
1.17988
1.17969
1.1795
1.17931
1.17911
1.1789
1.17869
1.17847
1.17825
1.17802
1.17779
1.17755
1.1773
1.17705
1.1768
1.17654
1.17627
1.176
1.17573
1.17544
1.17516
1.17486
1.17456
1.17426
1.17395
1.17363
1.17331
1.17299
1.17265
1.17232
1.17197
1.17162
1.17127
1.17091
1.17054
1.17017
1.1698
1.16942
1.16903
1.16863
1.16824
1.16783
1.16742
1.16701
1.16659
1.16616
1.16573
1.1653
1.16486
1.16441
1.16396
1.1635
1.16304
1.16258
1.16211
1.16163
1.16115
1.16067
1.16018
1.15968
1.15919
1.15869
1.15818
1.15767
1.15716
1.15664
1.15612
1.1556
1.15508
1.15455
1.15402
1.15349
1.15295
1.15242
1.15188
1.15134
1.1508
1.15027
1.14973
1.14919
1.14865
1.14812
1.14759
1.14706
1.14653
1.14601
1.14549
1.14497
1.14446
1.14396
1.14346
1.14297
1.14249
1.14202
1.14156
1.1411
1.14066
1.14023
1.13981
1.13941
1.13902
1.13864
1.13828
1.13793
1.1376
1.13729
1.137
1.13672
1.13646
1.13623
1.13601
1.13582
1.13564
1.13549
1.13536
1.13525
1.13517
1.13511
1.13507
1.13506
1.13506
1.13509
1.13515
1.13523
1.13533
1.13545
1.1356
1.13576
1.13595
1.13616
1.13639
1.13664
1.13691
1.1372
1.13751
1.13783
1.13817
1.13853
1.1389
1.13929
1.13969
1.1401
1.14052
1.14095
1.1414
1.14185
1.14231
1.14278
1.14325
1.14373
1.14422
1.1447
1.1452
1.14569
1.14618
1.14668
1.14718
1.14767
1.14817
1.14866
1.14916
1.14965
1.15013
1.15061
1.15109
1.15157
1.15203
1.1525
1.15296
1.15341
1.15386
1.1543
1.15473
1.15516
1.15558
1.15599
1.1564
1.1568
1.15719
1.15757
1.15795
1.15832
1.15868
1.15904
1.15938
1.15972
1.16006
1.16038
1.1607
1.16101
1.16132
1.16161
1.1619
1.16219
1.16246
1.16273
1.163
1.16326
1.16351
1.16375
1.16399
1.16422
1.16445
1.16467
1.16489
1.1651
1.1653
1.1655
1.1657
1.16589
1.16607
1.16625
1.16643
1.1666
1.16677
1.16693
1.16709
1.16724
1.16739
1.16754
1.16768
1.16782
1.16795
1.16808
1.16821
1.16833
1.16845
1.16857
1.16868
1.16879
1.1689
1.169
1.1691
1.1692
1.16929
1.16938
1.16947
1.16956
1.16964
1.16972
1.1698
1.16988
1.16995
1.17002
1.17009
1.17015
1.17022
1.17028
1.17033
1.17039
1.17044
1.1705
1.17054
1.17059
1.17064
1.17068
1.17072
1.17076
1.1708
1.17083
1.17086
1.1709
1.17092
1.17095
1.17098
1.171
1.17102
1.17104
1.17106
1.17108
1.17109
1.17111
1.17112
1.17113
1.17114
1.17115
1.17115
1.17116
1.17116
1.17116
1.17117
1.17117
1.17116
1.17116
1.17116
1.17115
1.17115
1.17114
1.17113
1.17112
1.17112
1.1711
1.17109
1.17108
1.17107
1.17106
1.17104
1.17103
1.17101
1.171
1.17098
1.17096
1.17095
1.17093
1.17091
1.17089
1.17087
1.17085
1.17084
1.17082
1.1708
1.17078
1.17076
1.17074
1.17072
1.1707
1.17068
1.17066
1.17064
1.17062
1.1706
1.17058
1.17056
1.17054
1.17052
1.17051
1.17049
1.17047
1.17045
1.17043
1.17042
1.1704
1.17038
1.17036
1.17035
1.17033
1.17032
1.1703
1.17029
1.17027
1.17026
1.17024
1.17023
1.17021
1.1702
1.17019
1.17017
1.17016
1.17015
1.17013
1.17012
1.17011
1.17009
1.17008
1.17007
1.17006
1.17004
1.17003
1.17002
1.17
1.16999
1.16998
1.16996
1.16995
1.16993
1.16992
1.1699
1.16988
1.16987
1.16985
1.16983
1.16981
1.16979
1.16977
1.16975
1.16972
1.1697
1.16968
1.16965
1.16962
1.16959
1.16956
1.16953
1.16949
1.16946
1.16942
1.16938
1.16934
1.1693
1.16925
1.1692
1.16915
1.1691
1.16904
1.16898
1.16892
1.16886
1.16879
1.16872
1.16864
1.16856
1.16848
1.16839
1.1683
1.1682
1.1681
1.16799
1.16788
1.16777
1.16764
1.16751
1.16738
1.16724
1.16709
1.16693
1.16677
1.1666
1.16642
1.16623
1.16604
1.16583
1.16562
1.16539
1.16516
1.16491
1.16465
1.16438
1.16409
1.1638
1.16349
1.16316
1.16282
1.16247
1.1621
1.16171
1.1613
1.16088
1.16044
1.15998
1.15949
1.15899
1.15847
1.15792
1.15736
1.15676
1.15615
1.15551
1.15484
1.15415
1.15344
1.15269
1.15192
1.15113
1.1503
1.14945
1.14857
1.14766
1.14672
1.14576
1.14477
1.14375
1.14271
1.14164
1.14055
1.13943
1.1383
1.13714
1.13597
1.13478
1.13358
1.13237
1.13115
1.12993
1.12871
1.12748
1.12627
1.12506
1.12387
1.1227
1.12155
1.12043
1.11934
1.11828
1.11727
1.11631
1.1154
1.11454
1.11374
1.11301
1.11235
1.11176
1.11124
1.11081
1.11046
1.11019
1.11001
1.10992
1.10991
1.11
1.11017
1.11043
1.11078
1.11122
1.11174
1.11234
1.11302
1.11377
1.1146
1.11549
1.11645
1.11746
1.11853
1.11965
1.12081
1.12201
1.12325
1.12451
1.1258
1.12711
1.12843
1.12976
1.1311
1.13244
1.13378
1.13511
1.13643
1.13774
1.13903
1.1403
1.14155
1.14278
1.14398
1.14516
1.1463
1.14742
1.1485
1.14955
1.15057
1.15155
1.1525
1.15341
1.15429
1.15513
1.15594
1.15671
1.15745
1.15815
1.15882
1.15945
1.16005
1.16062
1.16116
1.16166
1.16213
1.16258
1.16299
1.16337
1.16373
1.16406
1.16436
1.16464
1.16489
1.16511
1.16532
1.1655
1.16566
1.16579
1.16591
1.16601
1.16608
1.16614
1.16618
1.1662
1.16621
1.1662
1.16618
1.16614
1.16608
1.16602
1.16594
1.16584
1.16574
1.16562
1.16549
1.16536
1.16521
1.16505
1.16488
1.16471
1.16453
1.16434
1.16414
1.16394
1.16373
1.16351
1.16329
1.16307
1.16284
1.1626
1.16237
1.16213
1.16188
1.16164
1.16139
1.16114
1.16089
1.16064
1.16038
1.16013
1.15988
1.15963
1.15938
1.15913
1.15888
1.15863
1.15839
1.15815
1.15791
1.15767
1.15744
1.15721
1.15699
1.15677
1.15656
1.15635
1.15614
1.15594
1.15575
1.15556
1.15537
1.1552
1.15503
1.15486
1.15471
1.15455
1.15441
1.15427
1.15414
1.15402
1.1539
1.15379
1.15369
1.1536
1.15351
1.15343
1.15336
1.15329
1.15324
1.15318
1.15314
1.1531
1.15307
1.15305
1.15303
1.15302
1.15301
1.15302
1.15302
1.15304
1.15306
1.15308
1.15311
1.15315
1.15319
1.15323
1.15328
1.15333
1.15339
1.15345
1.15352
1.15358
1.15365
1.15373
1.15381
1.15388
1.15397
1.15405
1.15414
1.15422
1.15431
1.1544
1.15449
1.15459
1.15468
1.15477
1.15487
1.15496
1.15506
1.15515
1.15524
1.15534
1.15543
1.15553
1.15562
1.15571
1.1558
1.15589
1.15598
1.15607
1.15616
1.15624
1.15633
1.15641
1.1565
1.15658
1.15666
1.15674
1.15682
1.1569
1.15698
1.15705
1.15713
1.1572
1.15727
1.15735
1.15742
1.15749
1.15756
1.15763
1.1577
1.15777
1.15783
1.1579
1.15797
1.15804
1.1581
1.15817
1.15824
1.15831
1.15838
1.15844
1.15851
1.15858
1.15865
1.15872
1.15879
1.15887
1.15894
1.15901
1.15909
1.15916
1.15924
1.15932
1.1594
1.15948
1.15956
1.15964
1.15973
1.15981
1.1599
1.15999
1.16008
1.16017
1.16026
1.16036
1.16045
1.16055
1.16065
1.16075
1.16085
1.16096
1.16106
1.16117
1.16128
1.16139
1.1615
1.16161
1.16173
1.16184
1.16196
1.16208
1.1622
1.16232
1.16244
1.16256
1.16269
1.16281
1.16294
1.16307
1.1632
1.16333
1.16346
1.16359
1.16372
1.16385
1.16399
1.16412
1.16425
1.16439
1.16452
1.16466
1.1648
1.16493
1.16507
1.16521
1.16534
1.16548
1.16561
1.16575
1.16589
1.16602
1.16616
1.16629
1.16643
1.16656
1.16669
1.16682
1.16696
1.16709
1.16722
1.16734
1.16747
1.1676
1.16772
1.16784
1.16796
1.16808
1.1682
1.16832
1.16843
1.16855
1.16866
1.16877
1.16887
1.16898
1.16908
1.16918
1.16928
1.16937
1.16947
1.16956
1.16965
1.16973
1.16981
1.16989
1.16997
1.17004
1.17012
1.17019
1.17025
1.17031
1.17037
1.17043
1.17049
1.17054
1.17059
1.17063
1.17067
1.17071
1.17075
1.17079
1.17082
1.17085
1.17087
1.1709
1.17092
1.17094
1.17096
1.17097
1.17099
1.171
1.17101
1.17102
1.17103
1.17103
1.17104
1.17104
1.17104
1.17105
1.17105
1.17105
1.17105
1.17105
1.17106
1.17106
1.17107
1.17107
1.17108
1.17109
1.1711
1.17111
1.17112
1.17114
1.17116
1.17118
1.17121
1.17123
1.17127
1.1713
1.17134
1.17139
1.17144
1.17149
1.17155
1.17161
1.17168
1.17176
1.17184
1.17192
1.17201
1.17211
1.17222
1.17233
1.17244
1.17256
1.17269
1.17283
1.17297
1.17312
1.17327
1.17344
1.1736
1.17378
1.17396
1.17415
1.17434
1.17454
1.17475
1.17496
1.17518
1.17541
1.17564
1.17587
1.17612
1.17636
1.17662
1.17687
1.17714
1.1774
1.17768
1.17795
1.17823
1.17852
1.17881
1.1791
1.17939
1.17969
1.17999
1.1803
1.1806
1.18091
1.18122
1.18153
1.18185
1.18216
1.18248
1.1828
1.18312
1.18344
1.18376
1.18408
1.1844
1.18472
1.18504
1.18536
1.18567
1.18599
1.18631
1.18663
1.18694
1.18725
1.18757
1.18788
1.18818
1.18849
1.1888
1.1891
1.1894
1.1897
1.18999
1.19029
1.19058
1.19086
1.19115
1.19143
1.19171
1.19199
1.19226
1.19253
1.1928
1.19306
1.19332
1.19358
1.19383
1.19408
1.19433
1.19457
1.19481
1.19505
1.19528
1.19551
1.19573
1.19595
1.19617
1.19638
1.19659
1.1968
1.197
1.1972
1.19739
1.19758
1.19776
1.19795
1.19812
1.1983
1.19846
1.19863
1.19879
1.19895
1.1991
1.19924
1.19939
1.19953
1.19966
1.19979
1.19992
1.20004
1.20015
1.20027
1.20037
1.20048
1.20058
1.20067
1.20076
1.20085
1.20093
1.201
1.20108
1.20114
1.20121
1.20126
1.20132
1.20137
1.20141
1.20145
1.20149
1.20152
1.20154
1.20156
1.20158
1.20159
1.2016
1.20161
1.2016
1.2016
1.20159
1.20157
1.20156
1.20153
1.20151
1.20147
1.20144
1.2014
1.20135
1.2013
1.20125
1.2012
1.20113
1.20107
1.201
1.20093
1.20085
1.20077
1.20069
1.2006
1.20051
1.20041
1.20032
1.20021
1.20011
1.2
1.19989
1.19977
1.19965
1.19953
1.19941
1.19928
1.19915
1.19902
1.19888
1.19874
1.1986
1.19845
1.1983
1.19815
1.198
1.19784
1.19768
1.19752
1.19736
1.19719
1.19702
1.19685
1.19667
1.1965
1.19632
1.19613
1.19595
1.19576
1.19556
1.19537
1.19517
1.19497
1.19476
1.19456
1.19434
1.19413
1.19391
1.19369
1.19346
1.19323
1.193
1.19276
1.19252
1.19227
1.19202
1.19176
1.1915
1.19124
1.19096
1.19069
1.19041
1.19012
1.18983
1.18953
1.18922
1.18891
1.1886
1.18828
1.18795
1.18761
1.18727
1.18692
1.18656
1.1862
1.18583
1.18546
1.18507
1.18468
1.18429
1.18388
1.18347
1.18305
1.18263
1.1822
1.18176
1.18131
1.18086
1.1804
1.17994
1.17947
1.17899
1.17851
1.17803
1.17754
1.17704
1.17654
1.17604
1.17554
1.17503
1.17452
1.17401
1.1735
1.17299
1.17248
1.17198
1.17147
1.17097
1.17047
1.16997
1.16948
1.169
1.16853
1.16806
1.1676
1.16715
1.16672
1.16629
1.16588
1.16548
1.1651
1.16473
1.16438
1.16405
1.16373
1.16344
1.16316
1.16291
1.16268
1.16246
1.16227
1.16211
1.16197
1.16185
1.16175
1.16168
1.16164
1.16161
1.16162
1.16164
1.16169
1.16176
1.16186
1.16198
1.16212
1.16228
1.16246
1.16267
1.16289
1.16313
1.16339
1.16366
1.16395
1.16425
1.16457
1.1649
1.16524
1.16559
1.16595
1.16631
1.16668
1.16706
1.16744
1.16783
1.16821
1.1686
1.16899
1.16937
1.16975
1.17014
1.17051
1.17088
1.17125
1.17161
1.17196
1.17231
1.17265
1.17298
1.1733
1.17361
1.17391
1.1742
1.17448
1.17475
1.17501
1.17525
1.17549
1.17571
1.17592
1.17612
1.17631
1.17649
1.17666
1.17681
1.17696
1.17709
1.17721
1.17733
1.17743
1.17752
1.1776
1.17768
1.17774
1.1778
1.17785
1.17788
1.17792
1.17794
1.17796
1.17797
1.17798
1.17798
1.17798
1.17797
1.17795
1.17794
1.17792
1.17789
1.17787
1.17784
1.17781
1.17778
1.17775
1.17772
1.17769
1.17765
1.17762
1.17759
1.17757
1.17754
1.17752
1.17749
1.17748
1.17746
1.17745
1.17744
1.17744
1.17744
1.17745
1.17746
1.17747
1.17749
1.17752
1.17755
1.17759
1.17764
1.17769
1.17775
1.17781
1.17789
1.17796
1.17805
1.17814
1.17824
1.17835
1.17846
1.17858
1.17871
1.17885
1.17899
1.17914
1.17929
1.17946
1.17963
1.1798
1.17999
1.18017
1.18037
1.18057
1.18078
1.18099
1.18121
1.18144
1.18166
1.1819
1.18214
1.18238
1.18263
1.18288
1.18314
1.1834
1.18366
1.18393
1.1842
1.18447
1.18474
1.18502
1.1853
1.18558
1.18586
1.18614
1.18643
1.18671
1.18699
1.18728
1.18756
1.18785
1.18813
1.18841
1.18869
1.18897
1.18925
1.18952
1.1898
1.19007
1.19034
1.1906
1.19087
1.19113
1.19139
1.19164
1.19189
1.19214
1.19238
1.19262
1.19285
1.19308
1.19331
1.19353
1.19375
1.19396
1.19417
1.19437
1.19457
1.19476
1.19495
1.19513
1.19531
1.19548
1.19565
1.19581
1.19597
1.19612
1.19626
1.1964
1.19654
1.19666
1.19679
1.19691
1.19702
1.19713
1.19723
1.19732
1.19741
1.1975
1.19758
1.19765
1.19772
1.19779
1.19784
1.1979
1.19795
1.19799
1.19803
1.19806
1.19809
1.19812
1.19813
1.19815
1.19816
1.19816
1.19816
1.19816
1.19815
1.19814
1.19812
1.1981
1.19807
1.19804
1.19801
1.19797
1.19793
1.19789
1.19784
1.19779
1.19773
1.19767
1.19761
1.19754
1.19747
1.1974
1.19732
1.19725
1.19716
1.19708
1.19699
1.1969
1.19681
1.19672
1.19662
1.19652
