-0.443373
-0.444163
-0.444946
-0.445723
-0.446488
-0.447241
-0.447984
-0.448716
-0.449439
-0.450153
-0.450856
-0.451548
-0.452234
-0.452904
-0.453566
-0.454218
-0.454858
-0.45549
-0.456112
-0.456725
-0.457323
-0.457917
-0.458501
-0.459079
-0.459645
-0.460201
-0.460749
-0.461288
-0.461818
-0.46234
-0.462853
-0.463356
-0.463853
-0.464344
-0.464824
-0.465297
-0.465765
-0.466223
-0.466676
-0.467124
-0.46756
-0.467989
-0.468411
-0.468827
-0.469236
-0.469638
-0.470035
-0.470425
-0.470809
-0.471187
-0.47156
-0.471929
-0.47229
-0.472645
-0.472996
-0.473341
-0.473681
-0.474016
-0.474344
-0.47467
-0.474991
-0.475304
-0.475621
-0.475928
-0.476232
-0.476531
-0.476823
-0.477114
-0.477398
-0.477681
-0.477961
-0.478239
-0.478515
-0.478788
-0.479051
-0.47931
-0.479568
-0.479822
-0.480071
-0.480319
-0.480564
-0.480803
-0.481039
-0.481274
-0.481508
-0.481737
-0.481961
-0.482184
-0.482404
-0.482621
-0.482834
-0.483045
-0.483253
-0.483457
-0.483659
-0.483857
-0.484052
-0.484244
-0.484433
-0.484618
-0.484801
-0.48498
-0.485155
-0.485327
-0.485496
-0.485661
-0.485815
-0.485973
-0.486126
-0.486279
-0.486424
-0.486566
-0.486704
-0.486839
-0.48697
-0.487094
-0.487214
-0.487328
-0.487435
-0.487539
-0.487634
-0.487725
-0.487813
-0.487897
-0.487975
-0.488045
-0.488108
-0.488165
-0.488214
-0.488255
-0.48829
-0.488318
-0.488337
-0.488354
-0.488357
-0.488352
-0.488335
-0.488311
-0.488278
-0.488232
-0.488178
-0.488114
-0.488038
-0.487951
-0.487852
-0.487741
-0.487617
-0.48748
-0.487329
-0.487162
-0.486982
-0.486787
-0.486577
-0.48635
-0.486106
-0.485845
-0.485566
-0.48527
-0.484953
-0.484618
-0.484259
-0.48388
-0.483477
-0.483052
-0.482603
-0.482127
-0.481628
-0.481103
-0.48055
-0.479972
-0.479362
-0.478722
-0.478054
-0.477352
-0.476614
-0.475845
-0.475042
-0.474202
-0.473329
-0.472415
-0.471463
-0.470471
-0.46944
-0.468366
-0.467251
-0.466093
-0.464892
-0.463644
-0.462361
-0.461023
-0.459644
-0.458218
-0.456747
-0.455231
-0.453667
-0.452058
-0.450402
-0.448704
-0.446964
-0.445181
-0.443359
-0.441498
-0.439598
-0.437665
-0.435703
-0.433712
-0.431697
-0.429661
-0.427607
-0.425541
-0.423465
-0.421388
-0.419316
-0.41725
-0.415199
-0.413168
-0.411165
-0.409194
-0.407266
-0.405384
-0.40356
-0.401796
-0.400106
-0.398494
-0.396963
-0.395525
-0.394187
-0.392947
-0.391816
-0.390801
-0.389903
-0.389125
-0.388476
-0.387957
-0.387569
-0.387311
-0.38719
-0.387201
-0.387346
-0.387622
-0.388026
-0.388552
-0.389207
-0.389978
-0.390862
-0.391854
-0.392948
-0.394139
-0.395416
-0.396782
-0.398218
-0.399724
-0.401294
-0.402918
-0.404591
-0.406303
-0.40805
-0.409824
-0.411619
-0.413426
-0.415244
-0.417065
-0.418884
-0.420694
-0.422495
-0.42428
-0.426046
-0.427789
-0.429503
-0.431192
-0.432849
-0.434473
-0.436059
-0.437616
-0.43913
-0.440606
-0.442042
-0.44344
-0.444796
-0.446113
-0.447388
-0.44862
-0.449817
-0.450974
-0.452088
-0.453167
-0.454205
-0.45521
-0.456179
-0.457115
-0.458016
-0.458884
-0.459723
-0.460529
-0.461305
-0.462054
-0.462775
-0.463473
-0.464143
-0.464789
-0.465412
-0.466013
-0.466593
-0.467156
-0.467697
-0.46822
-0.468726
-0.469215
-0.469691
-0.47015
-0.470589
-0.47102
-0.471435
-0.471841
-0.472232
-0.472615
-0.472992
-0.473353
-0.473705
-0.474047
-0.47438
-0.474702
-0.475018
-0.475325
-0.475624
-0.475915
-0.476196
-0.476472
-0.476743
-0.477004
-0.477262
-0.477507
-0.477745
-0.477978
-0.478202
-0.478417
-0.478624
-0.478824
-0.479016
-0.479199
-0.479374
-0.47954
-0.4797
-0.479851
-0.479988
-0.480121
-0.480241
-0.480352
-0.480452
-0.480542
-0.480621
-0.480689
-0.480746
-0.480797
-0.480831
-0.480853
-0.480866
-0.480863
-0.480846
-0.480819
-0.48078
-0.480727
-0.48066
-0.480579
-0.480485
-0.480377
-0.480256
-0.480121
-0.479971
-0.479808
-0.479629
-0.479438
-0.479233
-0.479015
-0.478783
-0.478537
-0.478281
-0.478009
-0.477727
-0.477426
-0.477119
-0.476798
-0.476466
-0.476123
-0.475772
-0.47541
-0.475037
-0.474655
-0.474265
-0.473867
-0.473462
-0.473051
-0.472634
-0.472212
-0.471782
-0.471353
-0.470919
-0.470485
-0.470054
-0.469619
-0.469186
-0.468755
-0.468326
-0.4679
-0.467478
-0.467062
-0.466651
-0.466245
-0.465848
-0.46546
-0.46508
-0.464713
-0.464353
-0.464004
-0.463666
-0.46334
-0.463026
-0.462725
-0.462437
-0.462163
-0.461902
-0.461655
-0.461422
-0.461203
-0.460998
-0.460806
-0.460632
-0.460468
-0.460321
-0.460184
-0.460061
-0.45995
-0.459851
-0.459764
-0.459689
-0.459624
-0.45957
-0.459525
-0.459487
-0.459462
-0.459443
-0.459431
-0.459428
-0.459429
-0.459433
-0.459443
-0.459458
-0.459474
-0.459495
-0.459518
-0.459543
-0.459569
-0.459595
-0.45962
-0.459649
-0.459672
-0.459697
-0.459721
-0.459743
-0.459763
-0.459776
-0.459791
-0.459805
-0.459815
-0.459824
-0.459829
-0.459832
-0.459836
-0.459832
-0.459828
-0.459825
-0.459818
-0.459809
-0.4598
-0.459789
-0.459778
-0.459766
-0.459758
-0.459745
-0.459736
-0.45973
-0.459719
-0.459713
-0.459713
-0.459715
-0.459724
-0.459732
-0.459746
-0.459767
-0.459792
-0.459823
-0.459861
-0.459905
-0.459957
-0.460016
-0.46008
-0.460157
-0.460237
-0.460328
-0.460428
-0.460535
-0.460656
-0.460788
-0.460925
-0.461071
-0.461227
-0.461392
-0.461564
-0.461748
-0.461944
-0.462146
-0.462358
-0.462579
-0.462808
-0.463046
-0.463297
-0.463549
-0.463813
-0.464084
-0.464361
-0.464646
-0.464936
-0.465232
-0.465535
-0.465841
-0.466153
-0.466466
-0.466788
-0.467113
-0.467439
-0.467768
-0.468099
-0.468432
-0.468766
-0.4691
-0.469436
-0.469771
-0.470106
-0.47044
-0.470773
-0.471104
-0.471434
-0.471761
-0.472085
-0.472408
-0.472726
-0.473042
-0.473351
-0.473657
-0.473957
-0.474258
-0.474548
-0.474831
-0.47511
-0.475383
-0.47565
-0.475914
-0.476173
-0.47642
-0.476659
-0.476893
-0.47712
-0.477342
-0.477554
-0.477759
-0.477957
-0.478147
-0.47833
-0.478505
-0.478672
-0.478829
-0.478983
-0.479128
-0.479264
-0.479393
-0.479512
-0.479631
-0.479737
-0.479833
-0.479924
-0.480007
-0.480081
-0.480147
-0.480208
-0.480263
-0.480307
-0.480347
-0.48038
-0.480405
-0.480424
-0.480436
-0.480442
-0.480443
-0.480435
-0.48042
-0.480397
-0.48037
-0.480334
-0.480295
-0.480252
-0.4802
-0.480143
-0.480082
-0.480015
-0.479941
-0.479863
-0.47978
-0.479689
-0.47959
-0.479488
-0.479382
-0.47927
-0.479153
-0.479032
-0.478907
-0.478776
-0.47864
-0.4785
-0.478357
-0.478205
-0.478051
-0.477892
-0.47773
-0.477563
-0.477394
-0.477218
-0.477039
-0.476856
-0.476668
-0.476477
-0.476285
-0.476086
-0.475883
-0.475677
-0.475465
-0.475246
-0.475032
-0.474811
-0.474585
-0.474357
-0.474124
-0.473887
-0.47365
-0.473409
-0.473162
-0.472915
-0.472665
-0.472412
-0.472155
-0.471893
-0.471628
-0.471365
-0.471097
-0.470828
-0.470554
-0.470277
-0.469998
-0.469718
-0.469433
-0.469146
-0.468856
-0.468563
-0.468268
-0.467971
-0.467672
-0.467366
-0.467062
-0.466754
-0.466446
-0.466136
-0.465824
-0.465511
-0.465194
-0.464877
-0.46456
-0.46424
-0.46392
-0.463596
-0.463271
-0.46295
-0.462626
-0.462301
-0.461976
-0.461645
-0.46132
-0.460994
-0.460668
-0.460343
-0.460018
-0.459696
-0.459378
-0.459055
-0.458731
-0.458409
-0.45809
-0.457776
-0.457463
-0.45715
-0.45684
-0.456531
-0.456225
-0.455922
-0.455622
-0.455325
-0.455032
-0.454742
-0.454457
-0.454177
-0.453898
-0.453623
-0.453353
-0.453089
-0.452825
-0.452568
-0.452314
-0.452066
-0.451824
-0.451589
-0.451357
-0.45113
-0.450908
-0.45069
-0.450479
-0.450271
-0.450068
-0.449871
-0.449682
-0.449501
-0.449322
-0.449149
-0.448981
-0.448816
-0.448659
-0.448506
-0.448356
-0.448216
-0.448079
-0.447946
-0.447817
-0.447695
-0.447575
-0.447464
-0.447352
-0.447241
-0.447137
-0.447035
-0.446937
-0.446842
-0.44675
-0.446658
-0.446573
-0.446487
-0.446404
-0.446322
-0.44624
-0.446164
-0.446084
-0.446007
-0.445929
-0.445851
-0.445775
-0.4457
-0.445625
-0.445549
-0.445473
-0.445396
-0.445318
-0.445241
-0.445161
-0.445079
-0.444994
-0.444908
-0.444822
-0.444735
-0.444644
-0.44455
-0.444455
-0.444356
-0.444258
-0.444154
-0.444047
-0.443936
-0.443821
-0.443705
-0.443589
-0.443463
-0.443338
-0.44321
-0.443076
-0.442942
-0.442804
-0.442663
-0.442518
-0.442366
-0.442218
-0.442064
-0.441906
-0.441748
-0.441582
-0.441418
-0.441249
-0.441076
-0.440903
-0.440725
-0.440545
-0.440361
-0.440175
-0.439987
-0.439796
-0.439603
-0.439408
-0.439213
-0.439014
-0.438811
-0.438611
-0.438406
-0.438201
-0.437994
-0.437788
-0.437579
-0.437369
-0.437158
-0.436946
-0.436736
-0.436524
-0.436311
-0.436098
-0.43589
-0.43568
-0.435467
-0.435255
-0.435043
-0.434833
-0.434622
-0.434413
-0.434205
-0.433999
-0.433791
-0.433587
-0.433384
-0.433181
-0.432982
-0.432785
-0.43259
-0.4324
-0.432209
-0.432023
-0.431838
-0.431655
-0.431474
-0.431294
-0.431122
-0.43095
-0.430778
-0.430613
-0.430452
-0.430295
-0.430139
-0.429986
-0.429837
-0.429695
-0.429553
-0.429414
-0.429279
-0.429147
-0.429023
-0.428901
-0.42878
-0.428661
-0.428548
-0.42844
-0.428329
-0.428227
-0.428129
-0.428034
-0.427938
-0.42785
-0.427766
-0.427693
-0.427616
-0.427543
-0.427473
-0.427407
-0.427341
-0.427281
-0.427225
-0.42717
-0.42712
-0.42707
-0.427024
-0.426983
-0.42695
-0.426914
-0.426882
-0.426852
-0.426824
-0.426799
-0.426777
-0.426756
-0.42674
-0.426724
-0.426712
-0.426702
-0.426692
-0.426683
-0.426675
-0.426672
-0.426667
-0.426664
-0.426659
-0.426658
-0.426657
-0.426658
-0.426657
-0.426658
-0.42666
-0.426661
-0.426666
-0.426666
-0.426669
-0.426669
-0.426674
-0.426677
-0.426681
-0.426682
-0.426685
-0.426685
-0.426684
-0.426685
-0.426682
-0.426678
-0.426673
-0.426666
-0.426658
-0.426649
-0.426637
-0.426622
-0.426607
-0.426591
-0.426572
-0.426551
-0.426529
-0.426504
-0.426476
-0.426449
-0.426419
-0.426384
-0.426349
-0.426311
-0.426271
-0.426225
-0.426177
-0.426126
-0.426071
-0.426019
-0.425958
-0.425894
-0.42583
-0.42576
-0.425686
-0.425609
-0.425527
-0.425443
-0.425356
-0.425265
-0.425171
-0.425074
-0.424972
-0.42487
-0.424761
-0.424649
-0.424533
-0.424414
-0.42429
-0.424161
-0.424033
-0.423898
-0.42376
-0.423618
-0.42347
-0.423321
-0.423171
-0.423016
-0.422856
-0.422692
-0.422525
-0.422353
-0.422179
-0.422
-0.421821
-0.421633
-0.421445
-0.421253
-0.421057
-0.420859
-0.420657
-0.420452
-0.420244
-0.420026
-0.419812
-0.419595
-0.419375
-0.419153
-0.418928
-0.4187
-0.41847
-0.418238
-0.418001
-0.417765
-0.417526
-0.417286
-0.417044
-0.4168
-0.416557
-0.416308
-0.41606
-0.415808
-0.415558
-0.41531
-0.415058
-0.414806
-0.414553
-0.414298
-0.414046
-0.413796
-0.413543
-0.413291
-0.41304
-0.41279
-0.41254
-0.412292
-0.412047
-0.411802
-0.411558
-0.411309
-0.411069
-0.410831
-0.410596
-0.410363
-0.410133
-0.409906
-0.409682
-0.409461
-0.409244
-0.409028
-0.408818
-0.408614
-0.40841
-0.408212
-0.408014
-0.407828
-0.407642
-0.407465
-0.407291
-0.407122
-0.406958
-0.406795
-0.406643
-0.406496
-0.406357
-0.406221
-0.406091
-0.405968
-0.40585
-0.405737
-0.405627
-0.405528
-0.405436
-0.40535
-0.405272
-0.4052
-0.405133
-0.405073
-0.40502
-0.404973
-0.404929
-0.404897
-0.404871
-0.404853
-0.404839
-0.40483
-0.404827
-0.404833
-0.404843
-0.404862
-0.404887
-0.404921
-0.404959
-0.405003
-0.405055
-0.405114
-0.405173
-0.405242
-0.405318
-0.405398
-0.405483
-0.405574
-0.40567
-0.405772
-0.405877
-0.405987
-0.406102
-0.406223
-0.406353
-0.406485
-0.406622
-0.406767
-0.406913
-0.407064
-0.407217
-0.407376
-0.40754
-0.407707
-0.407879
-0.408055
-0.408234
-0.408417
-0.408601
-0.408792
-0.408985
-0.409182
-0.409382
-0.409586
-0.40979
-0.409999
-0.410214
-0.410432
-0.41065
-0.410873
-0.411099
-0.411323
-0.411549
-0.41178
-0.412013
-0.412249
-0.412486
-0.412724
-0.412969
-0.413213
-0.413459
-0.413707
-0.413955
-0.414207
-0.41446
-0.414714
-0.414971
-0.415229
-0.41549
-0.415752
-0.416015
-0.416278
-0.416544
-0.416812
-0.417085
-0.417356
-0.417627
-0.417897
-0.418169
-0.418444
-0.41872
-0.418997
-0.419275
-0.419554
-0.419834
-0.420115
-0.420398
-0.420683
-0.420966
-0.42125
-0.421534
-0.421819
-0.422105
-0.422391
-0.422677
-0.422964
-0.423251
-0.423539
-0.423827
-0.424117
-0.424405
-0.424691
-0.42498
-0.425263
-0.425552
-0.425838
-0.426123
-0.426409
-0.426697
-0.426981
-0.427268
-0.427555
-0.427841
-0.428126
-0.428413
-0.428697
-0.428981
-0.429268
-0.42955
-0.42983
-0.430112
-0.430391
-0.430668
-0.430944
-0.431217
-0.43149
-0.431762
-0.432033
-0.432302
-0.432566
-0.432834
-0.433098
-0.43336
-0.433619
-0.433879
-0.434137
-0.43439
-0.434641
-0.434892
-0.435136
-0.43538
-0.43562
-0.435858
-0.436091
-0.436324
-0.436553
-0.436779
-0.437003
-0.437222
-0.437439
-0.437652
-0.437859
-0.438065
-0.438269
-0.438468
-0.438662
-0.438853
-0.439037
-0.439219
-0.439397
-0.439573
-0.439742
-0.439906
-0.440069
-0.440224
-0.440374
-0.440517
-0.440658
-0.440793
-0.440923
-0.441048
-0.441163
-0.441274
-0.441383
-0.441488
-0.44159
-0.441678
-0.441759
-0.441838
-0.441911
-0.441976
-0.442037
-0.442091
-0.442139
-0.442178
-0.44221
-0.442241
-0.442264
-0.442279
-0.442286
-0.442287
-0.44228
-0.442264
-0.442243
-0.442214
-0.442178
-0.442135
-0.442081
-0.442027
-0.441961
-0.441884
-0.441802
-0.441715
-0.441619
-0.441513
-0.441399
-0.441277
-0.441146
-0.441007
-0.440855
-0.440699
-0.440532
-0.440357
-0.440176
-0.439985
-0.439784
-0.439579
-0.439362
-0.439137
-0.438903
-0.43866
-0.438407
-0.438146
-0.437881
-0.437601
-0.437313
-0.437013
-0.436707
-0.436391
-0.436066
-0.435732
-0.435389
-0.435037
-0.434678
-0.434308
-0.433929
-0.433541
-0.433144
-0.432738
-0.432323
-0.431898
-0.431466
-0.431026
-0.430578
-0.430122
-0.42966
-0.42919
-0.42871
-0.428221
-0.427727
-0.427228
-0.42672
-0.426206
-0.425681
-0.425152
-0.424623
-0.424087
-0.423545
-0.423002
-0.422452
-0.421903
-0.421346
-0.420787
-0.420225
-0.419662
-0.419097
-0.418534
-0.417966
-0.417401
-0.416834
-0.416273
-0.415709
-0.41515
-0.414594
-0.414042
-0.413493
-0.412952
-0.412416
-0.411882
-0.411353
-0.410833
-0.410322
-0.409816
-0.409321
-0.408834
-0.408351
-0.407882
-0.407422
-0.406969
-0.406529
-0.406096
-0.405674
-0.405267
-0.404865
-0.404471
-0.40409
-0.40372
-0.40336
-0.403009
-0.402669
-0.402341
-0.402022
-0.401709
-0.401405
-0.401109
-0.400821
-0.40054
-0.400266
-0.4
-0.399739
-0.399482
-0.399228
-0.398978
-0.39873
-0.398485
-0.398242
-0.397999
-0.397754
-0.397509
-0.397264
-0.397018
-0.396769
-0.396517
-0.39626
-0.395997
-0.395732
-0.39546
-0.39518
-0.394896
-0.394608
-0.39431
-0.394004
-0.39369
-0.393365
-0.393034
-0.392693
-0.392345
-0.391989
-0.391624
-0.391252
-0.39087
-0.39048
-0.390078
-0.389677
-0.389264
-0.388847
-0.388416
-0.387983
-0.387548
-0.387107
-0.386662
-0.386214
-0.385768
-0.385316
-0.384861
-0.384408
-0.383955
-0.383505
-0.383055
-0.382615
-0.382176
-0.381745
-0.381321
-0.380906
-0.380498
-0.3801
-0.379716
-0.379344
-0.378986
-0.378643
-0.378315
-0.378004
-0.377711
-0.377436
-0.37718
-0.376945
-0.376731
-0.376537
-0.376368
-0.376223
-0.376102
-0.376003
-0.375932
-0.375888
-0.375867
-0.375875
-0.375913
-0.375976
-0.376067
-0.376188
-0.376338
-0.376513
-0.376714
-0.376944
-0.377206
-0.377494
-0.377809
-0.378153
-0.378523
-0.378921
-0.379345
-0.379795
-0.380274
-0.380775
-0.381299
-0.38185
-0.382424
-0.383021
-0.38364
-0.384284
-0.384941
-0.385624
-0.386328
-0.387049
-0.387789
-0.388545
-0.389316
-0.390108
-0.39091
-0.391728
-0.392558
-0.393406
-0.394263
-0.395129
-0.396006
-0.396896
-0.397791
-0.398696
-0.39961
-0.400531
-0.401459
-0.402392
-0.403332
-0.404275
-0.405221
-0.40617
-0.407121
-0.408073
-0.409027
-0.409984
-0.410938
-0.411894
-0.412844
-0.413795
-0.414748
-0.415693
-0.416635
-0.417573
-0.418506
-0.419437
-0.42036
-0.421275
-0.422183
-0.423087
-0.423984
-0.424871
-0.425749
-0.426622
-0.427485
-0.428337
-0.429181
-0.430016
-0.430844
-0.431657
-0.432459
-0.433245
-0.434024
-0.43479
-0.435544
-0.436283
-0.437009
-0.437724
-0.438424
-0.439111
-0.439785
-0.440445
-0.441091
-0.441714
-0.44233
-0.442934
-0.443518
-0.444089
-0.444647
-0.445187
-0.445712
-0.446224
-0.446718
-0.447198
-0.44766
-0.448111
-0.448542
-0.448959
-0.449358
-0.449742
-0.450107
-0.450459
-0.450795
-0.451115
-0.451425
-0.451712
-0.451987
-0.452246
-0.452492
-0.452721
-0.452934
-0.453131
-0.453318
-0.453487
-0.453645
-0.453789
-0.453918
-0.454031
-0.45413
-0.454216
-0.454288
-0.454347
-0.454393
-0.454424
-0.454444
-0.454451
-0.454447
-0.45443
-0.4544
-0.454362
-0.454312
-0.454247
-0.454172
-0.454085
-0.453987
-0.453876
-0.453754
-0.453625
-0.45348
-0.453327
-0.453166
-0.452998
-0.452818
-0.452626
-0.452426
-0.452213
-0.451992
-0.451763
-0.451529
-0.451284
-0.451031
-0.450768
-0.450497
-0.450218
-0.44993
-0.449634
-0.44933
-0.449018
-0.448698
-0.44837
-0.448034
-0.447691
-0.447344
-0.446988
-0.446624
-0.446249
-0.445868
-0.445478
-0.445083
-0.44468
-0.444271
-0.443855
-0.443435
-0.443008
-0.442572
-0.442129
-0.44168
-0.441227
-0.440763
-0.440296
-0.439822
-0.439343
-0.438855
-0.438364
-0.437868
-0.437366
-0.436864
-0.436352
-0.435837
-0.435313
-0.434785
-0.434252
-0.433717
-0.433178
-0.432638
-0.432094
-0.431544
-0.430991
-0.430436
-0.429877
-0.429319
-0.428758
-0.428193
-0.427629
-0.42706
-0.426489
-0.425919
-0.42535
-0.424777
-0.424206
-0.423638
-0.42307
-0.422501
-0.421934
-0.421368
-0.420802
-0.42024
-0.419681
-0.419126
-0.418571
-0.418022
-0.417478
-0.416938
-0.416403
-0.415871
-0.415349
-0.414828
-0.414317
-0.413814
-0.413316
-0.412824
-0.412342
-0.411868
-0.4114
-0.410947
-0.410498
-0.410061
-0.409635
-0.409219
-0.408814
-0.408421
-0.408037
-0.407667
-0.40731
-0.406966
-0.406635
-0.406318
-0.406016
-0.405727
-0.405449
-0.405194
-0.404947
-0.404717
-0.404503
-0.404304
-0.404125
-0.403959
-0.40381
-0.403677
-0.403564
-0.403465
-0.403384
-0.40332
-0.403274
-0.403245
-0.403233
-0.403237
-0.403261
-0.403302
-0.403357
-0.403434
-0.403528
-0.403642
-0.403769
-0.403917
-0.40408
-0.40426
-0.404457
-0.40467
-0.404899
-0.405144
-0.405403
-0.405681
-0.405974
-0.40628
-0.406597
-0.406931
-0.407278
-0.407638
-0.40801
-0.408395
-0.408791
-0.409199
-0.409617
-0.410045
-0.410483
-0.410928
-0.411383
-0.411847
-0.412315
-0.412791
-0.413275
-0.41377
-0.414265
-0.414767
-0.41527
-0.415777
-0.416287
-0.416799
-0.417312
-0.417827
-0.418341
-0.418856
-0.419369
-0.419881
-0.420391
-0.420901
-0.421407
-0.421912
-0.422408
-0.422896
-0.423381
-0.423859
-0.42433
-0.424794
-0.42525
-0.425697
-0.426135
-0.426563
-0.426981
-0.427385
-0.427777
-0.428162
-0.428532
-0.428888
-0.429228
-0.429558
-0.429873
-0.43017
-0.430451
-0.430719
-0.430963
-0.431191
-0.4314
-0.431588
-0.431759
-0.431909
-0.432038
-0.432146
-0.43223
-0.432293
-0.432336
-0.432353
-0.432344
-0.432312
-0.432251
-0.432168
-0.43206
-0.431928
-0.431766
-0.431578
-0.431364
-0.431122
-0.430849
-0.430548
-0.430218
-0.42986
-0.429469
-0.429052
-0.428608
-0.428133
-0.427628
-0.427093
-0.42653
-0.425938
-0.425318
-0.42467
-0.423994
-0.423291
-0.422562
-0.421808
-0.421031
-0.420231
-0.419403
-0.418556
-0.417687
-0.416803
-0.415896
-0.41498
-0.41405
-0.413105
-0.412148
-0.411186
-0.410216
-0.409244
-0.408269
-0.4073
-0.406333
-0.405373
-0.404421
-0.403479
-0.402555
-0.40165
-0.400763
-0.3999
-0.39906
-0.398251
-0.397476
-0.396733
-0.396026
-0.395358
-0.394732
-0.394146
-0.393607
-0.393114
-0.392673
-0.392282
-0.391942
-0.391656
-0.391422
-0.391241
-0.391116
-0.391045
-0.391028
-0.391065
-0.391155
-0.391297
-0.39149
-0.391734
-0.392027
-0.392363
-0.39274
-0.393165
-0.393626
-0.394124
-0.39466
-0.395224
-0.395813
-0.396433
-0.397075
-0.397738
-0.398418
-0.399112
-0.399819
-0.40053
-0.401249
-0.401969
-0.402688
-0.403405
-0.404117
-0.40482
-0.405513
-0.406198
-0.40686
-0.407505
-0.408133
-0.40874
-0.40932
-0.409882
-0.410416
-0.410923
-0.411402
-0.411852
-0.412268
-0.412657
-0.413008
-0.413335
-0.413624
-0.413882
-0.414107
-0.414299
-0.414456
-0.414581
-0.414672
-0.41473
-0.414755
-0.41475
-0.414711
-0.41464
-0.414539
-0.414407
-0.414256
-0.414067
-0.41385
-0.413606
-0.413337
-0.413042
-0.412722
-0.412382
-0.41202
-0.411639
-0.411243
-0.410827
-0.410395
-0.409946
-0.409483
-0.409012
-0.408529
-0.408037
-0.407534
-0.407026
-0.406513
-0.405996
-0.405478
-0.404956
-0.40444
-0.403927
-0.403416
-0.402917
-0.402423
-0.401941
-0.401467
-0.401009
-0.400562
-0.400128
-0.399716
-0.399323
-0.398947
-0.398592
-0.398262
-0.397955
-0.397676
-0.397421
-0.397191
-0.396988
-0.396815
-0.396672
-0.396557
-0.396476
-0.39643
-0.396415
-0.396432
-0.396484
-0.396569
-0.396691
-0.396845
-0.397034
-0.39726
-0.397515
-0.397807
-0.398135
-0.398494
-0.398887
-0.399311
-0.399768
-0.400256
-0.400779
-0.401327
-0.401904
-0.402505
-0.403136
-0.403793
-0.404474
-0.405178
-0.405902
-0.406649
-0.407413
-0.408195
-0.408997
-0.409814
-0.410647
-0.41149
-0.412345
-0.41321
-0.414085
-0.414965
-0.415851
-0.416743
-0.417634
-0.418529
-0.419422
-0.420319
-0.421206
-0.422095
-0.42298
-0.423859
-0.424729
-0.425591
-0.426447
-0.427293
-0.428129
-0.428953
-0.429764
-0.430565
-0.431348
-0.432118
-0.432872
-0.433611
-0.434334
-0.43504
-0.435728
-0.4364
-0.437052
-0.437688
-0.438304
-0.438904
-0.439479
-0.440037
-0.440573
-0.441089
-0.441584
-0.442061
-0.442518
-0.44295
-0.443366
-0.443759
-0.444134
-0.444487
-0.444822
-0.445134
-0.445423
-0.445696
-0.445948
-0.446181
-0.446395
-0.446589
-0.446763
-0.44692
-0.447061
-0.447181
-0.447286
-0.447368
-0.447436
-0.447487
-0.44752
-0.447538
-0.447539
-0.447523
-0.447493
-0.447448
-0.447388
-0.447315
-0.447229
-0.447125
-0.44701
-0.446882
-0.446742
-0.44659
-0.446425
-0.446242
-0.446053
-0.445856
-0.445644
-0.445424
-0.445197
-0.444961
-0.44472
-0.444467
-0.444208
-0.44394
-0.443664
-0.443381
-0.443092
-0.442797
-0.442497
-0.442188
-0.44188
-0.441562
-0.441241
-0.44092
-0.440589
-0.44026
-0.439928
-0.439594
-0.439258
-0.43892
-0.438579
-0.438239
-0.437899
-0.437556
-0.437218
-0.436878
-0.436539
-0.436201
-0.435862
-0.435527
-0.435191
-0.43486
-0.434531
-0.434205
-0.433882
-0.433562
-0.433245
-0.432931
-0.432622
-0.432318
-0.432016
-0.431718
-0.431424
-0.431135
-0.430847
-0.430567
-0.430293
-0.430021
-0.429757
-0.429494
-0.429236
-0.42898
-0.428731
-0.428489
-0.428248
-0.428012
-0.427779
-0.427551
-0.427326
-0.427104
-0.426886
-0.426671
-0.426458
-0.426248
-0.42604
-0.425835
-0.425633
-0.42543
-0.425227
-0.425026
-0.424824
-0.424623
-0.42442
-0.424217
-0.424012
-0.423805
-0.423596
-0.423384
-0.423169
-0.42295
-0.422727
-0.4225
-0.422267
-0.422031
-0.421787
-0.421537
-0.42128
-0.421015
-0.420746
-0.420468
-0.42018
-0.419884
-0.419578
-0.419264
-0.418937
-0.418604
-0.418258
-0.417905
-0.417541
-0.417168
-0.416785
-0.416392
-0.415989
-0.415575
-0.415155
-0.414732
-0.414292
-0.413847
-0.413392
-0.412929
-0.41246
-0.411985
-0.411505
-0.41102
-0.410533
-0.410043
-0.409552
-0.409063
-0.408572
-0.408084
-0.4076
-0.40712
-0.40665
-0.406184
-0.405728
-0.405283
-0.404848
-0.40443
-0.404027
-0.403641
-0.403275
-0.402926
-0.402601
-0.4023
-0.402025
-0.401775
-0.401554
-0.401361
-0.401195
-0.401065
-0.400965
-0.400904
-0.400874
-0.400881
-0.400923
-0.401002
-0.401117
-0.401268
-0.401458
-0.401686
-0.40195
-0.402259
-0.402597
-0.402972
-0.403381
-0.40383
-0.404308
-0.40482
-0.405362
-0.405929
-0.406533
-0.407159
-0.407813
-0.40849
-0.409192
-0.409915
-0.410658
-0.411418
-0.412195
-0.412986
-0.413787
-0.414601
-0.415424
-0.416255
-0.417088
-0.417928
-0.418773
-0.419616
-0.420457
-0.421297
-0.422132
-0.422962
-0.423783
-0.424599
-0.425405
-0.426202
-0.426991
-0.427764
-0.428526
-0.429274
-0.430005
-0.43072
-0.431419
-0.432101
-0.43277
-0.433417
-0.434046
-0.434658
-0.435251
-0.435826
-0.436376
-0.436909
-0.437425
-0.437921
-0.438396
-0.438852
-0.439287
-0.439705
-0.440101
-0.440477
-0.44083
-0.441168
-0.441488
-0.441789
-0.44207
-0.442337
-0.442585
-0.442814
-0.443025
-0.443225
-0.443405
-0.443566
-0.443716
-0.443848
-0.443965
-0.444067
-0.444155
-0.444229
-0.444292
-0.444339
-0.444371
-0.444393
-0.444402
-0.444399
-0.444388
-0.444363
-0.444327
-0.44428
-0.444224
-0.444158
-0.444082
-0.444
-0.443909
-0.443809
-0.443696
-0.443578
-0.443453
-0.443322
-0.443187
-0.443041
-0.442888
-0.442727
-0.442564
-0.442394
-0.442218
-0.442038
-0.441857
-0.441667
-0.441472
-0.441274
-0.441069
-0.440863
-0.440654
-0.440441
-0.440227
-0.440009
-0.439785
-0.439559
-0.439333
-0.439103
-0.438873
-0.438639
-0.438408
-0.438174
-0.437938
-0.437702
-0.437461
-0.437225
-0.436989
-0.436747
-0.436507
-0.436269
-0.436029
-0.435789
-0.435549
-0.435311
-0.435072
-0.434833
-0.434595
-0.434355
-0.43412
-0.433885
-0.433652
-0.433418
-0.433186
-0.432955
-0.432727
-0.432498
-0.432274
-0.432048
-0.431824
-0.431602
-0.431384
-0.431166
-0.430949
-0.430734
-0.430521
-0.430311
-0.4301
-0.429893
-0.429691
-0.429491
-0.429291
-0.429094
-0.428898
-0.428705
-0.428514
-0.428326
-0.428137
-0.427951
-0.42777
-0.427589
-0.42741
-0.427236
-0.427062
-0.426893
-0.426726
-0.42656
-0.426398
-0.426238
-0.426081
-0.425926
-0.425774
-0.425624
-0.425477
-0.425331
-0.425188
-0.425048
-0.424909
-0.424775
-0.424642
-0.42451
-0.424385
-0.424258
-0.424135
-0.424012
-0.423897
-0.423778
-0.423662
-0.423552
-0.42344
-0.42333
-0.423224
-0.42312
-0.423014
-0.422912
-0.422813
-0.422715
-0.422619
-0.422524
-0.422432
-0.422341
-0.422251
-0.422164
-0.422081
-0.422
-0.421922
-0.421843
-0.421769
-0.421697
-0.421628
-0.421563
-0.421499
-0.421441
-0.421384
-0.421327
-0.421272
-0.42122
-0.421171
-0.421124
-0.421078
-0.421037
-0.421001
-0.420966
-0.420933
-0.420904
-0.420877
-0.420852
-0.420829
-0.420812
-0.420799
-0.420783
-0.420779
-0.420775
-0.420774
-0.420775
-0.420782
-0.420792
-0.420805
-0.420822
-0.42084
-0.420865
-0.420892
-0.420924
-0.420959
-0.420997
-0.421039
-0.421085
-0.421134
-0.421187
-0.421243
-0.4213
-0.421364
-0.421432
-0.421502
-0.421575
-0.421654
-0.421734
-0.421817
-0.421902
-0.421991
-0.422082
-0.422177
-0.422271
-0.422371
-0.422473
-0.422575
-0.422682
-0.422789
-0.422902
-0.423017
-0.423132
-0.423248
-0.423366
-0.423483
-0.423604
-0.423725
-0.423848
-0.423971
-0.424098
-0.424222
-0.424347
-0.424472
-0.4246
-0.424725
-0.424849
-0.424974
-0.425097
-0.425218
-0.425339
-0.42546
-0.42558
-0.4257
-0.425819
-0.425932
-0.426049
-0.42616
-0.426264
-0.426373
-0.426477
-0.426581
-0.426679
-0.426775
-0.426868
-0.426957
-0.427044
-0.427129
-0.427208
-0.427282
-0.427354
-0.427422
-0.427487
-0.427547
-0.427606
-0.427658
-0.427706
-0.427755
-0.427795
-0.42783
-0.427861
-0.427888
-0.427912
-0.42793
-0.427944
-0.427953
-0.427958
-0.427958
-0.427957
-0.427948
-0.427934
-0.427917
-0.427897
-0.42787
-0.427846
-0.427811
-0.427773
-0.427733
-0.42769
-0.427641
-0.427594
-0.427538
-0.42748
-0.427419
-0.427358
-0.427292
-0.427226
-0.427158
-0.427087
-0.42702
-0.426947
-0.426872
-0.426798
-0.426721
-0.426643
-0.426564
-0.426485
-0.426403
-0.426324
-0.426242
-0.426163
-0.426084
-0.426007
-0.425932
-0.425856
-0.425783
-0.42571
-0.42564
-0.425575
-0.425506
-0.425442
-0.425377
-0.425312
-0.425252
-0.425194
-0.425139
-0.425085
-0.425035
-0.424987
-0.424942
-0.424899
-0.424859
-0.424821
-0.424787
-0.424755
-0.424727
-0.424701
-0.424672
-0.42465
-0.424628
-0.424611
-0.424596
-0.424583
-0.424572
-0.424563
-0.424556
-0.424551
-0.424549
-0.424547
-0.424545
-0.424545
-0.424543
-0.424542
-0.424544
-0.424547
-0.424549
-0.424552
-0.424557
-0.424559
-0.424561
-0.424565
-0.424568
-0.424568
-0.424567
-0.424562
-0.42456
-0.424552
-0.424545
-0.424538
-0.424525
-0.424512
-0.424495
-0.424477
-0.424457
-0.424437
-0.424412
-0.424385
-0.424355
-0.424324
-0.424288
-0.424249
-0.424205
-0.42416
-0.424113
-0.424057
-0.424004
-0.423947
-0.423888
-0.423825
-0.42376
-0.423692
-0.423618
-0.423547
-0.423473
-0.423394
-0.423312
-0.423229
-0.42314
-0.423054
-0.422963
-0.422865
-0.422773
-0.422679
-0.422579
-0.422479
-0.422378
-0.422278
-0.422175
-0.42207
-0.421965
-0.421864
-0.421758
-0.421651
-0.421542
-0.421437
-0.421331
-0.421224
-0.421118
-0.421013
-0.420908
-0.420805
-0.420702
-0.420601
-0.420504
-0.420406
-0.420309
-0.420215
-0.420123
-0.420033
-0.419945
-0.419862
-0.41978
-0.419696
-0.419619
-0.419546
-0.419478
-0.419411
-0.419346
-0.419286
-0.41923
-0.419181
-0.419136
-0.419092
-0.419053
-0.419018
-0.418988
-0.418962
-0.418943
-0.418927
-0.418915
-0.418906
-0.418907
-0.418909
-0.418917
-0.418927
-0.418946
-0.418971
-0.419001
-0.419036
-0.419078
-0.419124
-0.419174
-0.419234
-0.419298
-0.419367
-0.419441
-0.419519
-0.419605
-0.419695
-0.419792
-0.419897
-0.420006
-0.420122
-0.42024
-0.420367
-0.420501
-0.420637
-0.420783
-0.42093
-0.421084
-0.421242
-0.421404
-0.421569
-0.421739
-0.421917
-0.422104
-0.422288
-0.422482
-0.422678
-0.422878
-0.423083
-0.42329
-0.423502
-0.423719
-0.423939
-0.424166
-0.424394
-0.424622
-0.424856
-0.425096
-0.425336
-0.425579
-0.425827
-0.426075
-0.426325
-0.426575
-0.426829
-0.427088
-0.427345
-0.427607
-0.42787
-0.428131
-0.428393
-0.428661
-0.428925
-0.429189
-0.429455
-0.429722
-0.429988
-0.430251
-0.430514
-0.430776
-0.431037
-0.431297
-0.431553
-0.431813
-0.432068
-0.432319
-0.432567
-0.432814
-0.43306
-0.433304
-0.433544
-0.433782
-0.434013
-0.434244
-0.434473
-0.434699
-0.434917
-0.435132
-0.435347
-0.435554
-0.435752
-0.43595
-0.43614
-0.436327
-0.436508
-0.436681
-0.436847
-0.43701
-0.437169
-0.437316
-0.437456
-0.43759
-0.437709
-0.437827
-0.437936
-0.438036
-0.438129
-0.438214
-0.438292
-0.438363
-0.438426
-0.438484
-0.438525
-0.438559
-0.438591
-0.438606
-0.438612
-0.438613
-0.438601
-0.438577
-0.438543
-0.438498
-0.438446
-0.43838
-0.438304
-0.438218
-0.438118
-0.43801
-0.437891
-0.437763
-0.437622
-0.43747
-0.437307
-0.437133
-0.436948
-0.436754
-0.436549
-0.436332
-0.436106
-0.435866
-0.435616
-0.435356
-0.435085
-0.434804
-0.434513
-0.434214
-0.433904
-0.433583
-0.433256
-0.432917
-0.43257
-0.432216
-0.431852
-0.431479
-0.431097
-0.430712
-0.430322
-0.429921
-0.429514
-0.4291
-0.428679
-0.428257
-0.427828
-0.427394
-0.426957
-0.426511
-0.426069
-0.425622
-0.42517
-0.424719
-0.424266
-0.423809
-0.423355
-0.422902
-0.422445
-0.421991
-0.421538
-0.421084
-0.420634
-0.420186
-0.419741
-0.419298
-0.418857
-0.418421
-0.417991
-0.417563
-0.41714
-0.416723
-0.416307
-0.415901
-0.415497
-0.4151
-0.414708
-0.414323
-0.413942
-0.413569
-0.413201
-0.412842
-0.41249
-0.412146
-0.411808
-0.411477
-0.411155
-0.410841
-0.410535
-0.410242
-0.409953
-0.40967
-0.409398
-0.409134
-0.408883
-0.408636
-0.408398
-0.408172
-0.407956
-0.40775
-0.407554
-0.407368
-0.407193
-0.407029
-0.406878
-0.406735
-0.406604
-0.406485
-0.406376
-0.406282
-0.406197
-0.406122
-0.406061
-0.406012
-0.405976
-0.405951
-0.405936
-0.405935
-0.405945
-0.405966
-0.406004
-0.406049
-0.406103
-0.40617
-0.406247
-0.406336
-0.406432
-0.406537
-0.40665
-0.40677
-0.406898
-0.407031
-0.407171
-0.407314
-0.407462
-0.407607
-0.407759
-0.407915
-0.408068
-0.408219
-0.408368
-0.408514
-0.40866
-0.408798
-0.408929
-0.40905
-0.409161
-0.409261
-0.40935
-0.409426
-0.409488
-0.409535
-0.409565
-0.409578
-0.409572
-0.409551
-0.409504
-0.409436
-0.409345
-0.409226
-0.409088
-0.408924
-0.408734
-0.408517
-0.408272
-0.408001
-0.407699
-0.407372
-0.407016
-0.406631
-0.406217
-0.405774
-0.405303
-0.404803
-0.404273
-0.403717
-0.403132
-0.402522
-0.401884
-0.401224
-0.400542
-0.39983
-0.399103
-0.398356
-0.397587
-0.396801
-0.395999
-0.395182
-0.394354
-0.393512
-0.392664
-0.391809
-0.390949
-0.390088
-0.389226
-0.388366
-0.38751
-0.386661
-0.385819
-0.384995
-0.38418
-0.38338
-0.382596
-0.381835
-0.381095
-0.380378
-0.379691
-0.379032
-0.378403
-0.377807
-0.377246
-0.376718
-0.376226
-0.375773
-0.375358
-0.374982
-0.374647
-0.37435
-0.374093
-0.373882
-0.373713
-0.373586
-0.3735
-0.373456
-0.373454
-0.373491
-0.373568
-0.37369
-0.373846
-0.37404
-0.374268
-0.374528
-0.374824
-0.375152
-0.375512
-0.375901
-0.376317
-0.376763
-0.377232
-0.377725
-0.378239
-0.378772
-0.379327
-0.3799
-0.380489
-0.381093
-0.381711
-0.382341
-0.382982
-0.383631
-0.38429
-0.38496
-0.385636
-0.386312
-0.386995
-0.387681
-0.388366
-0.389056
-0.389743
-0.390433
-0.391121
-0.391808
-0.392494
-0.393176
-0.393852
-0.394523
-0.395191
-0.395853
-0.396503
-0.397151
-0.397793
-0.398422
-0.39904
-0.399653
-0.400254
-0.400843
-0.401422
-0.401992
-0.402547
-0.403089
-0.403616
-0.404132
-0.404632
-0.40512
-0.405592
-0.40605
-0.406492
-0.40692
-0.407331
-0.407723
-0.408099
-0.408459
-0.408798
-0.40912
-0.409423
-0.40971
-0.409976
-0.410221
-0.410451
-0.410659
-0.410846
-0.411016
-0.411164
-0.411294
-0.411406
-0.411499
-0.411574
-0.411634
-0.41167
-0.411688
-0.411684
-0.411669
-0.411635
-0.411587
-0.411523
-0.411442
-0.411348
-0.411238
-0.411118
-0.410983
-0.410837
-0.410681
-0.410515
-0.410341
-0.410162
-0.409975
-0.409783
-0.409591
-0.409393
-0.409193
-0.408993
-0.408794
-0.408598
-0.40841
-0.408223
-0.408041
-0.407868
-0.407703
-0.407551
-0.407405
-0.407274
-0.407156
-0.407055
-0.406968
-0.406894
-0.406841
-0.406808
-0.406794
-0.406799
-0.406823
-0.406867
-0.406934
-0.407021
-0.407129
-0.407262
-0.407414
-0.407588
-0.407785
-0.408002
-0.40824
-0.408499
-0.40878
-0.409078
-0.409398
-0.409734
-0.410087
-0.410456
-0.410841
-0.411241
-0.411655
-0.412081
-0.412518
-0.412966
-0.413423
-0.413888
-0.414357
-0.414834
-0.415316
-0.415801
-0.416287
-0.416775
-0.417262
-0.417748
-0.418231
-0.41871
-0.419184
-0.41965
-0.420112
-0.420568
-0.421013
-0.421448
-0.421877
-0.422291
-0.422692
-0.423081
-0.423456
-0.423817
-0.424164
-0.424496
-0.424812
-0.425119
-0.425401
-0.425668
-0.425918
-0.42615
-0.426366
-0.426566
-0.426743
-0.426907
-0.427051
-0.427177
-0.427282
-0.427372
-0.427441
-0.427495
-0.42753
-0.427546
-0.427545
-0.427528
-0.427494
-0.427441
-0.427373
-0.427284
-0.427182
-0.427068
-0.426936
-0.426788
-0.426626
-0.426449
-0.426258
-0.426052
-0.425833
-0.425601
-0.425355
-0.425098
-0.424828
-0.424546
-0.424251
-0.423947
-0.423633
-0.423308
-0.422979
-0.422636
-0.422284
-0.421926
-0.421558
-0.421182
-0.4208
-0.420413
-0.420017
-0.419616
-0.41921
-0.418797
-0.418381
-0.417964
-0.417544
-0.417116
-0.416691
-0.416258
-0.415826
-0.415393
-0.41496
-0.414526
-0.414092
-0.413659
-0.413224
-0.412794
-0.412365
-0.411938
-0.411517
-0.411099
-0.410681
-0.410266
-0.409857
-0.409453
-0.409054
-0.408661
-0.408273
-0.407894
-0.407519
-0.407151
-0.406791
-0.406437
-0.40609
-0.405748
-0.405419
-0.4051
-0.404793
-0.404494
-0.404202
-0.40392
-0.403648
-0.403386
-0.403134
-0.402895
-0.402665
-0.402445
-0.402234
-0.402037
-0.401851
-0.401676
-0.401513
-0.401361
-0.401216
-0.401087
-0.400966
-0.40086
-0.400767
-0.400685
-0.400614
-0.400556
-0.400508
-0.400472
-0.400448
-0.400435
-0.400433
-0.400442
-0.400464
-0.400497
-0.400538
-0.400585
-0.400644
-0.400714
-0.400796
-0.400887
-0.400988
-0.401098
-0.401217
-0.401342
-0.401479
-0.401626
-0.401778
-0.401938
-0.402106
-0.402281
-0.402463
-0.402651
-0.402841
-0.403037
-0.403243
-0.403458
-0.403675
-0.403897
-0.404123
-0.404354
-0.404589
-0.404827
-0.405069
-0.405314
-0.405562
-0.40581
-0.40606
-0.406317
-0.406575
-0.406833
-0.407092
-0.407351
-0.407614
-0.407874
-0.40813
-0.408393
-0.408655
-0.408914
-0.409173
-0.40943
-0.409688
-0.409945
-0.410197
-0.410448
-0.410698
-0.410949
-0.411192
-0.411432
-0.411667
-0.411901
-0.412132
-0.412357
-0.412583
-0.412803
-0.413018
-0.41323
-0.413437
-0.41364
-0.413838
-0.414032
-0.414223
-0.414406
-0.414585
-0.414759
-0.414927
-0.415089
-0.415249
-0.415401
-0.415547
-0.415687
-0.415821
-0.41595
-0.41607
-0.416184
-0.416294
-0.416403
-0.416498
-0.41659
-0.416677
-0.416751
-0.416823
-0.416888
-0.416949
-0.417001
-0.417047
-0.417083
-0.41711
-0.417135
-0.417151
-0.417162
-0.417166
-0.417164
-0.417154
-0.417137
-0.417113
-0.41708
-0.41704
-0.416992
-0.41694
-0.416883
-0.416813
-0.416744
-0.416663
-0.416574
-0.416478
-0.416375
-0.416264
-0.416146
-0.416021
-0.415888
-0.415748
-0.4156
-0.415444
-0.415277
-0.415106
-0.414928
-0.414741
-0.414547
-0.414347
-0.414138
-0.413922
-0.413696
-0.413465
-0.413225
-0.412978
-0.412724
-0.412463
-0.412195
-0.411917
-0.411631
-0.411337
-0.41104
-0.41073
-0.410412
-0.410086
-0.409755
-0.409415
-0.409065
-0.408705
-0.408341
-0.407967
-0.407584
-0.407194
-0.406795
-0.406388
-0.405973
-0.405552
-0.405122
-0.404682
-0.404232
-0.403775
-0.40331
-0.402837
-0.402356
-0.401866
-0.401368
-0.400861
-0.400344
-0.399818
-0.399284
-0.398745
-0.398194
-0.39764
-0.397075
-0.3965
-0.395919
-0.39533
-0.394732
-0.394124
-0.39351
-0.392888
-0.392256
-0.391616
-0.39097
-0.390319
-0.389658
-0.388989
-0.388317
-0.387633
-0.386941
-0.38624
-0.385534
-0.384821
-0.384099
-0.383372
-0.382639
-0.381899
-0.381153
-0.380401
-0.379645
-0.378881
-0.378115
-0.377338
-0.376559
-0.375776
-0.374988
-0.374199
-0.373406
-0.37261
-0.371809
-0.371003
-0.370198
-0.369394
-0.368585
-0.367777
-0.36697
-0.366167
-0.36536
-0.364553
-0.363754
-0.362957
-0.362164
-0.361381
-0.360607
-0.359837
-0.359074
-0.358319
-0.357574
-0.356835
-0.356113
-0.355405
-0.35471
-0.35403
-0.353362
-0.352718
-0.35209
-0.35148
-0.350895
-0.350331
-0.349789
-0.34927
-0.348776
-0.348308
-0.347867
-0.347454
-0.34707
-0.346713
-0.346389
-0.346097
-0.345834
-0.345604
-0.345409
-0.345248
-0.345119
-0.345027
-0.344969
-0.344949
-0.344961
-0.345005
-0.345085
-0.345201
-0.345352
-0.345536
-0.345757
-0.346008
-0.346291
-0.346604
-0.34695
-0.347324
-0.347729
-0.348162
-0.348622
-0.34911
-0.349621
-0.350156
-0.350713
-0.351292
-0.35189
-0.352512
-0.353146
-0.353797
-0.354464
-0.355143
-0.355836
-0.356538
-0.357249
-0.357969
-0.358695
-0.359426
-0.360163
-0.360904
-0.361652
-0.362397
-0.363145
-0.363887
-0.36463
-0.365369
-0.366107
-0.366836
-0.367565
-0.368288
-0.369006
-0.369724
-0.370428
-0.371121
-0.371809
-0.372487
-0.373157
-0.37382
-0.374471
-0.375111
-0.375742
-0.376361
-0.376968
-0.377569
-0.378157
-0.378731
-0.379297
-0.379851
-0.380397
-0.380932
-0.381453
-0.381958
-0.382458
-0.382946
-0.383423
-0.383893
-0.384349
-0.384793
-0.385228
-0.385653
-0.386066
-0.386472
-0.386865
-0.387251
-0.387628
-0.387998
-0.388357
-0.388706
-0.389045
-0.389377
-0.389701
-0.390017
-0.390325
-0.390627
-0.39092
-0.391204
-0.391484
-0.391755
-0.392018
-0.392272
-0.392522
-0.392765
-0.393004
-0.393234
-0.393458
-0.393679
-0.393894
-0.394103
-0.394304
-0.3945
-0.39469
-0.394875
-0.395054
-0.395229
-0.395399
-0.395563
-0.395721
-0.395874
-0.396023
-0.396169
-0.396311
-0.396448
-0.396582
-0.396711
-0.396836
-0.396957
-0.397074
-0.397187
-0.397296
-0.397399
-0.397503
-0.397601
-0.397695
-0.397786
-0.397876
-0.39796
-0.398041
-0.39812
-0.398194
-0.39826
-0.398332
-0.398394
-0.398456
-0.398511
-0.398569
-0.398621
-0.398671
-0.398717
-0.398763
-0.398802
-0.398838
-0.398873
-0.398906
-0.398934
-0.39896
-0.398985
-0.399008
-0.399029
-0.399045
-0.399061
-0.399074
-0.399088
-0.399098
-0.399105
-0.399113
-0.399117
-0.399118
-0.399118
-0.399116
-0.399112
-0.399107
-0.3991
-0.399091
-0.399081
-0.399074
-0.399059
-0.399042
-0.399027
-0.399007
-0.398989
-0.39897
-0.398953
-0.398932
-0.398912
-0.398889
-0.398868
-0.398846
-0.398821
-0.398792
-0.398766
-0.398742
-0.398716
-0.398689
-0.39866
-0.398632
-0.398601
-0.398572
-0.398542
-0.398515
-0.398481
-0.398451
-0.398422
-0.398392
-0.39836
-0.398331
-0.398301
-0.398272
-0.398243
-0.398215
-0.398188
-0.39816
-0.398137
-0.398109
-0.398082
-0.398055
-0.398029
-0.398
-0.397974
-0.397951
-0.397929
-0.397904
-0.39788
-0.397856
-0.397833
-0.39781
-0.397787
-0.397765
-0.397744
-0.397724
-0.397703
-0.39768
-0.39766
-0.397642
-0.39762
-0.3976
-0.397583
-0.397563
-0.397544
-0.397529
-0.39751
-0.397491
-0.397471
-0.39745
-0.39743
-0.39741
-0.397385
-0.397367
-0.397346
-0.397325
-0.397303
-0.397281
-0.39726
-0.397241
-0.397216
-0.39719
-0.397164
-0.397136
-0.397107
-0.397077
-0.397046
-0.397015
-0.396981
-0.396942
-0.396904
-0.396864
-0.396818
-0.396777
-0.39673
-0.396682
-0.396631
-0.396578
-0.396521
-0.396462
-0.396397
-0.396337
-0.396268
-0.3962
-0.396124
-0.396041
-0.395955
-0.395868
-0.395778
-0.39568
-0.395579
-0.395472
-0.395356
-0.395234
-0.395109
-0.39498
-0.394845
-0.3947
-0.394548
-0.394391
-0.394224
-0.394047
-0.393863
-0.393672
-0.39347
-0.39326
-0.393038
-0.392805
-0.392558
-0.392302
-0.392034
-0.391753
-0.391461
-0.391153
-0.390827
-0.390489
-0.390137
-0.389766
-0.389378
-0.388969
-0.388543
-0.388098
-0.38763
-0.387145
-0.386633
-0.386096
-0.385537
-0.384955
-0.384347
-0.38371
-0.383047
-0.382353
-0.381631
-0.38088
-0.380098
-0.37928
-0.378433
-0.377546
-0.37662
-0.375663
-0.374663
-0.373625
-0.372552
-0.371435
-0.370279
-0.369083
-0.367845
-0.366563
-0.365241
-0.363878
-0.362471
-0.361026
-0.359539
-0.358014
-0.356449
-0.354845
-0.353207
-0.351536
-0.349833
-0.348101
-0.346343
-0.344559
-0.342756
-0.34094
-0.339109
-0.337275
-0.335438
-0.333608
-0.331784
-0.329975
-0.32819
-0.32643
-0.324705
-0.323019
-0.321384
-0.319804
-0.318287
-0.31684
-0.31547
-0.314184
-0.312989
-0.311892
-0.310895
-0.31001
-0.309239
-0.308587
-0.308059
-0.307657
-0.307387
-0.307243
-0.307236
-0.307363
-0.307624
-0.308017
-0.308542
-0.309196
-0.309976
-0.310878
-0.311895
-0.313027
-0.314266
-0.315606
-0.317041
-0.318561
-0.320164
-0.321844
-0.323592
-0.325396
-0.327249
-0.329148
-0.33108
-0.333042
-0.335026
-0.337025
-0.339032
-0.341042
-0.343048
-0.345045
-0.347027
-0.348989
-0.350927
-0.352837
-0.354715
-0.356558
-0.358362
-0.360122
-0.361841
-0.363514
-0.365139
-0.366715
-0.36824
-0.369715
-0.371137
-0.372506
-0.373822
-0.375091
-0.376303
-0.377461
-0.378566
-0.379614
-0.380615
-0.381565
-0.382463
-0.383315
-0.38412
-0.384875
-0.385584
-0.386245
-0.386865
-0.387439
-0.38797
-0.388463
-0.388916
-0.389331
-0.38971
-0.390048
-0.390353
-0.390623
-0.390858
-0.391064
-0.391243
-0.391385
-0.3915
-0.39159
-0.391651
-0.391686
-0.391693
-0.391679
-0.391644
-0.391584
-0.391503
-0.391402
-0.391281
-0.391144
-0.390988
-0.390811
-0.39062
-0.390418
-0.390197
-0.389961
-0.389714
-0.389455
-0.389182
-0.388897
-0.388602
-0.388296
-0.387982
-0.387659
-0.387328
-0.38699
-0.386645
-0.386294
-0.385938
-0.385579
-0.385214
-0.384845
-0.384468
-0.384096
-0.383722
-0.383342
-0.382963
-0.382585
-0.382206
-0.381826
-0.38145
-0.381076
-0.380706
-0.38034
-0.379974
-0.379615
-0.379257
-0.378907
-0.378559
-0.378217
-0.377881
-0.377552
-0.377227
-0.376911
-0.376603
-0.376304
-0.37601
-0.375724
-0.37545
-0.375185
-0.374926
-0.37468
-0.374444
-0.374215
-0.373999
-0.373796
-0.3736
-0.373418
-0.373244
-0.373081
-0.372928
-0.372784
-0.372651
-0.372531
-0.372422
-0.372321
-0.372234
-0.372157
-0.37209
-0.372034
-0.371988
-0.371952
-0.371924
-0.371908
-0.371901
-0.371901
-0.37191
-0.371932
-0.371961
-0.371998
-0.372043
-0.372095
-0.372155
-0.372221
-0.372295
-0.372375
-0.372458
-0.372552
-0.372649
-0.372751
-0.372858
-0.37297
-0.373085
-0.373202
-0.373325
-0.37345
-0.373579
-0.37371
-0.373843
-0.373981
-0.374118
-0.374257
-0.374399
-0.374539
-0.374675
-0.374817
-0.374959
-0.375096
-0.375237
-0.375378
-0.375524
-0.375663
-0.375802
-0.37594
-0.376077
-0.376213
-0.376347
-0.376478
-0.376609
-0.376739
-0.376867
-0.376996
-0.377121
-0.377245
-0.377367
-0.377487
-0.377605
-0.377722
-0.377835
-0.377949
-0.378061
-0.378172
-0.378282
-0.378393
-0.378498
-0.378604
-0.378709
-0.378814
-0.37892
-0.379022
-0.379125
-0.379227
-0.379328
-0.37943
-0.379531
-0.379632
-0.379734
-0.379835
-0.379937
-0.38004
-0.380143
-0.38025
-0.380352
-0.380458
-0.380564
-0.38067
-0.380779
-0.38089
-0.381004
-0.381118
-0.381233
-0.381352
-0.381473
-0.381591
-0.381714
-0.381836
-0.381962
-0.382093
-0.382224
-0.382361
-0.382497
-0.382634
-0.382776
-0.38292
-0.383064
-0.383211
-0.383362
-0.383513
-0.383667
-0.383823
-0.383983
-0.384144
-0.384306
-0.384473
-0.384638
-0.384808
-0.384979
-0.385153
-0.385328
-0.385506
-0.385683
-0.385864
-0.386048
-0.386235
-0.386422
-0.38661
-0.386803
-0.386995
-0.38719
-0.387387
-0.387583
-0.387782
-0.38798
-0.388177
-0.388377
-0.388578
-0.388784
-0.388989
-0.389195
-0.389398
-0.389602
-0.389807
-0.390011
-0.390214
-0.390416
-0.390623
-0.390833
-0.391032
-0.391236
-0.391442
-0.391647
-0.391844
-0.392047
-0.392248
-0.392447
-0.392642
-0.392841
-0.393039
-0.393238
-0.393432
-0.393622
-0.393811
-0.393997
-0.394182
-0.394364
-0.394544
-0.394721
-0.394896
-0.395068
-0.395237
-0.395406
-0.395572
-0.395732
-0.395889
-0.396041
-0.396191
-0.396338
-0.396481
-0.39662
-0.396756
-0.396886
-0.397014
-0.397135
-0.397255
-0.397368
-0.397482
-0.397587
-0.39769
-0.397789
-0.397881
-0.397976
-0.398062
-0.398146
-0.398221
-0.398296
-0.398365
-0.398429
-0.398487
-0.398543
-0.398595
-0.398643
-0.398687
-0.398727
-0.398764
-0.398799
-0.398829
-0.398853
-0.398876
-0.398895
-0.398912
-0.398928
-0.398938
-0.398951
-0.398962
-0.39897
-0.398976
-0.398985
-0.398987
-0.398987
-0.398991
-0.398994
-0.398997
-0.399003
-0.399009
-0.399015
-0.399023
-0.399033
-0.399045
-0.399062
-0.399083
-0.399104
-0.399129
-0.399161
-0.399192
-0.399232
-0.399276
-0.399322
-0.399377
-0.399435
-0.399502
-0.399576
-0.399659
-0.399747
-0.399843
-0.399946
-0.400058
-0.400175
-0.400304
-0.400441
-0.400587
-0.400743
-0.400907
-0.401084
-0.401268
-0.401458
-0.401659
-0.401872
-0.402099
-0.40233
-0.40257
-0.402824
-0.403087
-0.403359
-0.403643
-0.403932
-0.404232
-0.404543
-0.40486
-0.405189
-0.405528
-0.405877
-0.406232
-0.406595
-0.406967
-0.407346
-0.407735
-0.408129
-0.408528
-0.408934
-0.409351
-0.409774
-0.410203
-0.410638
-0.411073
-0.411516
-0.411963
-0.412415
-0.41287
-0.413332
-0.413795
-0.414256
-0.414723
-0.415194
-0.415667
-0.416142
-0.416619
-0.417097
-0.417579
-0.418058
-0.418536
-0.419016
-0.419496
-0.419978
-0.420455
-0.420938
-0.421415
-0.421891
-0.422364
-0.422837
-0.423307
-0.423777
-0.42424
-0.424701
-0.425161
-0.425618
-0.426069
-0.42652
-0.426967
-0.42741
-0.427845
-0.428281
-0.428715
-0.42914
-0.429564
-0.429985
-0.430402
-0.430817
-0.431222
-0.431623
-0.432018
-0.432406
-0.432794
-0.433175
-0.43355
-0.43392
-0.434282
-0.434641
-0.434998
-0.435348
-0.435691
-0.436025
-0.436357
-0.436682
-0.437002
-0.437314
-0.437626
-0.437928
-0.438227
-0.438517
-0.438801
-0.439079
-0.439353
-0.439618
-0.439878
-0.440131
-0.440377
-0.440618
-0.440852
-0.441079
-0.441298
-0.441513
-0.441723
-0.441925
-0.442118
-0.442306
-0.44249
-0.442666
-0.442834
-0.442996
-0.443151
-0.4433
-0.443441
-0.443576
-0.4437
-0.443821
-0.443933
-0.444041
-0.444142
-0.444236
-0.444325
-0.444403
-0.444474
-0.444541
-0.444601
-0.444653
-0.444699
-0.444739
-0.444769
-0.444794
-0.444813
-0.444825
-0.44483
-0.444829
-0.444818
-0.444803
-0.444784
-0.444756
-0.444721
-0.44468
-0.444633
-0.444576
-0.444516
-0.444452
-0.444379
-0.4443
-0.444215
-0.444124
-0.444026
-0.443923
-0.443814
-0.4437
-0.443579
-0.443456
-0.443324
-0.443187
-0.443045
-0.442898
-0.442742
-0.442584
-0.442419
-0.442251
-0.442081
-0.441903
-0.441721
-0.441534
-0.441342
-0.441146
-0.440946
-0.440741
-0.440529
-0.440316
-0.440095
-0.439873
-0.43965
-0.439419
-0.439185
-0.438947
-0.438704
-0.438458
-0.438212
-0.43796
-0.437701
-0.437438
-0.437171
-0.436902
-0.436629
-0.43635
-0.436066
-0.435775
-0.435479
-0.435182
-0.434879
-0.434572
-0.43426
-0.433942
-0.43362
-0.43329
-0.432956
-0.432617
-0.432274
-0.431923
-0.431566
-0.431202
-0.430834
-0.430454
-0.43007
-0.429679
-0.429283
-0.428872
-0.428457
-0.428035
-0.427605
-0.427166
-0.426718
-0.426264
-0.425801
-0.425327
-0.424843
-0.424349
-0.423846
-0.423335
-0.422812
-0.422276
-0.421733
-0.421179
-0.420615
-0.420037
-0.419455
-0.418861
-0.418255
-0.417636
-0.417006
-0.416368
-0.415721
-0.41506
-0.414395
-0.41372
-0.413031
-0.412338
-0.411633
-0.410923
-0.410202
-0.409476
-0.408738
-0.407999
-0.407255
-0.406505
-0.405753
-0.404993
-0.404232
-0.403467
-0.402702
-0.401934
-0.401169
-0.400407
-0.399647
-0.39889
-0.398142
-0.3974
-0.396666
-0.395942
-0.395229
-0.394528
-0.393843
-0.393171
-0.392516
-0.391879
-0.391261
-0.390664
-0.39009
-0.389539
-0.389011
-0.388514
-0.388042
-0.387599
-0.387187
-0.386805
-0.386455
-0.386138
-0.385854
-0.385608
-0.385394
-0.385216
-0.385074
-0.38497
-0.384903
-0.384869
-0.384874
-0.384913
-0.384985
-0.385095
-0.385239
-0.385417
-0.385629
-0.385872
-0.386146
-0.386451
-0.386786
-0.387144
-0.387531
-0.387941
-0.388375
-0.38883
-0.389308
-0.389801
-0.39031
-0.390834
-0.391372
-0.391918
-0.392473
-0.393039
-0.393611
-0.39419
-0.394769
-0.39535
-0.39593
-0.396511
-0.397086
-0.397657
-0.398225
-0.398786
-0.399336
-0.399871
-0.400397
-0.400914
-0.401421
-0.401914
-0.402392
-0.40286
-0.403311
-0.403747
-0.404166
-0.404567
-0.404954
-0.405323
-0.405676
-0.406011
-0.40633
-0.406628
-0.406912
-0.407176
-0.407426
-0.407659
-0.407876
-0.408076
-0.40826
-0.408429
-0.40858
-0.408721
-0.408842
-0.408953
-0.409049
-0.409133
-0.409205
-0.409262
-0.409308
-0.409349
-0.409374
-0.409392
-0.409404
-0.409405
-0.409399
-0.409386
-0.409366
-0.409341
-0.40931
-0.409273
-0.409235
-0.409191
-0.409146
-0.4091
-0.409053
-0.409005
-0.408958
-0.40891
-0.408867
-0.40882
-0.408778
-0.408739
-0.408703
-0.408671
-0.408643
-0.408619
-0.408601
-0.40859
-0.408587
-0.408587
-0.408593
-0.408609
-0.408636
-0.408668
-0.408709
-0.408759
-0.408817
-0.408888
-0.408965
-0.409051
-0.409146
-0.409253
-0.409371
-0.409499
-0.409638
-0.409787
-0.409947
-0.410115
-0.410297
-0.410493
-0.410696
-0.410909
-0.411133
-0.411374
-0.411618
-0.41187
-0.412137
-0.412411
-0.412695
-0.412986
-0.413288
-0.413599
-0.413919
-0.414245
-0.414582
-0.414926
-0.41528
-0.415639
-0.416005
-0.416378
-0.416759
-0.417143
-0.417533
-0.41793
-0.41833
-0.418736
-0.419144
-0.419556
-0.41997
-0.420383
-0.420803
-0.421225
-0.421648
-0.422073
-0.422501
-0.422929
-0.423356
-0.423781
-0.424206
-0.424631
-0.425053
-0.425477
-0.425896
-0.426315
-0.426728
-0.427139
-0.427549
-0.427953
-0.428355
-0.42875
-0.429141
-0.429527
-0.429911
-0.430286
-0.430657
-0.431021
-0.43138
-0.431734
-0.432083
-0.432422
-0.432752
-0.433078
-0.433394
-0.433703
-0.434008
-0.434304
-0.434591
-0.434875
-0.435146
-0.435415
-0.435673
-0.435923
-0.436165
-0.436399
-0.436625
-0.436842
-0.437052
-0.437251
-0.437444
-0.437629
-0.437805
-0.437974
-0.438134
-0.438286
-0.43843
-0.438566
-0.438694
-0.438813
-0.438925
-0.439029
-0.439125
-0.439214
-0.439294
-0.439369
-0.439435
-0.439495
-0.439547
-0.439588
-0.439624
-0.439652
-0.439676
-0.43969
-0.439698
-0.439698
-0.439692
-0.43968
-0.43966
-0.439635
-0.4396
-0.439564
-0.43952
-0.439472
-0.439416
-0.439354
-0.439286
-0.439213
-0.439136
-0.439057
-0.438968
-0.438874
-0.438774
-0.438668
-0.438562
-0.438449
-0.438333
-0.438211
-0.438088
-0.437958
-0.437826
-0.437689
-0.437548
-0.437404
-0.437256
-0.437106
