1.35703
1.35704
1.35705
1.35706
1.35706
1.35707
1.35708
1.35709
1.3571
1.35711
1.35712
1.35713
1.35714
1.35715
1.35716
1.35717
1.35718
1.35719
1.3572
1.35721
1.35723
1.35724
1.35724
1.35725
1.35726
1.35727
1.35728
1.35729
1.3573
1.3573
1.35731
1.35732
1.35733
1.35734
1.35735
1.35735
1.35736
1.35737
1.35737
1.35737
1.35738
1.35739
1.35739
1.3574
1.35741
1.35741
1.35742
1.35743
1.35743
1.35744
1.35744
1.35745
1.35745
1.35746
1.35746
1.35747
1.35747
1.35748
1.35749
1.35749
1.3575
1.3575
1.3575
1.35751
1.35751
1.35752
1.35752
1.35753
1.35753
1.35754
1.35754
1.35754
1.35754
1.35754
1.35755
1.35755
1.35755
1.35756
1.35756
1.35757
1.35757
1.35758
1.35758
1.35758
1.35759
1.35759
1.35759
1.3576
1.3576
1.3576
1.35761
1.35761
1.35761
1.35762
1.35762
1.35762
1.35762
1.35763
1.35763
1.35763
1.35764
1.35764
1.35764
1.35765
1.35765
1.35765
1.35767
1.35767
1.35767
1.35767
1.35768
1.35768
1.35769
1.35769
1.35769
1.3577
1.3577
1.35771
1.35771
1.35772
1.35773
1.35774
1.35774
1.35774
1.35775
1.35775
1.35776
1.35777
1.35777
1.35778
1.35779
1.3578
1.35781
1.35781
1.35782
1.35783
1.35784
1.35785
1.35786
1.35787
1.35788
1.35789
1.3579
1.35791
1.35793
1.35794
1.35795
1.35796
1.35798
1.35799
1.35801
1.35802
1.35804
1.35806
1.35807
1.35809
1.35811
1.35812
1.35814
1.35816
1.35818
1.3582
1.35823
1.35825
1.35827
1.3583
1.35832
1.35835
1.35838
1.3584
1.35843
1.35846
1.35849
1.35852
1.35856
1.35859
1.35863
1.35866
1.3587
1.35873
1.35877
1.35881
1.35885
1.35889
1.35893
1.35898
1.35902
1.35907
1.3591
1.35915
1.35919
1.35924
1.35928
1.35933
1.35937
1.35942
1.35946
1.35951
1.35955
1.35959
1.35963
1.35967
1.35971
1.35975
1.35978
1.35981
1.35983
1.35985
1.35987
1.35988
1.35989
1.3599
1.35989
1.35988
1.35987
1.35985
1.35982
1.35979
1.35975
1.35971
1.35965
1.35959
1.35952
1.35944
1.35936
1.35926
1.35916
1.35906
1.35895
1.35884
1.35872
1.3586
1.35847
1.35834
1.35821
1.35808
1.35795
1.35781
1.35768
1.35755
1.35742
1.3573
1.35717
1.35705
1.35694
1.35683
1.35673
1.35663
1.35655
1.35646
1.35639
1.35632
1.35626
1.3562
1.35615
1.35611
1.35608
1.35605
1.35603
1.35602
1.35601
1.356
1.35601
1.35601
1.35603
1.35604
1.35606
1.35608
1.35611
1.35614
1.35617
1.3562
1.35624
1.35627
1.35631
1.35635
1.35639
1.35643
1.35647
1.35651
1.35655
1.35659
1.35663
1.35666
1.3567
1.35674
1.35678
1.35682
1.35685
1.35689
1.35692
1.35695
1.35698
1.35701
1.35704
1.35707
1.3571
1.35712
1.35715
1.35717
1.35719
1.35722
1.35724
1.35726
1.35727
1.35729
1.35731
1.35733
1.35734
1.35736
1.35737
1.35739
1.3574
1.35742
1.35743
1.35744
1.35745
1.35746
1.35747
1.35748
1.35749
1.3575
1.35751
1.35751
1.35752
1.35753
1.35754
1.35755
1.35755
1.35756
1.35756
1.35757
1.35758
1.35758
1.35759
1.3576
1.35761
1.35761
1.35762
1.35763
1.35764
1.35765
1.35765
1.35766
1.35767
1.35768
1.35769
1.3577
1.35771
1.35772
1.35773
1.35774
1.35775
1.35776
1.35777
1.35778
1.35779
1.3578
1.35782
1.35783
1.35784
1.35786
1.35787
1.35788
1.3579
1.35791
1.35792
1.35794
1.35795
1.35797
1.35798
1.358
1.35801
1.35802
1.35804
1.35805
1.35806
1.35807
1.35808
1.3581
1.35811
1.35812
1.35813
1.35815
1.35815
1.35816
1.35817
1.35818
1.35819
1.3582
1.3582
1.35821
1.35821
1.35822
1.35823
1.35823
1.35824
1.35824
1.35824
1.35824
1.35824
1.35823
1.35823
1.35823
1.35822
1.35822
1.35821
1.35821
1.3582
1.35819
1.35819
1.35817
1.35816
1.35815
1.35814
1.35813
1.35812
1.3581
1.35809
1.35808
1.35806
1.35805
1.35804
1.35802
1.35801
1.35799
1.35798
1.35796
1.35795
1.35794
1.35792
1.35791
1.3579
1.35789
1.35787
1.35786
1.35785
1.35784
1.35784
1.35783
1.35782
1.35781
1.3578
1.3578
1.35779
1.35779
1.35778
1.35778
1.35778
1.35778
1.35778
1.35777
1.35777
1.35778
1.35777
1.35778
1.35778
1.35778
1.35778
1.35778
1.35779
1.35779
1.35779
1.3578
1.3578
1.3578
1.3578
1.3578
1.35781
1.35781
1.35781
1.35781
1.35781
1.35781
1.35782
1.35782
1.35782
1.35781
1.35782
1.35781
1.35781
1.35781
1.35781
1.35781
1.35781
1.3578
1.3578
1.3578
1.35779
1.35778
1.35778
1.35777
1.35777
1.35776
1.35775
1.35775
1.35774
1.35773
1.35772
1.35771
1.35771
1.35769
1.35768
1.35767
1.35766
1.35765
1.35764
1.35764
1.35763
1.35761
1.35761
1.3576
1.35759
1.35758
1.35757
1.35756
1.35755
1.35754
1.35753
1.35752
1.35752
1.35751
1.3575
1.3575
1.35749
1.35749
1.35748
1.35748
1.35747
1.35747
1.35746
1.35746
1.35746
1.35746
1.35746
1.35746
1.35746
1.35746
1.35746
1.35746
1.35746
1.35746
1.35747
1.35747
1.35747
1.35747
1.35747
1.35748
1.35748
1.35749
1.35749
1.35749
1.3575
1.35751
1.35751
1.35752
1.35752
1.35752
1.35753
1.35754
1.35755
1.35755
1.35756
1.35757
1.35757
1.35758
1.35759
1.3576
1.3576
1.35761
1.35762
1.35763
1.35763
1.35764
1.35765
1.35766
1.35766
1.35767
1.35768
1.35769
1.3577
1.35771
1.35772
1.35772
1.35773
1.35774
1.35775
1.35775
1.35776
1.35777
1.35777
1.35778
1.35779
1.35779
1.3578
1.35781
1.35781
1.35782
1.35783
1.35783
1.35784
1.35784
1.35785
1.35785
1.35786
1.35786
1.35786
1.35787
1.35788
1.35788
1.35789
1.35789
1.3579
1.3579
1.3579
1.35791
1.35791
1.35792
1.35792
1.35793
1.35793
1.35794
1.35794
1.35794
1.35795
1.35795
1.35795
1.35796
1.35796
1.35797
1.35797
1.35797
1.35797
1.35798
1.35798
1.35799
1.35799
1.358
1.358
1.35801
1.35801
1.35802
1.35802
1.35802
1.35803
1.35803
1.35804
1.35804
1.35804
1.35805
1.35805
1.35805
1.35806
1.35806
1.35806
1.35806
1.35807
1.35807
1.35807
1.35807
1.35807
1.35808
1.35808
1.35808
1.35808
1.35809
1.35809
1.3581
1.3581
1.3581
1.3581
1.3581
1.35811
1.35811
1.35811
1.35811
1.35811
1.35812
1.35812
1.35812
1.35812
1.35812
1.35812
1.35813
1.35813
1.35813
1.35813
1.35813
1.35813
1.35812
1.35812
1.35812
1.35812
1.35812
1.35812
1.35811
1.35811
1.35811
1.3581
1.3581
1.3581
1.3581
1.35809
1.35809
1.35809
1.35808
1.35808
1.35807
1.35807
1.35806
1.35806
1.35805
1.35805
1.35805
1.35804
1.35804
1.35803
1.35803
1.35802
1.35802
1.35801
1.35801
1.358
1.358
1.358
1.35799
1.35799
1.35798
1.35798
1.35797
1.35796
1.35796
1.35796
1.35795
1.35795
1.35794
1.35794
1.35793
1.35793
1.35792
1.35792
1.35791
1.3579
1.3579
1.3579
1.3579
1.35789
1.35789
1.35789
1.35789
1.35788
1.35788
1.35788
1.35788
1.35788
1.35787
1.35787
1.35787
1.35787
1.35788
1.35788
1.35788
1.35788
1.35788
1.35788
1.35788
1.35788
1.35788
1.35788
1.35788
1.35788
1.35789
1.35789
1.35789
1.35789
1.35789
1.35789
1.3579
1.3579
1.3579
1.3579
1.35791
1.35791
1.35792
1.35792
1.35792
1.35793
1.35793
1.35794
1.35794
1.35794
1.35795
1.35795
1.35796
1.35796
1.35796
1.35797
1.35797
1.35797
1.35797
1.35798
1.35798
1.35798
1.35798
1.35798
1.35799
1.35799
1.35799
1.35799
1.358
1.358
1.358
1.358
1.358
1.358
1.35801
1.35801
1.35801
1.35801
1.35801
1.35801
1.35801
1.35801
1.35801
1.35801
1.35801
1.35801
1.358
1.358
1.358
1.358
1.358
1.358
1.358
1.358
1.358
1.358
1.358
1.358
1.35799
1.35799
1.35799
1.35799
1.35799
1.35798
1.35798
1.35798
1.35798
1.35797
1.35797
1.35797
1.35796
1.35796
1.35796
1.35796
1.35795
1.35795
1.35794
1.35794
1.35794
1.35793
1.35792
1.35792
1.35792
1.35791
1.35791
1.3579
1.3579
1.35789
1.35789
1.35788
1.35789
1.35788
1.35788
1.35787
1.35788
1.35787
1.35787
1.35786
1.35785
1.35785
1.35785
1.35784
1.35784
1.35784
1.35784
1.35784
1.35783
1.35783
1.35783
1.35783
1.35782
1.35782
1.35781
1.35781
1.35781
1.35781
1.35781
1.3578
1.3578
1.3578
1.35779
1.35779
1.35779
1.35778
1.35778
1.35778
1.35778
1.35778
1.35778
1.35778
1.35778
1.35777
1.35778
1.35778
1.35778
1.35778
1.35777
1.35778
1.35778
1.35778
1.35778
1.35778
1.35778
1.35778
1.35777
1.35778
1.35778
1.35777
1.35778
1.35778
1.35778
1.35778
1.35778
1.35778
1.35778
1.35779
1.35779
1.35779
1.35779
1.3578
1.3578
1.3578
1.3578
1.3578
1.3578
1.3578
1.35781
1.35781
1.35781
1.35781
1.35781
1.35781
1.35782
1.35782
1.35782
1.35782
1.35782
1.35783
1.35783
1.35783
1.35784
1.35784
1.35785
1.35785
1.35785
1.35786
1.35786
1.35786
1.35786
1.35787
1.35787
1.35788
1.35788
1.35789
1.35789
1.35789
1.35789
1.3579
1.3579
1.35791
1.35791
1.35791
1.35791
1.35792
1.35792
1.35792
1.35793
1.35793
1.35793
1.35794
1.35794
1.35795
1.35795
1.35795
1.35796
1.35796
1.35796
1.35797
1.35797
1.35798
1.35798
1.35798
1.35799
1.35799
1.35799
1.35799
1.358
1.358
1.358
1.358
1.35801
1.35801
1.35801
1.35801
1.35801
1.35801
1.35802
1.35801
1.35801
1.35802
1.35802
1.35802
1.35802
1.35802
1.35802
1.35802
1.35801
1.35801
1.35801
1.35801
1.35801
1.35801
1.358
1.35801
1.35801
1.35801
1.358
1.358
1.358
1.358
1.35799
1.35799
1.35799
1.35798
1.35798
1.35797
1.35797
1.35797
1.35797
1.35796
1.35796
1.35795
1.35795
1.35794
1.35794
1.35794
1.35793
1.35792
1.35792
1.35791
1.35791
1.3579
1.35789
1.35789
1.35789
1.35788
1.35787
1.35787
1.35786
1.35785
1.35785
1.35784
1.35783
1.35783
1.35782
1.35782
1.35781
1.3578
1.35779
1.35779
1.35779
1.35778
1.35777
1.35777
1.35776
1.35775
1.35775
1.35774
1.35773
1.35772
1.35772
1.35771
1.35771
1.3577
1.35769
1.35769
1.35768
1.35768
1.35768
1.35767
1.35767
1.35767
1.35766
1.35765
1.35765
1.35764
1.35764
1.35763
1.35763
1.35763
1.35762
1.35762
1.35762
1.35761
1.35761
1.3576
1.3576
1.3576
1.3576
1.35759
1.35759
1.35759
1.35759
1.35758
1.35758
1.35757
1.35757
1.35756
1.35756
1.35756
1.35756
1.35756
1.35755
1.35755
1.35755
1.35755
1.35754
1.35754
1.35754
1.35754
1.35754
1.35754
1.35754
1.35754
1.35753
1.35753
1.35753
1.35753
1.35753
1.35753
1.35753
1.35753
1.35752
1.35752
1.35752
1.35752
1.35752
1.35752
1.35752
1.35752
1.35752
1.35752
1.35751
1.35751
1.35751
1.35751
1.35751
1.35751
1.3575
1.3575
1.3575
1.3575
1.3575
1.3575
1.3575
1.3575
1.3575
1.3575
1.3575
1.3575
1.3575
1.35751
1.35751
1.35751
1.35751
1.35751
1.35751
1.35752
1.35752
1.35752
1.35752
1.35752
1.35752
1.35752
1.35752
1.35751
1.35751
1.35752
1.35751
1.35752
1.35752
1.35752
1.35752
1.35752
1.35752
1.35753
1.35753
1.35753
1.35753
1.35753
1.35753
1.35754
1.35754
1.35754
1.35754
1.35754
1.35754
1.35755
1.35755
1.35755
1.35755
1.35756
1.35756
1.35756
1.35757
1.35757
1.35757
1.35758
1.35758
1.35759
1.35759
1.35759
1.3576
1.3576
1.3576
1.35761
1.35761
1.35762
1.35762
1.35762
1.35763
1.35763
1.35764
1.35764
1.35765
1.35765
1.35766
1.35766
1.35767
1.35768
1.35769
1.35769
1.3577
1.3577
1.3577
1.35772
1.35772
1.35773
1.35774
1.35774
1.35775
1.35776
1.35776
1.35777
1.35778
1.35778
1.35779
1.3578
1.3578
1.35781
1.35782
1.35783
1.35783
1.35784
1.35785
1.35786
1.35786
1.35787
1.35788
1.35789
1.35789
1.3579
1.35791
1.35791
1.35792
1.35793
1.35794
1.35795
1.35796
1.35797
1.35798
1.35799
1.358
1.35801
1.35802
1.35803
1.35804
1.35804
1.35805
1.35806
1.35807
1.35808
1.35808
1.35809
1.3581
1.35811
1.35812
1.35813
1.35814
1.35815
1.35816
1.35817
1.35818
1.35818
1.35819
1.3582
1.35821
1.35822
1.35823
1.35824
1.35825
1.35826
1.35826
1.35827
1.35827
1.35828
1.35829
1.3583
1.3583
1.35831
1.35832
1.35833
1.35834
1.35834
1.35834
1.35835
1.35835
1.35835
1.35835
1.35836
1.35836
1.35836
1.35836
1.35837
1.35836
1.35837
1.35837
1.35837
1.35836
1.35836
1.35836
1.35836
1.35836
1.35835
1.35834
1.35834
1.35833
1.35833
1.35832
1.35831
1.3583
1.35829
1.35828
1.35828
1.35827
1.35825
1.35824
1.35823
1.35822
1.35821
1.3582
1.35819
1.35818
1.35817
1.35816
1.35815
1.35814
1.35813
1.35812
1.3581
1.35809
1.35809
1.35808
1.35807
1.35806
1.35806
1.35805
1.35804
1.35803
1.35803
1.35803
1.35802
1.35802
1.35802
1.35802
1.35802
1.35802
1.35803
1.35803
1.35803
1.35803
1.35804
1.35804
1.35805
1.35805
1.35806
1.35807
1.35807
1.35808
1.35809
1.3581
1.35811
1.35812
1.35813
1.35814
1.35814
1.35815
1.35816
1.35817
1.35818
1.35819
1.35819
1.3582
1.3582
1.35821
1.35822
1.35822
1.35823
1.35823
1.35824
1.35823
1.35824
1.35824
1.35824
1.35824
1.35824
1.35824
1.35823
1.35823
1.35822
1.35822
1.35821
1.3582
1.35819
1.35818
1.35817
1.35816
1.35814
1.35813
1.35811
1.35809
1.35807
1.35805
1.35803
1.35801
1.35799
1.35797
1.35795
1.35792
1.3579
1.35787
1.35785
1.35783
1.3578
1.35777
1.35774
1.35771
1.35768
1.35765
1.35762
1.3576
1.35757
1.35754
1.35751
1.35749
1.35746
1.35743
1.3574
1.35738
1.35735
1.35732
1.3573
1.35728
1.35725
1.35723
1.3572
1.35718
1.35716
1.35714
1.35712
1.3571
1.35708
1.35706
1.35704
1.35703
1.35701
1.357
1.35698
1.35697
1.35696
1.35695
1.35694
1.35693
1.35692
1.35691
1.35691
1.3569
1.35689
1.35688
1.35688
1.35687
1.35687
1.35686
1.35686
1.35686
1.35686
1.35686
1.35685
1.35685
1.35685
1.35686
1.35686
1.35685
1.35686
1.35686
1.35686
1.35687
1.35687
1.35688
1.35689
1.35689
1.3569
1.35691
1.35692
1.35693
1.35694
1.35695
1.35696
1.35697
1.35698
1.35698
1.35699
1.357
1.35702
1.35703
1.35705
1.35706
1.35707
1.35709
1.3571
1.35712
1.35713
1.35714
1.35716
1.35717
1.35719
1.35721
1.35722
1.35724
1.35725
1.35727
1.35728
1.3573
1.35731
1.35733
1.35734
1.35736
1.35737
1.35738
1.3574
1.35741
1.35743
1.35745
1.35746
1.35748
1.35749
1.3575
1.35752
1.35754
1.35755
1.35757
1.35758
1.3576
1.35761
1.35762
1.35764
1.35765
1.35766
1.35768
1.35769
1.3577
1.35772
1.35773
1.35774
1.35776
1.35777
1.35778
1.3578
1.35781
1.35782
1.35783
1.35784
1.35785
1.35786
1.35788
1.35789
1.3579
1.35791
1.35792
1.35793
1.35795
1.35796
1.35797
1.35798
1.35799
1.358
1.35801
1.35803
1.35804
1.35805
1.35806
1.35806
1.35807
1.35808
1.35809
1.3581
1.35811
1.35812
1.35812
1.35813
1.35814
1.35815
1.35815
1.35816
1.35817
1.35817
1.35818
1.35819
1.35819
1.3582
1.35821
1.35822
1.35822
1.35823
1.35823
1.35824
1.35825
1.35825
1.35826
1.35826
1.35827
1.35828
1.35828
1.35829
1.3583
1.3583
1.35831
1.35831
1.35831
1.35832
1.35832
1.35833
1.35834
1.35834
1.35835
1.35835
1.35835
1.35835
1.35836
1.35836
1.35836
1.35837
1.35837
1.35837
1.35837
1.35837
1.35837
1.35837
1.35837
1.35837
1.35837
1.35837
1.35837
1.35837
1.35837
1.35837
1.35836
1.35836
1.35836
1.35836
1.35836
1.35836
1.35835
1.35835
1.35834
1.35834
1.35834
1.35833
1.35832
1.35832
1.35831
1.3583
1.3583
1.35829
1.35828
1.35827
1.35826
1.35825
1.35825
1.35823
1.35822
1.35821
1.3582
1.35819
1.35818
1.35817
1.35816
1.35814
1.35813
1.35811
1.3581
1.35809
1.35807
1.35805
1.35804
1.35802
1.35801
1.35799
1.35797
1.35796
1.35794
1.35792
1.3579
1.35789
1.35787
1.35785
1.35783
1.35782
1.3578
1.35778
1.35776
1.35775
1.35773
1.35772
1.3577
1.35768
1.35766
1.35765
1.35763
1.35761
1.3576
1.35758
1.35756
1.35755
1.35753
1.35752
1.3575
1.35749
1.35748
1.35746
1.35745
1.35744
1.35742
1.35741
1.3574
1.35739
1.35738
1.35737
1.35736
1.35736
1.35735
1.35734
1.35734
1.35733
1.35732
1.35732
1.35731
1.3573
1.3573
1.3573
1.3573
1.35729
1.35729
1.35729
1.35729
1.35729
1.3573
1.3573
1.3573
1.3573
1.3573
1.3573
1.35731
1.35732
1.35732
1.35733
1.35734
1.35734
1.35735
1.35736
1.35737
1.35738
1.3574
1.35741
1.35742
1.35743
1.35745
1.35746
1.35747
1.35749
1.3575
1.35752
1.35753
1.35755
1.35757
1.35759
1.35761
1.35763
1.35765
1.35767
1.35769
1.35772
1.35774
1.35776
1.35778
1.35781
1.35783
1.35786
1.35789
1.35791
1.35794
1.35796
1.35799
1.35802
1.35804
1.35807
1.3581
1.35813
1.35816
1.35819
1.35822
1.35824
1.35827
1.3583
1.35833
1.35836
1.35839
1.35842
1.35845
1.35847
1.3585
1.35853
1.35855
1.35858
1.3586
1.35862
1.35864
1.35867
1.35868
1.3587
1.35872
1.35873
1.35874
1.35875
1.35876
1.35877
1.35877
1.35878
1.35877
1.35877
1.35876
1.35875
1.35874
1.35873
1.35871
1.35869
1.35867
1.35864
1.35861
1.35858
1.35855
1.35851
1.35847
1.35843
1.35839
1.35835
1.3583
1.35825
1.3582
1.35815
1.3581
1.35805
1.35799
1.35794
1.35789
1.35783
1.35778
1.35772
1.35767
1.35762
1.35757
1.35752
1.35747
1.35743
1.35739
1.35735
1.35731
1.35727
1.35724
1.35722
1.35719
1.35717
1.35715
1.35713
1.35712
1.3571
1.3571
1.35709
1.35709
1.35709
1.35709
1.3571
1.35711
1.35712
1.35713
1.35714
1.35716
1.35718
1.3572
1.35723
1.35725
1.35728
1.35731
1.35733
1.35736
1.3574
1.35743
1.35746
1.35749
1.35753
1.35756
1.35759
1.35763
1.35766
1.35769
1.35773
1.35776
1.35779
1.35782
1.35786
1.35789
1.35792
1.35795
1.35797
1.358
1.35802
1.35805
1.35808
1.3581
1.35813
1.35815
1.35817
1.35819
1.35821
1.35822
1.35824
1.35825
1.35826
1.35827
1.35828
1.35829
1.35829
1.3583
1.35831
1.35831
1.35831
1.35832
1.35831
1.35831
1.35831
1.3583
1.35829
1.35828
1.35827
1.35825
1.35824
1.35823
1.35821
1.35819
1.35817
1.35815
1.35812
1.3581
1.35807
1.35804
1.35801
1.35798
1.35795
1.35792
1.3579
1.35786
1.35783
1.3578
1.35776
1.35773
1.3577
1.35766
1.35762
1.35759
1.35755
1.35752
1.35749
1.35745
1.35742
1.35738
1.35735
1.35732
1.35729
1.35725
1.35722
1.35719
1.35717
1.35714
1.35712
1.35709
1.35707
1.35705
1.35703
1.35701
1.357
1.35698
1.35696
1.35695
1.35693
1.35692
1.35691
1.3569
1.35689
1.35689
1.35688
1.35688
1.35688
1.35688
1.35688
1.35689
1.35689
1.35689
1.3569
1.35691
1.35692
1.35693
1.35694
1.35695
1.35696
1.35697
1.35698
1.357
1.35701
1.35703
1.35704
1.35706
1.35708
1.35709
1.35711
1.35713
1.35714
1.35716
1.35718
1.3572
1.35721
1.35723
1.35725
1.35727
1.35729
1.35731
1.35733
1.35735
1.35737
1.35739
1.35741
1.35743
1.35745
1.35747
1.35749
1.35751
1.35753
1.35755
1.35757
1.35759
1.35761
1.35762
1.35764
1.35766
1.35768
1.35769
1.35771
1.35773
1.35774
1.35776
1.35778
1.35779
1.35781
1.35782
1.35784
1.35785
1.35787
1.35788
1.35789
1.3579
1.35792
1.35793
1.35795
1.35796
1.35797
1.35799
1.358
1.35801
1.35802
1.35802
1.35803
1.35804
1.35804
1.35805
1.35806
1.35806
1.35807
1.35808
1.35808
1.35809
1.35809
1.3581
1.3581
1.35811
1.35811
1.35811
1.35812
1.35812
1.35812
1.35812
1.35812
1.35812
1.35813
1.35812
1.35812
1.35812
1.35812
1.35812
1.35812
1.35812
1.35812
1.35812
1.35812
1.35811
1.35811
1.35811
1.3581
1.3581
1.35809
1.35809
1.35808
1.35808
1.35808
1.35807
1.35807
1.35806
1.35806
1.35805
1.35805
1.35804
1.35804
1.35804
1.35803
1.35803
1.35802
1.35802
1.35801
1.35801
1.35801
1.358
1.358
1.358
1.35799
1.35799
1.35799
1.35799
1.35798
1.35798
1.35798
1.35798
1.35798
1.35798
1.35799
1.35799
1.35799
1.35799
1.35799
1.358
1.358
1.358
1.35801
1.35801
1.35802
1.35802
1.35803
1.35804
1.35804
1.35805
1.35805
1.35806
1.35807
1.35808
1.35809
1.3581
1.35811
1.35812
1.35813
1.35814
1.35815
1.35816
1.35817
1.35818
1.35819
1.3582
1.3582
1.35821
1.35822
1.35822
1.35823
1.35824
1.35824
1.35825
1.35825
1.35826
1.35826
1.35826
1.35826
1.35826
1.35826
1.35825
1.35825
1.35824
1.35823
1.35822
1.35821
1.3582
1.35819
1.35817
1.35815
1.35814
1.35812
1.3581
1.35807
1.35805
1.35802
1.35799
1.35796
1.35794
1.35791
1.35788
1.35784
1.35781
1.35777
1.35773
1.3577
1.35766
1.35763
1.35759
1.35755
1.35751
1.35747
1.35743
1.3574
1.35736
1.35732
1.35729
1.35725
1.35722
1.3572
1.35717
1.35714
1.35711
1.35709
1.35707
1.35705
1.35703
1.35701
1.35699
1.35698
1.35697
1.35696
1.35695
1.35694
1.35694
1.35693
1.35693
1.35693
1.35693
1.35693
1.35694
1.35694
1.35695
1.35696
1.35697
1.35698
1.35698
1.357
1.35701
1.35702
1.35703
1.35705
1.35707
1.35708
1.35709
1.35711
1.35713
1.35715
1.35716
1.35718
1.3572
1.35722
1.35724
1.35726
1.35728
1.35729
1.35731
1.35733
1.35735
1.35737
1.35739
1.35741
1.35743
1.35745
1.35747
1.35748
1.3575
1.35752
1.35754
1.35755
1.35757
1.35759
1.3576
1.35762
1.35763
1.35765
1.35766
1.35767
1.35769
1.3577
1.35771
1.35773
1.35774
1.35775
1.35776
1.35777
1.35778
1.35779
1.3578
1.35781
1.35782
1.35783
1.35783
1.35784
1.35785
1.35786
1.35787
1.35787
1.35787
1.35788
1.35789
1.3579
1.3579
1.3579
1.35791
1.35792
1.35792
1.35792
1.35792
1.35793
1.35793
1.35794
1.35794
1.35794
1.35795
1.35795
1.35795
1.35796
1.35796
1.35796
1.35797
1.35797
1.35797
1.35797
1.35797
1.35797
1.35798
1.35798
1.35797
1.35798
1.35798
1.35797
1.35797
1.35797
1.35797
1.35797
1.35797
1.35797
1.35797
1.35797
1.35797
1.35797
1.35796
1.35796
1.35796
1.35796
1.35796
1.35796
1.35795
1.35795
1.35795
1.35795
1.35794
1.35794
1.35794
1.35794
1.35794
1.35793
1.35793
1.35793
1.35793
1.35792
1.35792
1.35792
1.35792
1.35791
1.35791
1.35791
1.35791
1.35791
1.35791
1.35791
1.35791
1.3579
1.3579
1.3579
1.3579
1.3579
1.3579
1.35789
1.35789
1.35789
1.35789
1.35788
1.35788
1.35788
1.35788
1.35788
1.35787
1.35787
1.35787
1.35786
1.35786
1.35785
1.35785
1.35785
1.35784
1.35784
1.35784
1.35783
1.35783
1.35783
1.35782
1.35782
1.35782
1.35782
1.35781
1.35781
1.35781
1.35781
1.35781
1.35781
1.35781
1.35781
1.35781
1.3578
1.3578
1.3578
1.3578
1.3578
1.35779
1.35779
1.35779
1.35778
1.35778
1.35777
1.35777
1.35777
1.35777
1.35776
1.35776
1.35776
1.35775
1.35775
1.35775
1.35775
1.35774
1.35774
1.35774
1.35774
1.35773
1.35774
1.35773
1.35773
1.35772
1.35772
1.35772
1.35772
1.35771
1.35771
1.35771
1.3577
1.3577
1.3577
1.35769
1.35769
1.35769
1.35768
1.35768
1.35767
1.35767
1.35767
1.35767
1.35766
1.35766
1.35765
1.35765
1.35765
1.35764
1.35764
1.35764
1.35763
1.35763
1.35763
1.35763
1.35763
1.35763
1.35762
1.35762
1.35762
1.35761
1.35761
1.35761
1.35761
1.35761
1.35761
1.35761
1.35761
1.35761
1.3576
1.3576
1.3576
1.3576
1.3576
1.3576
1.3576
1.3576
1.3576
1.3576
1.35761
1.35761
1.35761
1.35761
1.35761
1.35761
1.35761
1.35761
1.35762
1.35762
1.35762
1.35762
1.35762
1.35762
1.35763
1.35763
1.35763
1.35763
1.35764
1.35764
1.35765
1.35765
1.35766
1.35766
1.35766
1.35767
1.35767
1.35767
1.35767
1.35768
1.35768
1.35769
1.35769
1.35769
1.3577
1.3577
1.35771
1.35771
1.35771
1.35772
1.35772
1.35773
1.35773
1.35774
1.35774
1.35774
1.35775
1.35775
1.35776
1.35776
1.35776
1.35777
1.35777
1.35778
1.35778
1.35779
1.35779
1.35779
1.35779
1.35779
1.35779
1.35779
1.35779
1.35779
1.35779
1.35779
1.35779
1.3578
1.3578
1.3578
1.3578
1.3578
1.3578
1.35779
1.35779
1.35779
1.35779
1.35779
1.35778
1.35778
1.35777
1.35777
1.35777
1.35777
1.35777
1.35776
1.35776
1.35776
1.35776
1.35775
1.35775
1.35775
1.35775
1.35774
1.35774
1.35774
1.35773
1.35774
1.35773
1.35773
1.35773
1.35773
1.35773
1.35772
1.35772
1.35772
1.35772
1.35771
1.35771
1.35771
1.35771
1.35771
1.35771
1.35771
1.35771
1.35771
1.35771
1.35771
1.35771
1.35771
1.35771
1.35771
1.35771
1.35771
1.35771
1.35771
1.35772
1.35772
1.35772
1.35772
1.35772
1.35773
1.35773
1.35773
1.35773
1.35774
1.35774
1.35774
1.35774
1.35774
1.35775
1.35775
1.35776
1.35776
1.35777
1.35777
1.35777
1.35777
1.35778
1.35778
1.35778
1.35779
1.35779
1.35779
1.35779
1.35779
1.3578
1.3578
1.3578
1.3578
1.35781
1.35781
1.35781
1.35781
1.35782
1.35782
1.35782
1.35782
1.35782
1.35782
1.35781
1.35781
1.35782
1.35782
1.35782
1.35782
1.35781
1.35781
1.35781
1.35781
1.35781
1.35781
1.35781
1.35781
1.3578
1.3578
1.3578
1.3578
1.3578
1.35779
1.35779
1.35779
1.35779
1.35779
1.35778
1.35778
1.35777
1.35777
1.35777
1.35776
1.35776
1.35775
1.35775
1.35774
1.35774
1.35773
1.35773
1.35772
1.35772
1.35771
1.35771
1.3577
1.3577
1.3577
1.35769
1.35769
1.35768
1.35768
1.35767
1.35767
1.35766
1.35766
1.35765
1.35765
1.35764
1.35763
1.35763
1.35763
1.35762
1.35762
1.35761
1.3576
1.35759
1.35759
1.35758
1.35758
1.35757
1.35756
1.35755
1.35755
1.35754
1.35754
1.35753
1.35753
1.35753
1.35752
1.35751
1.35751
1.3575
1.3575
1.35749
1.35749
1.35749
1.35748
1.35748
1.35748
1.35747
1.35747
1.35747
1.35746
1.35746
1.35746
1.35745
1.35745
1.35745
1.35745
1.35744
1.35744
1.35744
1.35744
1.35743
1.35743
1.35743
1.35742
1.35742
1.35742
1.35742
1.35742
1.35742
1.35742
1.35742
1.35742
1.35742
1.35742
1.35742
1.35742
1.35742
1.35743
1.35743
1.35744
1.35744
1.35744
1.35745
1.35745
1.35746
1.35746
1.35746
1.35746
1.35747
1.35747
1.35747
1.35747
1.35748
1.35748
1.35749
1.35749
1.35749
1.3575
1.35751
1.35751
1.35751
1.35752
1.35752
1.35753
1.35755
1.35755
1.35756
1.35757
1.35758
1.35759
1.3576
1.35761
1.35762
1.35762
1.35763
1.35764
1.35764
1.35765
1.35766
1.35767
1.35768
1.35769
1.3577
1.35771
1.35772
1.35773
1.35774
1.35775
1.35776
1.35777
1.35778
1.35779
1.3578
1.35781
1.35782
1.35783
1.35785
1.35785
1.35786
1.35787
1.35788
1.35789
1.3579
1.35791
1.35792
1.35793
1.35794
1.35795
1.35796
1.35797
1.35798
1.35799
1.358
1.358
1.35801
1.35802
1.35803
1.35803
1.35804
1.35804
1.35805
1.35805
1.35806
1.35807
1.35807
1.35808
1.35808
1.35809
1.35809
1.35809
1.3581
1.3581
1.3581
1.3581
1.3581
1.3581
1.3581
1.3581
1.3581
1.3581
1.3581
1.3581
1.3581
1.35809
1.35809
1.35809
1.35808
1.35808
1.35807
1.35807
1.35807
1.35806
1.35805
1.35805
1.35804
1.35803
1.35803
1.35802
1.35802
1.35801
1.35801
1.358
1.35799
1.35799
1.35798
1.35797
1.35796
1.35795
1.35794
1.35793
1.35793
1.35792
1.35791
1.3579
1.35789
1.35788
1.35787
1.35786
1.35785
1.35784
1.35783
1.35782
1.35781
1.3578
1.35779
1.35777
1.35776
1.35775
1.35774
1.35773
1.35771
1.3577
1.35769
1.35768
1.35767
1.35766
1.35765
1.35764
1.35762
1.35761
1.3576
1.35759
1.35758
1.35757
1.35756
1.35755
1.35754
1.35753
1.35753
1.35752
1.35751
1.35751
1.35751
1.35751
1.35751
1.3575
1.3575
1.3575
1.35751
1.35751
1.35751
1.35751
1.35752
1.35753
1.35753
1.35754
1.35756
1.35757
1.35758
1.3576
1.35761
1.35763
1.35765
1.35767
1.35769
1.35771
1.35773
1.35776
1.35778
1.35781
1.35783
1.35786
1.35789
1.35792
1.35795
1.35798
1.358
1.35803
1.35806
1.35809
1.35812
1.35815
1.35818
1.35821
1.35824
1.35826
1.35829
1.35832
1.35834
1.35837
1.35839
1.3584
1.35842
1.35844
1.35846
1.35847
1.35848
1.3585
1.35851
1.35851
1.35852
1.35852
1.35852
1.35852
1.35851
1.35851
1.3585
1.35848
1.35847
1.35846
1.35844
1.35842
1.3584
1.35838
1.35835
1.35832
1.35829
1.35826
1.35823
1.35819
1.35815
1.35812
1.35808
1.35804
1.358
1.35796
1.35792
1.35788
1.35784
1.3578
1.35776
1.35771
1.35767
1.35763
1.35759
1.35755
1.35751
1.35747
1.35743
1.3574
1.35737
1.35733
1.3573
1.35727
1.35724
1.35722
1.35719
1.35717
1.35714
1.35713
1.35711
1.35709
1.35707
1.35706
1.35704
1.35703
1.35702
1.35701
1.357
1.35699
1.35698
1.35698
1.35698
1.35697
1.35697
1.35697
1.35698
1.35698
1.35698
1.35698
1.35698
1.35698
1.35698
1.35699
1.35699
1.357
1.357
1.35701
1.35701
1.35702
1.35703
1.35704
1.35705
1.35706
1.35707
1.35708
1.35709
1.35711
1.35712
1.35713
1.35715
1.35716
1.35718
1.35719
1.35721
1.35722
1.35724
1.35726
1.35727
1.35729
1.35731
1.35732
1.35734
1.35736
1.35738
1.3574
1.35741
1.35743
1.35746
1.35748
1.3575
1.35752
1.35754
1.35755
1.35757
1.35759
1.3576
1.35762
1.35764
1.35766
1.35768
1.35769
1.3577
1.35772
1.35773
1.35775
1.35776
1.35777
1.35778
1.35779
1.3578
1.35781
1.35781
1.35782
1.35782
1.35782
1.35783
1.35783
1.35783
1.35783
1.35782
1.35782
1.35781
1.3578
1.3578
1.35779
1.35778
1.35777
1.35775
1.35774
1.35772
1.35771
1.35769
1.35768
1.35766
1.35764
1.35761
1.35759
1.35757
1.35755
1.35753
1.35751
1.35748
1.35746
1.35744
1.35741
1.35739
1.35737
1.35735
1.35733
1.35731
1.35729
1.35727
1.35725
1.35724
1.35722
1.3572
1.35719
1.35718
1.35717
1.35716
1.35715
1.35714
1.35713
1.35713
1.35712
1.35712
1.35712
1.35712
1.35712
1.35712
1.35712
1.35713
1.35713
1.35714
1.35715
1.35715
1.35716
1.35717
1.35718
1.35719
1.3572
1.35721
1.35723
1.35724
1.35725
1.35727
1.35728
1.35729
1.35731
1.35733
1.35735
1.35736
1.35738
1.3574
1.35742
1.35743
1.35745
1.35747
1.35749
1.35751
1.35753
1.35754
1.35756
1.35758
1.3576
1.35762
1.35764
1.35766
1.35767
1.35769
1.35771
1.35773
1.35774
1.35776
1.35777
1.35779
1.3578
1.35782
1.35783
1.35784
1.35786
1.35787
1.35788
1.35789
1.35791
1.35792
1.35793
1.35794
1.35794
1.35795
1.35796
1.35797
1.35797
1.35798
1.35799
1.35799
1.358
1.358
1.35801
1.35802
1.35802
1.35802
1.35802
1.35803
1.35803
1.35803
1.35804
1.35804
1.35804
1.35804
1.35804
1.35804
1.35804
1.35804
1.35804
1.35803
1.35803
1.35802
1.35802
1.35802
1.35801
1.35801
1.358
1.358
1.35799
1.35798
1.35798
1.35797
1.35796
1.35796
1.35795
1.35795
1.35794
1.35793
1.35792
1.3579
1.35789
1.35788
1.35787
1.35786
1.35785
1.35784
1.35783
1.35782
1.35781
1.3578
1.35779
1.35778
1.35777
1.35775
1.35775
1.35774
1.35773
1.35772
1.35771
1.35769
1.35768
1.35767
1.35766
1.35765
1.35764
1.35763
1.35761
1.3576
1.35759
1.35758
1.35757
1.35756
1.35755
1.35754
1.35754
1.35753
1.35752
1.35751
1.3575
1.35749
1.35748
1.35747
1.35746
1.35746
1.35745
1.35744
1.35743
1.35743
1.35743
1.35743
1.35742
1.35741
1.35741
1.3574
1.3574
1.35739
1.35739
1.35739
1.35738
1.35738
1.35738
1.35738
1.35738
1.35737
1.35737
1.35737
1.35736
1.35736
1.35736
1.35736
1.35737
1.35736
1.35736
1.35736
1.35736
1.35736
1.35736
1.35736
1.35736
1.35737
1.35737
1.35736
1.35737
1.35737
1.35737
1.35738
1.35738
1.35739
1.35739
1.35739
1.3574
1.3574
1.3574
1.35741
1.35741
1.35742
1.35742
1.35743
1.35743
1.35744
1.35744
1.35745
1.35745
1.35745
1.35746
1.35747
1.35747
1.35748
1.35749
1.35749
1.3575
1.3575
1.35751
1.35752
1.35752
1.35753
1.35754
1.35755
1.35755
1.35756
1.35756
1.35757
1.35758
1.35759
1.3576
1.35761
1.35761
1.35762
1.35763
1.35763
1.35764
1.35765
1.35766
1.35767
1.35768
1.35768
1.35769
1.35769
1.3577
1.35771
1.35772
1.35772
1.35773
1.35774
1.35775
1.35775
1.35776
1.35777
1.35778
1.35779
1.3578
1.3578
1.35781
1.35782
1.35783
1.35784
1.35784
1.35785
1.35786
1.35787
1.35788
1.35788
1.35789
1.3579
1.3579
1.35791
1.35792
1.35792
1.35793
1.35794
1.35795
1.35795
1.35796
1.35797
1.35798
1.35798
1.35799
1.358
1.35801
1.35801
1.35802
1.35803
1.35804
1.35804
1.35805
1.35806
1.35807
1.35808
1.35809
1.35809
1.3581
1.35811
1.35812
1.35813
1.35814
1.35815
1.35816
1.35817
1.35818
1.35818
1.3582
1.3582
1.35821
1.35822
1.35823
1.35824
1.35825
1.35826
1.35827
1.35828
1.35828
1.35829
1.3583
1.3583
1.35831
1.35831
1.35832
1.35833
1.35834
1.35835
1.35835
1.35836
1.35837
1.35837
1.35838
1.35838
1.35839
1.35839
1.3584
1.3584
1.35841
1.35841
1.35841
1.35842
1.35842
1.35842
1.35842
1.35843
1.35842
1.35843
1.35843
1.35843
1.35842
1.35842
1.35843
1.35842
1.35842
1.35842
1.35841
1.3584
1.35839
1.35838
1.35838
1.35837
1.35836
1.35835
1.35833
1.35832
1.35831
1.35829
1.35827
1.35826
1.35824
1.35822
1.35819
1.35817
1.35815
1.35812
1.35809
1.35807
1.35804
1.35801
1.35798
1.35795
1.35792
1.35789
1.35786
1.35783
1.35779
1.35776
1.35773
1.35769
1.35766
1.35762
1.35759
1.35756
1.35752
1.35749
1.35745
1.35742
1.35739
1.35735
1.35732
1.35729
1.35727
1.35724
1.35721
1.35718
1.35715
1.35713
1.3571
1.35708
1.35706
1.35704
1.35702
1.357
1.35698
1.35697
1.35695
1.35694
1.35693
1.35692
1.35691
1.3569
1.3569
1.35689
1.35689
1.35688
1.35688
1.35688
1.35688
1.35688
1.35689
1.35689
1.3569
1.3569
1.35691
1.35691
1.35691
1.35692
1.35693
1.35694
1.35695
1.35696
1.35696
1.35697
1.35698
1.35699
1.357
1.35702
1.35703
1.35704
1.35705
1.35706
1.35707
1.35708
1.35709
1.3571
1.35712
1.35713
1.35714
1.35715
1.35716
1.35717
1.35718
1.35719
1.3572
1.35721
1.35722
1.35724
1.35725
1.35726
1.35726
1.35727
1.35728
1.35729
1.3573
1.35731
1.35732
1.35732
1.35733
1.35734
1.35734
1.35735
1.35736
1.35736
1.35737
1.35738
1.35739
1.35739
1.3574
1.3574
1.35741
1.35741
1.35741
1.35742
1.35742
1.35743
1.35744
1.35744
1.35745
1.35745
1.35746
1.35746
1.35747
1.35748
1.35748
1.35749
1.35749
1.35749
1.3575
1.3575
1.35751
1.35751
1.35751
1.35752
1.35752
1.35753
1.35753
1.35753
1.35754
1.35754
1.35754
1.35754
1.35755
1.35755
1.35756
1.35756
1.35756
1.35756
1.35757
1.35757
1.35757
1.35758
1.35758
1.35758
1.35758
1.35759
1.35759
1.35759
1.3576
1.3576
1.35761
1.35761
1.35761
1.35762
1.35762
1.35762
1.35762
1.35762
1.35763
1.35762
1.35763
1.35763
1.35763
1.35763
1.35763
1.35764
1.35764
1.35764
1.35764
1.35764
1.35764
1.35764
1.35765
1.35765
1.35765
1.35765
1.35765
1.35765
1.35765
1.35765
1.35765
1.35765
1.35765
1.35765
1.35765
1.35765
1.35765
1.35765
1.35765
1.35765
1.35765
1.35765
1.35765
1.35765
1.35766
1.35766
1.35766
1.35766
1.35766
1.35766
1.35766
1.35766
1.35766
1.35766
1.35765
1.35765
1.35765
1.35765
1.35765
1.35765
1.35765
1.35765
1.35765
1.35765
1.35764
1.35764
1.35764
1.35764
1.35764
1.35764
1.35764
1.35764
1.35764
1.35764
1.35764
1.35764
1.35764
1.35764
1.35764
1.35764
1.35764
1.35764
1.35764
1.35763
1.35763
1.35763
1.35763
1.35763
1.35763
1.35763
1.35764
1.35764
1.35764
1.35764
1.35764
1.35764
1.35764
1.35763
1.35763
1.35763
1.35764
1.35764
1.35764
1.35764
1.35764
1.35764
1.35764
1.35765
1.35765
1.35765
1.35766
1.35766
1.35766
1.35766
1.35766
1.35766
1.35767
1.35767
1.35768
1.35767
1.35768
1.35768
1.35768
1.35769
1.35769
1.35769
1.3577
1.3577
1.3577
1.35771
1.35772
1.35773
1.35773
1.35774
1.35774
1.35775
1.35775
1.35776
1.35777
1.35778
1.35779
1.35779
1.3578
1.35781
1.35782
1.35783
1.35784
1.35785
1.35787
1.35788
1.35789
1.3579
1.35792
1.35794
1.35795
1.35797
1.35798
1.358
1.35802
1.35804
1.35807
1.35808
1.35811
1.35814
1.35816
1.35819
1.35821
1.35824
1.35827
1.3583
1.35833
1.35836
1.35839
1.35842
1.35845
1.35849
1.35853
1.35856
1.3586
1.35864
1.35868
1.35872
1.35876
1.3588
1.35884
1.35889
1.35893
1.35897
1.35901
1.35906
1.3591
1.35914
1.35917
1.35921
1.35925
1.35928
1.35932
1.35934
1.35937
1.3594
1.35942
1.35943
1.35945
1.35946
1.35946
1.35945
1.35944
1.35943
1.3594
1.35938
1.35934
1.3593
1.35926
1.3592
1.35914
1.35907
1.35899
1.35891
1.35882
1.35872
1.35862
1.35851
1.3584
1.35828
1.35816
1.35803
1.3579
1.35777
1.35764
1.3575
1.35737
1.35724
1.35711
1.35698
1.35685
1.35673
1.35661
1.3565
1.35639
1.35629
1.3562
1.35611
1.35603
1.35595
1.35588
1.35582
1.35577
1.35572
1.35569
1.35566
1.35563
1.35562
1.35561
1.35561
1.35561
1.35562
1.35563
1.35565
1.35568
1.3557
1.35574
1.35577
1.35581
1.35585
1.3559
1.35594
1.35599
1.35604
1.35609
1.35614
1.35619
1.35625
1.3563
1.35635
1.3564
1.35645
1.3565
1.35656
1.35661
1.35666
1.35672
1.35677
1.35681
1.35686
1.35691
1.35695
1.357
1.35704
1.35709
1.35713
1.35717
1.35721
1.35724
1.35728
1.35732
1.35735
1.35739
1.35742
1.35745
1.35748
1.35751
1.35753
1.35756
1.35759
1.35761
1.35764
1.35766
1.35768
1.3577
1.35772
1.35774
1.35776
1.35777
1.35779
1.35781
1.35782
1.35784
1.35785
1.35786
1.35787
1.35788
1.3579
1.35791
1.35792
1.35792
1.35793
1.35794
1.35795
1.35796
1.35796
1.35797
1.35797
1.35797
1.35798
1.35799
1.35799
1.35799
1.35799
1.35799
1.35799
1.35799
1.35799
1.35799
1.35799
1.35798
1.35798
1.35797
1.35797
1.35796
1.35796
1.35795
1.35795
1.35794
1.35793
1.35793
1.35792
1.35791
1.35791
1.3579
1.35789
1.35789
1.35788
1.35787
1.35786
1.35785
1.35784
1.35783
1.35782
1.35781
1.3578
1.35779
1.35778
1.35776
1.35776
1.35775
1.35774
1.35773
1.35772
1.35771
1.3577
1.35769
1.35768
1.35766
1.35765
1.35765
1.35764
1.35763
1.35762
1.35761
1.3576
1.35759
1.35759
1.35758
1.35757
1.35756
1.35756
1.35755
1.35754
1.35754
1.35753
1.35753
1.35752
1.35752
1.35751
1.35751
1.35751
1.3575
1.3575
1.3575
1.35749
1.35749
1.35749
1.35749
1.35748
1.35748
1.35748
1.35748
1.35748
1.35748
1.35749
1.35749
1.35749
1.35748
1.35749
1.35749
1.35749
1.35749
1.35749
1.35749
1.35749
1.3575
1.3575
1.3575
1.3575
1.3575
1.3575
1.3575
1.35751
1.35751
1.35751
1.35751
1.35751
1.35752
1.35752
1.35752
1.35752
1.35752
1.35752
1.35752
1.35752
1.35752
1.35752
1.35752
1.35752
1.35752
1.35752
1.35752
1.35752
1.35752
1.35752
1.35752
1.35752
1.35752
1.35752
1.35752
1.35752
1.35752
1.35752
1.35752
1.35752
1.35751
1.35751
1.35751
1.35751
1.3575
1.3575
1.3575
1.3575
1.3575
1.35749
1.35749
1.35749
1.35748
1.35748
1.35748
1.35747
1.35747
1.35747
1.35746
1.35746
1.35746
1.35746
1.35745
1.35745
1.35745
1.35744
1.35744
1.35744
1.35744
1.35744
1.35743
1.35743
1.35743
1.35743
1.35743
1.35742
1.35742
1.35742
1.35742
1.35741
1.35741
1.35741
1.35741
1.3574
1.3574
1.3574
1.3574
1.3574
1.3574
1.35739
1.35739
1.35739
1.35739
1.35739
1.35739
1.35739
1.35739
1.35739
1.35739
1.35739
1.35739
1.35739
1.35739
1.35739
1.35739
1.35739
1.35739
1.3574
1.3574
1.35739
1.35739
1.35739
1.35739
1.35739
1.3574
1.3574
1.3574
1.3574
1.35741
1.35741
1.35741
1.35741
1.35741
1.35741
1.35742
1.35742
1.35743
1.35743
1.35743
1.35744
1.35744
1.35744
1.35745
1.35745
1.35746
1.35747
1.35747
1.35747
1.35748
1.35748
1.35749
1.3575
1.35749
1.3575
1.3575
1.35751
1.35751
1.35751
1.35752
1.35752
1.35753
1.35753
1.35754
1.35754
1.35754
1.35755
1.35755
1.35755
1.35756
1.35756
1.35757
1.35757
1.35757
1.35758
1.35758
1.35758
1.35758
1.35758
1.35758
1.35758
1.35758
1.35758
1.35758
1.35758
1.35758
1.35758
1.35758
1.35757
1.35757
1.35757
1.35757
1.35756
1.35756
1.35755
1.35755
1.35754
1.35754
1.35753
1.35753
1.35752
1.35752
1.35751
1.35751
1.3575
1.35749
1.35748
1.35748
1.35747
1.35746
1.35745
1.35744
1.35743
1.35743
1.35742
1.3574
1.3574
1.35739
1.35738
1.35737
1.35736
1.35735
1.35734
1.35733
1.35732
1.35731
1.3573
1.35729
1.35728
1.35727
1.35726
1.35725
1.35724
1.35723
1.35722
1.35722
1.35721
1.3572
1.35719
1.35718
1.35718
1.35717
1.35716
1.35716
1.35715
1.35714
1.35714
1.35713
1.35713
1.35712
1.35712
1.35711
1.35711
1.35711
1.35711
1.35711
1.3571
1.3571
1.3571
1.3571
1.3571
1.3571
1.3571
1.3571
1.3571
1.3571
1.3571
1.3571
1.3571
1.3571
1.3571
1.3571
1.3571
1.3571
1.35711
1.35711
1.35712
1.35712
1.35712
1.35713
1.35713
1.35713
1.35714
1.35715
1.35715
1.35716
1.35716
1.35716
1.35716
1.35716
1.35717
1.35717
1.35718
1.35718
1.35719
1.35719
1.3572
1.3572
1.35721
1.35722
1.35722
1.35722
1.35723
1.35724
1.35724
1.35725
1.35725
1.35726
1.35726
1.35727
1.35727
1.35728
1.35728
1.35729
1.35729
1.3573
1.35731
1.35731
1.35732
1.35733
1.35733
1.35734
1.35735
1.35735
1.35736
1.35736
1.35737
1.35738
1.35738
1.35739
1.3574
1.3574
1.35741
1.35742
1.35742
1.35743
1.35744
1.35745
1.35746
1.35747
1.35747
1.35748
1.35748
1.35749
1.3575
1.35751
1.35752
1.35752
1.35753
1.35754
1.35755
1.35755
1.35756
1.35757
1.35757
1.35758
1.35759
1.35759
1.3576
1.35761
1.35761
1.35762
1.35763
1.35763
1.35764
1.35764
1.35765
1.35766
1.35766
1.35767
1.35767
1.35768
1.35769
1.35769
1.3577
1.3577
1.35771
1.35771
1.35772
1.35772
1.35773
1.35774
1.35774
1.35775
1.35775
1.35776
1.35776
1.35776
1.35777
1.35777
1.35778
1.35778
1.35779
1.35779
1.3578
1.3578
1.35781
1.35781
1.35781
1.35782
1.35782
1.35783
1.35783
1.35783
1.35783
1.35784
1.35784
1.35784
1.35784
1.35785
1.35785
1.35786
1.35787
1.35787
1.35788
1.35788
1.35789
1.35789
1.3579
1.3579
1.35791
1.35791
1.35792
1.35792
1.35793
1.35794
1.35794
1.35795
1.35796
1.35796
1.35797
1.35798
1.35799
1.358
1.35801
1.35801
1.35802
1.35803
1.35804
1.35804
1.35805
1.35806
1.35807
1.35808
1.35809
1.3581
1.35811
1.35812
1.35813
1.35815
1.35816
1.35816
1.35817
1.35819
1.3582
1.35821
1.35822
1.35823
1.35824
1.35825
1.35826
1.35827
1.35827
1.35828
1.35829
1.35829
1.3583
1.35831
1.35831
1.35831
1.35831
1.35832
1.35832
1.35832
1.35832
1.35832
1.35832
1.35832
1.35832
1.35831
1.35831
1.3583
1.35829
1.35828
1.35827
1.35826
1.35824
1.35823
1.35821
1.35819
1.35817
1.35815
1.35813
1.35811
1.35809
1.35806
1.35803
1.358
1.35797
1.35794
1.35791
1.35787
1.35784
1.3578
1.35777
1.35773
1.3577
1.35766
1.35762
1.35758
1.35755
1.35751
1.35748
1.35744
1.35741
1.35737
1.35734
1.35731
1.35728
1.35725
1.35722
1.35719
1.35716
1.35714
1.35712
1.35709
1.35707
1.35705
1.35704
1.35702
1.35701
1.357
1.35699
1.35699
1.35698
1.35697
1.35697
1.35697
1.35697
1.35697
1.35697
1.35697
1.35698
1.35698
1.35699
1.35701
1.35702
1.35703
1.35705
1.35706
1.35707
1.35709
1.3571
1.35712
1.35713
1.35715
1.35717
1.35719
1.3572
1.35722
1.35724
1.35726
1.35727
1.35729
1.35731
1.35733
1.35734
1.35736
1.35738
1.35739
1.35741
1.35742
1.35744
1.35745
1.35747
1.35748
1.35749
1.35751
1.35752
1.35753
1.35754
1.35755
1.35756
1.35756
1.35757
1.35758
1.35759
1.35759
1.3576
1.3576
1.35761
1.35761
1.35761
1.35762
1.35762
1.35762
1.35762
1.35762
1.35761
1.35762
1.35761
1.35761
1.35761
1.3576
1.3576
1.3576
1.35759
1.35758
1.35758
1.35757
1.35757
1.35756
1.35755
1.35754
1.35753
1.35752
1.35751
1.3575
1.35749
1.35749
1.35748
1.35747
1.35746
1.35745
1.35744
1.35743
1.35742
1.35741
1.3574
1.35738
1.35737
1.35736
1.35735
1.35733
1.35732
1.35731
1.3573
1.35729
1.35728
1.35728
1.35727
1.35726
1.35725
1.35724
1.35723
1.35723
1.35722
1.35721
1.3572
1.3572
1.35719
1.35718
1.35718
1.35717
1.35716
1.35716
1.35715
1.35715
1.35715
1.35715
1.35715
1.35714
1.35714
1.35714
1.35714
1.35714
1.35714
1.35714
1.35714
1.35714
1.35714
1.35714
1.35714
1.35714
1.35714
1.35715
1.35715
1.35715
1.35715
1.35716
1.35716
1.35717
1.35717
1.35717
1.35718
1.35718
1.35719
1.35719
1.3572
1.35721
1.35721
1.35722
1.35723
1.35724
1.35725
1.35725
1.35726
1.35727
1.35728
1.35729
1.35729
1.3573
1.35731
1.35732
1.35733
1.35733
1.35734
1.35735
1.35736
1.35737
1.35738
1.35739
1.35739
1.3574
1.35741
1.35742
1.35743
1.35743
1.35744
1.35745
1.35746
1.35747
1.35747
1.35748
1.35749
1.35749
1.3575
1.35751
1.35751
1.35752
1.35753
1.35753
1.35754
1.35755
1.35755
1.35756
1.35757
1.35757
1.35758
1.35759
1.35759
1.35759
1.3576
1.35761
1.35761
1.35762
1.35762
1.35762
1.35763
1.35763
1.35764
1.35764
1.35765
1.35765
1.35765
1.35766
1.35766
1.35766
1.35766
1.35767
1.35767
1.35767
1.35768
1.35768
