0.0584139
0.058371
0.0583248
0.0582748
0.0582214
0.0581641
0.0581038
0.0580404
0.0579735
0.0579033
0.05783
0.0577534
0.057674
0.0575917
0.0575067
0.0574187
0.0573278
0.0572345
0.0571387
0.0570404
0.0569397
0.0568366
0.0567312
0.0566238
0.0565143
0.0564031
0.0562898
0.0561749
0.0560579
0.0559396
0.0558194
0.0556977
0.0555745
0.0554497
0.0553239
0.0551969
0.0550683
0.0549388
0.0548084
0.054677
0.0545453
0.054412
0.0542785
0.0541444
0.0540097
0.0538745
0.0537391
0.0536031
0.0534667
0.0533304
0.0531936
0.0530566
0.0529197
0.0527827
0.0526457
0.0525091
0.0523722
0.0522357
0.0520995
0.0519634
0.051828
0.0516927
0.0515581
0.0514241
0.0512909
0.0511581
0.051026
0.0508946
0.0507643
0.0506345
0.0505059
0.0503779
0.0502509
0.0501249
0.05
0.0498762
0.0497535
0.049632
0.0495118
0.0493928
0.0492753
0.0491592
0.0490443
0.0489308
0.0488187
0.0487082
0.0485992
0.0484918
0.048386
0.0482818
0.0481794
0.0480789
0.0479796
0.0478824
0.0477871
0.0476936
0.0476019
0.0475122
0.0474245
0.047339
0.0472552
0.0471735
0.0470938
0.0470163
0.0469406
0.0468671
0.0467963
0.0467276
0.046661
0.0465964
0.0465343
0.0464745
0.0464171
0.0463624
0.0463097
0.0462594
0.0462115
0.0461661
0.0461234
0.0460829
0.0460449
0.0460097
0.0459768
0.0459465
0.0459187
0.0458936
0.0458708
0.0458509
0.0458337
0.0458188
0.045807
0.0457978
0.0457915
0.045788
0.045787
0.0457889
0.0457937
0.0458007
0.045811
0.045824
0.0458397
0.0458581
0.0458794
0.0459034
0.0459306
0.0459603
0.0459926
0.0460278
0.0460661
0.0461067
0.0461506
0.0461974
0.0462469
0.0462991
0.0463544
0.0464124
0.0464733
0.0465362
0.0466027
0.0466712
0.0467431
0.0468178
0.0468955
0.0469756
0.0470584
0.0471439
0.0472322
0.0473228
0.047416
0.0475118
0.04761
0.0477107
0.0478135
0.047919
0.0480268
0.0481368
0.0482491
0.0483633
0.0484801
0.0485989
0.0487197
0.0488422
0.0489665
0.0490924
0.04922
0.0493495
0.0494807
0.0496132
0.0497471
0.0498823
0.0500187
0.0501564
0.0502947
0.0504342
0.0505745
0.0507156
0.0508575
0.0509995
0.0511424
0.0512853
0.0514285
0.0515717
0.051715
0.0518579
0.0520008
0.0521431
0.0522852
0.0524268
0.0525674
0.0527077
0.0528468
0.0529848
0.053122
0.0532575
0.0533917
0.0535247
0.0536562
0.0537859
0.053914
0.0540401
0.0541643
0.0542867
0.0544067
0.0545245
0.0546399
0.054753
0.0548636
0.0549716
0.0550769
0.0551796
0.0552795
0.0553765
0.0554707
0.0555621
0.05565
0.0557349
0.0558169
0.0558955
0.0559711
0.0560435
0.0561129
0.0561787
0.0562412
0.0563003
0.0563561
0.0564084
0.0564574
0.0565029
0.0565452
0.0565838
0.056619
0.0566505
0.0566788
0.0567036
0.056725
0.056743
0.0567575
0.0567689
0.0567768
0.0567812
0.0567822
0.0567799
0.056774
0.0567651
0.0567532
0.0567375
0.0567189
0.0566972
0.0566723
0.0566444
0.0566134
0.0565791
0.0565422
0.0565023
0.0564596
0.0564143
0.0563657
0.056315
0.0562615
0.0562055
0.0561467
0.0560856
0.0560219
0.0559561
0.0558879
0.0558173
0.0557446
0.05567
0.0555931
0.0555143
0.0554337
0.0553512
0.055267
0.0551809
0.0550932
0.0550041
0.0549137
0.0548221
0.0547294
0.0546353
0.05454
0.054444
0.0543469
0.0542489
0.0541501
0.0540508
0.053951
0.0538504
0.0537493
0.0536479
0.0535462
0.053444
0.0533422
0.0532398
0.0531378
0.0530356
0.0529343
0.0528327
0.0527316
0.0526308
0.0525305
0.0524303
0.0523311
0.0522325
0.0521348
0.0520379
0.051942
0.0518465
0.0517525
0.0516593
0.0515678
0.0514775
0.0513884
0.0512999
0.0512132
0.051128
0.0510442
0.0509619
0.0508815
0.0508021
0.0507247
0.0506489
0.0505749
0.0505027
0.0504323
0.0503637
0.0502972
0.0502325
0.0501699
0.050109
0.0500502
0.0499932
0.0499384
0.0498858
0.0498353
0.0497869
0.0497406
0.0496965
0.0496546
0.0496149
0.0495774
0.0495422
0.0495092
0.0494784
0.0494499
0.0494236
0.0493996
0.0493779
0.0493585
0.0493414
0.0493263
0.0493132
0.0493031
0.0492949
0.0492889
0.0492852
0.0492839
0.049285
0.049288
0.0492935
0.0493013
0.049311
0.0493232
0.0493376
0.0493542
0.0493731
0.049394
0.0494175
0.0494427
0.0494699
0.0494992
0.0495306
0.0495638
0.0495996
0.0496373
0.0496767
0.0497184
0.0497617
0.049807
0.0498541
0.0499031
0.049954
0.0500068
0.0500615
0.0501176
0.0501757
0.0502357
0.0502971
0.0503599
0.050424
0.0504899
0.0505573
0.0506261
0.0506963
0.0507679
0.0508408
0.0509148
0.0509901
0.0510667
0.0511443
0.0512233
0.051303
0.0513838
0.0514653
0.0515476
0.0516313
0.051715
0.0517992
0.0518842
0.0519696
0.0520549
0.0521406
0.0522266
0.0523126
0.0523985
0.0524841
0.0525698
0.0526551
0.0527402
0.0528246
0.0529083
0.0529915
0.0530734
0.0531548
0.0532349
0.0533138
0.0533916
0.0534677
0.0535421
0.0536148
0.053686
0.0537554
0.0538227
0.0538882
0.0539515
0.0540123
0.054071
0.0541276
0.0541809
0.0542316
0.0542792
0.0543246
0.0543663
0.0544058
0.0544421
0.0544753
0.0545054
0.0545324
0.0545565
0.0545771
0.0545948
0.054609
0.0546203
0.0546282
0.0546334
0.054635
0.0546335
0.0546292
0.0546217
0.0546117
0.0545984
0.0545823
0.0545633
0.0545421
0.0545179
0.0544916
0.0544627
0.0544319
0.054399
0.0543641
0.0543274
0.0542895
0.0542496
0.0542082
0.0541655
0.0541219
0.0540771
0.0540313
0.0539851
0.053938
0.0538905
0.0538426
0.0537942
0.053746
0.0536981
0.0536501
0.0536022
0.0535549
0.0535079
0.0534617
0.0534162
0.0533716
0.0533278
0.0532851
0.0532433
0.0532027
0.0531633
0.0531251
0.0530883
0.0530527
0.0530186
0.0529856
0.0529543
0.0529244
0.052896
0.0528691
0.0528437
0.0528196
0.0527968
0.0527757
0.0527557
0.0527373
0.0527203
0.0527045
0.0526901
0.0526767
0.0526647
0.0526535
0.0526437
0.0526339
0.0526254
0.0526176
0.0526105
0.0526044
0.0525981
0.0525925
0.0525871
0.0525817
0.0525769
0.0525721
0.0525671
0.0525617
0.0525561
0.0525504
0.0525438
0.0525364
0.0525282
0.0525194
0.0525097
0.0524993
0.0524875
0.0524745
0.0524602
0.0524445
0.0524274
0.0524087
0.0523885
0.052366
0.0523423
0.0523168
0.0522896
0.0522603
0.052229
0.0521962
0.0521608
0.0521233
0.0520835
0.0520417
0.0519979
0.0519521
0.0519038
0.0518532
0.0518007
0.051746
0.0516892
0.0516305
0.0515694
0.0515064
0.0514416
0.0513745
0.0513058
0.051235
0.0511624
0.051088
0.051012
0.0509344
0.0508555
0.0507748
0.0506928
0.0506095
0.050525
0.0504391
0.0503524
0.0502651
0.0501766
0.0500874
0.0499974
0.049907
0.0498163
0.0497249
0.0496333
0.0495418
0.0494499
0.0493577
0.0492659
0.0491748
0.0490835
0.0489923
0.0489018
0.0488116
0.0487223
0.0486339
0.0485461
0.0484592
0.0483732
0.0482883
0.0482044
0.048122
0.0480405
0.0479604
0.0478813
0.047804
0.0477281
0.0476537
0.0475809
0.0475098
0.0474403
0.0473725
0.0473063
0.047242
0.0471799
0.0471193
0.0470609
0.047004
0.0469491
0.0468963
0.0468454
0.0467965
0.0467494
0.0467046
0.046662
0.0466212
0.0465827
0.0465459
0.0465113
0.0464786
0.046448
0.0464194
0.0463929
0.0463684
0.0463459
0.0463253
0.046307
0.0462905
0.0462759
0.0462634
0.0462527
0.0462441
0.0462371
0.046232
0.0462289
0.0462277
0.0462278
0.0462299
0.0462338
0.0462393
0.0462464
0.0462553
0.0462659
0.046278
0.0462918
0.0463071
0.0463242
0.0463429
0.0463627
0.0463838
0.0464065
0.0464304
0.0464559
0.0464828
0.0465112
0.0465409
0.0465717
0.0466039
0.0466365
0.046671
0.0467068
0.0467437
0.0467819
0.046821
0.0468613
0.0469026
0.046945
0.0469888
0.0470334
0.047079
0.0471259
0.0471737
0.0472224
0.0472722
0.0473233
0.0473751
0.047428
0.0474819
0.0475368
0.0475928
0.04765
0.0477078
0.0477667
0.0478269
0.0478881
0.0479505
0.048014
0.0480786
0.0481443
0.0482115
0.0482796
0.048349
0.0484188
0.0484904
0.0485633
0.0486373
0.0487134
0.0487906
0.0488692
0.0489493
0.0490308
0.0491141
0.0491987
0.0492852
0.0493727
0.0494622
0.0495531
0.049646
0.0497407
0.0498371
0.0499356
0.0500355
0.0501375
0.0502413
0.0503469
0.0504548
0.0505647
0.0506769
0.0507911
0.0509072
0.0510254
0.0511457
0.0512683
0.0513926
0.0515195
0.0516484
0.0517793
0.0519124
0.0520471
0.0521845
0.0523239
0.0524653
0.0526088
0.0527543
0.0529017
0.053051
0.0532022
0.0533552
0.0535099
0.0536662
0.0538241
0.0539835
0.0541443
0.0543059
0.0544691
0.0546334
0.0547987
0.0549648
0.0551318
0.0552991
0.0554668
0.0556345
0.0558025
0.0559704
0.0561381
0.0563051
0.0564714
0.056637
0.0568018
0.0569651
0.0571276
0.0572882
0.0574472
0.057604
0.0577586
0.0579103
0.0580598
0.0582065
0.0583499
0.0584903
0.0586272
0.0587605
0.05889
0.0590154
0.0591367
0.0592535
0.0593658
0.0594732
0.0595759
0.0596732
0.0597655
0.0598528
0.0599347
0.0600112
0.0600822
0.0601471
0.0602065
0.0602598
0.0603075
0.0603494
0.060385
0.0604149
0.0604389
0.060457
0.0604691
0.0604756
0.060476
0.0604703
0.0604592
0.0604424
0.0604202
0.0603924
0.0603593
0.060321
0.0602773
0.060229
0.0601753
0.0601168
0.060054
0.0599863
0.0599141
0.0598384
0.0597581
0.0596738
0.0595856
0.0594942
0.0593994
0.0593013
0.0591999
0.0590958
0.0589888
0.0588794
0.0587675
0.0586534
0.058537
0.0584189
0.0582992
0.0581781
0.058055
0.0579306
0.057805
0.0576783
0.0575508
0.0574224
0.0572939
0.0571646
0.0570346
0.0569041
0.0567737
0.0566433
0.0565129
0.0563826
0.0562524
0.0561228
0.0559936
0.055865
0.055737
0.0556098
0.0554833
0.0553577
0.0552331
0.0551094
0.0549869
0.0548657
0.0547458
0.0546269
0.0545093
0.0543931
0.0542784
0.0541648
0.0540526
0.0539427
0.0538341
0.0537272
0.053622
0.0535185
0.053417
0.0533168
0.0532187
0.0531224
0.053028
0.0529355
0.0528447
0.0527559
0.0526693
0.0525846
0.0525023
0.0524215
0.052343
0.0522665
0.0521917
0.0521193
0.0520492
0.0519815
0.0519157
0.0518521
0.0517907
0.0517315
0.0516745
0.0516198
0.0515673
0.0515171
0.0514695
0.0514239
0.0513806
0.0513397
0.0513011
0.0512649
0.0512311
0.0511997
0.0511709
0.0511444
0.0511203
0.0510987
0.0510794
0.051063
0.051049
0.0510378
0.0510292
0.0510229
0.0510193
0.0510183
0.05102
0.0510244
0.0510316
0.0510417
0.0510544
0.0510699
0.0510885
0.0511097
0.0511335
0.0511605
0.0511905
0.0512234
0.0512594
0.0512984
0.0513402
0.0513854
0.0514339
0.0514853
0.05154
0.0515979
0.051659
0.0517234
0.0517912
0.0518623
0.0519372
0.0520151
0.0520964
0.0521813
0.0522696
0.0523614
0.0524566
0.0525556
0.0526585
0.0527648
0.0528748
0.0529885
0.0531058
0.053227
0.0533521
0.0534808
0.0536133
0.0537499
0.05389
0.0540341
0.0541819
0.0543339
0.0544895
0.0546489
0.0548123
0.0549792
0.0551503
0.0553252
0.0555036
0.0556859
0.0558725
0.0560628
0.0562566
0.0564541
0.0566554
0.0568599
0.0570682
0.0572799
0.0574948
0.0577131
0.0579349
0.0581598
0.0583878
0.0586191
0.058853
0.0590897
0.059329
0.0595709
0.0598153
0.0600621
0.0603104
0.0605612
0.0608134
0.0610673
0.0613224
0.0615784
0.0618358
0.0620941
0.0623527
0.0626123
0.062872
0.0631311
0.0633906
0.0636494
0.0639074
0.0641645
0.0644203
0.0646747
0.0649273
0.0651779
0.0654263
0.0656723
0.0659152
0.0661552
0.0663921
0.0666259
0.0668554
0.0670813
0.0673028
0.0675202
0.067733
0.0679415
0.0681446
0.0683426
0.0685357
0.068723
0.0689044
0.0690803
0.0692505
0.0694147
0.069573
0.0697249
0.0698707
0.0700107
0.0701444
0.070272
0.0703934
0.0705087
0.0706176
0.0707207
0.0708178
0.0709091
0.0709945
0.0710742
0.0711484
0.071217
0.0712807
0.0713389
0.0713921
0.0714405
0.0714842
0.0715235
0.0715584
0.0715892
0.0716161
0.0716393
0.071659
0.0716753
0.0716885
0.0716988
0.0717063
0.0717113
0.0717139
0.0717144
0.0717129
0.0717096
0.0717046
0.0716982
0.0716905
0.0716817
0.0716718
0.0716612
0.07165
0.0716381
0.0716256
0.0716128
0.0715998
0.0715864
0.0715732
0.0715598
0.0715468
0.0715339
0.0715213
0.0715088
0.0714968
0.0714852
0.0714744
0.0714637
0.0714535
0.0714441
0.071435
0.0714265
0.0714185
0.0714108
0.0714041
0.0713978
0.0713925
0.0713874
0.0713827
0.0713788
0.0713753
0.0713719
0.0713692
0.0713669
0.0713653
0.071364
0.071363
0.0713624
0.0713623
0.0713627
0.0713632
0.0713641
0.0713655
0.0713668
0.0713686
0.0713707
0.0713731
0.0713757
0.0713784
0.0713815
0.0713846
0.0713887
0.0713922
0.0713962
0.0714005
0.0714043
0.0714087
0.0714131
0.0714177
0.0714222
0.0714267
0.0714311
0.0714357
0.0714398
0.0714441
0.0714476
0.0714504
0.0714529
0.0714548
0.0714559
0.071456
0.0714552
0.0714532
0.0714498
0.0714448
0.0714382
0.0714298
0.0714191
0.071406
0.0713903
0.0713717
0.07135
0.071325
0.0712962
0.0712631
0.071226
0.0711844
0.0711382
0.0710869
0.0710302
0.0709682
0.0708996
0.0708251
0.0707436
0.0706555
0.0705605
0.0704581
0.070348
0.07023
0.0701045
0.0699703
0.0698276
0.0696766
0.0695167
0.0693485
0.0691712
0.0689852
0.0687908
0.0685873
0.0683752
0.0681546
0.0679254
0.0676879
0.0674422
0.0671884
0.0669269
0.0666578
0.0663814
0.0660981
0.065808
0.0655116
0.0652092
0.0649009
0.0645876
0.0642694
0.0639469
0.0636201
0.0632896
0.0629559
0.062619
0.06228
0.0619391
0.0615963
0.0612523
0.0609075
0.0605625
0.0602169
0.0598718
0.0595274
0.0591839
0.0588418
0.0585012
0.0581627
0.0578261
0.0574919
0.057161
0.0568329
0.056508
0.0561864
0.0558685
0.0555544
0.0552441
0.0549376
0.0546358
0.0543387
0.0540458
0.0537575
0.0534739
0.053195
0.052921
0.0526516
0.0523876
0.0521283
0.051874
0.0516247
0.0513804
0.0511411
0.050907
0.0506778
0.0504537
0.0502344
0.05002
0.0498105
0.0496059
0.049406
0.0492113
0.0490211
0.0488356
0.0486548
0.0484787
0.0483069
0.0481396
0.0479767
0.0478186
0.0476645
0.047515
0.0473698
0.0472288
0.0470919
0.0469591
0.0468304
0.0467057
0.0465846
0.046468
0.0463551
0.0462461
0.0461405
0.0460386
0.0459404
0.0458455
0.0457549
0.0456673
0.0455832
0.0455022
0.0454251
0.0453511
0.0452803
0.0452131
0.0451486
0.0450875
0.0450295
0.0449746
0.0449228
0.0448744
0.0448286
0.0447858
0.0447459
0.0447088
0.0446746
0.0446433
0.0446148
0.0445892
0.0445657
0.0445454
0.0445277
0.044513
0.0445006
0.0444908
0.0444836
0.0444789
0.0444767
0.0444768
0.0444796
0.0444847
0.0444923
0.0445022
0.0445144
0.0445289
0.0445455
0.0445643
0.0445855
0.0446089
0.0446344
0.0446625
0.0446922
0.0447239
0.044758
0.0447937
0.0448312
0.0448706
0.0449118
0.044955
0.045
0.0450462
0.045094
0.0451434
0.0451945
0.0452472
0.045301
0.0453564
0.0454132
0.0454712
0.0455306
0.045591
0.0456523
0.0457147
0.0457781
0.0458425
0.045907
0.0459727
0.0460392
0.0461061
0.0461733
0.0462411
0.0463094
0.0463778
0.0464461
0.0465147
0.0465831
0.0466512
0.0467193
0.0467874
0.0468552
0.046923
0.0469898
0.047056
0.0471212
0.0471857
0.0472493
0.0473121
0.047374
0.0474344
0.0474939
0.047552
0.0476088
0.0476641
0.0477177
0.0477699
0.0478203
0.0478691
0.0479157
0.0479607
0.0480038
0.048045
0.048084
0.0481211
0.0481558
0.0481882
0.0482184
0.0482463
0.0482716
0.0482953
0.0483161
0.048335
0.048351
0.0483645
0.0483754
0.0483843
0.0483906
0.0483943
0.0483955
0.0483944
0.0483912
0.0483853
0.0483769
0.0483664
0.0483534
0.0483384
0.0483212
0.0483018
0.0482801
0.0482563
0.048231
0.0482035
0.0481744
0.048143
0.0481099
0.0480752
0.0480388
0.048001
0.0479616
0.047921
0.0478788
0.0478356
0.0477913
0.0477459
0.0476995
0.0476522
0.0476043
0.0475554
0.0475058
0.0474556
0.047405
0.0473536
0.0473021
0.0472506
0.0471986
0.0471465
0.0470944
0.0470423
0.0469903
0.0469385
0.0468871
0.0468361
0.0467852
0.0467348
0.0466847
0.0466358
0.0465869
0.0465389
0.0464919
0.0464455
0.0464002
0.0463556
0.046312
0.0462695
0.046228
0.0461874
0.0461485
0.0461106
0.0460735
0.0460382
0.0460042
0.0459719
0.0459405
0.0459107
0.0458825
0.045856
0.045831
0.0458076
0.0457855
0.0457657
0.0457471
0.0457303
0.0457155
0.0457026
0.0456914
0.0456821
0.0456749
0.0456694
0.0456655
0.0456638
0.0456639
0.0456662
0.0456708
0.0456771
0.0456853
0.0456962
0.0457088
0.0457232
0.0457403
0.0457594
0.0457805
0.0458038
0.0458293
0.0458569
0.0458866
0.0459189
0.0459533
0.0459899
0.0460288
0.04607
0.0461135
0.0461595
0.0462076
0.046258
0.0463105
0.0463656
0.0464231
0.0464829
0.0465451
0.0466097
0.0466766
0.0467459
0.0468177
0.0468918
0.0469683
0.0470472
0.0471285
0.0472122
0.0472984
0.0473867
0.0474774
0.0475707
0.0476664
0.0477648
0.0478653
0.0479684
0.0480739
0.0481816
0.0482918
0.0484042
0.0485189
0.0486357
0.0487548
0.0488764
0.0489999
0.0491261
0.0492546
0.0493851
0.0495183
0.0496534
0.0497905
0.0499295
0.0500712
0.0502149
0.0503608
0.0505087
0.0506586
0.0508106
0.0509645
0.0511204
0.0512783
0.0514378
0.0515993
0.0517628
0.051928
0.0520947
0.0522635
0.0524339
0.0526057
0.0527794
0.0529547
0.0531315
0.0533101
0.0534898
0.0536713
0.053854
0.054038
0.0542234
0.0544096
0.0545973
0.0547863
0.0549766
0.0551683
0.0553609
0.0555541
0.0557488
0.055945
0.0561417
0.0563394
0.0565377
0.0567371
0.0569376
0.0571386
0.0573405
0.0575428
0.0577461
0.0579501
0.0581548
0.0583606
0.0585665
0.058773
0.05898
0.0591876
0.0593957
0.0596046
0.0598139
0.0600234
0.0602333
0.0604436
0.0606543
0.0608653
0.0610764
0.0612881
0.0615003
0.0617125
0.0619249
0.0621375
0.0623505
0.0625632
0.0627762
0.0629896
0.0632027
0.0634156
0.0636287
0.0638418
0.0640547
0.0642674
0.0644797
0.0646917
0.0649036
0.0651151
0.0653262
0.0655367
0.0657466
0.0659561
0.0661646
0.066372
0.0665786
0.0667843
0.0669887
0.0671917
0.0673935
0.0675939
0.0677924
0.0679893
0.0681846
0.0683774
0.0685687
0.068757
0.0689427
0.069126
0.0693062
0.0694838
0.069658
0.0698288
0.069996
0.0701592
0.0703179
0.0704731
0.070624
0.0707699
0.0709113
0.0710476
0.0711787
0.0713044
0.0714241
0.0715381
0.0716463
0.0717479
0.0718431
0.0719315
0.072013
0.0720875
0.0721546
0.0722144
0.0722665
0.0723108
0.0723472
0.0723756
0.0723956
0.0724075
0.0724108
0.0724059
0.0723922
0.07237
0.0723395
0.0723003
0.0722521
0.0721952
0.0721296
0.0720553
0.0719724
0.0718809
0.0717808
0.0716723
0.0715555
0.0714309
0.0712977
0.0711566
0.0710076
0.0708509
0.0706865
0.070515
0.0703361
0.0701507
0.0699583
0.0697591
0.0695538
0.0693425
0.069125
0.0689023
0.0686739
0.0684403
0.0682018
0.0679588
0.0677111
0.0674592
0.0672032
0.0669434
0.0666804
0.0664136
0.0661439
0.0658714
0.065596
0.0653185
0.0650383
0.0647567
0.0644737
0.0641887
0.0639024
0.0636149
0.0633264
0.0630378
0.062748
0.0624577
0.0621672
0.0618766
0.0615861
0.0612958
0.0610059
0.0607166
0.0604279
0.0601398
0.0598524
0.0595666
0.0592819
0.0589986
0.0587167
0.0584364
0.0581577
0.0578808
0.0576058
0.0573327
0.0570614
0.0567924
0.0565257
0.0562612
0.0559989
0.0557393
0.0554821
0.0552275
0.0549753
0.0547261
0.0544795
0.0542358
0.0539949
0.0537573
0.0535222
0.0532901
0.0530605
0.0528344
0.0526116
0.0523914
0.0521748
0.051961
0.05175
0.0515426
0.0513384
0.0511375
0.0509394
0.0507449
0.0505538
0.0503657
0.0501808
0.0499992
0.0498205
0.0496453
0.0494734
0.0493046
0.049139
0.0489767
0.0488175
0.0486617
0.0485089
0.0483591
0.0482125
0.048069
0.0479286
0.0477912
0.0476571
0.0475258
0.0473975
0.0472719
0.0471497
0.0470301
0.0469135
0.0468
0.0466895
0.0465816
0.0464759
0.0463733
0.0462733
0.0461761
0.0460812
0.0459892
0.0458997
0.0458128
0.0457284
0.0456465
0.045567
0.04549
0.045415
0.0453427
0.0452726
0.0452048
0.0451391
0.0450757
0.0450145
0.0449554
0.0448987
0.0448435
0.0447908
0.0447401
0.0446914
0.0446443
0.0445989
0.0445555
0.0445137
0.0444739
0.0444359
0.0443993
0.0443648
0.0443317
0.0443
0.0442701
0.0442416
0.0442147
0.0441892
0.0441651
0.0441428
0.0441212
0.0441011
0.0440823
0.0440647
0.0440484
0.0440331
0.044019
0.0440063
0.0439941
0.0439837
0.0439738
0.0439648
0.0439567
0.0439498
0.0439435
0.043938
0.0439336
0.0439299
0.0439266
0.0439241
0.0439222
0.043921
0.0439203
0.0439202
0.0439206
0.0439215
0.0439233
0.0439249
0.043927
0.0439294
0.043932
0.0439352
0.0439387
0.0439424
0.0439463
0.0439504
0.0439547
0.0439589
0.0439636
0.0439682
0.0439728
0.0439772
0.0439816
0.0439867
0.0439912
0.0439957
0.0440003
0.0440045
0.0440088
0.0440127
0.0440166
0.04402
0.0440233
0.0440262
0.0440289
0.0440315
0.0440335
0.0440352
0.0440366
0.0440376
0.0440381
0.0440381
0.0440379
0.0440372
0.0440365
0.044035
0.0440329
0.0440304
0.0440272
0.0440237
0.0440197
0.0440152
0.0440102
0.0440044
0.0439983
0.0439919
0.0439843
0.0439767
0.0439689
0.0439602
0.0439509
0.0439411
0.0439308
0.04392
0.0439086
0.0438967
0.0438843
0.0438714
0.043858
0.0438442
0.0438298
0.0438152
0.0438
0.0437838
0.0437677
0.0437511
0.0437339
0.0437166
0.0436987
0.0436806
0.0436623
0.0436441
0.0436251
0.0436058
0.0435863
0.0435666
0.0435466
0.0435265
0.0435062
0.0434858
0.0434648
0.0434441
0.0434234
0.0434027
0.043382
0.0433613
0.0433406
0.04332
0.0432995
0.0432792
0.0432592
0.0432393
0.0432198
0.0432001
0.0431809
0.0431621
0.0431438
0.0431258
0.0431082
0.043091
0.0430744
0.0430581
0.0430428
0.043028
0.0430138
0.0430001
0.0429873
0.0429754
0.0429643
0.0429541
0.0429445
0.042936
0.0429287
0.0429222
0.042917
0.0429133
0.0429105
0.042909
0.0429088
0.04291
0.0429126
0.0429166
0.0429222
0.0429297
0.0429385
0.0429493
0.0429614
0.0429755
0.0429918
0.0430099
0.0430299
0.0430521
0.0430763
0.0431026
0.0431316
0.043163
0.0431968
0.0432333
0.0432724
0.0433142
0.0433586
0.0434062
0.0434568
0.0435103
0.0435672
0.0436275
0.0436911
0.0437583
0.0438289
0.0439034
0.0439818
0.0440641
0.0441507
0.0442415
0.0443367
0.0444357
0.0445396
0.0446481
0.0447615
0.0448795
0.0450028
0.0451316
0.0452654
0.0454046
0.0455494
0.0456997
0.0458559
0.0460179
0.0461862
0.0463605
0.0465412
0.0467282
0.0469217
0.0471217
0.0473284
0.0475417
0.0477618
0.0479888
0.0482225
0.0484636
0.0487112
0.0489658
0.049227
0.0494947
0.0497694
0.0500507
0.0503382
0.0506323
0.0509325
0.0512387
0.0515506
0.0518678
0.0521902
0.0525173
0.052849
0.0531843
0.0535229
0.0538649
0.054209
0.0545549
0.0549019
0.0552493
0.0555965
0.0559428
0.0562871
0.0566287
0.0569667
0.0573003
0.0576287
0.0579505
0.0582652
0.0585714
0.0588683
0.0591548
0.0594301
0.0596931
0.0599431
0.0601788
0.0603993
0.0606037
0.0607913
0.0609614
0.0611129
0.0612459
0.0613589
0.0614518
0.0615242
0.061576
0.0616069
0.0616162
0.061604
0.0615707
0.0615163
0.0614406
0.0613442
0.061227
0.0610901
0.0609338
0.0607586
0.0605652
0.0603543
0.0601265
0.0598825
0.0596241
0.0593516
0.0590659
0.058768
0.0584589
0.0581398
0.0578109
0.057474
0.05713
0.0567796
0.0564235
0.0560628
0.0556985
0.0553314
0.0549622
0.0545918
0.0542209
0.0538502
0.0534799
0.0531115
0.0527449
0.0523808
0.0520201
0.0516629
0.0513093
0.0509603
0.0506159
0.0502764
0.0499422
0.0496135
0.0492901
0.0489726
0.0486609
0.0483554
0.0480561
0.0477628
0.0474758
0.0471953
0.0469214
0.0466526
0.046391
0.0461357
0.0458865
0.0456436
0.0454069
0.0451762
0.0449515
0.0447325
0.0445195
0.0443117
0.0441099
0.0439138
0.0437231
0.043538
0.0433579
0.0431829
0.043013
0.042848
0.0426876
0.0425321
0.0423813
0.0422352
0.0420933
0.0419556
0.0418223
0.0416931
0.0415683
0.0414472
0.0413301
0.0412167
0.0411073
0.0410014
0.040899
0.0408002
0.0407046
0.0406125
0.0405241
0.0404387
0.0403562
0.0402771
0.0402011
0.0401276
0.0400576
0.0399907
0.0399265
0.0398652
0.0398066
0.0397507
0.0396978
0.0396473
0.0395995
0.0395542
0.0395114
0.0394712
0.0394335
0.0393982
0.0393653
0.0393348
0.0393066
0.0392808
0.0392572
0.0392357
0.0392164
0.0391995
0.0391849
0.0391723
0.0391619
0.0391536
0.0391474
0.0391432
0.0391413
0.0391414
0.0391434
0.0391467
0.0391524
0.03916
0.0391697
0.0391808
0.0391937
0.0392089
0.0392257
0.0392442
0.0392646
0.0392866
0.0393104
0.0393359
0.0393626
0.0393909
0.039421
0.0394525
0.0394854
0.0395202
0.0395564
0.0395938
0.0396327
0.0396732
0.0397149
0.0397582
0.0398031
0.0398485
0.0398958
0.0399443
0.039994
0.0400452
0.0400974
0.0401507
0.0402052
0.0402608
0.0403175
0.0403755
0.0404343
0.040494
0.0405546
0.0406165
0.0406794
0.0407432
0.0408076
0.040873
0.0409396
0.041007
0.0410752
0.0411443
0.0412145
0.0412852
0.041357
0.0414292
0.0415023
0.0415763
0.0416509
0.0417261
0.0418021
0.0418788
0.0419564
0.0420345
0.042113
0.0421925
0.0422726
0.0423531
0.0424346
0.0425167
0.0425995
0.0426829
0.042767
0.0428515
0.0429371
0.0430227
0.0431095
0.0431969
0.0432848
0.0433736
0.0434631
0.0435533
0.0436442
0.0437358
0.0438279
0.0439208
0.0440147
0.044109
0.0442044
0.0443006
0.0443976
0.0444954
0.0445938
0.0446933
0.0447937
0.0448949
0.044997
0.0451
0.045204
0.0453089
0.0454147
0.0455213
0.0456294
0.0457382
0.0458475
0.0459581
0.04607
0.0461827
0.0462968
0.0464119
0.0465286
0.0466464
0.0467648
0.0468841
0.0470049
0.0471267
0.0472498
0.047374
0.0474996
0.0476261
0.0477538
0.0478827
0.0480128
0.0481441
0.0482766
0.04841
0.0485448
0.0486806
0.0488178
0.0489561
0.0490956
0.049236
0.0493777
0.0495206
0.0496646
0.0498096
0.0499557
0.0501029
0.0502511
0.0504002
0.0505504
0.0507015
0.0508535
0.0510064
0.0511601
0.0513147
0.0514702
0.0516263
0.0517831
0.0519403
0.0520984
0.052257
0.052416
0.0525756
0.0527357
0.0528964
0.0530572
0.0532183
0.0533796
0.0535413
0.0537031
0.0538648
0.0540264
0.054188
0.0543495
0.0545101
0.0546716
0.0548328
0.0549932
0.0551532
0.0553127
0.0554712
0.0556293
0.055787
0.0559437
0.0560999
0.0562552
0.0564096
0.0565631
0.0567156
0.056867
0.0570174
0.0571665
0.0573145
0.0574612
0.0576066
0.0577507
0.0578937
0.058035
0.0581748
0.0583132
0.0584501
0.0585855
0.0587193
0.0588516
0.0589825
0.0591116
0.0592392
0.0593651
0.0594891
0.0596118
0.0597329
0.0598527
0.0599706
0.060087
0.0602018
0.0603151
0.0604274
0.0605377
0.0606463
0.060754
0.0608598
0.0609645
0.0610679
0.0611698
0.0612712
0.0613709
0.0614695
0.0615667
0.0616631
0.0617586
0.0618533
0.0619469
0.0620396
0.0621315
0.0622227
0.0623127
0.0624023
0.0624916
0.0625802
0.0626681
0.0627556
0.0628429
0.0629297
0.063016
0.0631023
0.0631882
0.0632739
0.0633595
0.063445
0.0635307
0.0636158
0.0637007
0.0637856
0.0638704
0.0639551
0.0640393
0.0641239
0.0642085
0.0642931
0.0643774
0.0644621
0.0645464
0.0646305
0.0647149
0.0647992
0.0648834
0.0649675
0.0650512
0.0651348
0.0652185
0.0653021
0.0653852
0.0654683
0.0655511
0.0656337
0.0657161
0.0657981
0.0658795
0.0659608
0.0660417
0.0661222
0.0662023
0.066282
0.0663611
0.0664401
0.0665183
0.066596
0.0666731
0.0667498
0.0668256
0.0669009
0.0669759
0.0670503
0.0671245
0.0671978
0.0672706
0.0673428
0.0674145
0.0674857
0.0675565
0.0676265
0.0676961
0.0677651
0.0678335
0.0679018
0.0679697
0.0680369
0.0681039
0.0681705
0.0682368
0.0683027
0.0683683
0.0684335
0.0684983
0.0685631
0.068627
0.0686911
0.0687545
0.0688176
0.0688797
0.0689419
0.0690037
0.0690646
0.0691253
0.0691852
0.0692448
0.069303
0.0693607
0.0694173
0.0694734
0.0695281
0.0695815
0.0696329
0.069683
0.0697314
0.0697779
0.0698223
0.0698645
0.0699039
0.069941
0.069975
0.0700062
0.0700341
0.0700584
0.070079
0.0700956
0.070108
0.0701161
0.0701193
0.0701177
0.0701107
0.0700982
0.0700802
0.0700562
0.0700256
0.0699888
0.0699453
0.0698948
0.0698377
0.0697736
0.0697013
0.0696219
0.0695343
0.0694394
0.0693362
0.069225
0.0691059
0.068979
0.0688432
0.0686994
0.0685471
0.0683866
0.068218
0.0680415
0.067857
0.0676644
0.0674643
0.0672565
0.0670412
0.0668186
0.066589
0.0663523
0.0661094
0.0658602
0.0656049
0.065344
0.0650776
0.0648061
0.0645298
0.064249
0.0639641
0.0636754
0.0633834
0.063088
0.0627899
0.0624895
0.0621868
0.061882
0.0615761
0.0612687
0.0609608
0.0606525
0.0603439
0.0600355
0.0597278
0.0594209
0.0591148
0.0588097
0.0585061
0.0582042
0.0579045
0.0576068
0.0573114
0.0570186
0.0567286
0.0564414
0.0561574
0.0558767
0.055599
0.0553256
0.0550554
0.0547886
0.0545262
0.0542674
0.0540126
0.0537619
0.0535153
0.0532729
0.0530346
0.0528011
0.0525719
0.0523464
0.0521253
0.0519085
0.0516959
0.0514877
0.0512837
0.051084
0.0508886
0.0506976
0.0505106
0.0503277
0.0501486
0.0499739
0.0498035
0.0496368
0.0494742
0.0493153
0.0491602
0.0490091
0.0488615
0.0487172
0.0485773
0.0484404
0.0483067
0.0481766
0.0480496
0.0479264
0.0478061
0.0476889
0.0475747
0.0474636
0.0473553
0.0472499
0.0471475
0.0470476
0.0469503
0.0468556
0.0467636
0.0466741
0.0465869
0.0465016
0.0464185
0.0463379
0.0462593
0.0461828
0.0461083
0.0460357
0.045965
0.045896
0.0458289
0.0457636
0.0456995
0.0456374
0.0455771
0.0455183
0.0454604
0.0454038
0.0453488
0.0452947
0.0452422
0.0451903
0.0451397
0.0450904
0.0450419
0.0449942
0.0449473
0.0449018
0.0448569
0.0448128
0.0447699
0.044727
0.0446851
0.0446438
0.0446031
0.0445627
0.0445229
0.0444838
0.0444452
0.0444071
0.0443694
0.044332
0.0442953
0.0442587
0.0442224
0.0441862
0.0441507
0.0441152
0.04408
0.044045
0.0440102
0.0439753
0.0439413
0.043907
0.0438727
0.0438389
0.0438048
0.043771
0.0437374
0.043704
0.0436711
0.0436377
0.0436044
0.0435713
0.0435382
0.0435052
0.0434723
0.0434395
0.043407
0.0433744
0.0433419
0.0433099
0.0432777
0.0432455
0.0432135
0.0431819
0.0431495
0.043118
0.0430867
0.0430556
0.0430247
0.0429938
0.0429634
0.0429332
0.0429034
0.0428737
0.0428442
0.0428157
0.0427872
0.0427592
0.0427318
0.0427044
0.0426775
0.0426514
0.0426257
0.0426007
0.0425762
0.0425522
0.0425293
0.0425068
0.042485
0.0424643
0.0424441
0.0424242
0.0424057
0.0423881
0.0423715
0.0423558
0.0423416
0.042328
0.0423157
0.0423046
0.0422941
0.0422852
0.0422775
0.0422708
0.0422658
0.0422621
0.0422599
0.0422592
0.0422601
0.0422625
0.0422666
0.0422723
0.0422798
0.0422891
0.0423
0.042313
0.0423279
0.0423453
0.0423643
0.0423852
0.0424084
0.0424339
0.0424617
0.042492
0.0425244
0.0425596
0.0425968
0.0426367
0.0426793
0.0427246
0.0427728
0.0428236
0.0428772
0.0429338
0.0429936
0.0430561
0.0431218
0.0431906
0.0432626
0.0433379
0.0434163
0.0434985
0.043584
0.0436724
0.0437649
0.043861
0.0439608
0.0440642
0.0441715
0.0442825
0.0443974
0.0445161
0.0446386
0.0447655
0.0448962
0.0450309
0.0451697
0.0453126
0.0454596
0.0456108
0.0457661
0.0459255
0.0460892
0.046257
0.0464289
0.0466052
0.0467852
0.0469695
0.0471577
0.0473501
0.0475465
0.0477466
0.0479509
0.0481591
0.0483711
0.0485867
0.0488054
0.0490275
0.0492532
0.0494818
0.0497138
0.0499489
0.0501867
0.0504272
0.0506699
0.0509148
0.051162
0.0514109
0.0516614
0.0519133
0.0521664
0.0524207
0.0526755
0.0529309
0.0531864
0.0534417
0.0536968
0.0539512
0.0542044
0.0544567
0.0547076
0.0549567
0.0552037
0.0554484
0.0556902
0.0559294
0.0561654
0.056398
0.0566268
0.0568515
0.0570721
0.0572883
0.0574994
0.057706
0.0579078
0.0581039
0.0582948
0.0584799
0.0586595
0.0588333
0.0590014
0.0591633
0.0593192
0.0594691
0.059613
0.0597508
0.0598827
0.0600086
0.0601287
0.0602429
0.0603517
0.0604551
0.0605532
0.0606463
0.0607342
0.0608178
0.0608969
0.0609719
0.0610431
0.0611111
0.0611754
0.0612367
0.0612954
0.0613517
0.061406
0.0614583
0.06151
0.0615602
0.0616097
0.0616583
0.0617073
0.0617565
0.0618062
0.0618566
0.0619082
0.061961
0.0620154
0.0620715
0.0621296
0.0621893
0.0622517
0.0623162
0.0623835
0.0624532
0.0625257
0.0626008
0.0626784
0.0627582
0.0628406
0.0629254
0.0630121
0.0631003
0.0631902
0.0632814
0.0633736
0.0634666
0.0635599
0.0636531
0.0637459
0.0638378
0.0639282
0.0640166
0.0641027
0.0641857
0.0642655
0.0643413
0.064412
0.0644784
0.0645386
0.0645928
0.0646403
0.0646806
0.0647131
0.0647374
0.0647531
0.0647597
0.0647569
0.0647443
0.0647217
0.0646887
0.0646453
0.0645913
0.0645265
0.0644509
0.0643646
0.0642676
0.0641603
0.0640423
0.0639144
0.0637765
0.0636289
0.0634722
0.0633068
0.063133
0.0629515
0.0627627
0.0625672
0.0623657
0.0621586
0.0619465
0.0617304
0.061511
0.0612886
0.0610636
0.0608374
0.0606106
0.0603835
0.0601567
0.0599306
0.0597065
0.0594847
0.0592657
0.0590502
0.0588386
0.0586314
0.0584291
0.0582324
0.0580411
0.0578561
0.0576777
0.0575061
0.0573417
0.0571847
0.0570356
0.0568938
0.0567604
0.0566351
0.0565185
0.0564102
0.0563102
0.056219
0.0561361
0.0560615
0.0559958
0.0559382
0.0558894
0.0558489
0.0558167
0.0557927
0.0557768
0.0557686
0.0557683
0.0557755
0.0557898
0.0558115
0.05584
0.0558755
0.0559169
0.0559644
0.0560182
0.0560774
0.056142
0.0562117
0.0562862
0.0563653
0.0564489
0.0565363
0.0566273
0.0567217
0.0568194
0.0569196
0.0570221
0.0571269
0.0572337
0.0573422
0.0574518
0.0575626
0.0576738
0.0577849
0.0578967
0.0580085
0.0581196
0.05823
0.0583395
0.0584477
0.0585545
0.0586596
0.0587627
0.0588635
0.0589622
0.0590584
0.0591516
0.0592422
0.0593297
0.059414
0.0594948
0.0595724
0.0596469
0.0597178
0.059784
0.0598469
0.0599058
0.059961
0.0600124
0.0600596
0.0601035
0.0601432
0.0601789
0.0602113
0.0602397
0.0602645
0.0602857
0.0603035
0.0603181
0.0603293
0.0603375
0.0603425
0.0603446
0.0603442
0.0603419
0.0603359
0.0603278
0.0603175
0.0603051
0.0602907
0.0602748
0.0602569
0.0602375
0.0602165
0.060194
0.0601703
0.0601452
0.0601189
0.0600911
0.0600623
0.0600323
0.060001
0.0599681
0.0599342
0.0598987
0.0598617
0.0598227
0.0597821
0.0597395
0.0596947
0.0596476
0.0595977
0.0595449
0.0594887
0.0594296
0.0593666
0.0592996
0.0592281
0.0591522
0.0590716
0.0589857
0.0588944
0.0587974
0.0586943
0.058585
0.058469
0.0583468
0.0582173
0.0580803
0.0579359
0.0577839
0.0576239
0.0574564
0.0572808
0.0570975
0.0569064
0.0567072
0.0565001
0.0562853
0.0560627
0.0558324
0.0555949
0.0553503
0.0550989
0.0548407
0.0545765
0.054306
0.0540298
0.0537483
0.0534618
0.053171
0.0528759
0.0525772
0.0522748
0.0519699
0.0516625
0.051353
0.0510423
0.0507302
0.0504175
0.0501045
0.0497921
0.0494797
0.0491687
0.048859
0.048551
0.0482454
0.0479425
0.0476425
0.0473455
0.0470518
0.0467623
0.0464767
0.0461954
0.0459186
0.0456467
0.0453797
0.0451182
0.0448615
0.0446106
0.0443654
0.0441262
0.0438926
0.0436651
0.0434436
0.0432284
0.0430193
0.0428165
0.0426201
0.04243
0.0422461
0.042069
0.0418984
0.0417334
0.0415752
0.0414233
0.0412778
0.0411385
0.0410059
0.0408798
0.0407599
0.0406465
0.0405391
0.0404382
0.040343
0.0402544
0.0401715
0.0400946
0.040024
0.0399594
0.0399008
0.0398482
0.0398015
0.0397607
0.0397258
0.0396968
0.0396734
0.0396562
0.039645
0.039639
0.0396391
0.0396453
0.0396571
0.0396746
0.039698
0.039727
0.0397621
0.0398031
0.0398499
0.0399024
0.0399612
0.0400261
0.0400973
0.040174
0.0402568
0.0403463
0.0404414
0.0405426
0.0406504
0.040764
0.0408841
0.0410103
0.0411434
0.041283
0.0414285
0.0415807
0.0417395
0.0419045
0.0420764
0.0422548
0.0424397
0.0426312
0.0428291
0.0430336
0.0432447
0.043462
0.0436855
0.043915
0.0441506
0.0443924
0.0446403
0.0448935
0.0451521
0.045416
0.0456849
0.0459586
0.0462368
0.0465187
0.0468044
0.0470933
0.0473851
0.0476793
0.0479753
0.0482728
0.0485711
0.0488696
0.0491677
0.0494648
0.0497601
0.050053
0.0503427
0.0506287
0.0509095
0.0511848
0.051454
0.0517161
0.0519698
0.0522151
0.0524509
0.0526763
0.0528904
0.0530926
0.0532823
0.0534583
0.0536201
0.0537669
0.0538986
0.0540141
0.0541132
0.0541956
0.0542609
0.0543085
0.0543384
0.0543503
0.0543442
0.0543199
0.0542777
0.0542173
0.0541394
0.0540441
0.0539317
0.0538025
0.0536573
0.0534962
0.05332
0.0531291
0.0529243
0.0527067
0.052476
0.0522337
0.0519806
0.0517173
0.0514449
0.0511639
0.0508754
0.0505798
0.0502781
0.0499712
0.0496599
0.0493447
0.0490268
0.0487067
0.048385
0.0480625
0.0477396
0.0474173
0.047096
0.0467762
0.0464584
0.0461434
0.0458312
0.0455222
0.0452168
0.0449155
0.0446186
0.0443262
0.0440387
0.0437563
0.043479
0.043207
0.0429407
0.0426805
0.0424256
0.0421768
0.0419344
0.0416975
0.0414668
0.0412418
0.0410228
0.0408095
0.0406023
0.040401
0.0402055
0.0400157
0.0398317
0.0396532
0.0394802
0.0393126
0.0391501
0.0389929
0.038841
0.0386941
0.0385522
0.0384148
0.0382821
0.0381545
0.0380311
0.0379121
0.0377972
0.0376866
0.03758
0.0374777
0.0373787
0.0372836
0.0371919
0.0371038
0.0370193
0.0369384
0.0368602
0.0367851
0.0367136
0.0366448
0.0365786
0.0365154
0.0364549
0.036397
0.0363417
0.0362888
0.0362385
0.0361901
0.0361443
0.0361005
0.0360589
0.036019
0.0359813
0.0359456
0.0359117
0.0358796
0.0358493
0.0358209
0.0357939
0.0357686
0.0357447
0.0357224
0.0357011
0.0356819
0.0356641
0.0356474
0.035632
0.0356179
0.035605
0.0355934
0.0355824
0.035573
0.0355647
0.0355573
0.0355512
0.0355466
0.0355425
0.0355394
0.0355373
0.0355361
0.0355356
0.0355362
0.0355377
0.0355403
0.0355435
0.0355476
0.0355527
0.0355581
0.0355645
0.0355718
0.0355798
0.0355883
0.0355978
0.0356083
0.035619
0.0356307
0.0356433
0.0356559
0.03567
0.0356845
0.0356997
0.0357156
0.0357321
0.0357494
0.0357673
0.0357859
0.0358051
0.0358251
0.0358457
0.035867
0.0358889
0.0359113
0.0359349
0.0359589
0.0359833
0.0360087
0.0360345
0.0360612
0.0360887
0.0361168
0.0361457
0.0361755
0.036206
0.0362372
0.0362692
0.0363017
0.0363349
0.0363689
0.0364036
0.0364392
0.0364757
0.0365126
0.0365504
0.0365889
0.0366287
0.036669
0.0367102
0.036752
0.0367947
0.0368387
0.0368832
0.0369287
0.036975
0.0370224
0.0370708
0.0371203
0.0371706
0.0372219
0.0372741
0.0373274
0.0373814
0.0374368
0.0374931
0.0375508
0.0376093
0.037669
0.0377297
0.0377918
0.0378551
0.0379193
0.0379846
0.0380512
0.0381189
0.0381879
0.0382581
0.0383296
0.0384026
0.0384766
0.0385519
0.0386283
0.0387063
0.0387857
0.0388664
0.0389485
0.0390322
0.0391169
0.0392032
0.0392912
0.0393804
0.0394708
0.039563
0.0396569
0.0397518
0.0398485
0.0399468
0.0400465
0.0401476
0.0402505
0.0403547
0.0404608
0.0405685
0.0406777
0.0407888
0.0409011
0.041015
0.0411309
0.0412483
0.0413671
0.0414875
0.0416098
0.0417338
0.0418596
0.0419869
0.0421158
0.0422463
0.0423787
0.0425123
0.0426477
0.0427845
0.0429232
0.0430634
0.0432053
0.0433485
0.0434937
0.0436402
0.0437885
0.0439378
0.0440889
0.0442414
0.0443953
0.0445512
0.0447082
0.0448663
0.0450258
0.0451865
0.0453486
0.0455116
0.0456758
0.0458414
0.0460082
0.0461762
0.0463449
0.0465147
0.0466855
0.0468572
0.0470297
0.047203
0.0473773
0.047552
0.0477271
0.0479033
0.0480797
0.0482568
0.048434
0.0486118
0.0487899
0.0489679
0.0491458
0.0493239
0.0495021
0.0496802
0.049858
0.0500357
0.0502131
0.05039
0.0505668
0.0507427
0.0509176
0.0510923
0.051266
0.0514389
0.0516111
0.0517825
0.0519524
0.0521214
0.0522892
0.052456
0.0526214
0.0527851
0.0529474
0.0531083
0.0532674
0.0534247
0.0535801
0.0537339
0.053886
0.0540359
0.0541841
0.0543304
0.0544741
0.0546157
0.0547551
0.0548926
0.0550274
0.0551598
0.05529
0.0554176
0.0555427
0.0556655
0.0557854
0.0559029
0.056018
0.0561303
0.0562405
0.0563475
0.0564518
0.0565535
0.0566525
0.0567489
0.0568425
0.0569334
0.0570217
0.0571073
0.0571902
0.0572704
0.057348
0.0574232
0.0574955
0.057565
0.0576319
0.0576965
0.0577584
0.0578179
0.0578751
0.05793
0.0579825
0.0580327
0.0580804
0.058126
0.0581691
0.05821
0.0582489
0.0582854
0.0583203
0.058353
0.0583836
0.0584127
0.0584396
0.0584652
0.0584888
0.0585108
0.0585315
0.0585504
0.0585679
0.058584
0.0585988
0.0586126
0.058625
0.0586362
0.0586464
0.0586557
0.058664
0.0586715
0.0586783
0.0586841
0.0586896
0.0586945
0.058699
0.058703
0.0587063
0.0587098
0.0587134
0.0587168
0.0587198
0.0587231
0.0587262
0.0587304
0.0587343
0.0587384
0.0587429
0.0587479
0.0587537
0.0587598
0.0587664
0.0587739
0.0587822
0.0587913
0.0588014
0.0588121
0.0588242
0.0588373
0.0588515
0.0588672
0.0588831
0.0589012
0.0589204
0.058941
0.058963
0.0589863
0.0590109
0.0590373
0.0590651
0.0590945
0.0591257
0.0591583
0.0591924
0.0592284
0.0592658
0.0593049
0.0593455
0.0593878
0.0594318
0.0594774
0.0595246
0.0595736
0.059624
0.059676
0.0597298
0.0597849
0.0598415
0.0598996
0.0599591
0.0600202
0.0600825
0.0601461
0.060211
0.0602778
0.0603451
0.0604134
0.0604826
0.0605531
0.0606245
0.0606967
0.0607698
0.0608438
0.0609181
0.0609931
0.0610687
0.0611447
0.0612211
0.0612982
0.0613748
0.0614515
0.0615285
0.0616052
0.0616821
0.0617587
0.061835
0.0619109
0.0619865
0.0620614
0.0621356
0.0622091
0.062282
0.062354
0.0624246
0.0624946
0.0625629
0.0626306
0.0626969
0.0627616
0.0628245
0.0628862
0.0629462
0.0630046
0.0630614
0.0631166
0.0631699
0.0632215
0.0632708
0.0633183
0.0633639
0.0634073
0.0634487
0.0634879
0.063525
0.0635602
0.0635928
0.0636233
0.0636515
0.0636772
0.0637009
0.0637223
0.0637411
0.0637582
0.0637727
0.063785
0.063795
0.0638027
0.0638084
0.0638115
0.0638126
0.0638115
0.0638082
0.0638031
0.0637956
0.0637864
0.0637748
0.0637613
0.0637459
0.0637285
0.0637091
0.0636883
0.0636655
0.0636407
0.0636145
0.0635866
0.0635572
0.0635263
0.0634938
0.0634599
0.0634247
0.0633879
0.0633495
0.0633101
0.0632698
0.0632281
0.0631855
0.0631419
0.0630976
0.063052
0.0630053
0.0629579
0.0629095
0.0628605
0.0628105
0.0627601
0.0627089
0.0626574
0.062605
0.062552
0.0624985
0.0624444
0.0623899
0.0623351
0.0622796
0.0622237
0.0621669
0.0621102
0.0620531
0.0619956
0.0619383
0.0618802
0.0618212
0.0617627
0.0617033
0.0616437
0.0615842
0.0615242
0.0614639
0.0614034
0.0613425
0.061281
0.0612195
0.0611577
0.0610956
0.0610332
0.0609704
0.0609073
0.0608437
0.0607796
0.0607155
0.0606512
0.0605863
0.060521
0.0604553
0.0603891
0.0603226
0.0602556
0.0601881
0.0601202
0.0600518
0.0599829
0.0599134
0.0598435
0.0597732
0.0597024
0.0596313
0.0595592
0.0594867
0.0594133
0.0593394
0.059265
0.0591899
0.059114
0.0590376
0.0589604
0.0588826
0.0588042
0.0587248
0.058645
0.0585645
0.0584835
0.0584016
0.0583193
0.058236
0.058152
0.0580673
0.0579819
0.0578958
0.057809
0.0577217
0.0576335
0.0575446
0.057455
0.0573647
0.0572733
0.0571814
0.0570891
0.0569963
0.0569027
0.0568084
0.0567138
0.0566183
0.0565221
0.0564256
0.0563283
0.0562304
0.056132
0.056033
0.0559334
0.0558336
0.0557328
0.0556317
0.0555302
0.055428
0.0553253
0.0552231
0.0551194
0.0550158
0.054912
0.0548076
0.0547029
0.0545979
0.0544923
0.0543867
0.0542808
0.0541747
0.0540684
0.0539617
0.0538552
0.0537483
0.0536411
0.053534
0.0534268
0.0533194
0.0532118
0.0531044
0.052997
0.0528898
0.0527823
0.0526747
0.0525671
0.0524598
0.0523529
0.0522458
0.0521386
0.052032
0.0519253
0.0518191
0.0517128
0.0516068
0.0515009
0.0513953
0.05129
0.0511852
0.0510807
0.0509764
0.0508726
0.0507685
0.0506651
0.050562
0.0504594
0.0503571
0.0502552
0.0501538
0.0500525
0.0499517
0.0498516
0.049752
0.0496528
0.0495544
0.0494565
0.0493588
0.0492617
0.0491651
0.0490691
0.0489736
0.0488787
0.0487846
0.0486908
0.0485976
0.0485048
0.0484128
0.048321
0.0482302
0.0481401
0.0480506
0.047962
0.047874
0.0477862
0.0476993
0.0476133
0.0475275
0.0474424
0.0473581
0.0472746
0.0471917
0.0471093
0.0470281
0.0469473
0.0468675
0.0467881
0.0467094
0.0466315
0.0465543
0.0464778
0.046402
0.0463269
0.0462526
0.0461795
0.0461066
0.046034
0.0459626
0.0458919
0.045822
0.0457529
0.0456845
0.0456173
0.0455504
0.0454843
0.0454187
0.0453541
0.0452905
0.0452274
0.0451651
0.0451038
0.0450431
0.0449829
0.0449239
0.0448653
0.0448077
0.0447509
0.0446949
0.0446396
0.0445852
0.0445316
0.0444789
0.0444269
0.044376
0.0443256
0.0442761
0.0442275
0.0441796
0.0441329
0.0440867
0.0440414
0.043997
0.0439534
0.0439109
0.0438691
0.0438282
0.0437881
0.0437489
0.0437111
0.0436735
0.043637
0.0436015
0.0435668
0.0435334
0.0435006
0.0434688
0.0434377
0.0434078
0.0433789
0.0433509
0.043324
0.043298
0.0432733
0.0432493
0.0432261
0.0432045
0.0431838
0.0431638
0.043145
0.0431273
0.0431107
0.0430952
0.0430807
0.0430674
0.0430552
0.0430441
0.0430342
0.0430249
0.043017
0.0430106
0.0430053
0.0430015
0.0429986
0.0429972
0.0429966
0.0429974
0.0429993
0.0430029
0.0430078
0.0430137
0.043021
0.0430295
0.0430395
0.0430517
0.0430643
0.0430781
0.0430936
0.0431102
0.0431284
0.0431481
0.0431695
0.0431922
0.0432163
0.043242
0.0432691
0.0432981
0.0433284
0.0433602
0.0433932
0.0434282
0.0434644
0.0435028
0.043543
0.0435847
0.0436281
0.0436732
0.0437203
0.0437689
0.0438191
0.0438711
0.0439251
0.0439809
0.0440386
0.044098
0.0441592
0.0442223
0.0442876
0.0443549
0.0444243
0.0444955
0.0445686
0.0446438
0.0447209
0.0448003
0.0448813
0.0449645
0.0450498
0.0451371
0.0452264
0.0453178
0.0454112
0.0455065
0.045604
0.0457035
0.0458053
0.0459088
0.0460142
0.0461218
0.0462309
0.0463419
0.0464549
0.0465692
0.0466857
0.046804
0.0469238
0.0470455
0.0471684
0.0472928
0.0474182
0.0475452
0.0476735
0.0478024
0.0479325
0.0480632
0.0481951
0.0483273
0.0484599
0.0485929
0.048726
0.0488591
0.0489918
0.0491242
0.0492563
0.0493874
0.049518
0.0496477
0.0497759
0.0499027
0.0500275
0.0501507
0.0502719
0.0503907
0.0505071
0.0506208
0.0507317
0.0508393
0.0509436
0.0510443
0.0511411
0.0512343
0.0513232
0.0514078
0.0514879
0.0515633
0.0516338
0.0516994
0.0517599
0.0518156
0.0518652
0.0519096
0.0519486
0.051982
0.0520095
0.0520312
0.0520471
0.0520572
0.0520613
0.0520598
0.0520527
0.0520398
0.0520211
0.0519974
0.0519677
0.0519326
0.0518922
0.0518467
0.0517963
0.0517409
0.051681
0.0516165
0.0515478
0.0514749
0.0513984
0.0513185
0.0512347
0.0511476
0.0510576
0.0509646
0.0508693
0.0507717
0.0506723
0.0505714
0.0504687
0.0503644
0.050259
0.0501528
0.0500463
0.0499391
0.0498314
0.0497244
0.049617
0.0495104
0.0494044
0.0492993
0.0491951
0.0490922
0.0489906
0.0488905
0.0487918
0.0486952
0.0486002
0.0485075
0.0484175
0.0483292
0.0482431
0.0481594
0.0480785
0.0480002
0.0479245
0.0478514
0.0477807
0.0477136
0.0476491
0.0475874
0.0475287
0.0474728
0.0474199
0.0473694
0.0473223
0.0472779
0.0472366
0.0471979
0.0471621
0.0471294
0.0470994
0.0470722
0.0470479
0.0470261
0.047007
0.0469901
0.0469758
0.0469643
0.0469554
0.0469488
0.0469444
0.046942
0.046942
0.0469441
0.0469483
0.0469546
0.0469625
0.0469726
0.0469847
0.0469984
0.0470135
0.0470305
0.047049
0.0470694
0.0470909
0.0471138
0.0471379
0.0471637
0.0471905
0.0472183
0.0472474
0.0472776
0.0473088
0.0473411
0.0473743
0.0474084
0.0474434
0.0474792
0.047516
0.0475534
0.0475916
0.0476305
0.0476698
0.0477099
0.0477508
0.0477925
0.0478347
0.0478776
0.0479209
0.0479651
0.04801
0.0480554
0.0481013
0.0481484
0.0481957
0.0482439
0.048293
0.0483427
0.0483931
0.0484441
0.048496
0.048549
0.0486028
0.0486577
0.0487135
0.0487701
0.0488279
0.048887
0.0489471
0.0490086
0.0490715
0.0491358
0.0492015
0.0492687
0.0493375
0.0494082
0.0494804
0.0495541
0.0496301
0.0497079
0.0497877
0.0498695
0.0499538
0.0500401
0.0501288
0.0502201
0.0503137
0.0504096
0.0505084
0.05061
0.0507142
0.0508216
0.0509315
0.051045
0.0511616
0.0512818
0.051405
0.0515317
0.0516618
0.0517955
0.0519326
0.0520736
0.0522185
0.0523671
0.0525196
0.0526761
0.0528368
0.0530011
0.0531697
0.0533424
0.0535192
0.0537
0.0538854
0.0540747
0.0542685
0.054466
0.0546681
0.0548741
0.0550842
0.0552985
0.0555166
0.0557383
0.0559641
0.0561938
0.0564269
0.0566634
0.0569033
0.0571464
0.0573927
0.0576415
0.0578933
0.0581472
0.0584035
0.0586614
0.058921
0.059182
0.0594441
0.0597066
0.0599698
0.0602331
0.0604964
0.0607587
0.0610201
0.06128
0.0615383
0.0617941
0.0620478
0.0622978
0.0625442
0.0627868
0.063025
0.0632584
0.0634865
0.063709
0.0639254
0.0641353
0.0643383
0.0645341
0.0647222
0.0649026
0.0650745
0.0652378
0.0653922
0.0655375
0.065674
0.0658007
0.0659174
0.0660244
0.0661212
0.0662083
0.0662854
0.0663525
0.0664097
0.066457
0.0664943
0.0665222
0.0665404
0.0665496
0.0665495
0.0665409
0.0665239
0.0664986
0.0664655
0.0664247
0.066377
0.0663225
0.0662617
0.066195
0.0661229
0.0660455
0.0659632
0.0658768
0.0657869
0.0656932
0.0655966
0.0654974
0.065396
0.0652927
0.0651883
0.0650827
0.0649765
0.0648698
0.064763
0.0646565
0.0645506
0.0644452
0.0643412
0.0642388
0.0641377
0.0640383
0.0639406
0.0638452
0.0637518
0.0636612
0.063573
0.0634872
0.063404
0.0633234
0.0632455
0.0631706
0.063098
0.0630283
0.0629614
0.0628971
0.0628357
0.0627766
0.0627198
0.0626662
0.0626144
0.0625649
0.0625178
0.0624724
0.062429
0.0623876
0.0623472
0.0623088
0.0622716
0.0622359
0.0622005
0.0621669
0.0621341
0.0621017
0.0620701
0.0620389
0.0620079
0.0619767
0.0619457
0.0619143
0.0618827
0.0618502
0.0618175
0.061784
0.0617491
0.0617136
0.0616772
0.0616393
0.0615999
0.061559
0.0615165
0.0614722
0.0614261
0.0613781
0.061328
0.0612756
0.0612209
0.061164
0.0611051
0.0610437
0.0609798
0.0609135
0.0608446
0.0607729
0.0606988
0.060622
0.0605426
0.0604605
0.0603754
0.0602879
0.0601977
0.0601048
0.0600089
0.0599106
0.0598099
0.0597065
0.0596003
0.0594915
0.0593801
0.0592663
0.0591502
0.0590315
0.0589105
0.0587869
0.0586608
0.0585328
0.0584029
0.0582709
0.058137
0.0580012
0.0578635
0.057724
0.0575829
0.0574401
0.0572956
0.0571496
0.0570025
0.0568544
0.0567048
0.0565543
0.0564025
0.0562491
0.0560957
0.0559416
0.0557865
0.0556307
0.0554744
0.0553177
0.0551608
0.0550033
0.0548456
0.0546879
0.0545301
0.0543721
0.0542144
0.0540566
0.0538986
0.0537407
0.0535834
0.0534266
0.0532703
0.0531147
0.0529594
0.0528046
0.0526503
0.0524967
0.052344
0.0521921
0.052041
0.0518905
0.0517412
0.0515925
0.051445
0.0512986
0.0511531
0.0510087
0.0508653
0.0507233
0.0505822
0.0504422
0.0503033
0.0501656
0.0500293
0.0498939
0.0497598
0.0496269
0.0494954
0.0493649
0.0492354
0.0491076
0.0489808
0.0488552
0.0487307
0.0486078
0.0484858
0.0483652
0.0482458
0.0481277
0.0480108
0.0478951
0.0477806
0.0476674
0.0475561
0.047445
0.0473356
0.0472272
0.0471199
0.0470139
0.0469093
0.0468058
0.0467035
0.0466021
0.0465022
0.0464031
0.0463052
0.0462084
0.0461131
0.0460188
0.0459254
0.0458332
0.0457424
0.0456524
0.0455628
0.0454749
0.0453883
0.0453028
0.0452184
0.0451352
0.0450531
0.0449721
0.0448922
0.0448135
0.0447364
0.0446599
0.0445845
0.0445104
0.0444373
0.0443654
0.0442947
0.0442251
0.0441567
0.0440894
0.0440236
0.0439585
0.0438948
0.0438323
0.043771
0.0437106
0.0436515
0.0435939
0.0435375
0.0434823
0.0434283
0.0433759
0.0433244
0.0432743
0.0432254
0.0431775
0.0431314
0.0430863
0.0430425
0.0430003
0.0429591
0.0429194
0.0428809
0.0428434
0.0428079
0.0427735
0.0427399
0.0427076
0.0426769
0.0426476
0.0426193
0.042592
0.0425666
0.0425424
0.0425191
0.0424971
0.0424768
0.0424583
0.0424408
0.0424247
0.0424095
0.0423956
0.0423829
0.0423712
0.0423612
0.0423521
0.0423445
0.0423378
0.0423323
0.0423279
0.0423249
0.0423225
0.0423216
0.0423216
0.0423229
0.0423249
0.0423279
0.0423319
0.0423368
0.0423427
0.0423492
0.0423568
0.0423652
0.0423744
0.0423842
0.0423952
0.0424067
0.0424189
0.0424319
0.0424454
0.0424596
0.0424742
0.0424898
0.0425051
0.0425211
0.0425374
0.0425542
0.0425714
0.0425888
0.0426066
0.0426246
0.0426428
0.0426612
0.0426797
0.0426981
0.0427168
0.0427356
0.0427543
0.0427733
0.0427919
0.0428105
0.0428289
0.0428472
0.0428651
0.042883
0.0429004
0.0429178
0.0429347
0.0429517
0.0429681
0.0429843
0.043
0.0430153
0.0430302
0.0430447
0.0430587
0.0430722
0.0430853
0.0430981
0.0431102
0.0431218
0.0431328
0.0431436
0.0431533
0.0431628
0.0431719
0.0431803
0.0431881
0.0431954
0.0432019
0.0432084
0.0432141
0.0432195
0.0432244
0.043229
0.0432327
0.0432356
0.0432385
0.043241
0.0432428
0.0432442
0.0432453
0.0432459
0.0432458
0.0432456
0.043245
0.0432441
0.0432427
0.0432412
0.0432396
0.0432376
0.0432353
0.0432329
0.0432302
0.0432274
0.0432247
0.0432216
0.0432184
0.0432151
0.0432118
0.0432084
0.043205
0.0432016
0.043198
0.0431949
0.0431914
0.0431882
0.0431854
0.0431824
0.0431796
0.0431769
0.0431742
0.0431716
0.0431697
0.0431678
0.0431662
0.0431648
0.0431636
0.0431628
0.0431624
0.0431624
0.0431627
0.0431633
0.0431642
0.0431653
0.0431667
0.0431685
0.0431706
0.0431731
0.043176
0.0431793
0.043183
0.0431869
0.0431914
0.0431963
0.0432017
0.0432074
0.0432134
0.04322
0.0432269
0.0432344
0.0432423
0.0432507
0.0432595
0.043269
0.0432787
0.0432886
0.0432992
0.0433103
0.0433217
0.0433337
0.0433463
0.0433591
