0.0564907
0.0565057
0.0565204
0.0565346
0.0565483
0.056561
0.0565733
0.0565851
0.0565969
0.0566083
0.0566185
0.0566293
0.0566391
0.0566486
0.0566577
0.0566659
0.056674
0.0566819
0.0566896
0.0566971
0.0567039
0.0567106
0.0567171
0.0567232
0.056729
0.0567349
0.0567404
0.0567458
0.0567516
0.0567566
0.0567615
0.0567665
0.056771
0.0567758
0.0567804
0.056785
0.0567895
0.0567941
0.0567985
0.0568031
0.0568079
0.056813
0.056818
0.0568231
0.0568282
0.0568337
0.0568392
0.056845
0.0568512
0.0568577
0.0568648
0.0568719
0.0568794
0.0568873
0.0568956
0.0569042
0.0569131
0.0569226
0.0569326
0.0569428
0.0569538
0.0569653
0.0569773
0.0569899
0.057003
0.0570167
0.0570311
0.057046
0.0570618
0.057078
0.0570948
0.0571121
0.0571304
0.0571493
0.0571687
0.0571893
0.0572106
0.0572325
0.0572554
0.0572789
0.0573034
0.0573286
0.0573546
0.0573817
0.0574095
0.057438
0.0574676
0.0574983
0.0575303
0.057563
0.0575969
0.0576319
0.0576685
0.057706
0.0577446
0.0577846
0.0578263
0.0578691
0.0579137
0.0579591
0.0580064
0.0580557
0.0581065
0.0581593
0.0582142
0.0582715
0.0583306
0.0583919
0.058456
0.0585223
0.0585913
0.0586632
0.058738
0.0588155
0.0588962
0.0589799
0.059067
0.0591579
0.0592525
0.0593508
0.0594532
0.0595601
0.059671
0.0597864
0.0599062
0.060031
0.0601607
0.0602952
0.0604352
0.0605806
0.0607314
0.0608879
0.0610501
0.0612183
0.0613925
0.0615727
0.061759
0.0619512
0.0621496
0.0623542
0.0625649
0.0627814
0.0630044
0.0632334
0.0634684
0.0637091
0.0639555
0.0642073
0.0644644
0.0647262
0.0649928
0.0652634
0.0655375
0.0658155
0.0660956
0.0663785
0.0666631
0.0669485
0.0672346
0.0675204
0.0678049
0.0680876
0.0683677
0.068644
0.0689156
0.0691817
0.0694413
0.0696936
0.0699367
0.0701703
0.0703931
0.0706043
0.0708026
0.0709868
0.0711556
0.0713084
0.0714441
0.0715617
0.0716603
0.0717388
0.071797
0.071834
0.0718492
0.0718416
0.0718105
0.071756
0.0716778
0.0715756
0.0714492
0.0712987
0.0711241
0.0709257
0.0707036
0.0704583
0.0701902
0.0698997
0.0695878
0.0692553
0.0689024
0.0685303
0.0681398
0.0677316
0.0673073
0.0668673
0.0664132
0.0659458
0.0654659
0.0649752
0.0644745
0.0639651
0.0634477
0.0629236
0.0623934
0.0618586
0.0613201
0.0607787
0.0602355
0.0596912
0.0591465
0.0586028
0.0580603
0.0575195
0.0569817
0.056447
0.0559162
0.0553901
0.0548689
0.0543531
0.0538421
0.0533382
0.0528408
0.05235
0.0518664
0.0513902
0.0509215
0.0504602
0.0500069
0.0495616
0.0491242
0.0486953
0.0482744
0.0478614
0.047457
0.0470605
0.0466726
0.0462928
0.0459212
0.0455578
0.0452024
0.044855
0.0445158
0.0441842
0.0438601
0.0435437
0.0432353
0.0429341
0.0426401
0.0423535
0.042074
0.0418016
0.0415358
0.0412773
0.0410254
0.0407798
0.0405407
0.0403076
0.0400809
0.03986
0.0396453
0.0394367
0.0392333
0.0390357
0.0388439
0.0386567
0.0384752
0.0382988
0.0381275
0.0379612
0.0377999
0.037643
0.0374906
0.0373429
0.0371999
0.037061
0.0369263
0.0367956
0.0366691
0.0365466
0.0364282
0.0363134
0.0362026
0.0360952
0.0359911
0.0358907
0.0357937
0.0357003
0.0356102
0.035523
0.035439
0.0353582
0.0352803
0.0352052
0.0351333
0.0350639
0.0349973
0.0349334
0.0348721
0.0348134
0.0347573
0.0347035
0.0346523
0.0346033
0.0345567
0.0345126
0.0344705
0.0344308
0.0343932
0.0343576
0.0343241
0.0342924
0.0342626
0.0342347
0.0342086
0.0341844
0.034162
0.0341415
0.0341225
0.0341053
0.0340898
0.0340757
0.0340631
0.034052
0.0340425
0.0340343
0.0340278
0.0340223
0.0340182
0.0340154
0.0340139
0.0340133
0.0340137
0.0340158
0.0340187
0.034023
0.0340283
0.0340347
0.0340419
0.03405
0.0340594
0.0340696
0.0340808
0.034093
0.0341057
0.0341196
0.0341343
0.0341495
0.0341657
0.0341824
0.0341998
0.0342178
0.0342365
0.0342556
0.0342755
0.034296
0.0343173
0.0343389
0.034361
0.0343834
0.0344065
0.0344301
0.0344544
0.0344787
0.0345037
0.0345291
0.0345549
0.0345809
0.0346076
0.0346349
0.0346621
0.0346899
0.0347184
0.034747
0.0347761
0.0348052
0.0348351
0.0348656
0.0348963
0.0349274
0.0349589
0.0349909
0.0350237
0.0350567
0.0350902
0.035124
0.0351586
0.0351941
0.03523
0.0352665
0.0353037
0.0353416
0.0353803
0.0354199
0.0354605
0.0355018
0.0355441
0.0355873
0.0356317
0.0356772
0.0357239
0.0357718
0.0358213
0.035872
0.0359241
0.0359781
0.0360334
0.0360904
0.0361496
0.0362103
0.0362736
0.0363386
0.0364057
0.0364753
0.036547
0.036621
0.0366979
0.0367776
0.0368599
0.0369454
0.037034
0.0371261
0.0372214
0.0373201
0.0374226
0.0375291
0.0376395
0.037754
0.0378725
0.0379954
0.0381229
0.0382548
0.0383921
0.0385342
0.0386812
0.038834
0.0389921
0.0391557
0.0393253
0.0395009
0.0396826
0.0398707
0.0400652
0.0402664
0.0404744
0.0406896
0.0409116
0.0411411
0.0413777
0.0416216
0.0418733
0.0421331
0.0424004
0.042676
0.0429594
0.043251
0.043551
0.043859
0.0441752
0.0445002
0.0448334
0.0451752
0.0455251
0.0458835
0.0462501
0.046625
0.0470081
0.0473993
0.0477987
0.0482057
0.04862
0.0490421
0.0494717
0.049908
0.0503509
0.0508004
0.0512562
0.0517175
0.0521846
0.0526567
0.0531336
0.0536149
0.0540998
0.0545881
0.0550791
0.0555729
0.0560679
0.0565644
0.0570611
0.0575578
0.0580538
0.0585485
0.0590411
0.0595311
0.0600177
0.0604996
0.0609769
0.0614483
0.0619133
0.0623707
0.0628198
0.0632601
0.0636903
0.0641096
0.0645173
0.0649121
0.0652936
0.065661
0.0660128
0.0663486
0.0666673
0.0669674
0.0672488
0.0675105
0.0677512
0.0679707
0.068168
0.0683423
0.0684928
0.0686188
0.0687204
0.0687962
0.0688462
0.06887
0.0688673
0.0688383
0.0687821
0.068699
0.0685893
0.0684532
0.0682909
0.0681032
0.0678898
0.0676521
0.0673906
0.0671061
0.0667996
0.0664723
0.0661248
0.0657583
0.0653745
0.0649744
0.0645593
0.0641306
0.0636897
0.063238
0.0627769
0.062308
0.0618324
0.0613516
0.060867
0.0603798
0.0598916
0.0594036
0.0589169
0.0584327
0.0579517
0.057476
0.0570058
0.056542
0.0560859
0.0556381
0.0551996
0.0547704
0.0543515
0.0539438
0.0535473
0.0531627
0.0527906
0.0524312
0.0520852
0.0517519
0.0514321
0.051126
0.0508335
0.0505547
0.0502898
0.0500389
0.0498016
0.0495785
0.0493692
0.0491737
0.0489919
0.048824
0.0486693
0.0485281
0.0484001
0.0482851
0.0481832
0.048094
0.0480174
0.0479533
0.0479015
0.0478619
0.0478341
0.047818
0.0478135
0.0478206
0.0478386
0.0478677
0.0479076
0.0479584
0.0480194
0.0480908
0.0481722
0.0482637
0.048365
0.0484759
0.0485964
0.0487261
0.0488648
0.0490127
0.0491695
0.0493353
0.0495098
0.0496923
0.0498831
0.0500821
0.0502888
0.0505036
0.0507261
0.0509562
0.0511938
0.0514387
0.0516908
0.0519495
0.0522155
0.0524883
0.0527678
0.0530538
0.0533469
0.0536455
0.0539503
0.0542612
0.0545777
0.0548999
0.0552279
0.055561
0.0558994
0.0562429
0.0565918
0.056945
0.0573024
0.0576648
0.0580314
0.0584027
0.058777
0.0591556
0.0595381
0.0599237
0.0603127
0.0607047
0.0610996
0.0614972
0.0618973
0.0622998
0.0627042
0.0631106
0.0635189
0.0639281
0.0643387
0.0647503
0.0651625
0.0655753
0.0659884
0.0664015
0.0668143
0.0672265
0.067638
0.0680483
0.0684573
0.0688646
0.0692697
0.0696727
0.0700732
0.0704708
0.0708652
0.071256
0.0716429
0.0720256
0.0724037
0.0727769
0.0731446
0.0735071
0.0738636
0.0742134
0.0745566
0.0748926
0.0752211
0.075542
0.0758542
0.076158
0.0764531
0.0767383
0.0770144
0.0772801
0.0775354
0.0777805
0.0780141
0.0782366
0.0784471
0.078646
0.0788324
0.0790064
0.0791678
0.0793161
0.0794513
0.0795736
0.0796826
0.0797783
0.0798604
0.0799291
0.079984
0.0800257
0.0800539
0.0800689
0.0800705
0.0800592
0.0800351
0.0799981
0.079949
0.0798874
0.0798142
0.0797291
0.0796334
0.0795263
0.0794086
0.079281
0.0791442
0.0789979
0.078843
0.0786799
0.0785093
0.0783313
0.0781468
0.0779559
0.0777593
0.0775576
0.0773514
0.0771408
0.076927
0.0767096
0.0764895
0.0762672
0.0760431
0.0758179
0.0755917
0.0753649
0.0751384
0.0749119
0.0746858
0.074461
0.0742376
0.0740158
0.0737959
0.0735782
0.0733627
0.0731504
0.0729409
0.0727344
0.0725309
0.0723306
0.0721339
0.0719407
0.0717515
0.0715657
0.0713837
0.0712054
0.0710308
0.0708599
0.0706932
0.0705301
0.0703707
0.0702147
0.0700627
0.0699135
0.0697681
0.069626
0.0694873
0.0693515
0.0692185
0.0690885
0.0689612
0.0688363
0.0687135
0.0685931
0.0684739
0.0683571
0.0682418
0.0681281
0.0680156
0.0679042
0.0677938
0.0676845
0.0675754
0.0674667
0.0673582
0.0672499
0.0671414
0.0670327
0.0669232
0.0668132
0.0667028
0.0665912
0.0664786
0.0663647
0.0662496
0.066133
0.0660151
0.0658951
0.0657735
0.0656501
0.0655247
0.0653973
0.0652678
0.0651359
0.0650023
0.064866
0.0647277
0.0645871
0.064444
0.0642988
0.0641513
0.0640018
0.0638496
0.0636954
0.0635391
0.0633807
0.0632202
0.0630576
0.0628933
0.0627275
0.0625598
0.0623905
0.0622193
0.0620469
0.0618737
0.0616993
0.061524
0.0613479
0.0611712
0.060994
0.0608166
0.0606389
0.0604612
0.0602835
0.060106
0.0599292
0.0597534
0.0595778
0.0594033
0.05923
0.0590579
0.0588873
0.0587185
0.0585512
0.0583861
0.0582227
0.0580618
0.0579029
0.0577465
0.0575929
0.0574417
0.0572934
0.057148
0.0570057
0.0568665
0.0567307
0.0565981
0.0564689
0.0563435
0.0562214
0.0561028
0.0559881
0.0558772
0.0557702
0.0556671
0.0555679
0.0554728
0.0553817
0.0552946
0.0552119
0.0551336
0.055059
0.0549885
0.0549225
0.0548602
0.0548024
0.0547483
0.0546988
0.0546536
0.0546128
0.054576
0.0545431
0.0545146
0.0544904
0.0544701
0.0544537
0.0544415
0.0544335
0.0544295
0.0544292
0.0544328
0.0544401
0.0544515
0.0544663
0.0544848
0.0545069
0.0545325
0.0545615
0.0545939
0.0546296
0.0546687
0.054711
0.0547561
0.0548042
0.0548551
0.0549089
0.0549656
0.0550247
0.0550863
0.05515
0.0552164
0.055285
0.055356
0.0554286
0.0555035
0.0555804
0.0556587
0.0557389
0.0558207
0.0559042
0.0559891
0.0560754
0.0561628
0.0562517
0.0563422
0.0564335
0.0565255
0.0566188
0.0567134
0.056809
0.0569056
0.0570031
0.0571018
0.0572012
0.0573013
0.0574026
0.0575048
0.0576079
0.0577117
0.0578168
0.0579228
0.0580298
0.0581378
0.0582468
0.058357
0.0584684
0.0585809
0.0586944
0.0588087
0.0589241
0.0590409
0.0591589
0.059278
0.0593981
0.0595194
0.0596416
0.0597648
0.0598887
0.0600136
0.0601392
0.0602654
0.060392
0.0605189
0.0606459
0.0607728
0.0608994
0.0610251
0.0611503
0.0612743
0.0613969
0.061518
0.0616366
0.0617528
0.061866
0.0619758
0.0620817
0.0621835
0.0622806
0.0623725
0.0624584
0.0625384
0.0626116
0.0626773
0.0627355
0.0627853
0.0628264
0.0628582
0.0628804
0.0628921
0.0628931
0.0628832
0.0628616
0.0628281
0.0627821
0.0627239
0.062653
0.0625693
0.0624724
0.0623622
0.0622388
0.0621022
0.0619524
0.0617894
0.0616138
0.0614253
0.0612242
0.0610111
0.060786
0.0605492
0.0603016
0.0600435
0.0597756
0.0594981
0.0592116
0.0589164
0.0586141
0.058305
0.0579893
0.0576679
0.0573413
0.0570106
0.056676
0.0563387
0.0559989
0.0556574
0.0553152
0.0549726
0.0546304
0.0542889
0.0539489
0.0536109
0.0532748
0.0529419
0.0526124
0.0522867
0.0519648
0.051648
0.0513359
0.0510295
0.0507285
0.0504333
0.0501441
0.0498613
0.0495849
0.0493152
0.0490525
0.0487964
0.0485473
0.0483052
0.04807
0.0478419
0.0476208
0.0474073
0.0472009
0.0470016
0.0468094
0.0466242
0.0464462
0.0462749
0.0461105
0.0459527
0.0458012
0.0456564
0.0455178
0.0453857
0.04526
0.0451399
0.0450259
0.0449174
0.0448151
0.044718
0.0446263
0.0445399
0.0444586
0.0443826
0.0443109
0.0442445
0.0441821
0.0441248
0.0440716
0.0440226
0.0439779
0.0439371
0.0439001
0.043867
0.0438375
0.0438116
0.0437892
0.0437699
0.0437542
0.0437417
0.0437325
0.0437261
0.0437227
0.0437222
0.0437245
0.0437295
0.0437372
0.0437476
0.0437602
0.0437759
0.0437937
0.043814
0.0438366
0.0438616
0.043889
0.0439185
0.0439502
0.0439838
0.0440198
0.0440582
0.0440984
0.0441407
0.044185
0.0442314
0.0442798
0.0443305
0.0443829
0.0444373
0.0444936
0.0445521
0.0446124
0.0446746
0.0447387
0.044805
0.044873
0.0449427
0.0450146
0.0450883
0.045164
0.0452416
0.0453211
0.0454026
0.0454859
0.0455711
0.0456583
0.0457476
0.0458385
0.0459314
0.0460261
0.0461228
0.0462214
0.0463218
0.0464237
0.0465281
0.0466347
0.0467426
0.0468524
0.0469643
0.0470779
0.0471932
0.0473107
0.0474294
0.0475503
0.0476731
0.0477975
0.0479235
0.0480514
0.048181
0.0483124
0.0484457
0.0485802
0.0487167
0.0488547
0.0489942
0.0491354
0.0492783
0.0494229
0.0495685
0.0497159
0.0498647
0.0500152
0.0501666
0.0503196
0.0504739
0.0506294
0.0507865
0.0509445
0.0511037
0.051264
0.0514253
0.0515876
0.051751
0.0519152
0.0520803
0.0522462
0.052413
0.0525804
0.0527483
0.0529168
0.0530853
0.0532547
0.0534244
0.0535944
0.0537646
0.0539349
0.054105
0.0542753
0.0544454
0.0546156
0.0547851
0.054954
0.0551228
0.0552908
0.055458
0.0556244
0.0557899
0.0559545
0.0561176
0.0562795
0.0564399
0.0565988
0.056756
0.0569119
0.0570654
0.0572168
0.057366
0.0575128
0.0576572
0.0577987
0.0579381
0.0580742
0.0582075
0.0583376
0.0584643
0.0585876
0.0587072
0.0588229
0.0589347
0.0590422
0.0591457
0.059245
0.0593398
0.05943
0.0595153
0.059596
0.0596718
0.0597427
0.0598082
0.0598689
0.0599236
0.0599732
0.060017
0.0600554
0.0600875
0.0601141
0.0601349
0.0601494
0.0601582
0.0601608
0.0601575
0.0601481
0.0601326
0.0601108
0.0600828
0.0600487
0.0600092
0.0599631
0.0599114
0.0598529
0.059789
0.0597189
0.0596427
0.0595609
0.0594734
0.0593802
0.0592817
0.0591776
0.0590681
0.0589531
0.0588333
0.0587085
0.0585788
0.0584444
0.0583053
0.0581619
0.0580143
0.0578626
0.0577069
0.0575472
0.057384
0.057217
0.0570473
0.0568746
0.0566987
0.0565205
0.0563397
0.0561565
0.0559709
0.0557839
0.0555948
0.0554042
0.0552125
0.0550193
0.0548252
0.0546302
0.0544346
0.0542382
0.0540419
0.0538456
0.0536494
0.0534539
0.0532583
0.0530635
0.0528692
0.0526762
0.0524841
0.0522936
0.0521042
0.0519167
0.051731
0.0515472
0.0513657
0.0511864
0.0510094
0.0508347
0.0506625
0.0504928
0.0503262
0.0501626
0.0500019
0.0498443
0.0496901
0.0495392
0.0493919
0.049248
0.0491078
0.0489713
0.0488384
0.0487098
0.0485846
0.0484637
0.0483468
0.0482337
0.0481251
0.0480206
0.0479202
0.0478242
0.0477326
0.0476453
0.0475621
0.0474836
0.0474096
0.0473399
0.0472745
0.0472136
0.0471573
0.0471052
0.0470575
0.0470142
0.0469755
0.0469409
0.0469111
0.0468849
0.0468631
0.0468459
0.046833
0.0468237
0.0468186
0.0468174
0.0468202
0.046827
0.0468375
0.0468514
0.0468693
0.0468904
0.0469153
0.0469438
0.0469756
0.0470103
0.0470481
0.0470888
0.0471324
0.0471788
0.0472277
0.0472791
0.0473329
0.0473889
0.0474464
0.0475064
0.0475682
0.0476317
0.0476964
0.0477626
0.0478301
0.0478986
0.047968
0.0480381
0.0481088
0.0481799
0.0482512
0.0483229
0.0483937
0.0484646
0.0485348
0.0486049
0.0486743
0.0487431
0.0488107
0.0488775
0.0489426
0.0490062
0.0490683
0.0491286
0.0491871
0.0492436
0.0492981
0.0493503
0.0494002
0.0494476
0.0494921
0.0495346
0.0495744
0.0496115
0.0496459
0.0496773
0.0497059
0.0497315
0.0497542
0.0497736
0.0497902
0.049804
0.0498146
0.0498219
0.0498264
0.0498279
0.0498264
0.0498224
0.0498153
0.0498049
0.0497918
0.0497762
0.049758
0.0497368
0.0497131
0.0496871
0.0496584
0.0496274
0.0495942
0.0495588
0.0495213
0.0494818
0.0494407
0.0493973
0.0493524
0.0493057
0.0492577
0.0492081
0.0491575
0.0491056
0.0490528
0.0489988
0.0489439
0.0488882
0.0488317
0.0487747
0.0487173
0.048659
0.0486005
0.048542
0.0484831
0.0484241
0.048365
0.0483059
0.048247
0.0481882
0.0481294
0.048071
0.0480132
0.0479557
0.0478986
0.0478422
0.0477865
0.0477316
0.0476772
0.047624
0.0475706
0.0475185
0.0474676
0.0474173
0.047368
0.0473196
0.0472718
0.0472255
0.0471805
0.0471364
0.0470934
0.0470515
0.0470108
0.0469713
0.0469333
0.0468963
0.0468605
0.0468257
0.046793
0.0467609
0.0467304
0.0467012
0.0466733
0.0466464
0.0466213
0.0465974
0.0465752
0.0465545
0.0465351
0.0465175
0.0465012
0.0464863
0.046473
0.0464612
0.0464509
0.046442
0.0464349
0.0464294
0.0464255
0.0464232
0.0464225
0.0464233
0.046426
0.0464306
0.0464367
0.0464443
0.0464536
0.0464651
0.046478
0.0464929
0.0465093
0.0465278
0.0465482
0.0465704
0.0465948
0.0466208
0.0466485
0.0466784
0.0467102
0.0467438
0.0467798
0.0468176
0.0468574
0.0468993
0.0469432
0.0469891
0.0470372
0.0470871
0.0471394
0.0471938
0.0472503
0.047309
0.0473698
0.0474325
0.0474974
0.0475645
0.047634
0.0477056
0.0477795
0.0478555
0.0479337
0.048014
0.0480968
0.0481814
0.0482682
0.0483569
0.0484482
0.0485413
0.0486368
0.048734
0.0488333
0.0489348
0.049038
0.0491431
0.0492501
0.0493587
0.0494694
0.0495818
0.0496956
0.0498116
0.0499289
0.0500477
0.050168
0.0502898
0.0504133
0.0505374
0.0506625
0.0507884
0.0509157
0.0510437
0.0511728
0.0513022
0.0514325
0.0515633
0.0516945
0.0518257
0.0519576
0.0520892
0.052221
0.0523522
0.0524838
0.0526142
0.0527448
0.052874
0.0530027
0.0531304
0.0532571
0.0533825
0.053507
0.0536298
0.0537514
0.0538709
0.0539889
0.054105
0.0542191
0.0543316
0.0544414
0.0545493
0.0546544
0.0547572
0.0548571
0.0549546
0.0550499
0.0551419
0.0552311
0.0553173
0.0554006
0.0554809
0.0555581
0.055632
0.055703
0.0557709
0.0558356
0.0558969
0.0559552
0.0560104
0.0560624
0.0561113
0.056157
0.0561996
0.0562392
0.0562754
0.0563091
0.0563396
0.0563674
0.0563921
0.0564139
0.056433
0.0564494
0.0564631
0.0564743
0.0564826
0.056489
0.0564928
0.0564942
0.0564934
0.0564901
0.0564849
0.0564777
0.0564682
0.056457
0.0564439
0.0564292
0.0564126
0.0563944
0.0563744
0.0563527
0.0563295
0.056305
0.0562788
0.0562511
0.056222
0.0561916
0.0561598
0.0561269
0.0560924
0.056057
0.05602
0.0559818
0.0559421
0.0559012
0.0558592
0.0558161
0.0557717
0.0557262
0.0556793
0.0556318
0.0555822
0.0555317
0.0554799
0.0554268
0.0553725
0.0553168
0.0552598
0.0552013
0.0551416
0.0550808
0.0550182
0.0549544
0.0548891
0.0548225
0.0547543
0.0546847
0.0546136
0.054541
0.0544662
0.0543905
0.0543133
0.0542348
0.0541547
0.0540727
0.0539892
0.053904
0.0538172
0.0537288
0.0536387
0.053547
0.0534536
0.0533586
0.0532617
0.0531633
0.0530636
0.0529619
0.0528586
0.0527536
0.052647
0.0525385
0.0524287
0.0523171
0.0522043
0.0520895
0.0519732
0.0518553
0.0517361
0.0516149
0.0514926
0.0513686
0.0512432
0.0511162
0.0509879
0.0508579
0.0507265
0.0505938
0.05046
0.0503249
0.0501886
0.050051
0.0499123
0.0497727
0.0496318
0.0494896
0.0493461
0.0492022
0.0490573
0.0489116
0.0487648
0.0486172
0.0484694
0.0483212
0.0481719
0.0480221
0.047872
0.0477212
0.0475703
0.0474188
0.0472671
0.0471152
0.0469633
0.0468114
0.0466593
0.0465072
0.0463552
0.0462034
0.0460518
0.0459006
0.0457502
0.0455997
0.0454498
0.0453004
0.0451516
0.0450035
0.0448564
0.0447098
0.0445644
0.0444196
0.0442758
0.0441326
0.043991
0.0438503
0.043711
0.0435732
0.0434362
0.0433006
0.0431666
0.0430341
0.0429029
0.0427734
0.0426455
0.0425188
0.0423942
0.0422714
0.0421502
0.0420309
0.0419131
0.0417974
0.0416837
0.0415718
0.0414618
0.0413537
0.0412476
0.0411435
0.0410414
0.0409414
0.0408434
0.0407474
0.0406535
0.0405618
0.0404723
0.040385
0.0402995
0.0402162
0.040135
0.0400561
0.0399789
0.0399041
0.0398314
0.039761
0.0396926
0.0396265
0.0395623
0.0395002
0.0394401
0.0393822
0.0393263
0.0392726
0.0392208
0.0391711
0.0391237
0.039078
0.0390343
0.0389926
0.0389531
0.0389153
0.0388792
0.0388453
0.0388132
0.0387829
0.0387548
0.0387282
0.0387034
0.0386806
0.0386593
0.0386397
0.0386218
0.0386058
0.0385915
0.0385785
0.0385673
0.0385575
0.0385492
0.0385424
0.038537
0.0385331
0.0385306
0.0385295
0.0385298
0.0385313
0.0385344
0.0385385
0.0385436
0.0385501
0.0385578
0.0385666
0.0385765
0.0385874
0.0385994
0.0386124
0.0386264
0.0386413
0.0386571
0.0386738
0.0386913
0.0387096
0.0387289
0.0387487
0.0387692
0.0387908
0.0388126
0.038835
0.038858
0.0388815
0.0389055
0.0389305
0.0389554
0.0389807
0.0390061
0.0390321
0.0390584
0.039085
0.0391118
0.0391388
0.039166
0.0391933
0.0392208
0.0392483
0.0392758
0.0393034
0.039331
0.0393588
0.0393862
0.0394136
0.0394408
0.0394681
0.0394949
0.0395216
0.0395482
0.0395741
0.0396
0.0396255
0.0396507
0.0396755
0.0396999
0.0397238
0.0397473
0.0397704
0.0397932
0.0398155
0.039837
0.039858
0.0398786
0.0398984
0.0399178
0.0399364
0.039954
0.0399713
0.0399878
0.0400037
0.0400188
0.0400332
0.0400469
0.0400601
0.0400723
0.0400837
0.0400943
0.0401046
0.0401136
0.0401218
0.0401292
0.0401357
0.0401417
0.0401466
0.0401506
0.0401534
0.0401557
0.0401572
0.0401579
0.0401579
0.0401569
0.040155
0.040152
0.0401484
0.0401438
0.0401385
0.0401324
0.0401254
0.0401174
0.0401088
0.0400995
0.0400893
0.0400783
0.0400665
0.040054
0.0400407
0.0400267
0.0400119
0.0399965
0.0399803
0.0399634
0.0399459
0.0399277
0.0399091
0.0398897
0.0398696
0.039849
0.0398278
0.0398059
0.0397837
0.039761
0.0397379
0.0397143
0.0396903
0.0396662
0.0396415
0.0396164
0.0395913
0.0395657
0.0395399
0.0395139
0.0394877
0.0394614
0.0394353
0.0394088
0.0393823
0.0393559
0.0393295
0.0393034
0.039277
0.039251
0.0392255
0.0392
0.0391746
0.0391498
0.0391253
0.0391013
0.0390776
0.0390547
0.0390323
0.0390101
0.038989
0.0389687
0.0389492
0.0389306
0.0389125
0.0388957
0.0388799
0.0388651
0.0388515
0.038839
0.0388277
0.0388177
0.0388091
0.038802
0.0387962
0.0387919
0.0387892
0.038788
0.0387886
0.0387909
0.0387945
0.0388002
0.0388081
0.0388179
0.0388295
0.0388435
0.0388596
0.0388779
0.0388986
0.0389213
0.0389467
0.0389743
0.0390047
0.0390373
0.0390723
0.0391102
0.0391507
0.0391939
0.03924
0.0392888
0.0393405
0.0393951
0.0394527
0.039513
0.0395766
0.0396433
0.039713
0.0397859
0.0398621
0.0399411
0.0400232
0.0401088
0.0401977
0.0402895
0.0403849
0.040483
0.0405847
0.04069
0.0407979
0.0409096
0.0410242
0.0411422
0.0412633
0.0413877
0.0415152
0.041646
0.0417797
0.041916
0.0420553
0.0421977
0.0423431
0.042491
0.0426415
0.0427943
0.04295
0.0431078
0.0432678
0.04343
0.0435941
0.04376
0.0439279
0.0440973
0.0442679
0.0444398
0.0446129
0.0447868
0.0449613
0.0451364
0.0453118
0.0454873
0.0456628
0.0458378
0.0460122
0.0461862
0.0463591
0.046531
0.0467015
0.0468706
0.0470376
0.0472025
0.0473652
0.0475252
0.0476824
0.0478369
0.0479878
0.0481353
0.0482788
0.0484183
0.048554
0.0486853
0.0488118
0.0489335
0.0490506
0.0491625
0.0492692
0.0493706
0.0494663
0.0495562
0.0496403
0.0497184
0.0497905
0.0498564
0.049916
0.0499695
0.0500167
0.0500575
0.050092
0.0501202
0.0501423
0.0501578
0.0501668
0.0501699
0.0501668
0.0501576
0.0501424
0.0501214
0.0500945
0.0500621
0.0500241
0.0499808
0.0499324
0.0498788
0.0498198
0.0497566
0.049689
0.0496169
0.0495406
0.0494606
0.0493765
0.0492886
0.0491976
0.0491032
0.0490065
0.0489067
0.0488042
0.0486997
0.0485926
0.0484835
0.0483722
0.0482599
0.0481461
0.0480309
0.0479147
0.0477977
0.0476799
0.0475616
0.0474431
0.0473242
0.047205
0.0470865
0.046968
0.0468496
0.0467317
0.0466146
0.0464977
0.0463819
0.046267
0.0461531
0.0460401
0.0459286
0.0458188
0.0457099
0.0456019
0.0454962
0.0453916
0.0452889
0.0451878
0.0450885
0.0449907
0.044895
0.0448011
0.0447091
0.0446188
0.0445312
0.0444446
0.0443603
0.0442781
0.044198
0.0441197
0.0440439
0.0439701
0.0438982
0.043828
0.0437604
0.0436946
0.043631
0.0435689
0.0435094
0.0434516
0.0433957
0.0433418
0.0432901
0.0432403
0.0431915
0.0431452
0.0431008
0.0430582
0.0430174
0.0429784
0.0429406
0.0429051
0.0428712
0.0428389
0.0428083
0.0427793
0.0427518
0.042726
0.0427013
0.0426783
0.0426565
0.042636
0.0426172
0.0425996
0.0425831
0.0425686
0.0425548
0.0425422
0.0425307
0.0425203
0.0425113
0.042503
0.0424955
0.0424893
0.0424839
0.0424798
0.042476
0.0424733
0.0424714
0.0424704
0.0424703
0.0424709
0.0424723
0.0424741
0.0424765
0.0424795
0.0424832
0.0424874
0.0424922
0.0424975
0.0425033
0.0425096
0.0425163
0.0425235
0.0425311
0.0425392
0.0425476
0.0425566
0.0425658
0.0425755
0.0425854
0.042596
0.0426068
0.0426173
0.0426284
0.0426403
0.042652
0.042664
0.0426762
0.0426885
0.0427012
0.0427143
0.0427276
0.0427412
0.0427548
0.0427689
0.0427832
0.0427977
0.0428126
0.042828
0.0428436
0.0428593
0.0428754
0.0428919
0.0429083
0.0429254
0.0429426
0.0429605
0.0429789
0.0429978
0.0430166
0.0430359
0.0430555
0.0430756
0.0430961
0.0431173
0.0431387
0.0431603
0.0431827
0.0432056
0.043229
0.0432529
0.0432774
0.0433025
0.0433286
0.0433551
0.043382
0.0434093
0.0434375
0.0434664
0.043496
0.0435263
0.0435575
0.0435891
0.0436221
0.0436555
0.0436896
0.0437246
0.0437604
0.0437969
0.0438345
0.0438728
0.0439122
0.0439526
0.0439939
0.0440365
0.0440798
0.0441239
0.0441693
0.0442156
0.0442631
0.0443123
0.0443621
0.0444128
0.0444649
0.0445184
0.0445729
0.0446284
0.0446854
0.0447436
0.0448032
0.044864
0.0449264
0.0449897
0.0450546
0.0451209
0.0451886
0.0452578
0.0453286
0.0454006
0.0454742
0.0455493
0.0456259
0.0457045
0.0457842
0.0458656
0.0459485
0.0460329
0.0461189
0.0462068
0.0462964
0.0463877
0.0464808
0.0465756
0.0466724
0.0467707
0.0468709
0.0469732
0.047077
0.0471827
0.0472905
0.0474
0.0475114
0.0476248
0.04774
0.0478573
0.0479765
0.0480977
0.0482206
0.0483458
0.0484726
0.0486016
0.0487329
0.0488663
0.0490017
0.0491393
0.0492791
0.0494208
0.0495646
0.0497105
0.0498585
0.0500083
0.0501605
0.0503151
0.0504715
0.0506298
0.0507901
0.0509528
0.0511176
0.0512845
0.0514535
0.0516245
0.0517977
0.0519724
0.0521494
0.0523285
0.0525096
0.0526929
0.0528778
0.0530644
0.0532529
0.0534435
0.0536359
0.0538304
0.0540266
0.0542242
0.0544236
0.0546246
0.0548269
0.055031
0.0552364
0.0554437
0.055652
0.0558618
0.0560731
0.0562852
0.0564987
0.0567133
0.056929
0.0571456
0.0573632
0.0575815
0.0578007
0.0580208
0.0582415
0.0584628
0.0586842
0.0589061
0.0591285
0.0593509
0.0595736
0.0597965
0.0600192
0.0602416
0.0604643
0.0606862
0.0609077
0.0611287
0.0613493
0.0615688
0.0617878
0.0620059
0.0622226
0.0624386
0.0626536
0.0628676
0.0630801
0.0632916
0.0635007
0.0637087
0.0639153
0.0641199
0.0643229
0.0645242
0.064723
0.0649195
0.0651144
0.0653068
0.0654969
0.0656846
0.0658699
0.0660527
0.0662329
0.0664108
0.0665858
0.0667581
0.066928
0.0670947
0.0672586
0.0674195
0.0675773
0.0677321
0.0678842
0.0680331
0.0681789
0.0683221
0.068462
0.0685988
0.0687323
0.0688627
0.0689902
0.0691146
0.0692358
0.0693539
0.0694694
0.0695814
0.0696903
0.0697958
0.0698977
0.0699968
0.0700928
0.0701856
0.0702752
0.0703616
0.0704447
0.0705245
0.070601
0.0706741
0.0707439
0.0708104
0.0708734
0.0709328
0.0709879
0.0710396
0.0710876
0.0711316
0.0711717
0.0712077
0.0712392
0.0712662
0.0712886
0.0713064
0.0713191
0.0713269
0.0713294
0.0713261
0.0713172
0.0713023
0.0712813
0.0712542
0.0712203
0.0711794
0.0711316
0.0710764
0.0710137
0.0709438
0.0708662
0.0707801
0.0706853
0.0705823
0.0704703
0.0703495
0.0702199
0.0700811
0.0699328
0.0697754
0.0696085
0.069432
0.069246
0.0690504
0.0688453
0.0686306
0.0684062
0.0681726
0.0679298
0.0676778
0.067417
0.0671472
0.0668688
0.066582
0.0662872
0.0659844
0.0656744
0.0653569
0.0650325
0.0647016
0.0643645
0.0640216
0.0636735
0.0633204
0.0629624
0.0626002
0.0622345
0.0618646
0.0614923
0.0611174
0.0607404
0.0603616
0.0599816
0.0596003
0.0592188
0.0588371
0.0584556
0.0580747
0.0576949
0.0573162
0.056939
0.0565639
0.0561905
0.0558198
0.0554518
0.055087
0.0547252
0.0543667
0.0540117
0.0536606
0.0533136
0.0529705
0.0526316
0.0522972
0.0519675
0.0516425
0.0513222
0.0510065
0.050696
0.0503904
0.0500898
0.0497942
0.0495038
0.0492186
0.0489384
0.0486632
0.048393
0.0481281
0.0478678
0.0476131
0.0473634
0.047119
0.0468791
0.0466446
0.0464148
0.0461898
0.0459699
0.0457543
0.0455435
0.0453375
0.045136
0.044939
0.0447465
0.0445578
0.044374
0.0441945
0.0440191
0.0438479
0.0436807
0.043517
0.0433578
0.0432024
0.0430508
0.0429029
0.0427592
0.0426186
0.0424813
0.0423477
0.0422172
0.0420904
0.0419666
0.0418462
0.0417288
0.0416148
0.0415038
0.0413955
0.0412907
0.0411885
0.0410894
0.0409929
0.0408988
0.0408077
0.0407192
0.0406333
0.0405497
0.0404689
0.0403905
0.0403146
0.040241
0.0401699
0.040101
0.0400343
0.0399698
0.0399077
0.0398476
0.0397898
0.0397338
0.0396799
0.0396282
0.0395783
0.0395303
0.0394843
0.0394401
0.039398
0.0393576
0.0393189
0.039282
0.0392469
0.0392135
0.0391816
0.0391518
0.0391234
0.0390967
0.0390716
0.039048
0.0390261
0.0390059
0.0389869
0.0389695
0.0389538
0.0389391
0.0389261
0.0389147
0.0389045
0.0388954
0.0388877
0.0388813
0.0388763
0.0388735
0.0388713
0.0388704
0.0388709
0.0388724
0.0388754
0.0388794
0.0388845
0.0388908
0.0388983
0.0389071
0.0389168
0.0389279
0.0389397
0.0389527
0.0389667
0.0389814
0.0389974
0.0390145
0.0390325
0.0390514
0.0390711
0.0390919
0.0391136
0.0391362
0.0391597
0.0391842
0.0392092
0.0392351
0.0392619
0.0392892
0.0393175
0.0393468
0.0393766
0.0394071
0.039438
0.03947
0.0395027
0.0395358
0.0395693
0.0396035
0.0396384
0.0396735
0.0397094
0.0397458
0.0397826
0.0398199
0.0398577
0.0398956
0.0399344
0.0399733
0.0400127
0.0400523
0.0400922
0.0401323
0.0401727
0.0402133
0.0402541
0.0402951
0.0403362
0.0403777
0.0404191
0.0404606
0.0405021
0.0405434
0.040585
0.0406267
0.0406682
0.0407097
0.0407513
0.0407928
0.0408339
0.0408748
0.0409159
0.0409564
0.0409966
0.0410369
0.0410765
0.041116
0.0411552
0.0411941
0.0412326
0.041271
0.0413088
0.0413461
0.041383
0.0414197
0.0414557
0.0414912
0.0415264
0.0415606
0.0415945
0.0416279
0.0416606
0.0416929
0.0417247
0.0417562
0.0417866
0.0418161
0.0418453
0.0418733
0.0419011
0.0419283
0.041955
0.0419806
0.0420055
0.04203
0.0420536
0.0420767
0.0420991
0.0421209
0.0421417
0.0421623
0.0421817
0.0422007
0.0422191
0.0422365
0.0422535
0.0422698
0.0422855
0.0423006
0.042315
0.042328
0.0423412
0.0423535
0.0423655
0.0423771
0.0423879
0.0423981
0.0424078
0.042417
0.0424256
0.0424338
0.0424414
0.0424483
0.0424553
0.0424615
0.0424674
0.0424726
0.0424773
0.0424817
0.042486
0.0424899
0.0424935
0.0424965
0.0424997
0.0425024
0.0425048
0.042507
0.0425089
0.0425103
0.0425117
0.042513
0.0425143
0.042515
0.042516
0.0425166
0.042517
0.0425174
0.0425176
0.0425178
0.0425178
0.0425175
0.0425174
0.0425173
0.0425173
0.042517
0.0425167
0.0425166
0.0425163
0.0425159
0.0425155
0.042515
0.0425146
0.0425142
0.0425137
0.0425132
0.0425125
0.0425118
0.0425111
0.0425106
0.0425103
0.0425098
0.0425092
0.0425087
0.0425078
0.0425074
0.0425067
0.042506
0.0425052
0.0425044
0.0425035
0.0425025
0.0425017
0.0425005
0.0424992
0.0424978
0.0424963
0.0424949
0.0424931
0.0424911
0.042489
0.0424867
0.0424839
0.0424814
0.0424782
0.042475
0.0424714
0.0424677
0.0424634
0.0424592
0.0424544
0.0424492
0.0424435
0.0424377
0.0424318
0.0424255
0.0424188
0.042412
0.0424045
0.0423969
0.0423888
0.04238
0.042371
0.0423613
0.0423511
0.0423402
0.0423289
0.042317
0.0423045
0.0422918
0.0422784
0.0422646
0.0422498
0.0422352
0.0422198
0.0422038
0.042187
0.0421699
0.042152
0.0421337
0.0421149
0.0420955
0.0420755
0.0420549
0.0420338
0.0420121
0.0419898
0.0419668
0.0419434
0.0419195
0.041895
0.04187
0.0418442
0.0418184
0.0417918
0.0417647
0.0417372
0.0417091
0.0416804
0.0416515
0.0416221
0.0415925
0.0415624
0.0415318
0.0415008
0.0414695
0.0414377
0.0414058
0.0413735
0.0413413
0.0413086
0.0412754
0.0412425
0.0412091
0.0411757
0.0411421
0.0411084
0.0410746
0.0410408
0.0410064
0.0409726
0.0409388
0.040905
0.0408711
0.0408373
0.0408041
0.0407711
0.0407381
0.0407053
0.0406728
0.0406407
0.0406088
0.040577
0.0405458
0.040515
0.0404849
0.040455
0.0404256
0.0403967
0.0403689
0.0403411
0.040314
0.0402876
0.040262
0.0402369
0.0402125
0.0401888
0.0401662
0.0401442
0.0401229
0.0401023
0.040083
0.0400647
0.0400468
0.04003
0.0400143
0.0399993
0.0399858
0.0399728
0.0399611
0.0399503
0.039941
0.0399326
0.0399253
0.0399187
0.0399137
0.0399096
0.0399069
0.0399057
0.0399054
0.0399063
0.0399082
0.0399114
0.0399162
0.039922
0.0399291
0.0399374
0.0399469
0.0399579
0.03997
0.0399835
0.0399979
0.0400137
0.0400306
0.0400488
0.0400682
0.0400887
0.0401107
0.0401339
0.0401582
0.0401835
0.0402099
0.0402373
0.0402657
0.0402953
0.0403265
0.0403585
0.0403907
0.0404244
0.0404591
0.0404946
0.0405311
0.0405686
0.040607
0.0406457
0.0406854
0.040726
0.0407671
0.0408089
0.040851
0.0408939
0.0409373
0.0409812
0.0410255
0.0410702
0.041115
0.0411604
0.041206
0.0412518
0.0412973
0.0413434
0.0413893
0.0414355
0.041482
0.0415278
0.0415737
0.0416191
0.0416646
0.0417097
0.0417545
0.041799
0.0418429
0.0418862
0.0419292
0.0419713
0.0420131
0.0420544
0.0420948
0.0421345
0.0421733
0.0422113
0.0422482
0.0422844
0.0423199
0.0423542
0.0423875
0.0424197
0.0424509
0.042481
0.0425101
0.0425379
0.0425645
0.0425897
0.042614
0.042637
0.042659
0.0426794
0.0426987
0.0427167
0.0427335
0.0427491
0.0427637
0.0427767
0.0427888
0.0427994
0.0428088
0.0428167
0.0428237
0.0428295
0.0428337
0.0428375
0.0428399
0.0428412
0.0428415
0.042841
0.0428394
0.042837
0.0428333
0.0428288
0.0428233
0.0428171
0.0428101
0.042802
0.042794
0.0427851
0.0427753
0.0427649
0.042754
0.0427429
0.0427308
0.0427187
0.0427063
0.0426933
0.0426799
0.0426664
0.0426529
0.0426389
0.042625
0.0426108
0.0425968
0.0425828
0.0425689
0.0425551
0.0425415
0.0425281
0.0425149
0.0425019
0.0424895
0.0424772
0.0424654
0.0424541
0.0424431
0.0424325
0.0424228
0.0424133
0.0424044
0.0423964
0.0423887
0.0423818
0.0423753
0.0423698
0.042365
0.042361
0.0423578
0.0423554
0.0423539
0.0423532
0.0423534
0.0423546
0.0423567
0.0423597
0.0423639
0.0423684
0.0423748
0.0423816
0.0423896
0.0423987
0.0424086
0.0424198
0.0424319
0.0424453
0.0424598
0.0424753
0.0424921
0.0425101
0.0425288
0.0425489
0.0425702
0.042593
0.0426173
0.0426428
0.0426693
0.0426968
0.0427259
0.0427563
0.042788
0.0428211
0.0428557
0.0428914
0.0429284
0.0429669
0.0430069
0.0430486
0.0430914
0.043136
0.0431824
0.04323
0.043279
0.0433295
0.0433815
0.0434355
0.0434909
0.043548
0.0436069
0.0436675
0.0437299
0.0437938
0.0438599
0.0439278
0.0439977
0.0440698
0.0441434
0.0442193
0.0442975
0.0443776
0.0444599
0.0445445
0.0446313
0.0447205
0.0448123
0.0449062
0.0450025
0.0451015
0.0452032
0.0453075
0.0454141
0.0455239
0.0456366
0.0457522
0.0458708
0.0459925
0.0461168
0.0462447
0.0463759
0.0465105
0.0466485
0.0467899
0.0469346
0.047083
0.0472353
0.0473913
0.0475514
0.0477152
0.0478829
0.048055
0.0482309
0.0484109
0.0485955
0.0487841
0.048977
0.0491749
0.0493764
0.0495828
0.0497937
0.0500091
0.0502292
0.0504537
0.0506836
0.0509177
0.0511565
0.0513999
0.0516481
0.0519011
0.0521585
0.0524205
0.0526868
0.052958
0.0532333
0.0535129
0.0537967
0.0540846
0.0543764
0.0546722
0.0549711
0.0552736
0.0555796
0.0558883
0.0561995
0.0565132
0.0568294
0.0571479
0.0574674
0.0577883
0.0581099
0.0584321
0.0587544
0.0590764
0.0593976
0.0597176
0.0600359
0.0603521
0.0606656
0.0609758
0.0612825
0.0615853
0.0618833
0.0621758
0.0624628
0.0627429
0.0630161
0.0632821
0.0635394
0.0637889
0.0640297
0.0642607
0.0644816
0.0646921
0.0648919
0.0650799
0.0652563
0.0654202
0.0655721
0.0657111
0.0658371
0.0659498
0.0660489
0.0661345
0.0662061
0.0662637
0.0663079
0.0663374
0.0663527
0.0663541
0.0663417
0.0663153
0.0662751
0.0662217
0.0661546
0.0660745
0.0659813
0.0658758
0.0657581
0.0656284
0.0654872
0.0653345
0.0651715
0.0649977
0.0648142
0.064621
0.0644186
0.0642074
0.063988
0.0637607
0.0635259
0.0632839
0.0630356
0.062781
0.0625208
0.0622556
0.0619851
0.0617103
0.0614317
0.0611494
0.0608635
0.0605747
0.0602841
0.0599905
0.0596948
0.0593978
0.0590995
0.0588005
0.0585004
0.0582004
0.0579
0.0575998
0.0572998
0.0570007
0.0567022
0.0564053
0.0561094
0.055815
0.0555223
0.0552317
0.0549428
0.0546564
0.0543721
0.0540902
0.0538109
0.0535341
0.0532604
0.0529896
0.0527218
0.0524572
0.0521957
0.0519376
0.051683
0.0514316
0.0511837
0.0509394
0.0506988
0.0504616
0.0502283
0.0499984
0.0497724
0.0495502
0.0493314
0.0491167
0.0489056
0.0486981
0.0484944
0.0482944
0.0480981
0.0479055
0.0477167
0.0475315
0.04735
0.0471722
0.0469984
0.0468278
0.0466607
0.0464967
0.0463367
0.0461804
0.0460272
0.0458775
0.0457311
0.0455881
0.045448
0.0453112
0.0451779
0.0450477
0.0449208
0.044797
0.0446762
0.0445584
0.0444432
0.0443312
0.0442216
0.044115
0.0440111
0.04391
0.0438112
0.0437153
0.0436218
0.043531
0.0434427
0.0433568
0.0432734
0.0431925
0.043114
0.0430375
0.0429632
0.0428909
0.0428209
0.0427531
0.0426874
0.0426237
0.042562
0.0425025
0.0424447
0.0423891
0.0423351
0.0422831
0.0422328
0.0421841
0.0421373
0.0420921
0.0420486
0.0420068
0.0419661
0.0419275
0.0418905
0.041855
0.0418215
0.041789
0.041758
0.0417282
0.0417001
0.0416734
0.041648
0.0416241
0.0416012
0.04158
0.04156
0.0415413
0.0415239
0.041508
0.0414931
0.0414795
0.041467
0.0414558
0.0414458
0.0414374
0.0414297
0.0414232
0.0414178
0.0414135
0.0414104
0.0414084
0.0414075
0.0414077
0.0414095
0.0414119
0.0414156
0.0414204
0.041426
0.0414322
0.04144
0.0414488
0.0414586
0.0414693
0.0414812
0.0414939
0.0415082
0.0415235
0.0415396
0.0415567
0.0415744
0.0415935
0.0416137
0.0416347
0.041657
0.0416803
0.0417043
0.0417295
0.0417561
0.0417839
0.0418126
0.0418418
0.0418728
0.0419043
0.0419369
0.0419702
0.0420049
0.0420403
0.042077
0.0421145
0.0421533
0.0421932
0.0422341
0.0422758
0.0423188
0.0423631
0.0424081
0.0424543
0.0425015
0.0425498
0.0425991
0.0426494
0.0427009
0.0427534
0.0428071
0.0428615
0.0429172
0.0429739
0.0430316
0.0430904
0.0431503
0.0432112
0.0432732
0.0433362
0.0434002
0.0434645
0.0435304
0.0435975
0.0436656
0.0437345
0.0438044
0.0438755
0.0439476
0.0440204
0.0440942
0.0441695
0.0442459
0.044323
0.0444007
0.0444796
0.0445592
0.0446396
0.0447211
0.0448033
0.0448862
0.0449697
0.0450539
0.0451394
0.0452257
0.0453124
0.0453995
0.0454873
0.045576
0.0456653
0.0457551
0.0458455
0.0459365
0.0460276
0.0461195
0.0462117
0.0463044
0.0463973
0.0464906
0.0465844
0.0466782
0.0467722
0.0468663
0.0469605
0.0470548
0.0471487
0.0472429
0.0473371
0.0474312
0.0475251
0.0476188
0.0477122
0.0478053
0.0478981
0.0479904
0.0480822
0.0481735
0.0482645
0.0483546
0.048444
0.0485327
0.0486208
0.0487078
0.0487939
0.0488789
0.048963
0.0490461
0.0491278
0.0492086
0.0492882
0.0493664
0.0494434
0.0495187
0.0495928
0.0496654
0.0497364
0.0498059
0.0498737
0.0499398
0.0500044
0.050067
0.0501275
0.0501864
0.0502429
0.0502979
0.0503507
0.0504017
0.0504506
0.0504974
0.0505421
0.0505845
0.0506248
0.0506629
0.0506987
0.0507322
0.0507634
0.0507923
0.0508189
0.0508431
0.050865
0.0508844
0.0509017
0.0509162
0.0509285
0.0509384
0.0509458
0.0509509
0.0509531
0.0509534
0.0509513
0.0509471
0.0509405
0.0509314
0.0509197
0.0509056
0.0508896
0.0508708
0.0508502
0.0508275
0.0508025
0.0507755
0.0507463
0.0507153
0.050682
0.0506467
0.0506099
0.0505708
0.0505298
0.0504872
0.0504426
0.0503962
0.0503482
0.0502983
0.0502471
0.0501943
0.0501401
0.0500842
0.0500269
0.0499686
0.049909
0.0498483
0.0497864
0.0497234
0.0496594
0.0495944
0.0495285
0.0494618
0.049394
0.049326
0.0492573
0.0491878
0.0491177
0.049047
0.048976
0.0489045
0.0488327
0.0487606
0.048688
0.0486155
0.0485426
0.0484696
0.0483966
0.0483239
0.0482517
0.0481793
0.0481069
0.0480347
0.0479627
0.047891
0.0478197
0.0477491
0.0476785
0.0476084
0.0475389
0.0474698
0.0474009
0.0473328
0.0472651
0.0471983
0.0471324
0.0470669
0.0470022
0.0469381
0.0468749
0.0468124
0.0467507
0.0466899
0.0466299
0.0465707
0.0465124
0.046455
0.0463983
0.0463427
0.0462881
0.0462344
0.0461819
0.0461301
0.0460792
0.0460294
0.0459805
0.0459326
0.0458857
0.0458396
0.0457949
0.0457513
0.0457081
0.0456663
0.0456254
0.0455856
0.0455465
0.0455087
0.0454719
0.0454362
0.0454014
0.0453672
0.0453343
0.0453026
0.0452722
0.045243
0.0452144
0.0451868
0.0451605
0.0451352
0.0451111
0.0450876
0.0450651
0.0450437
0.0450232
0.0450038
0.0449854
0.0449681
0.044952
0.0449367
0.0449225
0.0449093
0.0448974
0.0448865
0.0448765
0.0448672
0.0448593
0.0448525
0.0448467
0.0448423
0.0448387
0.0448362
0.0448349
0.0448348
0.0448357
0.0448378
0.044841
0.0448453
0.0448506
0.0448575
0.0448657
0.0448748
0.0448854
0.044897
0.0449099
0.044924
0.0449395
0.0449562
0.0449743
0.0449932
0.0450139
0.045036
0.04506
0.0450849
0.0451115
0.0451395
0.0451687
0.0451992
0.0452314
0.0452653
0.0453003
0.0453371
0.0453754
0.045415
0.0454565
0.0454996
0.0455443
0.0455906
0.0456386
0.0456882
0.0457395
0.0457924
0.0458468
0.0459031
0.0459611
0.0460208
0.0460822
0.0461453
0.0462101
0.0462765
0.0463444
0.0464143
0.0464858
0.0465591
0.0466339
0.0467101
0.046788
0.0468676
0.0469487
0.0470315
0.0471156
0.0472011
0.0472883
0.0473765
0.0474659
0.0475569
0.0476489
0.047742
0.0478362
0.0479314
0.0480277
0.0481247
0.0482226
0.0483212
0.0484201
0.0485193
0.0486191
0.0487192
0.0488194
0.0489196
0.0490201
0.0491201
0.0492198
0.049319
0.0494176
0.0495153
0.0496124
0.0497084
0.0498033
0.0498969
0.0499891
0.0500797
0.0501687
0.0502559
0.050341
0.0504234
0.0505037
0.0505814
0.0506566
0.0507286
0.0507984
0.0508649
0.0509282
0.0509878
0.0510439
0.0510967
0.0511454
0.0511902
0.0512313
0.0512681
0.0513005
0.0513293
0.051353
0.0513723
0.0513873
0.0513978
0.0514036
0.0514049
0.0514014
0.0513932
0.0513803
0.0513628
0.0513404
0.0513132
0.0512817
0.0512452
0.0512042
0.0511587
0.0511089
0.0510543
0.0509954
0.0509324
0.0508651
0.0507936
0.0507182
0.0506389
0.050556
0.0504692
0.0503789
0.0502851
0.0501882
0.0500879
0.0499851
0.0498788
0.0497698
0.0496581
0.0495439
0.0494274
0.0493089
0.049188
0.0490652
0.0489406
0.0488143
0.0486864
0.0485572
0.0484269
0.0482954
0.0481627
0.0480291
0.0478947
0.0477593
0.0476237
0.0474876
0.047351
0.0472143
0.0470775
0.046941
0.0468042
0.0466676
0.0465312
0.0463952
0.0462595
0.0461241
0.0459895
0.0458553
0.045722
0.0455895
0.0454575
0.0453267
0.0451967
0.0450678
0.0449402
0.0448131
0.0446875
0.044563
0.0444395
0.0443175
0.0441968
0.0440775
0.0439597
0.0438434
0.043728
0.043614
0.0435018
0.0433912
0.043282
0.0431745
0.0430685
0.0429642
0.0428615
0.0427604
0.0426611
0.0425632
0.042467
0.0423728
0.0422803
0.0421896
0.0421004
0.0420133
0.041928
0.0418447
0.0417631
0.0416838
0.0416056
0.0415295
0.0414553
0.041383
0.0413126
0.0412436
0.041177
0.0411124
0.0410499
0.0409892
0.0409304
0.0408735
0.0408186
0.0407657
0.0407148
0.0406659
0.0406192
0.0405742
0.0405313
0.0404903
0.0404514
0.0404142
0.0403793
0.0403464
0.0403155
0.0402864
0.0402596
0.0402348
0.0402123
0.040191
0.0401723
0.0401556
0.0401409
0.0401283
0.0401177
0.0401091
0.0401023
0.040098
0.0400954
0.0400947
0.0400962
0.0400997
0.0401052
0.0401127
0.0401222
0.040134
0.0401473
0.0401627
0.0401804
0.0401999
0.0402208
0.0402437
0.0402688
0.040296
0.0403253
0.0403562
0.0403892
0.0404242
0.0404611
0.0404999
0.0405403
0.0405828
0.0406273
0.0406738
0.0407219
0.0407716
0.0408236
0.0408772
0.0409324
0.0409896
0.0410485
0.0411092
0.0411717
0.0412359
0.0413015
0.0413689
0.0414379
0.0415089
0.0415812
0.0416554
0.0417312
0.0418087
0.0418876
0.0419682
0.0420504
0.0421342
0.0422192
0.0423057
0.0423936
0.0424832
0.0425741
0.0426661
0.0427592
0.0428539
0.0429497
0.0430468
0.0431454
0.0432453
0.0433459
0.0434475
0.04355
0.0436537
0.0437586
0.0438642
0.0439704
0.0440777
0.0441855
0.0442944
0.0444039
0.0445143
0.044625
0.044736
0.0448478
0.0449597
0.0450722
0.0451853
0.0452984
0.0454117
0.0455251
0.0456385
0.0457522
0.0458655
0.0459787
0.0460922
0.0462049
0.0463172
0.0464296
0.0465407
0.0466515
0.0467616
0.046871
0.0469793
0.0470869
0.0471936
0.0472992
0.0474037
0.0475067
0.0476089
0.0477094
0.0478085
0.0479054
0.0480013
0.0480953
0.0481877
0.0482786
0.0483672
0.0484539
0.0485384
0.0486208
0.0487012
0.0487791
0.0488547
0.0489275
0.0489987
0.0490665
0.049132
0.0491948
0.049255
0.0493126
0.0493672
0.049419
0.0494679
0.0495139
0.049557
0.0495971
0.0496343
0.0496684
0.0496996
0.0497278
0.0497529
0.0497751
0.0497942
0.0498104
0.0498233
0.0498335
0.0498408
0.0498452
0.0498467
0.0498453
0.0498412
0.0498343
0.049825
0.0498127
0.0497974
0.04978
0.0497599
0.0497377
0.0497136
0.049687
0.049658
0.0496269
0.0495937
0.0495587
0.0495215
0.0494828
0.0494423
0.0494004
0.049357
0.0493119
0.0492663
0.0492191
0.0491707
0.0491216
0.0490716
0.0490207
0.0489687
0.0489163
0.0488635
0.0488102
0.0487565
0.0487027
0.0486487
0.0485947
0.0485409
0.0484869
0.0484332
0.0483799
0.048327
0.0482748
0.0482229
0.0481717
0.0481211
0.0480713
0.0480224
0.0479746
0.0479275
0.0478815
0.0478366
0.0477926
0.0477498
0.0477085
0.0476685
0.0476299
0.0475929
0.0475568
0.047523
0.0474902
0.047459
0.0474294
0.0474016
0.0473752
0.0473505
0.0473275
0.0473065
0.047287
0.0472692
0.0472532
0.047239
0.0472264
0.0472159
0.0472072
0.0472006
0.0471958
0.0471927
0.0471915
0.0471922
0.0471948
0.0471993
0.0472057
0.047214
0.0472243
0.0472365
0.0472506
0.0472667
0.0472848
0.0473049
0.0473269
0.047351
0.0473772
0.0474053
0.0474354
0.0474675
0.0475019
0.0475386
0.0475765
0.0476164
0.047659
0.0477034
0.0477505
0.0477995
0.0478507
0.0479041
0.0479592
0.0480169
0.0480773
0.0481401
0.0482052
0.0482724
0.0483419
0.048414
0.0484884
0.0485651
0.0486443
0.0487259
0.0488107
0.0488975
0.0489869
0.0490792
0.0491741
0.0492715
0.0493717
0.0494747
0.0495804
0.0496891
0.0498003
0.0499145
0.0500313
0.0501505
0.0502728
0.0503979
0.0505259
0.0506564
0.0507897
0.0509257
0.0510641
0.0512059
0.0513498
0.0514963
0.0516454
0.0517969
0.0519505
0.0521068
0.0522655
0.0524262
0.0525889
0.0527537
0.0529204
0.0530888
0.0532586
0.0534303
0.0536033
0.0537776
0.053953
0.0541294
0.0543065
0.0544843
0.0546625
0.0548407
0.0550188
0.0551974
0.0553755
0.0555535
0.0557301
0.0559061
0.056081
0.0562542
0.0564258
0.0565958
0.0567635
0.0569288
0.0570916
0.0572519
0.0574092
0.057563
0.0577132
0.0578599
0.0580025
0.0581413
0.058276
0.0584059
0.0585312
0.0586518
0.0587676
0.058878
0.0589832
0.0590831
0.0591772
0.0592656
0.0593482
0.059425
0.0594956
0.0595602
0.0596189
0.0596715
0.059718
0.0597584
0.0597926
0.0598206
0.0598431
0.059859
0.059869
0.0598727
0.0598707
0.0598629
0.0598491
0.0598297
0.0598051
0.0597753
0.05974
0.0596997
0.0596543
0.0596043
0.0595493
0.0594898
0.059426
0.0593581
0.059286
0.05921
0.0591303
0.0590471
0.0589605
0.0588708
0.0587778
0.0586824
0.0585843
0.0584836
0.0583807
0.0582754
0.0581679
0.0580585
0.0579477
0.0578353
0.0577218
0.0576066
0.0574905
0.0573735
0.0572556
0.057137
0.0570176
0.056898
0.0567781
0.0566579
0.0565376
0.0564173
0.0562968
0.056177
0.0560571
0.0559374
0.0558184
0.0556996
0.0555816
0.0554643
0.0553474
0.0552315
0.0551164
0.0550022
0.0548889
0.0547764
0.0546653
0.0545552
0.054446
0.0543379
0.0542309
0.054125
0.0540204
0.0539169
0.0538146
0.0537136
0.0536135
0.053515
0.0534179
0.0533219
0.0532271
0.0531336
0.0530413
0.0529506
0.0528606
0.0527721
0.0526848
0.052599
0.0525142
0.0524306
0.052348
0.0522666
0.0521865
0.0521072
0.0520295
0.0519529
0.0518774
0.0518025
0.0517292
0.051657
0.0515857
0.0515158
0.0514461
0.0513779
0.0513107
0.0512447
0.0511793
0.0511146
0.0510511
0.0509884
0.0509266
0.0508654
0.0508047
0.0507454
0.0506866
0.050629
0.050572
0.0505157
0.0504601
0.0504054
0.0503513
0.0502975
0.0502447
0.0501925
0.0501409
0.05009
0.0500397
0.04999
0.0499409
0.0498923
0.0498444
0.0497967
0.0497499
0.0497038
0.0496578
0.0496126
0.0495679
0.0495237
0.04948
0.0494366
0.0493939
0.0493517
0.04931
0.0492685
0.0492276
0.0491875
0.0491477
0.0491084
0.0490695
0.0490311
0.048993
0.0489553
0.0489182
0.0488816
0.0488455
0.0488096
0.0487741
0.0487394
0.0487057
0.0486718
0.0486386
0.0486056
0.048573
0.0485408
0.0485089
0.0484776
0.0484472
0.0484167
0.0483867
0.0483569
0.0483277
0.048299
0.0482706
0.0482429
0.0482154
0.048188
0.048161
0.0481347
0.048109
0.0480834
0.0480582
0.0480331
0.0480087
0.0479846
0.0479606
0.0479369
0.0479136
0.0478906
0.0478682
0.0478461
0.0478243
0.0478032
0.0477817
0.0477607
0.0477398
0.0477195
0.0476993
0.0476792
0.0476591
0.0476397
0.0476203
0.0476012
0.047582
0.0475632
0.0475442
0.0475253
0.0475063
0.0474876
0.0474686
0.0474501
0.0474312
0.0474124
0.0473931
0.0473742
0.0473552
0.0473361
0.0473168
0.0472976
0.047278
0.0472581
0.047238
0.0472176
0.0471969
0.0471758
0.0471547
0.0471329
0.0471109
0.0470885
0.0470654
0.0470416
0.0470177
0.0469931
0.0469678
0.0469418
0.0469153
0.0468882
0.0468604
0.0468318
0.0468026
0.0467726
0.0467418
0.0467102
0.046678
0.0466447
0.0466111
0.046576
0.0465401
0.0465032
0.0464654
0.0464266
0.046387
0.0463468
0.046305
0.0462622
0.0462184
0.0461734
0.0461275
0.0460804
0.0460322
0.0459832
0.0459329
0.0458815
0.0458291
0.045776
0.0457222
0.0456672
0.0456107
0.0455534
0.0454951
0.0454356
0.0453754
0.0453138
0.0452517
0.0451887
0.0451248
0.0450598
0.0449942
0.0449278
0.0448606
0.0447926
0.044724
0.0446546
0.0445846
0.0445139
0.0444426
0.0443708
0.0442985
0.0442256
0.0441526
0.0440787
0.0440046
0.0439302
0.043856
0.0437808
0.0437056
0.0436303
0.0435551
0.0434795
0.0434039
0.0433286
0.043253
0.0431776
0.0431022
0.0430268
0.042952
0.0428772
0.0428028
0.0427288
0.042655
0.0425814
0.0425084
0.042436
0.042364
0.0422926
0.0422217
0.0421517
0.0420824
0.0420132
0.0419448
0.0418769
0.0418103
0.0417444
0.041679
0.0416146
0.0415513
0.0414888
0.0414274
0.041367
0.0413076
0.0412492
0.0411918
0.0411355
0.04108
0.0410259
0.0409729
0.040921
0.0408703
0.0408207
0.0407723
0.0407249
0.0406789
0.0406341
0.0405905
0.040548
0.0405067
0.0404668
0.0404285
0.0403913
0.0403553
0.0403206
0.0402871
0.040255
0.0402242
0.0401949
0.0401667
0.0401398
0.0401141
0.0400898
0.0400673
0.0400456
0.0400255
0.0400064
0.0399886
0.0399717
0.0399565
0.0399424
0.03993
0.039919
0.0399087
0.0398999
0.0398925
0.039886
0.039881
0.0398773
0.0398748
0.0398736
0.0398738
0.0398752
0.0398778
0.0398814
0.0398862
0.0398922
0.0398993
0.0399078
0.0399172
0.0399278
0.0399395
0.0399525
0.0399664
0.0399814
0.0399975
0.0400141
0.0400323
0.0400515
0.0400722
0.0400935
0.0401157
0.0401389
0.0401631
0.0401884
0.040214
0.0402412
0.0402689
0.0402979
0.0403275
0.0403578
0.0403892
0.0404213
0.0404545
0.0404881
0.0405226
0.0405579
0.0405944
0.0406314
0.0406687
0.0407068
0.0407459
0.0407856
0.0408258
0.0408665
0.0409079
0.0409498
0.0409923
0.0410353
0.0410786
0.0411227
0.0411673
0.0412123
0.0412578
0.041304
0.0413504
0.0413974
0.0414445
0.0414918
0.0415399
0.0415881
0.0416366
0.0416852
0.0417345
0.0417841
0.0418339
0.0418835
0.0419336
0.0419841
0.0420345
0.0420851
0.0421358
0.0421867
0.042238
0.0422891
0.0423401
0.0423914
0.0424427
0.0424941
0.0425461
0.0425976
0.0426491
0.0427007
0.0427522
0.0428038
0.0428553
0.0429066
0.0429583
0.0430097
0.0430609
0.0431122
0.0431635
0.0432147
0.0432659
0.043317
0.043368
0.0434188
0.0434697
0.0435206
0.0435713
0.0436218
0.0436727
0.0437233
0.0437739
0.0438244
0.0438747
0.0439251
0.0439753
0.0440258
0.0440762
0.0441266
0.0441773
0.0442276
0.0442782
0.0443288
0.0443795
0.0444303
0.0444812
0.0445323
0.0445833
0.0446345
0.0446861
0.0447377
0.0447901
0.0448424
0.0448951
0.0449481
0.0450017
0.0450555
0.0451097
0.0451645
0.0452196
0.0452752
0.0453313
0.0453881
0.0454454
0.0455034
0.0455618
0.0456209
0.0456811
0.045742
0.0458033
0.0458657
0.045929
0.0459937
0.0460592
0.046126
0.0461934
0.0462623
0.0463322
0.046403
0.0464753
0.0465489
0.0466241
0.0467002
0.0467779
0.0468568
0.0469377
0.0470199
0.0471034
0.0471888
0.0472759
0.0473649
0.0474554
0.0475477
0.0476419
0.0477376
0.0478357
