0.0559658
0.0559658
0.055966
0.055966
0.0559659
0.0559659
0.0559658
0.0559655
0.0559652
0.0559651
0.0559652
0.0559651
0.0559654
0.0559655
0.0559654
0.0559655
0.0559653
0.0559649
0.0559647
0.0559645
0.0559643
0.0559641
0.0559639
0.0559636
0.0559636
0.0559634
0.0559629
0.0559626
0.0559623
0.0559617
0.0559614
0.0559611
0.0559606
0.0559602
0.0559599
0.0559597
0.0559591
0.0559585
0.0559584
0.055958
0.0559576
0.0559571
0.0559567
0.0559565
0.055956
0.0559558
0.0559553
0.0559551
0.0559546
0.0559541
0.0559536
0.0559533
0.0559528
0.0559525
0.0559517
0.0559511
0.0559505
0.05595
0.0559494
0.0559488
0.0559481
0.0559473
0.0559469
0.055946
0.0559451
0.0559447
0.055944
0.0559433
0.0559426
0.0559419
0.0559412
0.0559402
0.0559395
0.0559387
0.0559382
0.0559377
0.0559369
0.0559366
0.0559363
0.0559357
0.0559349
0.0559343
0.0559332
0.0559324
0.0559313
0.0559304
0.0559295
0.0559286
0.0559279
0.0559266
0.0559254
0.0559245
0.0559235
0.0559228
0.0559218
0.0559208
0.0559199
0.0559189
0.0559179
0.0559168
0.0559156
0.0559141
0.055913
0.0559119
0.0559106
0.0559098
0.0559087
0.0559076
0.0559062
0.0559051
0.0559037
0.0559026
0.0559014
0.0559
0.0558989
0.0558979
0.0558962
0.0558953
0.055894
0.0558928
0.0558916
0.0558903
0.0558891
0.0558878
0.0558863
0.0558852
0.0558839
0.0558826
0.0558815
0.0558804
0.055879
0.0558777
0.0558763
0.0558749
0.0558735
0.0558721
0.0558707
0.0558698
0.0558683
0.0558667
0.0558652
0.0558637
0.0558625
0.055861
0.0558595
0.055858
0.0558567
0.0558549
0.0558534
0.0558516
0.0558495
0.0558477
0.0558461
0.0558443
0.0558427
0.0558408
0.0558389
0.0558371
0.0558354
0.0558337
0.0558316
0.0558296
0.0558279
0.0558262
0.0558247
0.055823
0.0558208
0.055819
0.0558172
0.0558154
0.0558141
0.0558121
0.0558105
0.0558087
0.0558066
0.0558045
0.0558026
0.0558007
0.0557986
0.0557967
0.055795
0.0557931
0.0557914
0.0557892
0.0557873
0.0557853
0.0557833
0.0557813
0.0557793
0.055777
0.055775
0.055773
0.0557709
0.0557686
0.0557663
0.0557642
0.0557619
0.0557597
0.0557576
0.0557555
0.0557533
0.0557514
0.055749
0.0557465
0.0557446
0.0557424
0.0557399
0.0557377
0.0557354
0.0557334
0.0557311
0.0557286
0.0557263
0.0557242
0.0557219
0.0557198
0.0557177
0.0557148
0.0557124
0.0557101
0.0557077
0.0557052
0.0557028
0.0557006
0.0556981
0.0556957
0.0556932
0.0556912
0.0556887
0.0556859
0.0556834
0.0556804
0.0556778
0.0556752
0.0556727
0.0556701
0.0556674
0.0556648
0.0556622
0.0556595
0.0556571
0.0556544
0.0556517
0.055649
0.0556465
0.0556438
0.0556411
0.0556383
0.0556355
0.055633
0.0556307
0.0556278
0.0556248
0.0556222
0.0556193
0.0556164
0.0556136
0.0556107
0.0556073
0.0556041
0.0556012
0.0555985
0.0555955
0.0555923
0.0555893
0.0555865
0.0555837
0.0555804
0.0555771
0.0555738
0.0555705
0.0555672
0.0555641
0.0555607
0.0555575
0.0555544
0.0555512
0.055548
0.0555451
0.0555418
0.0555386
0.0555354
0.0555321
0.0555286
0.0555253
0.055522
0.0555187
0.0555149
0.055512
0.0555086
0.0555055
0.0555021
0.0554984
0.0554952
0.0554918
0.0554883
0.0554848
0.0554811
0.0554776
0.055474
0.0554698
0.0554665
0.0554629
0.0554593
0.0554557
0.0554521
0.0554482
0.0554448
0.0554411
0.0554374
0.0554335
0.0554297
0.055426
0.0554222
0.0554185
0.0554144
0.0554106
0.0554066
0.0554032
0.0553994
0.0553955
0.0553916
0.0553877
0.0553835
0.0553796
0.0553756
0.0553714
0.0553672
0.0553632
0.0553589
0.0553549
0.0553508
0.055347
0.0553429
0.0553387
0.0553346
0.0553304
0.0553263
0.0553223
0.0553181
0.0553139
0.0553099
0.0553054
0.0553011
0.0552968
0.0552925
0.0552879
0.0552836
0.0552792
0.0552748
0.0552706
0.0552662
0.0552615
0.0552566
0.0552519
0.0552473
0.0552431
0.0552388
0.0552344
0.0552298
0.0552252
0.0552201
0.0552155
0.0552111
0.0552062
0.0552012
0.0551965
0.0551918
0.0551868
0.0551818
0.0551772
0.0551724
0.0551678
0.0551631
0.0551583
0.0551536
0.0551487
0.055144
0.055139
0.0551343
0.0551292
0.0551242
0.0551194
0.0551143
0.0551093
0.0551041
0.0550985
0.0550939
0.0550884
0.055083
0.055078
0.0550728
0.0550675
0.0550622
0.0550569
0.0550514
0.055046
0.0550404
0.055035
0.0550294
0.0550239
0.0550184
0.055013
0.0550077
0.0550024
0.0549968
0.0549913
0.0549861
0.0549805
0.0549751
0.0549692
0.0549635
0.0549578
0.054952
0.0549463
0.0549403
0.0549344
0.0549286
0.0549228
0.0549169
0.054911
0.054905
0.0548991
0.0548929
0.0548868
0.0548808
0.0548748
0.0548684
0.0548621
0.054856
0.0548496
0.0548434
0.054837
0.0548307
0.0548245
0.0548177
0.0548112
0.0548048
0.0547985
0.0547921
0.0547857
0.054779
0.0547725
0.0547656
0.054759
0.0547525
0.0547462
0.0547396
0.0547329
0.0547265
0.0547201
0.0547134
0.0547069
0.0546999
0.0546931
0.0546863
0.0546794
0.0546726
0.0546659
0.054659
0.0546518
0.0546445
0.0546378
0.0546307
0.0546237
0.0546163
0.0546094
0.0546025
0.0545953
0.0545881
0.0545808
0.0545736
0.0545663
0.0545589
0.0545516
0.0545442
0.0545367
0.0545295
0.054522
0.0545148
0.0545072
0.0544996
0.054492
0.0544844
0.0544765
0.054469
0.054461
0.0544533
0.0544455
0.0544377
0.0544296
0.0544217
0.054414
0.0544065
0.0543985
0.0543907
0.0543827
0.0543746
0.0543665
0.0543583
0.0543501
0.0543424
0.0543339
0.0543256
0.0543173
0.054309
0.0543008
0.0542926
0.0542839
0.0542754
0.0542669
0.0542584
0.0542498
0.0542409
0.0542327
0.0542238
0.0542151
0.0542063
0.0541975
0.0541887
0.0541798
0.0541707
0.0541617
0.0541525
0.0541435
0.0541344
0.0541256
0.0541165
0.0541068
0.0540976
0.0540884
0.0540791
0.0540698
0.0540605
0.0540508
0.0540417
0.054032
0.0540225
0.0540129
0.0540034
0.0539938
0.0539843
0.0539747
0.0539649
0.0539552
0.0539456
0.0539357
0.0539261
0.0539162
0.0539062
0.0538965
0.0538864
0.0538763
0.0538662
0.0538558
0.0538459
0.0538356
0.0538253
0.0538153
0.0538051
0.0537945
0.053784
0.0537738
0.053763
0.0537527
0.0537419
0.0537312
0.0537205
0.0537098
0.0536992
0.0536882
0.0536773
0.0536664
0.0536557
0.0536447
0.0536337
0.0536226
0.053612
0.0536008
0.0535894
0.0535779
0.0535664
0.053555
0.0535436
0.0535325
0.053521
0.0535095
0.0534979
0.0534863
0.0534747
0.0534632
0.0534515
0.0534395
0.0534279
0.0534161
0.0534044
0.0533924
0.0533804
0.0533684
0.0533565
0.0533444
0.0533322
0.05332
0.0533073
0.0532947
0.0532826
0.05327
0.0532577
0.0532453
0.0532327
0.0532201
0.0532073
0.0531948
0.0531821
0.0531693
0.053156
0.0531427
0.0531298
0.0531168
0.0531038
0.0530908
0.0530777
0.0530646
0.0530516
0.0530384
0.0530251
0.0530116
0.0529984
0.0529853
0.0529718
0.0529581
0.0529445
0.0529309
0.0529173
0.0529034
0.0528896
0.0528759
0.052862
0.0528482
0.052834
0.0528201
0.0528061
0.0527918
0.0527777
0.0527636
0.0527494
0.0527352
0.0527209
0.0527066
0.0526923
0.0526781
0.0526637
0.0526492
0.0526347
0.0526201
0.0526055
0.0525908
0.0525764
0.0525619
0.0525469
0.0525321
0.0525175
0.0525026
0.0524876
0.0524729
0.0524579
0.0524428
0.0524277
0.0524126
0.0523974
0.052382
0.0523668
0.052351
0.0523357
0.0523204
0.052305
0.0522896
0.0522741
0.0522587
0.0522434
0.0522279
0.0522123
0.0521969
0.0521815
0.0521659
0.0521502
0.0521345
0.0521188
0.052103
0.0520872
0.0520716
0.0520558
0.0520399
0.0520238
0.0520077
0.0519916
0.0519761
0.0519604
0.0519447
0.0519287
0.0519127
0.0518967
0.0518807
0.0518644
0.0518484
0.0518323
0.0518163
0.0518003
0.0517842
0.0517682
0.0517519
0.0517356
0.0517196
0.0517035
0.0516875
0.0516713
0.0516552
0.0516393
0.051623
0.0516071
0.0515909
0.051575
0.0515591
0.0515432
0.0515274
0.0515116
0.0514958
0.0514803
0.0514646
0.051449
0.0514334
0.0514178
0.051402
0.0513863
0.0513707
0.0513554
0.0513401
0.0513249
0.0513099
0.0512949
0.0512796
0.0512647
0.0512496
0.0512349
0.0512202
0.0512054
0.051191
0.0511766
0.0511624
0.0511482
0.0511344
0.0511205
0.0511068
0.0510929
0.0510792
0.0510658
0.0510523
0.0510391
0.0510264
0.0510137
0.0510009
0.0509885
0.050976
0.050964
0.0509527
0.0509411
0.0509297
0.0509185
0.0509076
0.0508969
0.0508864
0.0508759
0.0508659
0.0508562
0.0508466
0.0508374
0.0508285
0.05082
0.050812
0.050804
0.0507964
0.0507889
0.050782
0.0507755
0.0507693
0.0507635
0.0507581
0.0507531
0.0507485
0.0507444
0.0507407
0.0507375
0.0507347
0.0507324
0.0507308
0.0507298
0.0507293
0.0507288
0.0507289
0.0507301
0.0507315
0.0507339
0.0507366
0.0507397
0.0507437
0.0507484
0.0507538
0.0507599
0.0507667
0.0507742
0.0507826
0.0507917
0.0508016
0.0508121
0.0508237
0.0508362
0.0508496
0.0508641
0.0508793
0.050896
0.0509132
0.0509314
0.0509507
0.0509712
0.0509931
0.0510157
0.0510393
0.0510642
0.0510902
0.0511175
0.0511461
0.0511759
0.0512071
0.0512399
0.0512738
0.0513088
0.0513456
0.0513836
0.0514234
0.0514645
0.0515074
0.0515519
0.051598
0.0516456
0.0516954
0.0517465
0.0517999
0.0518548
0.0519116
0.0519701
0.0520307
0.0520934
0.052158
0.052225
0.052294
0.0523649
0.052438
0.0525133
0.0525909
0.0526707
0.0527529
0.0528374
0.052924
0.0530131
0.0531052
0.0531997
0.0532966
0.053396
0.053498
0.0536027
0.0537098
0.0538199
0.0539324
0.054048
0.0541661
0.054287
0.0544108
0.0545381
0.0546679
0.0548008
0.0549364
0.0550749
0.0552162
0.0553606
0.055508
0.0556582
0.0558114
0.0559677
0.0561271
0.0562897
0.0564547
0.056623
0.0567942
0.0569683
0.0571453
0.0573249
0.0575074
0.0576926
0.0578809
0.0580716
0.0582654
0.0584614
0.0586604
0.0588616
0.0590655
0.0592712
0.0594797
0.0596901
0.0599025
0.060117
0.060333
0.0605511
0.0607708
0.0609923
0.0612152
0.0614392
0.0616643
0.0618904
0.0621171
0.0623447
0.0625734
0.062802
0.0630308
0.0632596
0.0634884
0.0637166
0.0639445
0.0641718
0.0643982
0.0646236
0.0648477
0.0650701
0.0652911
0.0655105
0.0657278
0.0659429
0.0661553
0.066365
0.0665719
0.0667756
0.0669758
0.067173
0.0673663
0.067556
0.0677413
0.0679223
0.0680988
0.0682707
0.0684375
0.0685995
0.0687563
0.068908
0.0690532
0.0691934
0.0693278
0.0694562
0.0695785
0.0696945
0.0698041
0.0699073
0.0700038
0.0700936
0.0701766
0.0702524
0.0703216
0.0703837
0.0704386
0.0704865
0.0705271
0.0705604
0.0705865
0.0706053
0.070617
0.0706212
0.0706181
0.0706079
0.0705904
0.0705654
0.0705331
0.0704937
0.0704471
0.0703935
0.0703326
0.0702651
0.0701904
0.070109
0.0700209
0.0699259
0.0698246
0.0697167
0.0696026
0.0694823
0.0693559
0.0692235
0.0690852
0.0689412
0.0687916
0.0686363
0.0684759
0.0683101
0.068139
0.067964
0.067784
0.0675993
0.0674103
0.0672168
0.0670191
0.0668174
0.0666122
0.0664034
0.0661913
0.0659759
0.0657574
0.0655359
0.0653119
0.0650851
0.064856
0.0646247
0.0643917
0.0641569
0.0639204
0.0636828
0.0634436
0.0632036
0.0629621
0.0627202
0.0624777
0.0622345
0.0619916
0.0617481
0.0615054
0.0612622
0.0610199
0.0607779
0.0605366
0.0602966
0.0600569
0.0598186
0.059581
0.0593453
0.0591111
0.0588785
0.0586476
0.0584189
0.0581919
0.0579667
0.0577439
0.0575234
0.0573052
0.0570895
0.0568763
0.056666
0.056458
0.0562526
0.0560502
0.0558506
0.0556542
0.0554605
0.0552696
0.055082
0.0548975
0.0547161
0.0545379
0.0543628
0.0541912
0.0540228
0.0538576
0.0536957
0.0535369
0.0533818
0.0532297
0.0530807
0.052935
0.0527926
0.0526533
0.0525174
0.0523849
0.0522556
0.0521295
0.0520067
0.0518872
0.0517708
0.0516576
0.0515477
0.0514408
0.0513371
0.0512366
0.0511391
0.0510447
0.0509534
0.0508651
0.0507798
0.0506974
0.0506181
0.0505416
0.0504681
0.0503974
0.0503296
0.0502646
0.0502025
0.050143
0.0500869
0.0500329
0.0499814
0.0499329
0.0498874
0.0498441
0.0498034
0.0497653
0.0497295
0.0496964
0.0496659
0.049638
0.0496122
0.049589
0.0495684
0.04955
0.049534
0.0495201
0.0495083
0.0494992
0.0494925
0.049488
0.049486
0.049486
0.0494882
0.0494926
0.0494989
0.0495074
0.0495183
0.0495313
0.0495462
0.0495634
0.0495827
0.049604
0.0496274
0.0496528
0.0496803
0.0497095
0.0497409
0.0497743
0.0498092
0.0498465
0.0498857
0.0499268
0.0499699
0.0500145
0.0500613
0.0501102
0.0501607
0.0502129
0.050267
0.0503227
0.0503803
0.0504397
0.0505006
0.0505637
0.0506288
0.050695
0.0507627
0.0508322
0.0509039
0.0509767
0.0510511
0.051127
0.0512047
0.0512838
0.0513643
0.0514465
0.0515299
0.0516148
0.0517011
0.0517887
0.0518775
0.0519676
0.0520593
0.0521519
0.0522463
0.0523419
0.0524383
0.052536
0.0526351
0.052735
0.0528363
0.0529384
0.0530414
0.0531455
0.0532503
0.0533562
0.053463
0.053571
0.0536792
0.0537886
0.0538989
0.0540092
0.0541205
0.0542325
0.0543454
0.0544589
0.0545732
0.0546877
0.0548029
0.0549187
0.055035
0.0551517
0.055269
0.0553866
0.0555047
0.0556233
0.0557422
0.0558615
0.0559812
0.0561013
0.0562215
0.0563423
0.0564634
0.0565849
0.0567067
0.0568291
0.0569517
0.0570746
0.0571979
0.0573215
0.0574458
0.0575703
0.0576954
0.0578207
0.0579463
0.0580725
0.0581991
0.0583263
0.0584539
0.0585824
0.0587114
0.0588408
0.0589709
0.0591022
0.059234
0.0593665
0.0594999
0.059634
0.0597688
0.0599048
0.0600416
0.0601795
0.0603183
0.0604584
0.0605994
0.0607414
0.0608845
0.0610288
0.0611743
0.0613207
0.0614683
0.0616171
0.0617675
0.061919
0.0620716
0.0622257
0.0623811
0.0625377
0.0626951
0.0628541
0.0630144
0.0631762
0.0633389
0.0635027
0.0636678
0.063834
0.064001
0.0641689
0.0643377
0.0645073
0.0646777
0.0648493
0.065021
0.0651931
0.0653657
0.0655386
0.0657114
0.0658848
0.0660577
0.0662307
0.0664031
0.0665753
0.066747
0.0669177
0.0670881
0.0672567
0.0674243
0.0675907
0.0677557
0.067919
0.068081
0.0682405
0.0683977
0.0685528
0.0687051
0.0688543
0.0690009
0.0691443
0.0692844
0.0694212
0.0695543
0.069683
0.0698079
0.0699285
0.0700447
0.0701563
0.0702631
0.0703651
0.0704621
0.0705532
0.0706391
0.0707194
0.0707942
0.070863
0.0709256
0.070982
0.071032
0.0710756
0.0711127
0.0711431
0.071167
0.0711836
0.0711935
0.0711964
0.0711923
0.071181
0.0711628
0.0711375
0.0711047
0.0710644
0.0710174
0.070963
0.0709013
0.0708323
0.0707564
0.0706737
0.0705837
0.0704869
0.0703832
0.0702727
0.0701555
0.070032
0.0699021
0.0697662
0.0696241
0.0694758
0.0693223
0.0691631
0.0689982
0.0688288
0.0686541
0.0684747
0.0682909
0.0681028
0.0679107
0.0677151
0.0675157
0.0673133
0.0671074
0.066899
0.066688
0.0664746
0.0662591
0.0660422
0.0658238
0.0656042
0.0653833
0.0651615
0.06494
0.064718
0.0644959
0.0642737
0.0640524
0.0638317
0.0636125
0.0633939
0.0631766
0.0629608
0.0627467
0.0625345
0.0623241
0.0621163
0.0619107
0.0617076
0.0615076
0.0613099
0.0611153
0.0609235
0.060735
0.0605493
0.0603671
0.0601882
0.0600129
0.059841
0.0596729
0.0595082
0.0593471
0.05919
0.0590363
0.0588864
0.0587402
0.0585978
0.0584592
0.0583241
0.058193
0.0580654
0.0579417
0.0578217
0.0577055
0.0575928
0.0574838
0.0573783
0.0572764
0.0571779
0.0570829
0.0569913
0.056903
0.0568179
0.0567361
0.0566572
0.0565819
0.0565094
0.0564399
0.0563732
0.0563094
0.0562484
0.0561901
0.0561347
0.0560816
0.0560311
0.055983
0.0559372
0.0558938
0.0558526
0.0558134
0.0557765
0.0557417
0.0557088
0.0556782
0.0556496
0.0556224
0.0555972
0.0555734
0.0555511
0.0555308
0.0555118
0.0554942
0.0554782
0.0554632
0.0554499
0.0554376
0.0554263
0.0554167
0.0554083
0.0554005
0.0553943
0.0553891
0.055385
0.0553819
0.0553797
0.0553789
0.0553785
0.055379
0.0553803
0.0553825
0.0553852
0.0553888
0.0553933
0.0553984
0.0554043
0.0554105
0.0554177
0.0554255
0.0554339
0.0554429
0.0554525
0.0554624
0.055473
0.0554842
0.0554959
0.0555079
0.0555205
0.0555338
0.0555474
0.0555613
0.0555757
0.0555904
0.0556055
0.0556211
0.0556367
0.0556525
0.0556688
0.0556857
0.0557021
0.0557192
0.0557365
0.055754
0.0557719
0.0557897
0.0558076
0.0558258
0.0558439
0.0558621
0.0558802
0.0558982
0.0559163
0.0559344
0.0559517
0.0559696
0.0559869
0.0560046
0.0560218
0.056039
0.056056
0.0560728
0.056089
0.0561047
0.0561202
0.0561358
0.0561511
0.0561656
0.0561795
0.056193
0.0562056
0.0562182
0.0562301
0.0562412
0.0562521
0.0562621
0.0562712
0.05628
0.0562879
0.056295
0.0563012
0.0563072
0.0563115
0.0563152
0.0563178
0.0563197
0.0563206
0.0563205
0.0563193
0.0563168
0.0563139
0.0563098
0.0563046
0.0562983
0.0562907
0.0562821
0.0562725
0.056262
0.0562496
0.056236
0.0562217
0.0562063
0.0561899
0.0561721
0.0561533
0.0561331
0.0561117
0.0560891
0.0560658
0.0560406
0.0560147
0.0559874
0.055959
0.0559293
0.0558985
0.0558666
0.0558336
0.0557992
0.055764
0.0557277
0.0556904
0.0556518
0.0556121
0.0555718
0.0555302
0.0554879
0.0554448
0.0554007
0.0553558
0.05531
0.0552635
0.0552162
0.0551681
0.0551191
0.0550697
0.0550199
0.0549692
0.0549179
0.0548661
0.0548138
0.0547613
0.0547081
0.0546545
0.0546003
0.0545459
0.0544911
0.0544362
0.0543814
0.0543263
0.0542706
0.054215
0.0541594
0.0541036
0.0540479
0.0539921
0.0539362
0.0538803
0.0538247
0.0537693
0.053714
0.0536582
0.0536036
0.0535492
0.0534948
0.0534408
0.053387
0.0533338
0.0532808
0.0532284
0.0531761
0.0531243
0.0530729
0.0530218
0.0529716
0.0529215
0.0528718
0.052823
0.0527747
0.052727
0.0526798
0.0526335
0.0525876
0.0525425
0.052498
0.0524542
0.0524107
0.052368
0.0523261
0.0522846
0.0522439
0.0522038
0.0521641
0.0521251
0.0520871
0.0520497
0.052013
0.0519772
0.0519419
0.0519073
0.0518731
0.0518398
0.0518073
0.0517753
0.0517441
0.0517138
0.0516836
0.0516546
0.051626
0.0515978
0.0515702
0.0515437
0.0515176
0.0514921
0.0514672
0.0514428
0.0514193
0.0513959
0.0513735
0.0513513
0.0513298
0.0513087
0.0512881
0.051268
0.0512484
0.051229
0.0512102
0.0511919
0.0511743
0.0511565
0.0511394
0.0511226
0.0511059
0.0510896
0.0510738
0.0510583
0.0510428
0.0510279
0.0510129
0.0509984
0.0509844
0.0509705
0.0509568
0.0509431
0.0509294
0.0509159
0.0509025
0.050889
0.0508757
0.0508625
0.0508494
0.0508363
0.0508229
0.05081
0.0507966
0.0507837
0.0507709
0.0507576
0.0507442
0.050731
0.0507171
0.0507037
0.0506896
0.0506756
0.0506615
0.0506472
0.0506322
0.0506175
0.0506027
0.0505876
0.0505724
0.0505569
0.0505412
0.0505252
0.050509
0.0504929
0.0504762
0.0504593
0.0504421
0.0504245
0.0504068
0.0503889
0.0503707
0.0503522
0.0503335
0.0503145
0.0502953
0.0502758
0.0502563
0.0502366
0.0502166
0.0501964
0.0501757
0.0501548
0.0501336
0.0501123
0.0500904
0.0500689
0.0500469
0.0500248
0.0500025
0.0499797
0.0499571
0.0499338
0.0499109
0.0498879
0.0498645
0.0498412
0.0498179
0.0497947
0.0497712
0.0497475
0.0497237
0.0497003
0.0496765
0.0496532
0.0496294
0.0496059
0.0495822
0.0495589
0.0495356
0.0495124
0.0494893
0.0494661
0.0494434
0.0494208
0.0493986
0.0493763
0.0493543
0.0493326
0.0493113
0.04929
0.0492691
0.0492484
0.0492281
0.0492081
0.0491884
0.0491692
0.04915
0.0491313
0.0491133
0.0490959
0.0490788
0.0490619
0.0490458
0.0490304
0.0490153
0.0490007
0.0489867
0.0489733
0.0489605
0.0489484
0.0489366
0.0489257
0.0489153
0.0489055
0.0488972
0.0488891
0.0488817
0.0488751
0.0488693
0.0488643
0.0488601
0.048857
0.0488539
0.0488523
0.0488512
0.0488513
0.0488523
0.0488542
0.0488568
0.0488606
0.0488651
0.0488707
0.0488772
0.048885
0.0488938
0.0489034
0.0489143
0.0489263
0.0489396
0.0489538
0.0489691
0.0489856
0.0490034
0.0490221
0.049042
0.0490631
0.0490854
0.0491089
0.0491335
0.0491595
0.0491869
0.0492155
0.0492452
0.0492761
0.0493083
0.0493418
0.0493764
0.0494125
0.0494499
0.0494888
0.0495291
0.0495705
0.0496131
0.0496572
0.0497025
0.0497488
0.0497968
0.0498462
0.0498969
0.049949
0.0500024
0.050057
0.0501129
0.0501706
0.0502293
0.0502895
0.0503509
0.0504137
0.0504777
0.0505431
0.0506097
0.0506779
0.0507471
0.0508176
0.0508893
0.0509622
0.0510361
0.0511112
0.0511877
0.0512656
0.0513441
0.0514245
0.0515057
0.0515877
0.0516705
0.0517548
0.0518389
0.0519249
0.0520118
0.0520994
0.0521878
0.052277
0.0523672
0.0524579
0.0525495
0.0526418
0.0527347
0.0528282
0.0529219
0.0530163
0.0531109
0.0532062
0.0533017
0.0533977
0.053494
0.0535899
0.0536862
0.0537825
0.0538786
0.053975
0.0540711
0.054167
0.0542621
0.0543574
0.0544523
0.0545469
0.0546411
0.0547342
0.0548268
0.0549185
0.0550097
0.0551
0.0551894
0.0552778
0.0553651
0.0554518
0.0555366
0.0556204
0.0557029
0.055784
0.0558637
0.0559419
0.0560185
0.0560933
0.0561664
0.0562381
0.0563077
0.0563758
0.0564421
0.0565064
0.0565686
0.0566292
0.0566877
0.0567441
0.0567984
0.0568511
0.0569013
0.0569498
0.0569955
0.0570395
0.0570812
0.0571207
0.0571583
0.0571934
0.0572268
0.0572576
0.0572866
0.0573136
0.0573386
0.0573614
0.0573822
0.0574014
0.0574186
0.0574339
0.0574478
0.05746
0.0574705
0.0574796
0.0574872
0.0574933
0.0574982
0.0575018
0.0575045
0.0575061
0.0575065
0.057506
0.0575047
0.0575024
0.0575
0.0574967
0.0574931
0.0574893
0.057485
0.0574803
0.0574757
0.0574712
0.0574666
0.0574623
0.0574586
0.057455
0.0574518
0.0574492
0.0574472
0.0574459
0.0574453
0.0574455
0.0574467
0.057449
0.0574516
0.0574558
0.0574611
0.0574675
0.0574754
0.0574845
0.0574947
0.0575061
0.0575189
0.0575328
0.0575485
0.0575654
0.0575838
0.0576036
0.0576246
0.0576468
0.0576702
0.0576951
0.0577214
0.0577486
0.0577772
0.0578069
0.0578378
0.0578692
0.0579021
0.0579359
0.0579706
0.0580063
0.0580423
0.0580791
0.0581165
0.0581544
0.0581929
0.0582317
0.0582704
0.0583091
0.0583479
0.0583867
0.058425
0.0584633
0.058501
0.0585383
0.0585753
0.0586116
0.0586466
0.0586807
0.058714
0.0587462
0.0587774
0.058807
0.0588353
0.058862
0.0588872
0.0589107
0.0589326
0.0589526
0.0589711
0.0589871
0.0590012
0.0590133
0.0590232
0.0590306
0.0590362
0.0590394
0.0590403
0.0590391
0.0590353
0.0590292
0.0590208
0.0590098
0.058997
0.0589816
0.0589641
0.0589441
0.058922
0.0588976
0.0588711
0.0588422
0.0588115
0.0587789
0.0587446
0.0587082
0.0586701
0.0586303
0.0585889
0.0585461
0.058502
0.0584564
0.0584096
0.0583617
0.0583128
0.0582628
0.0582123
0.0581611
0.0581094
0.0580569
0.0580045
0.0579515
0.0578985
0.0578458
0.0577932
0.0577406
0.0576889
0.0576375
0.0575864
0.0575363
0.0574867
0.0574386
0.0573912
0.0573449
0.0572999
0.0572562
0.0572134
0.0571726
0.0571333
0.0570955
0.0570598
0.0570257
0.0569932
0.0569628
0.0569344
0.0569078
0.0568835
0.056861
0.0568409
0.0568229
0.0568072
0.0567934
0.056782
0.0567724
0.0567654
0.0567609
0.0567582
0.0567574
0.0567592
0.0567632
0.0567692
0.0567771
0.056787
0.0567992
0.056813
0.0568289
0.0568467
0.0568661
0.0568873
0.05691
0.0569343
0.0569602
0.0569874
0.0570157
0.0570448
0.0570755
0.0571067
0.057139
0.0571722
0.0572056
0.0572398
0.0572744
0.0573093
0.0573445
0.0573797
0.0574149
0.0574499
0.0574847
0.0575189
0.0575529
0.0575864
0.0576191
0.0576511
0.0576821
0.0577123
0.0577413
0.0577692
0.0577958
0.0578213
0.0578449
0.0578673
0.0578881
0.0579073
0.057925
0.0579406
0.0579545
0.0579662
0.0579764
0.0579847
0.0579908
0.0579952
0.0579975
0.0579979
0.057996
0.057992
0.057986
0.0579787
0.0579687
0.0579572
0.0579434
0.0579279
0.0579102
0.0578906
0.0578688
0.0578457
0.0578206
0.0577937
0.0577653
0.0577347
0.0577028
0.0576693
0.0576345
0.0575977
0.05756
0.0575207
0.0574801
0.0574382
0.0573951
0.0573511
0.0573058
0.0572596
0.0572123
0.0571637
0.0571148
0.0570647
0.0570139
0.0569626
0.0569104
0.0568575
0.0568042
0.0567502
0.0566956
0.0566405
0.0565852
0.0565295
0.0564734
0.0564168
0.0563598
0.0563023
0.0562447
0.056187
0.056129
0.056071
0.0560129
0.0559543
0.0558954
0.0558366
0.0557772
0.0557185
0.0556591
0.0556
0.0555408
0.0554813
0.055422
0.0553627
0.0553036
0.0552442
0.0551849
0.0551258
0.0550664
0.0550071
0.0549478
0.0548886
0.0548294
0.0547703
0.0547112
0.0546522
0.0545932
0.0545339
0.0544751
0.0544162
0.0543577
0.0542993
0.0542408
0.0541826
0.0541247
0.0540666
0.054009
0.0539518
0.0538946
0.0538376
0.0537811
0.0537246
0.0536684
0.0536125
0.0535566
0.0535013
0.053446
0.0533917
0.0533374
0.0532835
0.0532301
0.0531771
0.0531245
0.0530724
0.0530208
0.0529694
0.0529189
0.0528695
0.0528201
0.0527712
0.0527232
0.0526759
0.0526292
0.0525831
0.0525376
0.0524925
0.0524484
0.0524048
0.0523623
0.0523206
0.0522797
0.0522396
0.0522005
0.0521622
0.0521247
0.0520883
0.0520526
0.0520182
0.051985
0.0519524
0.0519213
0.0518908
0.0518617
0.0518336
0.0518067
0.0517808
0.0517562
0.0517324
0.0517103
0.0516895
0.0516699
0.0516519
0.0516349
0.0516193
0.0516051
0.051592
0.0515805
0.0515705
0.0515617
0.0515546
0.051549
0.0515452
0.0515429
0.051542
0.0515424
0.0515446
0.0515485
0.0515539
0.0515618
0.0515708
0.0515815
0.051594
0.0516085
0.0516245
0.0516424
0.0516622
0.0516834
0.0517069
0.0517324
0.0517601
0.0517896
0.0518208
0.0518543
0.0518899
0.0519275
0.0519673
0.0520089
0.052053
0.0520992
0.0521477
0.0521982
0.0522511
0.0523063
0.0523639
0.0524237
0.0524857
0.0525502
0.0526171
0.0526864
0.0527579
0.0528321
0.0529087
0.0529875
0.0530692
0.053153
0.0532392
0.0533281
0.0534193
0.0535131
0.0536095
0.0537083
0.0538096
0.0539135
0.0540195
0.0541278
0.0542385
0.0543519
0.0544675
0.0545857
0.0547059
0.0548284
0.0549528
0.0550795
0.0552083
0.0553388
0.0554715
0.0556061
0.0557427
0.055881
0.0560206
0.0561615
0.0563041
0.0564479
0.0565927
0.0567388
0.0568858
0.0570336
0.0571823
0.0573313
0.0574806
0.0576302
0.0577796
0.0579293
0.0580785
0.058227
0.0583751
0.0585224
0.0586687
0.0588137
0.0589574
0.0590995
0.0592398
0.0593782
0.0595143
0.0596483
0.0597795
0.059908
0.0600335
0.0601561
0.0602752
0.0603912
0.0605031
0.0606111
0.0607151
0.060815
0.0609105
0.0610017
0.0610882
0.0611701
0.0612474
0.0613196
0.0613868
0.061449
0.0615058
0.0615575
0.0616042
0.0616457
0.061682
0.0617133
0.0617395
0.06176
0.0617756
0.061786
0.0617916
0.0617923
0.0617885
0.0617797
0.0617663
0.0617485
0.0617264
0.0617001
0.0616699
0.061636
0.061598
0.0615569
0.0615124
0.0614647
0.0614141
0.0613608
0.0613047
0.0612465
0.0611862
0.0611237
0.0610598
0.0609943
0.0609273
0.0608594
0.0607906
0.060721
0.0606509
0.0605809
0.0605102
0.0604395
0.0603687
0.0602984
0.0602286
0.0601591
0.0600908
0.0600232
0.0599562
0.0598906
0.0598261
0.059763
0.0597011
0.0596408
0.0595819
0.0595246
0.0594689
0.0594149
0.059363
0.0593124
0.0592633
0.0592159
0.0591705
0.0591261
0.0590841
0.0590436
0.0590053
0.0589683
0.0589329
0.0588988
0.0588664
0.0588354
0.0588058
0.0587774
0.0587502
0.0587243
0.0586992
0.0586749
0.0586513
0.0586285
0.0586062
0.0585845
0.0585632
0.0585422
0.0585213
0.0585004
0.0584793
0.0584581
0.0584362
0.0584141
0.0583914
0.058368
0.0583435
0.0583183
0.0582921
0.0582648
0.058236
0.0582059
0.058174
0.0581405
0.0581053
0.0580679
0.0580291
0.057988
0.0579445
0.0578991
0.0578514
0.057801
0.0577486
0.0576938
0.0576364
0.0575761
0.0575134
0.0574481
0.0573806
0.0573101
0.0572367
0.0571606
0.0570817
0.0570001
0.0569161
0.0568289
0.0567389
0.0566464
0.0565515
0.056454
0.0563539
0.0562512
0.0561462
0.0560387
0.0559291
0.055817
0.0557029
0.0555871
0.0554692
0.0553494
0.0552275
0.0551039
0.0549783
0.0548515
0.0547234
0.0545937
0.0544629
0.0543308
0.0541978
0.0540636
0.0539282
0.0537924
0.0536556
0.0535185
0.0533809
0.0532429
0.0531047
0.0529662
0.052828
0.052689
0.0525506
0.0524124
0.0522747
0.0521371
0.0520002
0.0518636
0.0517276
0.0515923
0.051458
0.0513243
0.0511918
0.0510599
0.0509291
0.0507994
0.0506708
0.0505434
0.0504173
0.0502924
0.0501687
0.0500466
0.0499259
0.0498067
0.0496887
0.0495725
0.0494578
0.049345
0.0492333
0.0491237
0.0490155
0.0489089
0.0488041
0.0487008
0.0485991
0.0484992
0.0484011
0.0483046
0.0482099
0.048117
0.0480259
0.0479362
0.0478481
0.0477617
0.0476767
0.0475935
0.047512
0.0474323
0.0473537
0.0472771
0.0472018
0.047128
0.0470557
0.0469848
0.0469154
0.0468476
0.0467808
0.0467155
0.0466517
0.046589
0.0465275
0.0464673
0.0464083
0.0463504
0.0462934
0.0462378
0.0461831
0.0461293
0.0460767
0.0460246
0.0459735
0.0459237
0.0458752
0.0458268
0.0457795
0.0457327
0.0456868
0.0456414
0.045597
0.0455531
0.0455099
0.0454675
0.0454253
0.0453838
0.0453426
0.045302
0.0452616
0.0452216
0.0451819
0.0451429
0.0451042
0.0450656
0.0450276
0.0449898
0.0449523
0.044915
0.0448778
0.044841
0.0448044
0.0447679
0.0447314
0.0446954
0.0446594
0.0446236
0.0445885
0.0445529
0.0445175
0.0444822
0.0444471
0.0444123
0.0443771
0.0443422
0.0443075
0.0442729
0.044239
0.0442046
0.0441701
0.0441357
0.0441017
0.0440677
0.0440337
0.0440001
0.0439666
0.0439333
0.0438999
0.043867
0.0438342
0.0438019
0.0437695
0.0437374
0.0437053
0.0436737
0.0436426
0.0436115
0.0435807
0.04355
0.0435199
0.0434901
0.0434607
0.0434319
0.0434032
0.043375
0.0433471
0.0433199
0.0432925
0.0432663
0.0432403
0.0432148
0.0431901
0.0431659
0.043142
0.0431182
0.0430955
0.0430736
0.043052
0.0430311
0.0430111
0.0429915
0.0429723
0.0429541
0.0429366
0.04292
0.0429039
0.0428885
0.0428736
0.0428595
0.0428462
0.0428337
0.0428222
0.0428115
0.0428016
0.0427924
0.0427841
0.0427768
0.0427703
0.0427646
0.0427598
0.0427562
0.0427531
0.042751
0.0427497
0.0427494
0.0427499
0.0427514
0.0427537
0.042757
0.0427612
0.0427663
0.0427721
0.042779
0.0427868
0.0427956
0.0428051
0.0428152
0.0428267
0.0428391
0.0428524
0.0428667
0.042882
0.0428981
0.0429147
0.0429325
0.0429512
0.0429708
0.0429912
0.0430123
0.0430344
0.0430574
0.0430812
0.0431058
0.0431313
0.0431575
0.0431846
0.0432127
0.0432415
0.0432709
0.0433013
0.0433321
0.0433637
0.0433965
0.0434295
0.0434632
0.0434978
0.0435329
0.0435688
0.0436051
0.043642
0.0436798
0.0437179
0.0437566
0.0437954
0.043835
0.0438754
0.0439163
0.0439577
0.0439996
0.0440417
0.0440846
0.0441279
0.0441716
0.0442156
0.04426
0.044305
0.0443505
0.0443963
0.0444428
0.0444894
0.0445363
0.0445837
0.0446314
0.0446797
0.0447281
0.0447768
0.0448259
0.0448754
0.0449252
0.0449754
0.0450259
0.045077
0.0451284
0.0451798
0.0452317
0.0452841
0.0453366
0.0453898
0.0454433
0.0454971
0.0455516
0.0456065
0.045662
0.0457181
0.0457746
0.0458319
0.0458895
0.0459478
0.0460074
0.0460667
0.046127
0.0461882
0.04625
0.0463128
0.0463765
0.046441
0.0465065
0.0465727
0.0466397
0.046708
0.0467772
0.0468477
0.0469195
0.0469925
0.047067
0.0471426
0.0472199
0.0472988
0.0473787
0.0474603
0.0475434
0.0476286
0.0477151
0.0478033
0.0478933
0.0479852
0.048079
0.0481748
0.0482725
0.0483723
0.048474
0.048578
0.0486843
0.0487927
0.0489034
0.0490165
0.049132
0.0492495
0.0493696
0.0494921
0.0496171
0.0497445
0.0498741
0.0500062
0.050141
0.0502783
0.0504181
0.0505603
0.050705
0.0508519
0.0510014
0.051153
0.0513073
0.051464
0.0516228
0.0517835
0.0519466
0.0521117
0.0522789
0.0524481
0.052619
0.0527915
0.0529661
0.0531418
0.0533186
0.0534969
0.0536764
0.0538568
0.0540381
0.0542201
0.0544029
0.0545861
0.0547693
0.0549526
0.0551357
0.0553186
0.0555013
0.0556831
0.055864
0.0560445
0.0562235
0.0564009
0.0565767
0.056751
0.0569231
0.0570934
0.0572607
0.057426
0.0575884
0.0577482
0.0579051
0.0580589
0.0582094
0.0583565
0.0585004
0.0586406
0.0587767
0.0589093
0.0590374
0.0591617
0.0592814
0.0593974
0.0595091
0.0596168
0.0597197
0.0598185
0.059913
0.0600035
0.0600895
0.0601708
0.0602481
0.0603208
0.0603893
0.0604536
0.0605135
0.0605696
0.0606216
0.0606696
0.0607137
0.060754
0.0607906
0.0608235
0.0608527
0.0608785
0.0609008
0.06092
0.0609354
0.0609477
0.060957
0.060963
0.0609661
0.0609656
0.0609627
0.0609568
0.060948
0.0609361
0.0609214
0.060904
0.0608838
0.0608608
0.0608351
0.0608068
0.0607751
0.0607405
0.0607029
0.0606626
0.0606188
0.0605721
0.0605224
0.0604691
0.0604123
0.0603527
0.0602892
0.0602225
0.0601525
0.0600787
0.0600017
0.0599206
0.0598359
0.0597473
0.0596552
0.0595591
0.059459
0.0593552
0.0592479
0.0591361
0.0590201
0.0589001
0.0587761
0.0586483
0.0585166
0.0583803
0.0582408
0.058097
0.0579495
0.0577985
0.0576439
0.0574857
0.0573237
0.0571586
0.0569905
0.0568193
0.0566452
0.056468
0.0562886
0.0561067
0.0559221
0.0557353
0.0555464
0.0553557
0.0551629
0.0549686
0.0547731
0.0545766
0.0543789
0.0541802
0.0539808
0.0537809
0.0535807
0.0533802
0.0531797
0.0529793
0.0527787
0.0525792
0.0523802
0.0521818
0.0519844
0.051788
0.0515927
0.051399
0.0512065
0.0510154
0.0508261
0.0506385
0.0504525
0.0502687
0.050087
0.0499077
0.0497303
0.049555
0.0493824
0.0492121
0.0490446
0.0488794
0.0487173
0.0485571
0.0483998
0.0482453
0.0480936
0.0479444
0.0477985
0.0476549
0.0475144
0.0473769
0.0472419
0.0471101
0.0469812
0.0468552
0.046732
0.046612
0.0464949
0.0463804
0.0462688
0.0461601
0.046054
0.0459509
0.0458509
0.0457537
0.045659
0.0455671
0.0454779
0.0453914
0.0453077
0.0452266
0.0451486
0.0450728
0.0449998
0.044929
0.0448606
0.0447951
0.0447318
0.0446713
0.0446131
0.044557
0.044504
0.0444533
0.0444048
0.0443586
0.0443147
0.0442726
0.0442335
0.0441964
0.0441615
0.0441288
0.0440983
0.0440698
0.0440433
0.0440193
0.043997
0.0439767
0.0439588
0.0439431
0.0439293
0.0439176
0.0439083
0.0439008
0.0438948
0.043891
0.0438894
0.0438895
0.0438912
0.0438951
0.0439009
0.0439089
0.0439182
0.0439295
0.0439426
0.0439578
0.0439751
0.0439939
0.0440147
0.044037
0.0440614
0.0440876
0.0441157
0.0441455
0.0441772
0.0442107
0.044246
0.044283
0.0443222
0.0443631
0.0444056
0.0444496
0.0444957
0.0445438
0.0445932
0.0446446
0.0446979
0.0447527
0.0448095
0.044868
0.0449284
0.0449906
0.0450545
0.0451202
0.0451877
0.0452569
0.0453279
0.045401
0.0454755
0.0455518
0.0456304
0.0457102
0.0457913
0.0458743
0.0459593
0.0460461
0.0461345
0.0462246
0.0463165
0.04641
0.0465052
0.046602
0.0467007
0.046801
0.0469031
0.0470064
0.0471112
0.0472175
0.0473254
0.0474347
0.0475455
0.0476577
0.0477713
0.0478862
0.0480025
0.0481203
0.0482391
0.0483588
0.04848
0.0486017
0.048725
0.0488493
0.0489746
0.0491007
0.0492274
0.0493551
0.0494834
0.0496122
0.0497417
0.0498717
0.0500023
0.0501333
0.0502639
0.0503949
0.050526
0.0506572
0.0507879
0.0509184
0.0510484
0.0511781
0.0513071
0.0514358
0.0515632
0.0516889
0.0518146
0.051939
0.0520622
0.0521839
0.0523043
0.0524228
0.0525394
0.0526541
0.0527667
0.0528768
0.0529845
0.0530899
0.0531927
0.0532927
0.0533898
0.0534836
0.0535741
0.0536616
0.0537458
0.053826
0.0539029
0.0539758
0.0540444
0.0541095
0.0541703
0.0542268
0.0542787
0.0543261
0.0543689
0.054407
0.0544403
0.0544687
0.0544923
0.0545111
0.0545246
0.0545331
0.0545364
0.0545346
0.0545278
0.0545156
0.0544982
0.0544753
0.0544475
0.0544145
0.0543766
0.0543333
0.054285
0.0542316
0.0541732
0.0541099
0.0540415
0.0539684
0.0538905
0.0538083
0.0537214
0.0536305
0.0535352
0.0534359
0.0533323
0.0532248
0.0531136
0.0529986
0.0528802
0.0527581
0.052633
0.0525051
0.0523741
0.0522404
0.0521039
0.0519647
0.0518233
0.0516798
0.0515345
0.0513871
0.0512382
0.0510873
0.0509352
0.0507818
0.0506272
0.0504714
0.0503148
0.0501577
0.0500001
0.049841
0.0496826
0.049524
0.0493653
0.0492066
0.0490482
0.04889
0.0487322
0.0485749
0.0484184
0.0482623
0.0481063
0.0479519
0.0477984
0.047646
0.0474944
0.0473442
0.047195
0.0470474
0.0469009
0.0467563
0.0466127
0.0464711
0.0463308
0.0461921
0.0460554
0.0459201
0.0457865
0.0456546
0.0455246
0.0453968
0.0452705
0.0451459
0.0450232
0.0449025
0.0447836
0.0446666
0.0445516
0.0444387
0.0443273
0.0442178
0.0441107
0.0440056
0.0439022
0.0438005
0.0437009
0.0436031
0.0435071
0.0434131
0.0433212
0.0432312
0.0431429
0.0430567
0.0429723
0.0428896
0.0428087
0.0427298
0.0426528
0.0425778
0.0425044
0.0424329
0.0423632
0.0422948
0.042228
0.0421632
0.0421001
0.0420387
0.0419791
0.041921
0.0418647
0.0418097
0.0417563
0.0417048
0.0416545
0.0416058
0.0415586
0.0415126
0.0414684
0.0414256
0.0413847
0.0413448
0.0413063
0.0412692
0.0412337
0.0411994
0.0411664
0.0411345
0.0411041
0.0410748
0.0410471
0.0410206
0.0409954
0.0409714
0.0409489
0.0409274
0.0409071
0.040888
0.0408701
0.0408532
0.0408376
0.0408234
0.0408101
0.040798
0.040787
0.0407771
0.0407685
0.0407608
0.0407544
0.0407486
0.0407441
0.040741
0.0407386
0.0407373
0.0407375
0.0407384
0.0407402
0.0407433
0.0407471
0.0407519
0.040758
0.0407643
0.0407722
0.040781
0.040791
0.0408019
0.0408139
0.0408269
0.0408406
0.0408554
0.0408709
0.0408878
0.0409057
0.0409243
0.0409439
0.0409645
0.0409859
0.0410084
0.0410322
0.0410569
0.0410824
0.0411089
0.0411364
0.0411648
0.0411941
0.0412245
0.0412562
0.0412884
0.0413219
0.0413564
0.0413919
0.0414282
0.0414657
0.0415043
0.0415442
0.0415845
0.0416262
0.041669
0.0417129
0.0417579
0.0418037
0.0418506
0.0418991
0.0419484
0.0419987
0.04205
0.042103
0.0421571
0.0422121
0.0422683
0.0423257
0.0423842
0.0424439
0.0425048
0.042567
0.0426303
0.0426948
0.0427601
0.0428272
0.0428954
0.0429649
0.0430357
0.0431075
0.0431812
0.0432558
0.0433316
0.0434088
0.0434874
0.0435671
0.0436481
0.0437304
0.043814
0.0438989
0.0439851
0.0440728
0.0441614
0.0442514
0.0443428
0.0444354
0.0445293
0.0446244
0.0447208
0.0448184
0.0449172
0.0450172
0.0451182
0.0452205
0.045324
0.0454287
0.0455346
0.0456414
0.0457492
0.045858
0.0459678
0.0460785
0.0461901
0.0463025
0.046416
0.0465297
0.0466445
0.0467598
0.0468758
0.0469923
0.0471094
0.0472268
0.0473449
0.0474632
0.0475818
0.0477003
0.047819
0.0479378
0.0480566
0.0481751
0.0482931
0.0484113
0.0485289
0.048646
0.0487628
0.0488787
0.048994
0.0491084
0.0492222
0.0493348
0.0494463
0.0495567
0.0496658
0.0497737
0.0498799
0.0499846
0.0500883
0.0501898
0.0502899
0.0503882
0.0504846
0.0505794
0.0506722
0.0507624
0.0508506
0.0509368
0.0510209
0.0511024
0.0511817
0.0512589
0.0513337
0.0514061
0.0514762
0.0515441
0.0516093
0.0516722
0.0517328
0.051791
0.0518462
0.0518994
0.0519502
0.0519988
0.0520453
0.052089
0.0521306
0.0521705
0.052208
0.0522435
0.0522773
0.052309
0.0523388
0.0523668
0.0523932
0.0524177
0.052441
0.0524631
0.0524836
0.0525027
0.0525208
0.0525379
0.052554
0.0525693
0.0525839
0.0525975
0.0526109
0.0526238
0.0526365
0.0526488
0.0526613
0.0526733
0.0526856
0.0526977
0.0527101
0.0527225
0.0527354
0.0527486
0.0527626
0.0527772
0.0527921
0.0528084
0.0528251
0.0528428
0.0528614
0.0528809
0.0529017
0.0529234
0.0529462
0.0529701
0.0529955
0.0530218
0.0530494
0.0530783
0.0531085
0.0531402
0.053173
0.0532072
0.0532427
0.0532797
0.0533181
0.0533576
0.0533985
0.0534406
0.0534846
0.0535291
0.0535753
0.053623
0.0536717
0.0537216
0.0537725
0.0538242
0.0538775
0.0539317
0.0539871
0.0540433
0.0541001
0.0541582
0.0542171
0.0542769
0.0543372
0.0543986
0.0544606
0.0545236
0.0545869
0.0546506
0.054715
0.05478
0.0548452
0.0549113
0.0549772
0.0550438
0.0551107
0.0551778
0.0552451
0.0553126
0.0553805
0.0554481
0.055516
0.0555839
0.0556519
0.0557198
0.0557877
0.0558554
0.0559229
0.0559904
0.0560579
0.0561258
0.0561932
0.0562603
0.0563271
0.056394
0.0564608
0.0565269
0.0565928
0.0566581
0.0567231
0.0567881
0.0568529
0.0569172
0.0569812
0.0570447
0.0571079
0.0571707
0.057233
0.057295
0.0573572
0.0574187
0.0574794
0.0575395
0.057599
0.0576581
0.0577165
0.0577745
0.0578316
0.057888
0.0579438
0.0579992
0.0580534
0.0581068
0.0581594
0.0582115
0.0582621
0.0583116
0.0583602
0.0584081
0.0584545
0.0584996
0.0585432
0.0585854
0.0586268
0.0586664
0.0587045
0.0587408
0.0587758
0.0588089
0.0588403
0.0588695
0.0588972
0.0589228
0.0589462
0.0589676
0.0589867
0.0590039
0.0590182
0.05903
0.0590398
0.0590471
0.0590522
0.0590544
0.0590542
0.0590512
0.0590455
0.0590371
0.0590259
0.0590119
0.058995
0.0589757
0.0589534
0.0589282
0.0589003
0.0588693
0.0588358
0.0587993
0.0587603
0.0587186
0.0586739
0.0586271
0.0585773
0.0585254
0.0584707
0.0584137
0.0583542
0.0582925
0.0582285
0.0581624
0.0580943
0.0580239
0.0579525
0.0578786
0.057803
0.0577258
0.0576473
0.0575673
0.0574855
0.0574025
0.0573185
0.0572338
0.0571478
0.0570613
0.0569733
0.0568849
0.0567962
0.0567075
0.056618
0.0565285
0.0564385
0.0563485
0.0562583
0.0561684
0.0560791
0.0559897
0.0559006
0.0558121
0.0557239
0.0556362
0.0555492
0.0554629
0.055377
0.0552922
0.0552083
0.0551252
0.0550431
0.054962
0.0548819
0.0548029
0.054725
0.0546482
0.0545725
0.054498
0.0544246
0.0543522
0.0542813
0.0542113
0.0541428
0.0540752
0.0540091
0.0539443
0.0538806
0.0538183
0.053757
0.0536968
0.053638
0.0535799
0.0535231
0.0534673
0.0534126
0.053359
0.0533063
0.0532546
0.053204
0.0531541
0.053105
0.0530567
0.0530092
0.0529624
0.0529164
0.0528709
0.0528261
0.0527819
0.0527379
0.0526944
0.0526514
0.0526089
0.0525671
0.0525256
0.0524838
0.0524426
0.0524015
0.0523605
0.0523199
0.0522796
0.0522388
0.052198
0.0521572
0.0521165
0.0520757
0.0520346
0.0519935
0.0519524
0.0519105
0.0518685
0.0518257
0.0517832
0.0517403
0.0516974
0.0516537
0.0516096
0.0515655
0.0515207
0.0514752
0.05143
0.0513847
0.0513388
0.0512924
0.0512459
0.0511992
0.0511519
0.0511046
0.0510567
0.051009
0.0509611
0.050913
0.0508649
0.0508169
0.0507686
0.0507206
0.0506728
0.0506251
0.0505779
0.0505307
0.0504834
0.0504376
0.0503917
0.0503465
0.0503019
0.050258
0.0502153
0.0501732
0.0501321
0.0500922
0.0500535
0.0500161
0.0499798
0.0499456
0.0499131
0.049882
0.0498528
0.0498256
0.0498006
0.0497778
0.0497573
0.0497391
0.0497238
0.0497112
0.0497016
0.049695
0.0496913
0.0496909
0.049694
0.0497007
0.0497116
0.0497262
0.0497446
0.0497674
0.0497946
0.0498262
0.0498622
0.0499033
0.0499492
0.05
0.0500562
0.0501178
0.0501845
0.0502572
0.0503355
0.0504199
0.0505099
0.0506063
0.0507088
0.0508173
0.0509323
0.0510541
0.0511822
0.0513168
0.0514581
0.0516062
0.0517608
0.0519221
0.0520901
0.0522643
0.0524458
0.0526335
0.0528278
0.0530279
0.0532348
0.0534477
0.0536665
0.053891
0.0541212
0.0543565
0.0545966
0.0548412
0.0550903
0.0553435
0.0556003
0.05586
0.0561223
0.0563868
0.0566532
0.0569202
0.057188
0.0574561
0.0577232
0.0579889
0.0582527
0.0585139
0.0587724
0.0590267
0.0592764
0.0595205
0.0597592
0.0599912
0.0602156
0.0604321
0.0606399
0.0608387
0.061028
0.0612064
0.0613738
0.0615297
0.0616742
0.0618066
0.0619261
0.0620331
0.0621265
0.0622067
0.0622738
0.0623282
0.0623685
0.0623958
0.0624096
0.0624106
0.0623991
0.062375
0.0623384
0.0622902
0.0622307
0.0621607
0.0620802
0.06199
0.0618908
0.0617831
0.0616677
0.0615451
0.0614163
0.0612813
0.0611412
0.0609968
0.0608489
0.0606981
0.0605449
0.0603901
0.0602346
0.0600784
0.0599223
0.0597676
0.0596139
0.059462
0.0593125
0.0591661
0.0590227
0.0588831
0.0587474
0.0586162
0.0584897
0.0583681
0.0582519
0.0581409
0.0580355
0.0579356
0.0578417
0.0577537
0.0576717
0.0575959
0.0575261
0.057462
0.0574036
0.057351
0.0573043
0.0572632
0.0572274
0.057197
0.0571718
0.0571512
0.0571356
0.0571244
0.0571171
0.0571136
0.0571142
0.0571181
0.0571254
0.0571349
0.0571472
0.0571618
0.0571779
0.0571955
0.0572142
0.0572334
0.0572532
0.0572732
0.057293
0.0573123
0.0573303
0.0573472
0.0573622
0.0573752
0.0573859
0.0573939
0.0573992
0.0574009
0.0573991
0.0573936
0.0573835
0.0573693
0.0573501
0.0573264
0.0572975
0.0572633
0.0572239
0.0571786
0.0571276
0.0570705
0.0570075
0.0569385
0.0568631
0.0567811
0.0566931
0.0565988
0.0564981
0.056391
0.0562779
0.0561581
0.0560321
0.0559003
0.0557624
0.0556187
0.0554692
0.0553143
0.0551537
0.0549881
0.054817
0.0546411
0.0544601
0.0542751
0.0540855
0.0538916
0.0536938
0.0534922
0.0532878
0.0530796
0.0528685
0.052655
0.0524389
0.0522207
0.0520002
0.0517779
0.0515541
0.0513289
0.0511023
0.050875
0.050647
0.0504186
0.0501896
0.0499609
0.0497321
0.0495034
0.0492756
0.0490484
0.0488217
0.048596
0.0483711
0.048148
0.0479262
0.0477059
0.047487
0.0472701
0.0470548
0.0468412
0.0466296
0.0464204
0.0462129
0.0460077
0.0458056
0.0456059
0.0454084
0.0452135
0.0450212
0.0448315
0.0446444
0.0444601
0.0442784
0.0440993
0.0439232
0.0437499
0.0435793
0.0434114
0.0432463
0.043084
0.0429247
0.0427683
0.0426145
0.0424637
0.0423159
0.0421707
0.0420283
0.0418889
0.0417519
0.0416177
0.0414863
0.0413577
0.0412316
0.0411083
0.0409877
0.0408694
0.0407537
0.0406405
0.0405296
0.0404219
0.0403162
0.0402129
0.040112
0.0400135
0.0399173
0.0398234
0.0397319
0.0396425
0.0395554
0.0394705
0.0393875
0.0393069
0.0392284
0.039152
0.0390777
0.0390053
0.038935
0.0388666
0.0388002
0.0387357
0.0386733
0.0386123
0.0385534
0.038496
0.0384407
0.0383871
0.0383353
0.0382852
0.038237
0.0381903
0.0381454
0.038102
0.0380601
0.0380199
0.0379807
0.0379436
0.0379075
0.0378734
0.0378416
0.03781
0.0377804
0.0377522
0.0377254
0.0377003
0.0376761
0.0376536
0.0376324
0.0376126
0.0375942
0.0375771
0.0375616
0.0375469
0.037534
0.0375219
0.0375111
0.0375019
0.0374941
0.0374874
0.0374819
0.0374777
0.0374746
0.0374726
0.0374721
0.0374729
0.0374747
0.0374779
0.0374821
0.037488
0.0374951
0.0375032
0.0375125
0.037523
0.0375349
0.0375481
0.0375622
0.0375775
0.037594
0.0376118
0.0376307
0.0376511
0.0376725
0.0376953
0.0377188
0.0377438
0.03777
0.0377972
0.0378258
0.0378559
0.037887
0.0379193
0.0379528
0.0379874
0.0380231
0.0380604
0.0380991
0.0381388
0.0381798
0.038222
0.0382657
0.0383102
0.0383559
0.0384029
0.0384514
0.0385014
0.0385524
0.0386044
0.0386582
0.038713
0.038769
0.0388261
0.0388845
0.0389445
0.0390054
0.0390675
0.0391309
0.0391957
0.0392618
0.0393292
0.0393979
0.0394677
0.0395387
0.0396111
0.0396845
0.0397591
0.0398349
0.0399118
0.0399898
0.040069
0.0401495
0.0402311
0.0403136
0.0403971
0.0404816
0.0405671
0.0406536
0.0407411
0.0408293
0.0409186
0.0410085
0.0410995
0.0411914
0.0412837
0.041377
0.041471
0.0415656
0.0416609
0.0417567
0.0418533
0.0419501
0.0420474
0.0421455
0.0422432
0.0423414
0.0424399
0.0425387
0.0426374
0.0427362
0.042835
0.0429335
0.0430321
0.0431305
0.0432287
0.0433265
0.043424
0.0435208
0.0436171
0.0437129
0.0438083
0.0439027
0.0439967
0.04409
0.0441823
0.0442738
0.0443642
0.0444534
0.0445413
0.0446283
0.0447141
0.0447985
0.0448816
0.0449634
0.0450434
0.045122
0.0451995
0.0452753
0.0453491
0.0454216
0.0454921
0.0455612
0.0456288
0.0456946
0.0457584
0.0458203
0.0458807
0.0459388
0.0459953
0.0460499
0.0461027
0.0461536
0.0462029
0.0462501
0.0462953
0.0463391
0.0463811
0.0464214
0.0464597
0.0464962
0.046531
0.0465642
0.0465958
0.0466255
0.0466539
0.0466808
0.0467063
0.0467303
0.046753
0.0467743
0.0467944
0.0468135
0.0468307
0.0468473
0.0468629
0.0468772
0.0468908
0.0469036
0.0469156
0.0469268
0.0469373
0.0469471
0.0469564
0.0469652
0.0469737
0.0469818
0.0469895
0.0469967
0.0470037
0.0470107
0.047017
0.047024
0.0470304
0.0470368
0.0470432
0.0470495
0.047056
0.0470625
0.0470694
0.047076
0.0470834
0.0470914
0.0470991
0.0471072
0.0471157
0.0471245
0.0471337
0.0471433
0.047153
0.0471635
0.047174
0.0471851
0.0471964
0.047208
0.0472206
0.0472332
0.0472465
0.0472599
0.0472732
0.0472873
0.0473019
0.0473164
0.0473314
0.0473469
0.0473627
0.0473787
0.0473946
0.0474107
0.0474271
0.0474435
0.0474599
0.0474763
0.0474928
0.0475093
0.0475257
0.047542
0.0475582
0.0475745
0.0475906
0.0476063
0.0476217
0.0476371
0.0476519
0.0476664
0.0476805
0.0476942
0.0477074
0.0477202
0.0477325
0.0477445
0.0477554
0.0477658
0.0477761
0.0477851
0.0477941
0.0478023
0.04781
0.0478168
0.0478229
0.0478285
0.0478332
0.0478372
0.0478407
0.0478433
0.0478454
0.0478465
0.0478466
0.0478461
0.0478451
0.0478434
0.0478416
0.0478386
0.0478347
0.0478304
0.0478254
0.0478197
0.047814
0.0478068
0.0478
0.0477926
0.0477847
0.0477769
0.0477683
0.0477593
0.0477496
0.0477401
0.0477303
0.0477204
0.0477098
0.0476996
0.0476893
0.0476787
0.0476688
0.0476582
0.0476475
0.0476373
0.0476275
0.0476179
0.0476081
0.0475989
0.0475896
0.0475807
0.0475724
0.0475641
0.047556
0.0475483
0.0475412
0.0475335
0.0475268
0.0475208
0.047515
0.0475095
0.0475042
0.0474995
0.0474949
0.0474907
0.0474871
0.0474835
0.0474803
0.0474773
0.0474748
0.0474726
0.0474706
0.0474688
0.047467
0.0474652
0.0474637
0.0474624
0.0474609
0.0474593
0.0474576
0.0474558
0.0474538
0.0474511
0.0474486
0.0474458
0.0474427
0.0474394
0.0474355
0.047431
0.0474259
0.0474202
0.0474142
0.0474077
0.0474005
0.0473927
0.0473845
0.0473757
0.0473657
0.0473554
0.0473448
0.047333
0.047321
0.0473082
0.0472948
0.0472809
0.0472665
0.0472517
0.0472368
0.0472213
0.0472058
0.0471899
0.0471737
0.0471578
0.047142
0.0471264
0.0471109
0.0470961
0.0470819
0.0470684
0.0470557
0.047044
0.047034
0.0470247
0.047017
0.0470108
0.0470064
0.047004
0.0470038
0.0470055
0.0470101
0.0470173
0.0470273
0.0470404
0.047057
0.0470767
0.0470998
0.0471269
0.0471579
0.0471933
0.0472327
0.0472764
0.0473251
0.0473786
0.0474363
0.0474998
0.0475682
0.0476419
0.0477212
0.047806
0.0478958
0.0479913
0.0480923
0.0481994
0.048312
0.0484303
0.0485543
0.0486842
0.0488199
0.0489609
0.0491074
0.0492587
0.0494153
0.0495768
0.0497429
0.0499132
0.0500879
0.0502664
0.0504483
0.0506334
0.0508213
0.0510116
0.0512036
0.0513967
0.0515912
0.0517856
0.05198
0.0521738
0.0523662
0.0525565
0.0527438
0.0529282
0.0531086
0.0532844
0.053455
0.0536199
0.053778
0.0539288
0.0540719
0.0542064
0.0543318
0.0544476
0.0545531
0.0546479
0.0547314
0.054803
0.0548628
0.0549102
0.0549448
0.0549664
0.0549748
0.0549698
0.0549514
0.0549195
0.0548743
0.0548153
0.0547432
0.0546581
0.0545601
0.0544496
0.0543269
0.0541923
0.0540463
0.0538894
0.053722
0.0535448
0.053358
0.0531624
0.0529589
0.052748
0.0525301
0.0523058
0.0520764
0.0518416
0.0516028
0.0513604
0.051115
0.0508672
0.0506177
0.0503671
0.0501159
0.0498643
0.0496136
0.0493638
0.0491158
0.0488697
0.0486262
0.0483857
0.0481483
0.0479145
0.0476844
0.0474589
0.0472374
0.0470215
0.0468104
0.0466046
0.0464043
0.0462096
0.0460208
0.0458376
0.0456608
0.0454903
0.0453258
0.0451676
0.0450158
0.0448703
0.044731
0.0445983
0.0444719
0.044352
0.0442386
0.0441312
0.0440303
0.0439353
0.0438471
0.043765
0.0436891
0.0436197
0.0435557
0.0434975
0.0434453
0.043399
0.0433585
0.0433236
0.0432943
0.0432705
0.0432521
0.043239
0.0432312
0.0432288
0.0432308
0.0432382
0.0432511
0.0432684
0.04329
0.0433168
0.0433483
0.0433845
0.043425
0.04347
0.0435193
0.043573
0.0436311
0.0436932
0.0437593
0.0438296
0.0439041
0.0439827
0.0440648
0.0441507
0.0442404
0.0443341
0.0444313
0.0445323
0.0446367
0.0447449
0.0448566
0.0449715
0.0450899
0.0452119
0.0453371
0.0454655
0.0455973
0.0457324
0.045871
0.0460125
0.0461572
0.0463051
0.0464559
0.0466101
0.0467673
0.0469277
0.0470911
0.0472573
0.0474268
0.0475995
0.0477752
0.0479537
0.0481354
0.0483199
0.0485077
0.0486981
0.0488914
0.0490873
0.0492862
0.0494884
0.0496936
0.0499016
0.0501122
0.0503257
0.0505416
0.0507605
0.0509822
0.051207
0.0514345
0.0516647
0.0518972
0.0521328
0.0523711
0.0526122
0.0528556
0.0531014
0.05335
0.0536008
0.053854
0.0541092
0.0543671
0.0546268
0.0548883
0.0551518
0.0554171
0.0556841
0.0559529
0.0562227
0.0564943
0.0567671
0.0570409
0.0573155
0.0575908
0.0578663
0.0581424
0.0584185
0.0586947
0.0589706
0.0592454
0.0595197
0.0597928
0.0600642
0.0603342
0.060602
0.0608676
0.0611308
0.0613913
0.0616485
0.0619026
0.0621525
0.0623984
0.06264
0.0628764
0.063108
0.063334
0.0635539
0.0637679
0.0639752
0.0641759
0.0643693
0.0645556
0.064734
0.0649041
0.0650661
0.0652193
0.065364
0.0654994
0.0656254
0.0657419
0.0658483
0.065945
0.0660315
0.0661076
0.0661732
0.0662288
0.0662733
0.0663075
0.0663309
0.0663436
0.0663454
0.0663368
0.0663176
0.0662878
0.0662477
0.0661972
0.0661365
0.0660653
0.0659848
0.0658947
0.0657952
0.0656868
0.0655692
0.065443
0.0653087
0.0651661
0.065016
0.0648583
0.0646935
0.0645215
0.0643438
0.0641597
0.0639702
0.0637751
0.0635754
0.0633711
0.0631627
0.0629507
0.0627353
0.0625167
0.0622954
0.0620715
0.0618459
0.0616188
0.0613904
0.0611611
0.0609315
0.0607014
0.0604714
0.0602418
0.0600132
0.0597853
0.0595587
0.0593337
0.0591105
0.0588893
