1.2
1.2
1.2
1.2
1.2
1.2
1.2
1.2
1.2
1.2
1.2
1.2
1.20001
1.20001
1.20001
1.20001
1.20001
1.20001
1.20001
1.20001
1.20001
1.20002
1.20002
1.20002
1.20002
1.20002
1.20002
1.20003
1.20003
1.20003
1.20003
1.20003
1.20004
1.20004
1.20004
1.20004
1.20005
1.20005
1.20005
1.20005
1.20006
1.20006
1.20006
1.20007
1.20007
1.20007
1.20008
1.20008
1.20008
1.20009
1.20009
1.20009
1.2001
1.2001
1.2001
1.20011
1.20011
1.20011
1.20012
1.20012
1.20013
1.20013
1.20014
1.20014
1.20014
1.20015
1.20015
1.20016
1.20016
1.20017
1.20017
1.20018
1.20018
1.20019
1.20019
1.2002
1.2002
1.20021
1.20021
1.20022
1.20022
1.20023
1.20024
1.20024
1.20025
1.20025
1.20026
1.20027
1.20027
1.20028
1.20028
1.20029
1.2003
1.2003
1.20031
1.20032
1.20032
1.20033
1.20034
1.20034
1.20035
1.20036
1.20036
1.20037
1.20038
1.20039
1.20039
1.2004
1.20041
1.20042
1.20042
1.20043
1.20044
1.20045
1.20045
1.20046
1.20047
1.20048
1.20049
1.2005
1.2005
1.20051
1.20052
1.20053
1.20054
1.20055
1.20056
1.20056
1.20057
1.20058
1.20059
1.2006
1.20061
1.20062
1.20063
1.20064
1.20065
1.20066
1.20067
1.20068
1.20069
1.2007
1.20071
1.20072
1.20073
1.20074
1.20075
1.20076
1.20077
1.20078
1.20079
1.2008
1.20081
1.20082
1.20083
1.20084
1.20085
1.20087
1.20088
1.20089
1.2009
1.20091
1.20092
1.20093
1.20095
1.20096
1.20097
1.20098
1.20099
1.201
1.20102
1.20103
1.20104
1.20105
1.20107
1.20108
1.20109
1.2011
1.20112
1.20113
1.20114
1.20116
1.20117
1.20118
1.20119
1.20121
1.20122
1.20124
1.20125
1.20126
1.20128
1.20129
1.2013
1.20132
1.20133
1.20135
1.20136
1.20137
1.20139
1.2014
1.20142
1.20143
1.20145
1.20146
1.20148
1.20149
1.20151
1.20152
1.20154
1.20155
1.20157
1.20158
1.2016
1.20161
1.20163
1.20165
1.20166
1.20168
1.20169
1.20171
1.20173
1.20174
1.20176
1.20178
1.20179
1.20181
1.20183
1.20184
1.20186
1.20188
1.20189
1.20191
1.20193
1.20195
1.20196
1.20198
1.202
1.20202
1.20203
1.20205
1.20207
1.20209
1.20211
1.20212
1.20214
1.20216
1.20218
1.2022
1.20222
1.20224
1.20226
1.20227
1.20229
1.20231
1.20233
1.20235
1.20237
1.20239
1.20241
1.20243
1.20245
1.20247
1.20249
1.20251
1.20253
1.20255
1.20257
1.20259
1.20261
1.20263
1.20265
1.20268
1.2027
1.20272
1.20274
1.20276
1.20278
1.2028
1.20283
1.20285
1.20287
1.20289
1.20291
1.20294
1.20296
1.20298
1.203
1.20303
1.20305
1.20307
1.20309
1.20312
1.20314
1.20316
1.20319
1.20321
1.20323
1.20326
1.20328
1.20331
1.20333
1.20335
1.20338
1.2034
1.20343
1.20345
1.20348
1.2035
1.20353
1.20355
1.20358
1.2036
1.20363
1.20365
1.20368
1.2037
1.20373
1.20376
1.20378
1.20381
1.20383
1.20386
1.20389
1.20391
1.20394
1.20397
1.204
1.20402
1.20405
1.20408
1.2041
1.20413
1.20416
1.20419
1.20422
1.20424
1.20427
1.2043
1.20433
1.20436
1.20439
1.20442
1.20444
1.20447
1.2045
1.20453
1.20456
1.20459
1.20462
1.20465
1.20468
1.20471
1.20474
1.20477
1.2048
1.20483
1.20486
1.2049
1.20493
1.20496
1.20499
1.20502
1.20505
1.20508
1.20512
1.20515
1.20518
1.20521
1.20525
1.20528
1.20531
1.20534
1.20538
1.20541
1.20544
1.20548
1.20551
1.20554
1.20558
1.20561
1.20565
1.20568
1.20572
1.20575
1.20578
1.20582
1.20585
1.20589
1.20593
1.20596
1.206
1.20603
1.20607
1.20611
1.20614
1.20618
1.20621
1.20625
1.20629
1.20633
1.20636
1.2064
1.20644
1.20648
1.20651
1.20655
1.20659
1.20663
1.20667
1.20671
1.20674
1.20678
1.20682
1.20686
1.2069
1.20694
1.20698
1.20702
1.20706
1.2071
1.20714
1.20718
1.20722
1.20727
1.20731
1.20735
1.20739
1.20743
1.20747
1.20752
1.20756
1.2076
1.20764
1.20769
1.20773
1.20777
1.20782
1.20786
1.2079
1.20795
1.20799
1.20804
1.20808
1.20813
1.20817
1.20822
1.20826
1.20831
1.20835
1.2084
1.20845
1.20849
1.20854
1.20858
1.20863
1.20868
1.20873
1.20877
1.20882
1.20887
1.20892
1.20897
1.20901
1.20906
1.20911
1.20916
1.20921
1.20926
1.20931
1.20936
1.20941
1.20946
1.20951
1.20956
1.20961
1.20967
1.20972
1.20977
1.20982
1.20987
1.20993
1.20998
1.21003
1.21008
1.21014
1.21019
1.21025
1.2103
1.21035
1.21041
1.21046
1.21052
1.21057
1.21063
1.21069
1.21074
1.2108
1.21085
1.21091
1.21097
1.21103
1.21108
1.21114
1.2112
1.21126
1.21132
1.21137
1.21143
1.21149
1.21155
1.21161
1.21167
1.21173
1.21179
1.21185
1.21191
1.21198
1.21204
1.2121
1.21216
1.21222
1.21229
1.21235
1.21241
1.21248
1.21254
1.21261
1.21267
1.21273
1.2128
1.21286
1.21293
1.213
1.21306
1.21313
1.2132
1.21326
1.21333
1.2134
1.21347
1.21353
1.2136
1.21367
1.21374
1.21381
1.21388
1.21395
1.21402
1.21409
1.21416
1.21423
1.2143
1.21438
1.21445
1.21452
1.21459
1.21467
1.21474
1.21482
1.21489
1.21496
1.21504
1.21511
1.21519
1.21527
1.21534
1.21542
1.2155
1.21557
1.21565
1.21573
1.21581
1.21589
1.21596
1.21604
1.21612
1.2162
1.21628
1.21637
1.21645
1.21653
1.21661
1.21669
1.21678
1.21686
1.21694
1.21703
1.21711
1.2172
1.21728
1.21737
1.21745
1.21754
1.21762
1.21771
1.2178
1.21789
1.21797
1.21806
1.21815
1.21824
1.21833
1.21842
1.21851
1.2186
1.21869
1.21879
1.21888
1.21897
1.21906
1.21916
1.21925
1.21935
1.21944
1.21954
1.21963
1.21973
1.21982
1.21992
1.22002
1.22012
1.22022
1.22031
1.22041
1.22051
1.22061
1.22071
1.22082
1.22092
1.22102
1.22112
1.22122
1.22133
1.22143
1.22154
1.22164
1.22175
1.22185
1.22196
1.22207
1.22217
1.22228
1.22239
1.2225
1.22261
1.22272
1.22283
1.22294
1.22305
1.22316
1.22327
1.22339
1.2235
1.22361
1.22373
1.22384
1.22396
1.22407
1.22419
1.22431
1.22443
1.22454
1.22466
1.22478
1.2249
1.22502
1.22514
1.22526
1.22539
1.22551
1.22563
1.22575
1.22588
1.226
1.22613
1.22625
1.22638
1.22651
1.22664
1.22676
1.22689
1.22702
1.22715
1.22728
1.22741
1.22754
1.22768
1.22781
1.22794
1.22808
1.22821
1.22834
1.22848
1.22862
1.22875
1.22889
1.22903
1.22917
1.22931
1.22945
1.22959
1.22973
1.22987
1.23001
1.23015
1.2303
1.23044
1.23059
1.23073
1.23088
1.23102
1.23117
1.23132
1.23147
1.23161
1.23176
1.23191
1.23206
1.23222
1.23237
1.23252
1.23267
1.23283
1.23298
1.23314
1.23329
1.23345
1.2336
1.23376
1.23392
1.23408
1.23424
1.23439
1.23455
1.23472
1.23488
1.23504
1.2352
1.23536
1.23553
1.23569
1.23585
1.23602
1.23618
1.23635
1.23652
1.23668
1.23685
1.23702
1.23719
1.23736
1.23753
1.2377
1.23787
1.23804
1.23821
1.23838
1.23855
1.23873
1.2389
1.23907
1.23925
1.23942
1.2396
1.23977
1.23995
1.24012
1.2403
1.24047
1.24065
1.24083
1.241
1.24118
1.24136
1.24154
1.24172
1.24189
1.24207
1.24225
1.24243
1.24261
1.24279
1.24296
1.24314
1.24332
1.2435
1.24368
1.24386
1.24404
1.24421
1.24439
1.24457
1.24475
1.24493
1.2451
1.24528
1.24546
1.24563
1.24581
1.24598
1.24616
1.24633
1.2465
1.24668
1.24685
1.24702
1.24719
1.24736
1.24753
1.2477
1.24787
1.24803
1.2482
1.24836
1.24852
1.24869
1.24885
1.24901
1.24916
1.24932
1.24947
1.24963
1.24978
1.24993
1.25007
1.25022
1.25036
1.2505
1.25064
1.25078
1.25092
1.25105
1.25118
1.25131
1.25143
1.25155
1.25167
1.25179
1.2519
1.25201
1.25212
1.25222
1.25232
1.25242
1.25251
1.2526
1.25269
1.25277
1.25284
1.25292
1.25299
1.25305
1.25311
1.25316
1.25322
1.25326
1.2533
1.25334
1.25337
1.25339
1.25341
1.25342
1.25343
1.25343
1.25343
1.25342
1.2534
1.25338
1.25335
1.25331
1.25327
1.25322
1.25316
1.2531
1.25303
1.25295
1.25286
1.25277
1.25267
1.25256
1.25244
1.25232
1.25219
1.25204
1.2519
1.25174
1.25158
1.2514
1.25122
1.25103
1.25084
1.25063
1.25042
1.2502
1.24997
1.24973
1.24948
1.24923
1.24896
1.24869
1.24841
1.24813
1.24783
1.24753
1.24722
1.24691
1.24659
1.24626
1.24592
1.24558
1.24523
1.24488
1.24452
1.24415
1.24378
1.24341
1.24303
1.24265
1.24226
1.24187
1.24148
1.24108
1.24069
1.24029
1.23989
1.23949
1.23909
1.23869
1.23829
1.2379
1.2375
1.23711
1.23672
1.23633
1.23595
1.23557
1.2352
1.23483
1.23447
1.23412
1.23377
1.23343
1.2331
1.23278
1.23247
1.23217
1.23187
1.23159
1.23132
1.23107
1.23082
1.23059
1.23037
1.23017
1.22998
1.22981
1.22965
1.2295
1.22937
1.22926
1.22916
1.22908
1.22902
1.22897
1.22894
1.22893
1.22894
1.22896
1.22901
1.22907
1.22914
1.22924
1.22935
1.22949
1.22964
1.22981
1.22999
1.2302
1.23042
1.23066
1.23092
1.2312
1.23149
1.2318
1.23213
1.23247
1.23284
1.23321
1.23361
1.23402
1.23444
1.23488
1.23534
1.23581
1.23629
1.23679
1.2373
1.23782
1.23836
1.23891
1.23947
1.24005
1.24063
1.24123
1.24183
1.24245
1.24308
1.24371
1.24435
1.24501
1.24567
1.24633
1.24701
1.24769
1.24837
1.24906
1.24976
1.25046
1.25117
1.25187
1.25259
1.2533
1.25402
1.25474
1.25546
1.25618
1.2569
1.25762
1.25834
1.25906
1.25978
1.2605
1.26121
1.26193
1.26264
1.26334
1.26405
1.26475
1.26544
1.26613
1.26682
1.2675
1.26818
1.26885
1.26951
1.27017
1.27082
1.27147
1.2721
1.27274
1.27336
1.27398
1.27459
1.27519
1.27578
1.27637
1.27695
1.27752
1.27808
1.27864
1.27918
1.27972
1.28025
1.28077
1.28128
1.28179
1.28228
1.28277
1.28325
1.28372
1.28418
1.28463
1.28508
1.28551
1.28594
1.28636
1.28677
1.28718
1.28757
1.28796
1.28834
1.28871
1.28908
1.28944
1.28978
1.29013
1.29046
1.29079
1.29111
1.29142
1.29173
1.29202
1.29232
1.2926
1.29288
1.29315
1.29342
1.29368
1.29393
1.29417
1.29441
1.29465
1.29488
1.2951
1.29531
1.29553
1.29573
1.29593
1.29612
1.29631
1.2965
1.29667
1.29685
1.29701
1.29718
1.29733
1.29749
1.29763
1.29778
1.29791
1.29805
1.29818
1.2983
1.29842
1.29853
1.29864
1.29875
1.29885
1.29895
1.29904
1.29913
1.29922
1.2993
1.29937
1.29945
1.29952
1.29958
1.29964
1.2997
1.29975
1.2998
1.29984
1.29988
1.29992
1.29996
1.29999
1.30001
1.30003
1.30005
1.30007
1.30008
1.30009
1.30009
1.30009
1.30009
1.30009
1.30008
1.30007
1.30005
1.30003
1.30001
1.29998
1.29996
1.29993
1.29989
1.29985
1.29981
1.29977
1.29972
1.29967
1.29962
1.29957
1.29951
1.29945
1.29939
1.29932
1.29926
1.29919
1.29911
1.29904
1.29896
1.29889
1.29881
1.29872
1.29864
1.29855
1.29846
1.29837
1.29828
1.29819
1.29809
1.298
1.2979
1.2978
1.2977
1.2976
1.2975
1.29739
1.29729
1.29718
1.29708
1.29697
1.29686
1.29675
1.29664
1.29653
1.29642
1.29631
1.2962
1.29609
1.29597
1.29586
1.29575
1.29563
1.29551
1.2954
1.29528
1.29516
1.29505
1.29493
1.29481
1.29469
1.29457
1.29444
1.29432
1.2942
1.29407
1.29395
1.29382
1.29369
1.29356
1.29343
1.29329
1.29316
1.29302
1.29288
1.29274
1.29259
1.29245
1.2923
1.29215
1.29199
1.29183
1.29167
1.29151
1.29134
1.29117
1.291
1.29082
1.29064
1.29045
1.29026
1.29007
1.28987
1.28967
1.28946
1.28925
1.28904
1.28881
1.28859
1.28836
1.28813
1.28789
1.28764
1.28739
1.28714
1.28688
1.28662
1.28635
1.28608
1.28581
1.28553
1.28525
1.28496
1.28467
1.28437
1.28408
1.28378
1.28347
1.28317
1.28286
1.28255
1.28224
1.28193
1.28162
1.28131
1.28099
1.28068
1.28037
1.28006
1.27975
1.27944
1.27914
1.27884
1.27854
1.27825
1.27796
1.27767
1.2774
1.27712
1.27686
1.2766
1.27635
1.27611
1.27587
1.27565
1.27543
1.27523
1.27503
1.27485
1.27468
1.27452
1.27437
1.27424
1.27411
1.27401
1.27392
1.27384
1.27378
1.27373
1.2737
1.27368
1.27369
1.2737
1.27374
1.27379
1.27386
1.27395
1.27406
1.27418
1.27432
1.27448
1.27466
1.27485
1.27507
1.2753
1.27555
1.27582
1.27611
1.27641
1.27673
1.27707
1.27742
1.2778
1.27818
1.27859
1.27901
1.27944
1.27989
1.28036
1.28083
1.28132
1.28183
1.28234
1.28287
1.28341
1.28395
1.28451
1.28508
1.28565
1.28623
1.28682
1.28741
1.28801
1.28862
1.28922
1.28983
1.29045
1.29106
1.29168
1.2923
1.29291
1.29353
1.29414
1.29475
1.29536
1.29597
1.29657
1.29717
1.29776
1.29835
1.29893
1.2995
1.30007
1.30063
1.30118
1.30173
1.30226
1.30279
1.3033
1.30381
1.30431
1.3048
1.30528
1.30575
1.3062
1.30665
1.30709
1.30751
1.30793
1.30833
1.30872
1.30911
1.30948
1.30984
1.31018
1.31052
1.31085
1.31117
1.31147
1.31177
1.31205
1.31233
1.31259
1.31285
1.31309
1.31333
1.31355
1.31377
1.31398
1.31417
1.31436
1.31454
1.31471
1.31488
1.31503
1.31518
1.31532
1.31545
1.31558
1.3157
1.31581
1.31592
1.31602
1.31611
1.3162
1.31628
1.31635
1.31642
1.31649
1.31655
1.3166
1.31665
1.3167
1.31674
1.31678
1.31681
1.31684
1.31687
1.31689
1.31691
1.31692
1.31693
1.31694
1.31695
1.31695
1.31696
1.31695
1.31695
1.31694
1.31694
1.31692
1.31691
1.3169
1.31688
1.31686
1.31684
1.31682
1.31679
1.31677
1.31674
1.31671
1.31668
1.31665
1.31662
1.31658
1.31655
1.31651
1.31647
1.31643
1.31639
1.31635
1.31631
1.31627
1.31622
1.31618
1.31613
1.31608
1.31603
1.31599
1.31594
1.31589
1.31583
1.31578
1.31573
1.31568
1.31562
1.31557
1.31552
1.31546
1.31541
1.31535
1.31529
1.31524
1.31518
1.31513
1.31507
1.31502
1.31496
1.3149
1.31485
1.31479
1.31474
1.31468
1.31463
1.31458
1.31452
1.31447
1.31442
1.31437
1.31432
1.31427
1.31423
1.31418
1.31413
1.31409
1.31405
1.31401
1.31397
1.31393
1.31389
1.31386
1.31383
1.3138
1.31377
1.31374
1.31372
1.31369
1.31367
1.31365
1.31364
1.31363
1.31361
1.31361
1.3136
1.3136
1.3136
1.3136
1.3136
1.31361
1.31362
1.31364
1.31365
1.31367
1.3137
1.31372
1.31375
1.31378
1.31382
1.31386
1.3139
1.31394
1.31399
1.31404
1.31409
1.31415
1.31421
1.31427
1.31434
1.31441
1.31448
1.31456
1.31464
1.31472
1.3148
1.31489
1.31498
1.31507
1.31516
1.31526
1.31536
1.31546
1.31557
1.31567
1.31578
1.31589
1.31601
1.31612
1.31624
1.31636
1.31648
1.3166
1.31673
1.31685
1.31698
1.31711
1.31724
1.31737
1.3175
1.31763
1.31776
1.3179
1.31803
1.31817
1.3183
1.31844
1.31857
1.31871
1.31884
1.31898
1.31912
1.31925
1.31939
1.31952
1.31966
1.31979
1.31993
1.32006
1.32019
1.32032
1.32045
1.32058
1.32071
1.32084
1.32097
1.32109
1.32122
1.32134
1.32146
1.32158
1.3217
1.32182
1.32194
1.32205
1.32217
1.32228
1.32239
1.3225
1.32261
1.32271
1.32282
1.32292
1.32302
1.32312
1.32321
1.32331
1.3234
1.3235
1.32359
1.32367
1.32376
1.32385
1.32393
1.32401
1.32409
1.32417
1.32424
1.32432
1.32439
1.32446
1.32453
1.3246
1.32466
1.32473
1.32479
1.32485
1.32491
1.32497
1.32503
1.32508
1.32514
1.32519
1.32524
1.32529
1.32534
1.32539
1.32544
1.32548
1.32553
1.32557
1.32561
1.32565
1.32569
1.32573
1.32577
1.32581
1.32585
1.32588
1.32592
1.32596
1.32599
1.32602
1.32606
1.32609
1.32612
1.32616
1.32619
1.32622
1.32625
1.32629
1.32632
1.32635
1.32638
1.32642
1.32645
1.32648
1.32651
1.32655
1.32658
1.32661
1.32665
1.32668
1.32672
1.32675
1.32679
1.32683
1.32686
1.3269
1.32694
1.32698
1.32702
1.32706
1.32711
1.32715
1.32719
1.32724
1.32728
1.32733
1.32738
1.32743
1.32748
1.32753
1.32758
1.32763
1.32769
1.32774
1.3278
1.32786
1.32792
1.32797
1.32804
1.3281
1.32816
1.32822
1.32829
1.32836
1.32842
1.32849
1.32856
1.32863
1.3287
1.32878
1.32885
1.32892
1.329
1.32908
1.32915
1.32923
1.32931
1.32939
1.32947
1.32955
1.32963
1.32972
1.3298
1.32988
1.32997
1.33005
1.33014
1.33023
1.33031
1.3304
1.33049
1.33058
1.33067
1.33075
1.33084
1.33093
1.33102
1.33111
1.3312
1.33129
1.33138
1.33147
1.33156
1.33165
1.33174
1.33183
1.33192
1.33201
1.3321
1.33219
1.33227
1.33236
1.33245
1.33254
1.33262
1.33271
1.33279
1.33288
1.33296
1.33304
1.33312
1.3332
1.33328
1.33336
1.33344
1.33352
1.33359
1.33367
1.33374
1.33382
1.33389
1.33396
1.33403
1.33409
1.33416
1.33422
1.33429
1.33435
1.33441
1.33447
1.33452
1.33458
1.33463
1.33468
1.33473
1.33478
1.33483
1.33487
1.33491
1.33495
1.33499
1.33502
1.33506
1.33509
1.33512
1.33515
1.33517
1.33519
1.33521
1.33523
1.33525
1.33526
1.33527
1.33528
1.33528
1.33529
1.33529
1.33528
1.33528
1.33527
1.33526
1.33525
1.33523
1.33521
1.33519
1.33516
1.33514
1.33511
1.33507
1.33504
1.335
1.33496
1.33491
1.33486
1.33481
1.33476
1.3347
1.33464
1.33458
1.33452
1.33445
1.33438
1.3343
1.33422
1.33414
1.33406
1.33397
1.33389
1.33379
1.3337
1.3336
1.3335
1.3334
1.3333
1.33319
1.33308
1.33296
1.33285
1.33273
1.33261
1.33249
1.33237
1.33224
1.33211
1.33198
1.33185
1.33171
1.33158
1.33144
1.3313
1.33116
1.33102
1.33088
1.33073
1.33059
1.33044
1.3303
1.33015
1.33001
1.32986
1.32971
1.32956
1.32942
1.32927
1.32912
1.32898
1.32883
1.32869
1.32855
1.32841
1.32827
1.32813
1.32799
1.32786
1.32773
1.3276
1.32747
1.32734
1.32722
1.3271
1.32699
1.32688
1.32677
1.32667
1.32657
1.32647
1.32638
1.32629
1.32621
1.32613
1.32606
1.32599
1.32592
1.32587
1.32581
1.32577
1.32573
1.32569
1.32566
1.32564
1.32562
1.3256
1.3256
1.3256
1.3256
1.32561
1.32563
1.32566
1.32568
1.32572
1.32576
1.32581
1.32586
1.32592
1.32598
1.32605
1.32612
1.3262
1.32629
1.32637
1.32647
1.32656
1.32667
1.32677
1.32688
1.32699
1.32711
1.32723
1.32735
1.32747
1.3276
1.32773
1.32786
1.32799
1.32812
1.32826
1.32839
1.32852
1.32866
1.32879
1.32893
1.32906
1.32919
1.32932
1.32945
1.32958
1.32971
1.32983
1.32995
1.33007
1.33018
1.3303
1.3304
1.33051
1.33061
1.33071
1.3308
1.33089
1.33098
1.33106
1.33114
1.33121
1.33128
1.33134
1.3314
1.33145
1.3315
1.33155
1.33159
1.33163
1.33166
1.33169
1.33171
1.33173
1.33174
1.33175
1.33176
1.33176
1.33176
1.33176
1.33175
1.33175
1.33173
1.33172
1.3317
1.33169
1.33167
1.33164
1.33162
1.3316
1.33158
1.33155
1.33153
1.33151
1.33148
1.33146
1.33144
1.33142
1.3314
1.33139
1.33138
1.33137
1.33136
1.33136
1.33136
1.33136
1.33137
1.33138
1.3314
1.33142
1.33145
1.33148
1.33151
1.33156
1.3316
1.33166
1.33172
1.33178
1.33185
1.33193
1.33201
1.3321
1.33219
1.33229
1.3324
1.33251
1.33263
1.33276
1.33289
1.33302
1.33316
1.33331
1.33346
1.33361
1.33377
1.33394
1.33411
1.33428
1.33446
1.33464
1.33482
1.335
1.33519
1.33538
1.33557
1.33577
1.33596
1.33616
1.33636
1.33655
1.33675
1.33695
1.33714
1.33734
1.33753
1.33772
1.33791
1.3381
1.33829
1.33847
1.33865
1.33882
1.339
1.33916
1.33933
1.33949
1.33964
1.33979
1.33993
1.34007
1.34021
1.34033
1.34045
1.34057
1.34068
1.34078
1.34088
1.34097
1.34105
1.34113
1.3412
1.34126
1.34132
1.34137
1.34141
1.34144
1.34147
1.3415
1.34151
1.34152
1.34153
1.34152
1.34151
1.3415
1.34148
1.34145
1.34142
1.34139
1.34134
1.3413
1.34125
1.34119
1.34113
1.34107
1.34101
1.34094
1.34087
1.34079
1.34072
1.34064
1.34056
1.34048
1.3404
1.34031
1.34023
1.34015
1.34007
1.33998
1.3399
1.33983
1.33975
1.33967
1.3396
1.33953
1.33946
1.3394
1.33933
1.33928
1.33922
1.33917
1.33912
1.33908
1.33904
1.33901
1.33898
1.33896
1.33894
1.33893
1.33892
1.33892
1.33892
1.33893
1.33895
1.33897
1.33899
1.33902
1.33906
1.3391
1.33914
1.3392
1.33925
1.33931
1.33938
1.33945
1.33953
1.33961
1.3397
1.33979
1.33988
1.33998
1.34008
1.34019
1.3403
1.34041
1.34052
1.34064
1.34077
1.34089
1.34102
1.34115
1.34128
1.34142
1.34155
1.34169
1.34183
1.34198
1.34212
1.34227
1.34241
1.34256
1.34271
1.34286
1.34301
1.34316
1.34331
1.34347
1.34362
1.34377
1.34393
1.34408
1.34424
1.34439
1.34455
1.34471
1.34486
1.34502
1.34517
1.34533
1.34549
1.34564
1.3458
1.34596
1.34611
1.34627
1.34643
1.34658
1.34674
1.34689
1.34705
1.34721
1.34736
1.34752
1.34767
1.34783
1.34799
1.34814
1.3483
1.34845
1.34861
1.34876
1.34892
1.34907
1.34923
1.34938
1.34953
1.34969
1.34984
1.34999
1.35015
1.3503
1.35045
1.3506
1.35075
1.35091
1.35106
1.35121
1.35136
1.3515
1.35165
1.3518
1.35195
1.35209
1.35224
1.35238
1.35252
1.35267
1.35281
1.35295
1.35309
1.35323
1.35336
1.3535
1.35363
1.35377
1.3539
1.35403
1.35416
1.35429
1.35441
1.35454
1.35466
1.35478
1.3549
1.35501
1.35513
1.35524
1.35535
1.35546
1.35557
1.35568
1.35578
1.35588
1.35598
1.35607
1.35617
1.35626
1.35635
1.35643
1.35651
1.3566
1.35667
1.35675
1.35682
1.35689
1.35696
1.35702
1.35708
1.35714
1.35719
1.35724
1.35729
1.35733
1.35737
1.35741
1.35744
1.35747
1.3575
1.35752
1.35754
1.35755
1.35756
1.35757
1.35757
1.35757
1.35756
1.35755
1.35753
1.35751
1.35749
1.35746
1.35743
1.35739
1.35734
1.35729
1.35724
1.35718
1.35712
1.35705
1.35697
1.35689
1.35681
1.35672
1.35662
1.35652
1.35641
1.35629
1.35617
1.35604
1.35591
1.35577
1.35562
1.35547
1.35531
1.35515
1.35498
1.3548
1.35461
1.35442
1.35422
1.35402
1.35381
1.35359
1.35336
1.35313
1.35289
1.35265
1.3524
1.35214
1.35188
1.3516
1.35133
1.35104
1.35075
1.35046
1.35016
1.34985
1.34954
1.34922
1.3489
1.34857
1.34824
1.3479
1.34756
1.34722
1.34687
1.34652
1.34616
1.34581
1.34545
1.34509
1.34473
1.34437
1.34401
1.34364
1.34328
1.34292
1.34257
1.34221
1.34186
1.3415
1.34116
1.34082
1.34048
1.34015
1.33982
1.3395
1.33919
1.33888
1.33859
1.3383
1.33802
1.33775
1.33749
1.33724
1.337
1.33678
1.33656
1.33636
1.33617
1.33599
1.33583
1.33568
1.33554
1.33542
1.3353
1.33521
1.33513
1.33506
1.335
1.33496
1.33493
1.33492
1.33492
1.33493
1.33496
1.335
1.33505
1.33511
1.33518
1.33527
1.33537
1.33547
1.33559
1.33571
1.33585
1.33599
1.33614
1.33629
1.33645
1.33662
1.3368
1.33697
1.33716
1.33734
1.33753
1.33772
1.33791
1.33811
1.3383
1.33849
1.33869
1.33888
1.33907
1.33926
1.33944
1.33963
1.33981
1.33998
1.34016
1.34032
1.34049
1.34065
1.3408
1.34095
1.34109
1.34122
1.34135
1.34148
1.34159
1.3417
1.34181
1.34191
1.342
1.34208
1.34216
1.34223
1.34229
1.34235
1.34241
1.34245
1.34249
1.34253
1.34256
1.34258
1.3426
1.34261
1.34262
1.34263
1.34263
1.34263
1.34262
1.34262
1.3426
1.34259
1.34257
1.34256
1.34254
1.34252
1.3425
1.34248
1.34246
1.34244
1.34242
1.3424
1.34238
1.34237
1.34236
1.34235
1.34234
1.34234
1.34234
1.34234
1.34235
1.34236
1.34238
1.34241
1.34243
1.34247
1.34251
1.34255
1.3426
1.34266
1.34272
1.34279
1.34287
1.34295
1.34305
1.34314
1.34325
1.34336
1.34348
1.3436
1.34373
1.34387
1.34402
1.34417
1.34433
1.34449
1.34466
1.34484
1.34502
1.34521
1.34541
1.34561
1.34581
1.34602
1.34624
1.34646
1.34668
1.34691
1.34714
1.34737
1.34761
1.34785
1.3481
1.34834
1.34859
1.34884
1.3491
1.34935
1.3496
1.34986
1.35012
1.35037
1.35063
1.35089
1.35114
1.3514
1.35165
1.3519
1.35216
1.35241
1.35265
1.3529
1.35314
1.35339
1.35363
1.35386
1.35409
1.35433
1.35455
1.35478
1.355
1.35521
1.35542
1.35563
1.35584
1.35604
1.35624
1.35643
1.35662
1.3568
1.35698
1.35716
1.35733
1.35749
1.35765
1.35781
1.35796
1.35811
1.35826
1.35839
1.35853
1.35866
1.35878
1.35891
1.35902
1.35914
1.35924
1.35935
1.35945
1.35954
1.35964
1.35972
1.35981
1.35989
1.35996
1.36004
1.36011
1.36017
1.36023
1.36029
1.36035
1.3604
1.36045
1.3605
1.36054
1.36058
1.36062
1.36066
1.36069
1.36073
1.36076
1.36078
1.36081
1.36083
1.36086
1.36088
1.36089
1.36091
1.36093
1.36094
1.36096
1.36097
1.36098
1.36099
1.361
1.36101
1.36102
1.36103
1.36104
1.36104
1.36105
1.36106
1.36106
1.36107
1.36108
1.36108
1.36109
1.3611
1.3611
1.36111
1.36112
1.36113
1.36114
1.36115
1.36115
1.36116
1.36117
1.36119
1.3612
1.36121
1.36122
1.36124
1.36125
1.36127
1.36128
1.3613
1.36131
1.36133
1.36135
1.36137
1.36139
1.36141
1.36143
1.36145
1.36147
1.36149
1.36152
1.36154
1.36156
1.36159
1.36161
1.36164
1.36166
1.36169
1.36172
1.36174
1.36177
1.3618
1.36182
1.36185
1.36188
1.36191
1.36193
1.36196
1.36199
1.36201
1.36204
1.36207
1.36209
1.36212
1.36214
1.36217
1.36219
1.36222
1.36224
1.36227
1.36229
1.36231
1.36233
1.36235
1.36237
1.36239
1.36241
1.36242
1.36244
1.36246
1.36247
1.36248
1.3625
1.36251
1.36252
1.36252
1.36253
1.36254
1.36254
1.36255
1.36255
1.36255
1.36255
1.36255
1.36255
1.36254
1.36254
1.36253
1.36252
1.36251
1.3625
1.36249
1.36248
1.36246
1.36244
1.36242
1.36241
1.36238
1.36236
1.36234
1.36231
1.36228
1.36226
1.36223
1.36219
1.36216
1.36213
1.36209
1.36205
1.36202
1.36198
1.36193
1.36189
1.36185
1.3618
1.36176
1.36171
1.36166
1.36161
1.36156
1.36151
1.36146
1.3614
1.36135
1.36129
1.36123
1.36118
1.36112
1.36106
1.361
1.36094
1.36087
1.36081
1.36075
1.36068
1.36062
1.36055
1.36049
1.36042
1.36035
1.36029
1.36022
1.36015
1.36008
1.36002
1.35995
1.35988
1.35981
1.35974
1.35967
1.3596
1.35953
1.35946
1.35939
1.35933
1.35926
1.35919
1.35912
1.35905
1.35898
1.35891
1.35884
1.35877
1.3587
1.35863
1.35856
1.3585
1.35843
1.35836
1.35829
1.35822
1.35815
1.35808
1.35801
1.35794
1.35787
1.3578
1.35773
1.35766
1.35758
1.35751
1.35743
1.35736
1.35728
1.35721
1.35713
1.35705
1.35697
1.35688
1.3568
1.35671
1.35663
1.35654
1.35644
1.35635
1.35625
1.35615
1.35605
1.35595
1.35584
1.35572
1.35561
1.35549
1.35537
1.35524
1.35511
1.35498
1.35484
1.35469
1.35455
1.35439
1.35423
1.35407
1.3539
1.35373
1.35355
1.35336
1.35317
1.35297
1.35276
1.35255
1.35234
1.35211
1.35188
1.35164
1.3514
1.35115
1.35089
1.35062
1.35035
1.35007
1.34978
1.34949
1.34919
1.34888
1.34856
1.34824
1.34791
1.34757
1.34723
1.34688
1.34653
1.34617
1.3458
1.34543
1.34505
1.34466
1.34427
1.34388
1.34348
1.34308
1.34268
1.34227
1.34186
1.34144
1.34103
1.34061
1.34019
1.33977
1.33935
1.33893
1.33852
1.3381
1.33768
1.33727
1.33686
1.33646
1.33605
1.33566
1.33526
1.33487
1.33449
1.33412
1.33375
1.33339
1.33303
1.33269
1.33235
1.33202
1.3317
1.33139
1.33109
1.3308
1.33052
1.33025
1.32999
1.32974
1.3295
1.32927
1.32905
1.32885
1.32865
1.32847
1.32829
1.32813
1.32798
1.32784
1.3277
1.32758
1.32747
1.32737
1.32727
1.32719
1.32711
1.32704
1.32698
1.32693
1.32689
1.32686
1.32683
1.32681
1.32679
1.32679
1.32679
1.32679
1.3268
1.32682
1.32685
1.32688
1.32691
1.32695
1.327
1.32706
1.32711
1.32718
1.32725
1.32733
1.32741
1.3275
1.32759
1.32769
1.3278
1.32792
1.32804
1.32817
1.3283
1.32845
1.3286
1.32876
1.32893
1.3291
1.32929
1.32948
1.32968
1.3299
1.33012
1.33035
1.33059
1.33084
1.3311
1.33137
1.33165
1.33194
1.33224
1.33255
1.33287
1.3332
1.33353
1.33388
1.33424
1.33461
1.33498
1.33536
1.33576
1.33616
1.33656
1.33698
1.3374
1.33783
1.33827
1.33871
1.33915
1.33961
1.34006
1.34052
1.34099
1.34146
1.34193
1.3424
1.34287
1.34335
1.34382
1.3443
1.34478
1.34525
1.34573
1.3462
1.34668
1.34715
1.34762
1.34808
1.34854
1.349
1.34946
1.34991
1.35035
1.35079
1.35123
1.35166
1.35208
1.3525
1.35291
1.35332
1.35372
1.35411
1.3545
1.35488
1.35525
1.35562
1.35598
1.35633
1.35667
1.35701
1.35734
1.35766
1.35797
1.35828
1.35858
1.35887
1.35916
1.35943
1.3597
1.35996
1.36022
1.36046
1.3607
1.36094
1.36116
1.36138
1.36159
1.3618
1.36199
1.36218
1.36237
1.36255
1.36272
1.36288
1.36304
1.36319
1.36334
1.36348
1.36361
1.36374
1.36386
1.36397
1.36408
1.36419
1.36429
1.36438
1.36447
1.36455
1.36463
1.3647
1.36477
1.36483
1.36489
1.36495
1.36499
1.36504
1.36508
1.36511
1.36514
1.36517
1.36519
1.3652
1.36522
1.36522
1.36523
1.36523
1.36522
1.36522
1.3652
1.36519
1.36517
1.36514
1.36511
1.36508
1.36504
1.365
1.36496
1.36491
1.36486
1.3648
1.36475
1.36468
1.36462
1.36455
1.36447
1.36439
1.36431
1.36422
1.36414
1.36404
1.36394
1.36384
1.36374
1.36363
1.36352
1.3634
1.36328
1.36316
1.36303
1.3629
1.36276
1.36262
1.36248
1.36233
1.36218
1.36202
1.36186
1.3617
1.36153
1.36136
1.36119
1.36101
1.36082
1.36063
1.36044
1.36024
1.36004
1.35984
1.35963
1.35942
1.3592
1.35898
1.35875
1.35852
1.35829
1.35805
1.35781
1.35756
1.35731
1.35706
1.3568
1.35654
1.35627
1.356
1.35573
1.35545
1.35517
1.35488
1.3546
1.3543
1.35401
1.35371
1.35341
1.3531
1.35279
1.35248
1.35217
1.35185
1.35153
1.35121
1.35089
1.35057
1.35024
1.34991
1.34958
1.34925
1.34892
1.34859
1.34825
1.34792
1.34759
1.34726
1.34692
1.34659
1.34626
1.34593
1.34561
1.34528
1.34496
1.34464
1.34432
1.34401
1.3437
1.3434
1.3431
1.3428
1.34251
1.34223
1.34195
1.34167
1.34141
1.34115
1.3409
1.34066
1.34042
1.34019
1.33998
1.33977
1.33957
1.33938
1.3392
1.33904
1.33888
1.33874
1.3386
1.33848
1.33837
1.33827
1.33819
1.33812
1.33806
1.33801
1.33798
1.33796
1.33795
1.33796
1.33798
1.33801
1.33806
1.33812
1.33819
1.33828
1.33838
1.33849
1.33862
1.33876
1.33891
1.33908
1.33925
1.33944
1.33964
1.33986
1.34008
1.34032
1.34056
1.34082
1.34108
1.34136
1.34164
1.34194
1.34224
1.34255
1.34287
1.34319
1.34353
1.34386
1.34421
1.34456
1.34491
1.34527
1.34564
1.34601
1.34638
1.34675
1.34713
1.34751
1.34789
1.34828
1.34866
1.34905
1.34943
1.34982
1.35021
1.35059
1.35098
1.35136
1.35174
1.35212
1.3525
1.35288
1.35326
1.35363
1.354
1.35437
1.35473
1.35509
1.35545
1.3558
1.35615
1.35649
1.35683
1.35717
1.3575
1.35783
1.35816
1.35848
1.35879
1.3591
1.35941
1.35971
1.36
1.36029
1.36058
1.36086
1.36114
1.36141
1.36167
1.36194
1.36219
1.36244
1.36269
1.36293
1.36317
1.3634
1.36363
1.36385
1.36407
1.36429
1.3645
1.3647
1.3649
1.3651
1.36529
1.36548
1.36566
1.36584
1.36601
1.36618
1.36635
1.36651
1.36667
1.36683
1.36698
1.36713
1.36727
1.36741
1.36755
1.36768
1.36781
1.36794
1.36806
1.36818
1.3683
1.36842
1.36853
1.36864
1.36874
1.36884
1.36894
1.36904
1.36914
1.36923
1.36932
1.36941
1.36949
1.36957
1.36965
1.36973
1.36981
1.36988
1.36995
1.37002
1.37009
1.37015
1.37022
1.37028
1.37034
1.37039
1.37045
1.3705
1.37056
1.37061
1.37066
1.3707
1.37075
1.37079
1.37084
1.37088
1.37092
1.37095
1.37099
1.37103
1.37106
1.37109
1.37112
1.37115
1.37118
1.37121
1.37123
1.37126
1.37128
1.3713
1.37132
1.37134
1.37136
1.37137
1.37139
1.3714
1.37142
1.37143
1.37144
1.37145
1.37145
1.37146
1.37147
1.37147
1.37147
1.37147
1.37147
1.37147
1.37147
1.37147
1.37146
1.37145
1.37145
1.37144
1.37143
1.37141
1.3714
1.37139
1.37137
1.37135
1.37133
1.37131
1.37129
1.37126
1.37124
1.37121
1.37118
1.37115
1.37112
1.37108
1.37105
1.37101
1.37097
1.37093
1.37088
1.37084
1.37079
1.37074
1.37069
1.37063
1.37058
1.37052
1.37046
1.3704
1.37033
1.37026
1.37019
1.37012
1.37004
1.36997
1.36989
1.36981
1.36972
1.36963
1.36954
1.36945
1.36935
1.36926
1.36915
1.36905
1.36894
1.36884
1.36872
1.36861
1.36849
1.36837
1.36825
1.36812
1.36799
1.36786
1.36773
1.36759
1.36745
1.36731
1.36716
1.36702
1.36687
1.36671
1.36656
1.3664
1.36624
1.36608
1.36592
1.36575
1.36559
1.36542
1.36525
1.36508
1.3649
1.36473
1.36455
1.36438
1.3642
1.36402
1.36385
1.36367
1.36349
1.36331
1.36313
1.36296
1.36278
1.36261
1.36243
1.36226
1.36209
1.36192
1.36175
1.36159
1.36143
1.36127
1.36111
1.36096
1.36081
1.36067
1.36052
1.36039
1.36026
1.36013
1.36001
1.35989
1.35978
1.35967
1.35957
1.35947
1.35938
1.3593
1.35922
1.35915
1.35909
1.35903
1.35898
1.35894
1.3589
1.35887
1.35884
1.35883
1.35882
1.35881
1.35882
1.35883
1.35884
1.35887
1.3589
1.35893
1.35898
1.35902
1.35908
1.35914
1.3592
1.35928
1.35935
1.35943
1.35952
1.35961
1.3597
1.3598
1.3599
1.36
1.36011
1.36022
1.36033
1.36045
1.36057
1.36068
1.3608
1.36092
1.36105
1.36117
1.36129
1.36141
1.36154
1.36166
1.36178
1.3619
1.36202
1.36213
1.36225
1.36236
1.36247
1.36258
1.36268
1.36279
1.36289
1.36298
1.36308
1.36317
1.36325
1.36334
1.36342
1.36349
1.36357
1.36363
1.3637
1.36376
1.36381
1.36387
1.36391
1.36396
1.364
1.36403
1.36406
1.36409
1.36411
1.36413
1.36415
1.36416
1.36417
1.36418
1.36418
1.36417
1.36417
1.36416
1.36415
1.36413
1.36411
1.36409
1.36407
1.36404
1.36401
1.36398
1.36395
1.36391
1.36387
1.36383
1.36379
1.36375
1.3637
1.36366
1.36361
1.36356
1.36351
1.36346
1.3634
1.36335
1.3633
1.36324
1.36319
1.36313
1.36308
1.36302
1.36296
1.3629
1.36285
1.36279
1.36273
1.36267
1.36262
1.36256
1.3625
1.36244
1.36239
1.36233
1.36227
1.36221
1.36216
1.3621
1.36205
1.36199
1.36193
1.36188
1.36182
1.36177
1.36172
1.36166
1.36161
1.36156
1.3615
1.36145
1.3614
1.36135
1.3613
1.36126
1.36121
1.36116
1.36112
1.36107
1.36103
1.36099
1.36095
1.36091
1.36087
1.36084
1.36081
1.36077
1.36075
1.36072
1.3607
1.36068
1.36066
1.36064
1.36063
1.36063
1.36062
1.36062
1.36063
1.36064
1.36065
1.36067
1.36069
1.36072
1.36075
1.36079
1.36083
1.36088
1.36094
1.361
1.36107
1.36114
1.36122
1.36131
1.36141
1.36151
1.36162
1.36173
1.36185
1.36198
1.36212
1.36226
1.36242
1.36257
1.36274
1.36291
1.36309
1.36328
1.36347
1.36367
1.36388
1.36409
1.36431
1.36453
1.36477
1.365
1.36525
1.3655
1.36575
1.36601
1.36627
1.36654
1.36681
1.36709
1.36737
1.36765
1.36794
1.36823
1.36852
1.36881
1.36911
1.36941
1.36971
1.37001
1.37031
1.37062
1.37092
1.37122
1.37153
1.37183
1.37213
1.37244
1.37274
1.37304
1.37334
1.37363
1.37393
1.37422
1.37451
1.3748
1.37509
1.37537
1.37565
1.37593
1.3762
1.37648
1.37675
1.37701
1.37727
1.37753
1.37779
1.37804
1.37829
1.37853
1.37878
1.37901
1.37925
1.37948
1.37971
1.37993
1.38015
1.38037
1.38058
1.38079
1.381
1.38121
1.38141
1.38161
1.3818
1.382
1.38219
1.38237
1.38256
1.38274
1.38292
1.3831
1.38328
1.38345
1.38363
1.3838
1.38397
1.38414
1.38431
1.38448
1.38464
1.38481
1.38497
1.38514
1.3853
1.38547
1.38563
1.3858
1.38596
1.38613
1.38629
1.38646
1.38663
1.38679
1.38696
1.38713
1.3873
1.38748
1.38765
1.38782
1.388
1.38818
1.38836
1.38854
1.38872
1.38891
1.38909
1.38928
1.38947
1.38966
1.38986
1.39005
1.39025
1.39045
1.39065
1.39085
1.39105
1.39126
1.39147
1.39167
1.39188
1.39209
1.39231
1.39252
1.39273
1.39295
1.39316
1.39338
1.39359
1.39381
1.39402
1.39424
1.39445
1.39466
1.39488
1.39509
1.3953
1.3955
1.39571
1.39591
1.39611
1.39631
1.39651
1.3967
1.39688
1.39707
1.39725
1.39742
1.39759
1.39775
1.39791
1.39806
1.3982
1.39834
1.39847
1.39859
1.3987
1.3988
1.39889
1.39898
1.39905
1.39912
1.39917
1.39921
1.39924
1.39925
1.39926
1.39925
1.39923
1.39919
1.39913
1.39907
1.39898
1.39889
1.39877
1.39864
1.39849
1.39832
1.39814
1.39794
1.39772
1.39748
1.39722
1.39694
1.39664
1.39633
1.39599
1.39564
1.39526
1.39487
1.39446
1.39402
1.39357
1.3931
1.39261
1.39211
1.39158
1.39104
1.39048
1.38991
1.38932
1.38872
1.38811
1.38749
1.38685
1.38621
1.38555
1.3849
1.38423
1.38357
1.3829
1.38223
1.38157
1.38091
1.38025
1.37961
1.37897
1.37834
1.37773
1.37713
1.37656
1.376
1.37546
1.37495
1.37446
1.374
1.37357
1.37317
1.3728
1.37247
1.37216
1.3719
1.37167
1.37147
1.37132
1.3712
1.37111
1.37107
1.37106
1.37109
1.37116
1.37126
1.3714
1.37157
1.37177
1.37201
1.37227
1.37256
1.37288
1.37322
1.37359
1.37397
1.37438
1.3748
1.37523
1.37568
1.37614
1.3766
1.37708
1.37755
1.37803
1.37851
1.37898
1.37946
1.37993
1.38039
1.38084
1.38128
1.38172
1.38214
1.38254
1.38294
1.38331
1.38367
1.38402
1.38434
1.38465
1.38494
1.3852
1.38545
1.38568
1.38589
1.38608
1.38625
1.3864
1.38653
1.38664
1.38673
1.38681
1.38686
1.3869
1.38692
1.38692
1.38691
1.38688
1.38684
1.38678
1.38671
1.38663
1.38654
1.38644
1.38633
1.38621
1.38609
1.38596
1.38582
1.38568
1.38553
1.38539
1.38524
1.38509
1.38495
1.3848
1.38466
1.38453
1.38439
1.38427
1.38415
1.38404
1.38394
1.38384
1.38376
1.38369
1.38363
1.38358
1.38355
1.38353
1.38352
1.38353
1.38356
1.3836
1.38365
1.38373
1.38382
1.38392
1.38405
1.38419
1.38434
1.38452
1.38471
1.38491
1.38514
1.38538
1.38563
1.3859
1.38619
1.38649
1.38681
1.38714
1.38748
1.38784
1.38821
1.38859
1.38898
1.38938
1.3898
1.39022
1.39065
1.39109
1.39154
1.39199
1.39245
1.39291
1.39338
1.39386
1.39434
1.39482
1.3953
1.39578
1.39627
1.39676
1.39724
1.39773
1.39821
1.3987
1.39918
1.39966
1.40013
1.4006
1.40107
1.40154
1.402
1.40246
1.40291
1.40335
1.40379
1.40423
1.40466
1.40508
1.4055
1.4059
1.40631
1.4067
1.40709
1.40747
1.40785
1.40822
1.40858
1.40893
1.40927
1.40961
1.40994
1.41027
1.41058
1.41089
1.41119
1.41148
1.41177
1.41205
1.41232
1.41258
1.41284
1.41309
1.41333
1.41357
1.4138
1.41402
1.41424
1.41445
1.41465
1.41485
1.41504
1.41522
1.4154
1.41557
1.41574
1.4159
1.41605
1.4162
1.41635
1.41648
1.41662
1.41675
1.41687
1.41699
1.4171
1.41721
1.41731
1.41741
1.41751
1.4176
1.41768
1.41776
1.41784
1.41792
1.41799
1.41805
1.41811
1.41817
1.41823
1.41828
1.41833
1.41837
1.41842
1.41845
1.41849
1.41852
1.41855
1.41858
1.4186
1.41862
1.41864
1.41865
1.41867
1.41868
1.41868
1.41869
1.41869
1.41869
1.41869
1.41868
1.41868
1.41867
1.41866
1.41864
1.41863
1.41861
1.41859
1.41857
1.41855
1.41852
1.41849
1.41846
1.41843
1.4184
1.41836
1.41833
1.41829
1.41825
1.4182
1.41816
1.41811
1.41806
1.41801
1.41796
1.41791
1.41785
1.41779
1.41773
1.41767
1.41761
1.41754
1.41748
1.41741
1.41734
1.41727
1.41719
1.41712
1.41704
1.41696
1.41688
1.41679
1.41671
1.41662
1.41653
1.41644
1.41634
1.41625
1.41615
1.41605
1.41595
1.41584
1.41574
1.41563
1.41552
1.4154
1.41529
1.41517
1.41505
1.41493
1.4148
1.41467
1.41454
1.41441
1.41428
1.41414
1.414
1.41386
1.41372
1.41357
1.41342
1.41327
1.41312
1.41296
1.4128
1.41264
1.41247
1.41231
1.41214
1.41197
1.41179
1.41162
1.41144
1.41126
1.41107
1.41089
1.4107
1.41051
1.41032
1.41012
1.40993
1.40973
1.40952
1.40932
1.40912
1.40891
1.4087
1.40849
1.40828
1.40807
1.40785
1.40763
1.40742
1.4072
1.40698
1.40676
1.40654
1.40631
1.40609
1.40587
1.40565
1.40542
1.4052
1.40497
1.40475
1.40453
1.40431
1.40409
1.40387
1.40365
1.40343
1.40321
1.403
1.40278
1.40257
1.40236
1.40216
1.40195
1.40175
1.40155
1.40136
1.40116
1.40097
1.40079
1.4006
1.40043
1.40025
1.40008
1.39991
1.39975
1.39959
1.39944
1.39929
1.39914
1.399
1.39887
1.39874
1.39861
1.39849
1.39837
1.39826
1.39816
1.39806
1.39797
1.39788
1.39779
1.39771
1.39764
1.39757
1.3975
1.39745
1.39739
1.39734
1.3973
1.39726
1.39722
1.39719
1.39716
1.39714
1.39712
1.39711
1.3971
1.39709
1.39709
1.39709
1.39709
1.39709
1.3971
1.39712
1.39713
1.39715
1.39716
1.39718
1.39721
1.39723
1.39726
1.39728
1.39731
1.39734
1.39737
1.3974
1.39743
1.39746
1.39749
1.39752
1.39755
1.39759
1.39762
1.39765
1.39768
1.39771
1.39773
1.39776
1.39779
1.39781
1.39784
1.39786
1.39788
1.3979
1.39792
1.39794
1.39795
1.39797
1.39798
1.39799
1.398
1.39801
1.39801
1.39802
1.39802
1.39803
1.39803
1.39802
1.39802
1.39802
1.39801
1.39801
1.398
1.39799
1.39798
1.39797
1.39796
1.39795
1.39793
1.39792
1.39791
1.39789
1.39788
1.39786
1.39785
1.39783
1.39781
1.3978
1.39778
1.39777
1.39775
1.39774
1.39773
1.39771
1.3977
1.39769
1.39768
1.39767
1.39766
1.39765
1.39765
1.39764
1.39764
1.39764
1.39764
1.39764
1.39764
1.39765
1.39765
1.39766
1.39767
1.39768
1.39769
1.39771
1.39772
1.39774
1.39776
1.39778
1.3978
1.39782
1.39785
1.39788
1.3979
1.39793
1.39796
1.39799
1.39803
1.39806
1.3981
1.39813
1.39817
1.3982
1.39824
1.39828
1.39831
1.39835
1.39839
1.39843
1.39847
1.3985
1.39854
1.39858
1.39862
1.39865
1.39869
1.39872
1.39875
1.39879
1.39882
1.39885
1.39888
1.3989
1.39893
1.39896
1.39898
1.399
1.39902
1.39904
1.39906
1.39907
1.39909
1.3991
1.39911
1.39912
1.39913
1.39914
1.39915
1.39915
1.39915
1.39916
1.39916
1.39916
1.39916
1.39916
1.39916
1.39915
1.39915
1.39915
1.39915
1.39914
1.39914
1.39914
1.39914
1.39914
1.39914
1.39914
1.39914
1.39915
1.39915
1.39916
1.39916
1.39917
1.39918
1.3992
1.39921
1.39923
1.39925
1.39927
1.39929
1.39932
1.39935
1.39937
1.39941
1.39944
1.39947
1.39951
1.39955
1.39959
1.39963
1.39967
1.39972
1.39976
1.3998
1.39985
1.39989
1.39994
1.39998
1.40002
1.40006
1.4001
1.40014
1.40017
1.4002
1.40023
1.40025
1.40027
1.40028
1.40029
1.40029
1.40029
1.40027
1.40025
1.40023
1.40019
1.40014
1.40009
1.40002
1.39994
1.39985
1.39975
1.39964
1.39951
1.39937
1.39921
1.39905
1.39886
1.39866
1.39845
1.39822
1.39797
1.39771
1.39743
1.39714
1.39683
1.3965
1.39616
1.39579
1.39542
1.39502
1.39461
1.39419
1.39375
1.39329
1.39283
1.39234
1.39185
1.39134
1.39083
1.3903
1.38977
1.38923
1.38868
1.38813
1.38758
1.38702
1.38646
1.38591
1.38536
1.38481
1.38428
1.38375
1.38323
1.38273
1.38224
1.38177
1.38131
1.38088
1.38047
1.38009
1.37973
1.3794
1.3791
1.37883
1.3786
1.3784
1.37823
1.3781
1.37801
1.37796
1.37795
1.37797
1.37804
1.37814
1.37829
1.37847
1.37869
1.37896
1.37926
1.37959
1.37997
1.38037
1.38082
1.38129
1.38179
1.38233
1.38289
1.38347
1.38408
1.38472
1.38537
1.38604
1.38673
1.38743
1.38814
1.38887
1.3896
1.39034
1.39108
1.39183
1.39258
1.39333
1.39408
1.39482
1.39556
1.3963
1.39702
1.39774
1.39845
1.39915
1.39984
1.40052
1.40118
1.40183
1.40246
1.40309
1.40369
1.40428
1.40485
1.40541
1.40595
1.40647
1.40698
1.40747
1.40794
1.40839
1.40883
1.40925
1.40965
1.41003
1.4104
1.41075
1.41108
1.4114
1.4117
1.41199
1.41225
1.41251
1.41274
1.41296
1.41317
1.41336
1.41354
1.4137
1.41385
1.41398
1.4141
1.41421
1.4143
1.41439
1.41445
1.41451
1.41455
1.41459
1.41461
1.41462
1.41461
1.4146
1.41458
1.41454
1.41449
1.41444
1.41437
1.4143
1.41421
1.41412
1.41401
1.4139
1.41377
1.41364
1.4135
1.41335
1.41319
1.41302
1.41285
1.41266
1.41247
1.41227
1.41206
1.41185
1.41162
1.41139
1.41115
1.4109
1.41064
1.41038
1.41011
1.40983
1.40955
1.40925
1.40895
1.40864
1.40833
1.408
1.40767
1.40733
1.40699
1.40663
1.40627
1.4059
1.40553
1.40515
1.40475
1.40436
1.40395
1.40354
1.40311
1.40268
1.40225
1.4018
1.40135
1.40089
1.40042
1.39995
1.39946
1.39897
1.39847
1.39797
1.39745
1.39693
1.3964
1.39586
1.39532
1.39476
1.3942
1.39364
1.39306
1.39248
1.3919
1.3913
1.3907
1.3901
1.38949
1.38887
1.38825
1.38762
1.38699
1.38636
1.38572
1.38508
1.38443
1.38379
1.38314
1.3825
1.38185
1.3812
1.38056
1.37991
1.37927
1.37863
1.378
1.37737
1.37675
1.37614
1.37553
1.37493
1.37434
1.37377
1.3732
1.37264
1.3721
1.37158
1.37107
1.37057
1.37009
1.36963
1.36919
1.36877
1.36837
1.36799
1.36764
1.3673
1.36699
1.36671
1.36645
1.36621
1.36601
1.36583
1.36567
1.36555
1.36545
1.36538
1.36534
1.36532
1.36534
1.36538
1.36545
1.36555
1.36568
1.36583
1.36602
1.36623
1.36646
1.36673
1.36701
1.36733
1.36766
1.36802
1.3684
1.36881
1.36923
1.36968
1.37014
1.37062
1.37112
1.37164
1.37217
1.37271
1.37327
1.37384
1.37442
1.37501
1.37561
1.37622
1.37683
1.37745
1.37808
1.3787
1.37934
1.37997
1.3806
1.38123
1.38187
1.3825
1.38312
1.38375
1.38437
1.38498
1.38559
1.38619
1.38679
