           1     1.32135	1.32135	0
           2     1.33928	1.33031	0.00896433
           3     1.33821	1.33295	0.00580682
           4     1.33887	1.33443	0.00436467
           5     1.31611	1.33076	0.0049844
           6     1.40067	1.34241	0.0123412
           7     1.33572	1.34146	0.010474
           8     1.47286	1.35788	0.0187632
           9     1.43125	1.36603	0.0184465
          10     1.40366	1.3698	0.0169226
          11     1.41448	1.37386	0.015837
          12     1.41096	1.37695	0.0147841
          13     1.42206	1.38042	0.0140351
          14     1.36956	1.37965	0.0130171
          15     1.42799	1.38287	0.0125396
          16     1.37578	1.38243	0.0117381
          17     1.49513	1.38906	0.0128658
          18     1.39494	1.38938	0.0121344
          19     1.40333	1.39012	0.0115014
          20     1.34859	1.38804	0.011107
          21     1.44474	1.39074	0.0109044
          22     1.43435	1.39272	0.0105842
          23     1.37206	1.39182	0.0101534
          24     1.32001	1.38883	0.0101713
          25     1.41378	1.38983	0.00980684
          26     1.46131	1.39258	0.00981502
          27     1.37591	1.39196	0.00946467
          28     1.39687	1.39214	0.00912207
          29     1.45161	1.39419	0.00903768
          30     1.40315	1.39449	0.00873634
          31     1.42066	1.39533	0.0084919
          32     1.37196	1.3946	0.00825461
          33     1.43805	1.39592	0.0081082
          34     1.39846	1.39599	0.00786646
          35     1.47157	1.39815	0.00793775
          36     1.43869	1.39928	0.00779586
          37     1.37014	1.39849	0.00762303
          38     1.43468	1.39944	0.00748059
          39     1.39435	1.39931	0.00728743
          40     1.41219	1.39963	0.0071102
          41     1.37673	1.39908	0.00695709
          42     1.35022	1.39791	0.00688833
          43     1.34105	1.39659	0.00685498
          44     1.38939	1.39643	0.00669938
          45     1.45654	1.39776	0.00668366
          46     1.38421	1.39747	0.00654338
          47     1.33927	1.39623	0.00652129
          48     1.41507	1.39662	0.00639604
          49     1.37623	1.39621	0.00627795
          50     1.35774	1.39544	0.00619904
          51     1.33736	1.3943	0.00618207
          52     1.34419	1.39333	0.00613814
          53     1.44306	1.39427	0.00609386
          54     1.30921	1.3927	0.00618394
          55     1.35561	1.39202	0.0061078
          56     1.39427	1.39206	0.00599788
          57     1.38437	1.39193	0.00589326
          58     1.37503	1.39164	0.00579808
          59     1.41333	1.392	0.00571081
          60     1.44176	1.39283	0.00567574
          61     1.42988	1.39344	0.00561487
          62     1.39386	1.39345	0.00552357
          63     1.43434	1.3941	0.0054738
          64     1.32004	1.39294	0.00551046
          65     1.36681	1.39254	0.00543989
          66     1.41499	1.39288	0.00536763
          67     1.44447	1.39365	0.00534268
          68     1.34684	1.39296	0.00530834
          69     1.40416	1.39312	0.00523336
          70     1.42049	1.39351	0.00517286
          71      1.5381	1.39555	0.00549109
          72     1.34415	1.39484	0.00546115
          73     1.40667	1.395	0.00538826
          74     1.41189	1.39523	0.00531985
          75     1.34545	1.39456	0.00529023
          76     1.41468	1.39483	0.00522686
          77     1.43847	1.39539	0.00518959
          78     1.37651	1.39515	0.00512834
          79     1.36589	1.39478	0.00507654
          80     1.32054	1.39385	0.00509785
          81     1.45163	1.39457	0.0050848
          82     1.39494	1.39457	0.00502241
          83     1.43113	1.39501	0.00498105
          84     1.36188	1.39462	0.00493717
          85     1.35442	1.39414	0.00490161
          86     1.32683	1.39336	0.00490712
          87     1.36675	1.39306	0.00486002
          88      1.4287	1.39346	0.00482152
          89     1.24871	1.39183	0.00503686
          90     1.43433	1.39231	0.00500292
          91     1.45551	1.393	0.00499615
          92     1.45701	1.3937	0.00499029
          93     1.31316	1.39283	0.00501173
          94     1.35856	1.39247	0.00497151
          95     1.44907	1.39306	0.00495486
          96     1.40354	1.39317	0.00490419
          97     1.39677	1.39321	0.00485351
          98     1.44861	1.39377	0.00483688
          99     1.46609	1.3945	0.00484317
         100     1.45446	1.3951	0.00483184
