           1    -5.47942	-5.47942	0
           2     -5.4743	-5.47686	0.00255662
           3    -5.47486	-5.47619	0.00161989
           4    -5.47495	-5.47588	0.00118696
           5    -5.47935	-5.47658	0.00115217
           6    -5.46122	-5.47402	0.00272666
           7    -5.47555	-5.47424	0.00231484
           8    -5.44899	-5.47108	0.00373908
           9    -5.45802	-5.46963	0.00360272
          10    -5.46622	-5.46929	0.0032403
          11    -5.46184	-5.46861	0.00300815
          12    -5.46081	-5.46796	0.002822
          13    -5.45898	-5.46727	0.00268617
          14    -5.46764	-5.4673	0.00248705
          15    -5.45876	-5.46673	0.00238423
          16    -5.46709	-5.46675	0.00223036
          17    -5.44663	-5.46557	0.00240615
          18    -5.46521	-5.46555	0.00226863
          19    -5.46656	-5.4656	0.00214657
          20    -5.47426	-5.46603	0.00208195
          21    -5.45863	-5.46568	0.00201147
          22     -5.4607	-5.46546	0.00193117
          23    -5.46418	-5.4654	0.00184612
          24    -5.47846	-5.46594	0.00184944
          25     -5.4607	-5.46573	0.0017863
          26    -5.45474	-5.46531	0.00176759
          27    -5.47145	-5.46554	0.001716
          28    -5.46724	-5.4656	0.00165469
          29    -5.45155	-5.46511	0.00166851
          30    -5.46483	-5.46511	0.00161196
          31    -5.45882	-5.4649	0.00157223
          32    -5.46876	-5.46502	0.00152708
          33    -5.45474	-5.46471	0.00151254
          34    -5.46272	-5.46465	0.00146854
          35    -5.44868	-5.4642	0.00149723
          36     -5.4557	-5.46396	0.00147407
          37    -5.46987	-5.46412	0.00144253
          38    -5.45369	-5.46385	0.00143062
          39    -5.46273	-5.46382	0.00139374
          40    -5.46304	-5.4638	0.00135859
          41    -5.47286	-5.46402	0.00134333
          42    -5.47503	-5.46428	0.00133693
          43    -5.47611	-5.46456	0.00133415
          44    -5.46638	-5.4646	0.00130413
          45    -5.45744	-5.46444	0.00128472
          46    -5.46552	-5.46446	0.0012567
          47    -5.47496	-5.46469	0.0012498
          48    -5.45634	-5.46451	0.00123576
          49    -5.46781	-5.46458	0.00121216
          50    -5.46849	-5.46466	0.00119024
          51    -5.47452	-5.46485	0.00118258
          52    -5.47206	-5.46499	0.00116787
          53    -5.45938	-5.46488	0.0011505
          54    -5.48088	-5.46518	0.00116721
          55    -5.47247	-5.46531	0.00115344
          56    -5.46694	-5.46534	0.00113303
          57    -5.46839	-5.4654	0.00111426
          58    -5.46772	-5.46544	0.00109561
          59    -5.46403	-5.46541	0.00107715
          60     -5.4578	-5.46528	0.00106661
          61    -5.46308	-5.46525	0.0010496
          62    -5.46381	-5.46523	0.00103279
          63    -5.45754	-5.4651	0.00102357
          64    -5.47847	-5.46531	0.00102886
          65    -5.47118	-5.4654	0.00101692
          66    -5.45476	-5.46524	0.0010143
          67    -5.45685	-5.46512	0.00100687
          68    -5.47296	-5.46523	0.000998638
          69    -5.46306	-5.4652	0.000984561
          70    -5.45979	-5.46512	0.000973469
          71    -5.43626	-5.46472	0.00104219
          72    -5.47672	-5.46488	0.00104105
          73    -5.46366	-5.46487	0.00102682
          74    -5.46225	-5.46483	0.00101347
          75    -5.47665	-5.46499	0.00101221
          76    -5.45819	-5.4649	0.0010028
          77    -5.45778	-5.46481	0.000994
          78    -5.46472	-5.46481	0.000981174
          79      -5.469	-5.46486	0.000970127
          80     -5.4832	-5.46509	0.000984991
          81    -5.45465	-5.46496	0.000981256
          82    -5.46588	-5.46497	0.000969281
          83    -5.45554	-5.46486	0.000964253
          84    -5.46867	-5.4649	0.000953786
          85    -5.47418	-5.46501	0.000948796
          86    -5.47861	-5.46517	0.000950933
          87    -5.46555	-5.46517	0.000939949
          88    -5.45924	-5.46511	0.00093165
          89    -5.49024	-5.46539	0.000963449
          90    -5.45441	-5.46527	0.000960455
          91    -5.45616	-5.46517	0.000955094
          92    -5.45356	-5.46504	0.000953041
          93    -5.48002	-5.4652	0.000956408
          94    -5.47081	-5.46526	0.000948057
          95    -5.45452	-5.46515	0.00094481
          96    -5.46292	-5.46512	0.000935205
          97    -5.46504	-5.46512	0.000925514
          98    -5.45639	-5.46503	0.000920343
          99    -5.45268	-5.46491	0.000919509
         100    -5.45435	-5.4648	0.000916375
