           1   0.0486293	0.0486293	0
           2   0.0489636	0.0487964	0.000167179
           3   0.0489935	0.0488621	0.000116751
           4   0.0491276	0.0489285	0.000105927
           5   0.0489762	0.048938	8.26032e-005
           6    0.049208	0.048983	8.10802e-005
           7    0.049331	0.0490327	8.46571e-005
           8   0.0490039	0.0490291	7.34041e-005
           9   0.0489849	0.0490242	6.49225e-005
          10   0.0490314	0.0490249	5.80728e-005
          11   0.0489449	0.0490177	5.30301e-005
          12   0.0488021	0.0489997	5.16358e-005
          13   0.0492471	0.0490187	5.11686e-005
          14   0.0489631	0.0490148	4.7539e-005
          15   0.0489436	0.04901	4.45101e-005
          16   0.0491582	0.0490193	4.26527e-005
          17   0.0490466	0.0490209	4.00975e-005
          18   0.0488147	0.0490094	3.95013e-005
          19   0.0491242	0.0490155	3.78498e-005
          20   0.0488337	0.0490064	3.70401e-005
          21   0.0491339	0.0490125	3.57517e-005
          22   0.0490472	0.049014	3.41246e-005
          23   0.0490617	0.0490161	3.26731e-005
          24   0.0490531	0.0490176	3.132e-005
          25   0.0489389	0.0490145	3.02058e-005
          26   0.0490836	0.0490172	2.91422e-005
          27   0.0489973	0.0490164	2.80518e-005
          28   0.0490508	0.0490176	2.70593e-005
          29   0.0490715	0.0490195	2.61756e-005
          30   0.0489257	0.0490164	2.54804e-005
          31   0.0494943	0.0490318	2.90697e-005
          32   0.0491558	0.0490357	2.84122e-005
          33   0.0492987	0.0490436	2.86684e-005
          34   0.0489844	0.0490419	2.7867e-005
          35   0.0489929	0.0490405	2.70953e-005
          36   0.0489695	0.0490385	2.64056e-005
          37   0.0492131	0.0490433	2.6112e-005
          38   0.0489277	0.0490402	2.55967e-005
          39   0.0488216	0.0490346	2.55539e-005
          40   0.0490639	0.0490353	2.49177e-005
          41   0.0490967	0.0490368	2.43484e-005
          42   0.0491939	0.0490406	2.40541e-005
          43   0.0489915	0.0490394	2.35158e-005
          44   0.0489912	0.0490383	2.30013e-005
          45   0.0489931	0.0490373	2.25068e-005
          46   0.0491668	0.0490401	2.21913e-005
          47    0.048918	0.0490375	2.18689e-005
          48   0.0493952	0.049045	2.2668e-005
          49   0.0490152	0.0490444	2.22089e-005
          50   0.0491901	0.0490473	2.19543e-005
          51    0.049081	0.049048	2.15297e-005
          52   0.0491061	0.0490491	2.11412e-005
          53   0.0490228	0.0490486	2.07443e-005
          54   0.0489894	0.0490475	2.03861e-005
          55   0.0491224	0.0490489	2.00583e-005
          56   0.0491183	0.0490501	1.97359e-005
          57   0.0490717	0.0490505	1.93903e-005
          58    0.049196	0.049053	1.92174e-005
          59   0.0491409	0.0490545	1.89476e-005
          60   0.0491146	0.0490555	1.86561e-005
          61    0.048938	0.0490535	1.84484e-005
          62   0.0487099	0.049048	1.89762e-005
          63   0.0490374	0.0490478	1.86733e-005
          64   0.0489278	0.049046	1.84746e-005
          65   0.0490497	0.049046	1.81883e-005
          66   0.0491722	0.0490479	1.80123e-005
          67   0.0489309	0.0490462	1.78273e-005
          68   0.0489531	0.0490448	1.76165e-005
          69   0.0490719	0.0490452	1.73637e-005
          70   0.0488713	0.0490427	1.72932e-005
          71   0.0488445	0.0490399	1.7275e-005
          72   0.0489756	0.049039	1.70569e-005
          73   0.0488609	0.0490366	1.69976e-005
          74   0.0490454	0.0490367	1.67668e-005
          75   0.0489563	0.0490356	1.65764e-005
          76   0.0489385	0.0490344	1.64068e-005
          77   0.0492788	0.0490375	1.65005e-005
          78   0.0490119	0.0490372	1.62909e-005
          79   0.0492574	0.04904	1.6323e-005
          80   0.0489344	0.0490387	1.61716e-005
          81    0.049134	0.0490399	1.6014e-005
          82   0.0492029	0.0490418	1.59419e-005
          83   0.0490623	0.0490421	1.57506e-005
          84    0.049102	0.0490428	1.55783e-005
          85   0.0489936	0.0490422	1.54048e-005
          86   0.0490156	0.0490419	1.52278e-005
          87    0.049122	0.0490428	1.50798e-005
          88   0.0489214	0.0490415	1.49713e-005
          89   0.0489154	0.04904	1.48698e-005
          90   0.0489419	0.0490389	1.4744e-005
          91   0.0492942	0.0490418	1.48485e-005
          92   0.0485293	0.0490362	1.57072e-005
          93   0.0485741	0.0490312	1.63124e-005
          94   0.0491302	0.0490323	1.61723e-005
          95   0.0492988	0.0490351	1.62452e-005
          96   0.0490577	0.0490353	1.60768e-005
          97   0.0490397	0.0490354	1.59103e-005
          98   0.0489186	0.0490342	1.5792e-005
          99    0.048901	0.0490328	1.56895e-005
         100   0.0490805	0.0490333	1.55391e-005
