   0.0323165	 0	 0
   0.0969496	 0	 0
    0.161583	 0	 0
    0.226216	 0	 0
    0.290849	 0	 0
    0.355482	 0	 0
    0.420115	 0	 0
    0.484748	 0	 0
    0.549381	 0	 0
    0.614014	 0	 0
    0.678647	 0	 0
     0.74328	 0	 0
    0.807913	 0	 0
    0.872546	 0.000987826	 4.63386e-005
    0.937179	 0.148257	 0.000509284
     1.00181	 1.06352	 0.00148632
     1.06645	 2.0429	 0.0022664
     1.13108	 2.27249	 0.00222402
     1.19571	 2.08668	 0.00244908
     1.26034	 1.8323	 0.00208097
     1.32498	 1.61698	 0.00166153
     1.38961	 1.45364	 0.0012132
     1.45424	 1.33508	 0.00132419
     1.51888	 1.25009	 0.0011435
     1.58351	 1.18667	 0.0010945
     1.64814	 1.14427	 0.000967548
     1.71278	 1.11134	 0.000858011
     1.77741	 1.09108	 0.000878914
     1.84204	 1.07536	 0.000915103
     1.90667	 1.065	 0.000806069
     1.97131	 1.06086	 0.000812984
     2.03594	 1.05775	 0.000709675
     2.10057	 1.0542	 0.000757847
     2.16521	 1.05303	 0.000635955
     2.22984	 1.04778	 0.000688429
     2.29447	 1.04309	 0.000564957
     2.35911	 1.03769	 0.000585234
     2.42374	 1.03099	 0.000530636
     2.48837	 1.02624	 0.000553689
     2.55301	 1.02197	 0.000631961
     2.61764	 1.01697	 0.000496457
     2.68227	 1.01336	 0.000531278
      2.7469	 1.01049	 0.000489357
     2.81154	 1.00698	 0.000532263
     2.87617	 1.00632	 0.000472337
      2.9408	 1.00324	 0.000460397
     3.00544	 1.00216	 0.000481774
     3.07007	 0.999717	 0.000446081
      3.1347	 0.998979	 0.00042754
     3.19934	 0.997735	 0.000421103
     3.26397	 0.996885	 0.000455343
      3.3286	 0.996235	 0.00043417
     3.39323	 0.994707	 0.000383557
     3.45787	 0.994045	 0.00041427
      3.5225	 0.993551	 0.000337695
     3.58713	 0.992195	 0.000329171
     3.65177	 0.992064	 0.000365652
      3.7164	 0.991378	 0.000357505
     3.78103	 0.991227	 0.000347535
     3.84567	 0.990534	 0.00036029
      3.9103	 0.990022	 0.000339337
     3.97493	 0.989141	 0.000357447
     4.03957	 0.988905	 0.000350587
      4.1042	 0.989123	 0.000281002
     4.16883	 0.988558	 0.000306655
     4.23346	 0.988239	 0.000321943
      4.2981	 0.988404	 0.000321969
     4.36273	 0.988152	 0.000328744
     4.42736	 0.987812	 0.000269242
       4.492	 0.987724	 0.000291557
     4.55663	 0.98748	 0.000257088
     4.62126	 0.987188	 0.000282039
      4.6859	 0.987231	 0.000284183
     4.75053	 0.986713	 0.000307659
     4.81516	 0.986789	 0.000268908
     4.87979	 0.987274	 0.000291562
     4.94443	 0.987392	 0.000233542
     5.00906	 0.986878	 0.000271156
     5.07369	 0.986012	 0.000304073
     5.13833	 0.986159	 0.000239581
     5.20296	 0.98586	 0.000296316
     5.26759	 0.986	 0.000251862
     5.33223	 0.986092	 0.000203946
     5.39686	 0.986611	 0.000245222
     5.46149	 0.986355	 0.00021465
     5.52612	 0.986393	 0.000217411
     5.59076	 0.986266	 0.000186706
     5.65539	 0.985657	 0.000278291
     5.72002	 0.986123	 0.000202032
     5.78466	 0.986232	 0.000214658
     5.84929	 0.985858	 0.00023055
     5.91392	 0.985669	 0.000230596
     5.97856	 0.985979	 0.000229234
     6.04319	 0.985769	 0.000213215
     6.10782	 0.986024	 0.00022062
     6.17246	 0.985849	 0.000216979
     6.23709	 0.986062	 0.000205615
     6.30172	 0.985851	 0.000193652
     6.36635	 0.985726	 0.000235825
     6.43099	 0.98584	 0.000202771
