0 -0.303259 0.00267002
1 0.0656121 0.672656
2 1.46046 0.722755
3 0.196944 1.05784
4 1.76367 0.654703
5 -0.16753 1.09777
6 2.47216 1.05903
7 0.737183 0.873504
8 1.45838 0.896472
9 0.275875 0.943039
10 1.24076 1.01263
11 -0.149647 1.07764
12 1.08526 0.704222
13 -0.160268 0.682331
14 0.265608 0.658982
15 1.77958 0.796298
16 -0.845902 0.749098
17 1.28857 0.893563
18 -0.274699 0.797465
19 0.775626 1.00539
20 -0.61116 0.845303
21 2.61773 0.791782
22 0.648215 0.778945
23 0.659662 0.756277
24 -0.835888 0.525098
25 0.481957 0.764861
26 1.02686 0.828696
27 0.833359 0.670122
28 0.471487 0.898422
29 0.72205 0.755876
30 -0.945095 0.593636
31 -0.0435856 0.554599
32 1.63251 0.800427
33 0.597601 0.76236
34 -0.311876 0.646327
35 0.313161 0.91772
36 0.79068 0.736981
37 -0.908005 0.864402
38 1.78794 0.630196
39 -0.131645 0.66519
40 -0.465377 0.455538
41 0.683835 0.716154
42 1.23554 0.794054
43 0.610528 0.719253
44 1.44506 0.941337
45 -0.588151 0.79155
46 1.63261 0.612098
47 -0.699987 0.616221
48 0.612293 0.740763
49 -0.255158 0.67591
50 -0.107307 0.674052
51 -0.386804 0.761213
52 -1.1968 0.635298
53 0.819421 0.852336
54 -0.227477 0.867807
55 -0.563743 0.799402
56 0.105537 0.413065
57 0.445136 0.695445
58 0.909901 0.775716
59 0.0987821 0.718701
60 0.907083 0.867067
61 2.36759 0.784617
62 1.49904 0.824554
63 -0.605532 0.71037
64 0.784132 0.621502
65 1.17727 0.697066
66 0.202119 0.707078
67 0.472745 0.601756
68 1.251 0.778629
69 0.924685 0.772672
70 0.1173 0.789595
71 -0.787804 0.691901
72 0.357631 0.676591
73 -0.276089 0.55864
74 0.0917019 0.549217
75 -0.564404 0.709812
76 0.11277 0.478537
77 0.382326 0.704426
78 -0.343594 0.701255
79 0.0919052 0.689301
80 0.347928 0.627963
81 -0.550123 0.6129
82 1.14853 0.854102
83 0.5167 0.727174
84 -0.258441 0.499435
85 0.043377 0.775979
86 0.769228 0.845689
87 0.382207 0.651787
88 -0.367423 0.852469
89 0.162533 0.527371
90 -0.21769 0.72481
91 -1.38853 0.576642
92 0.619312 0.710461
93 0.0457786 0.686452
94 0.527218 0.721729
95 -0.358171 0.636207
96 0.212889 0.588151
97 2.10646 0.839612
98 0.787133 0.635737
99 0.0870713 0.664471
100 0.815017 0.69342
101 0.338226 1.08378
102 0.113677 0.855983
103 1.30026 0.669999
104 0.58024 0.7264
105 0.938516 0.870225
106 0.213306 0.808529
107 0.193842 0.732805
108 0.8251 0.687308
109 0.488677 0.806092
110 -0.379636 0.753386
111 -0.723518 0.731376
112 -0.597482 0.829398
113 0.874561 0.756243
114 0.57307 0.62583
115 0.476832 0.863897
116 0.362659 0.925149
117 1.10703 0.61469
118 0.410864 0.83482
119 1.93837 0.833196
120 0.859401 0.507951
121 0.0673506 0.624897
122 0.233426 0.653112
123 0.265635 0.630046
124 0.98004 0.55707
125 -0.234447 0.604609
126 2.33424 0.676531
127 -1.2311 0.748558
128 -0.744448 0.527729
129 0.984512 0.624332
130 0.520024 0.758892
131 -1.36224 0.757422
132 1.71064 0.808562
133 1.01791 0.742423
134 0.990396 0.758442
135 0.0705905 0.708454
136 1.36727 0.830175
137 0.567851 0.74687
138 -0.125836 0.781118
139 -0.670694 0.589283
140 1.08135 0.653201
141 -0.247077 0.852954
142 0.414679 0.779024
143 -1.48267 0.82429
144 1.10489 0.702068
145 0.0605583 0.667334
146 0.351358 0.603285
147 1.02702 0.725328
148 0.5422 0.614254
149 -0.582377 0.767087
150 0.533076 0.804007
151 -1.21049 0.890476
152 0.288272 0.679604
153 0.651872 0.762407
154 0.269918 0.607655
155 0.745792 0.62272
156 -0.676317 0.854819
157 0.0490483 0.891649
158 -0.0528466 0.864654
159 0.5526 0.574455
160 0.454557 0.722988
161 -0.789707 0.678045
162 -0.169379 0.62267
163 0.034645 0.907483
164 -0.980918 0.732723
165 -0.441925 0.637728
166 0.78764 0.701557
167 -0.257887 0.521986
168 0.369464 0.819643
169 -0.592584 0.717214
170 -0.118206 0.721986
171 0.0980118 0.441579
172 0.185293 0.649112
173 0.813104 0.751017
174 -0.160513 0.724902
175 0.0832683 0.867672
176 -0.680737 0.732798
177 0.0219437 0.667818
178 0.41918 0.642696
179 -0.129654 0.636484
180 0.903724 0.609007
181 1.10306 0.735706
182 0.0407831 0.887588
183 0.711205 0.797563
184 0.592627 0.718379
185 1.82831 0.792454
186 -0.362831 0.714279
187 0.0432287 0.692319
188 -0.61024 0.596495
189 0.944661 0.705319
190 -0.0100498 0.650049
191 -0.783201 0.682757
192 -0.0608662 0.707473
193 0.852841 0.628142
194 -0.780044 0.898579
195 0.800152 0.695047
196 -1.90934 0.681904
197 0.248057 0.868834
198 1.11494 0.813162
199 0.19171 0.772127
200 -1.00763 0.68672
201 -0.144177 0.921097
202 0.559019 0.754788
203 2.63274 0.634857
204 -0.468632 0.688355
205 1.20105 0.694146
206 -0.947605 0.646449
207 -0.191615 0.849879
208 -0.594731 0.806492
209 2.20937 0.680658
210 -0.948938 0.753506
211 0.732235 0.954507
212 -0.879228 0.927369
213 -0.936743 0.523716
214 0.970772 0.725979
215 0.931963 0.727868
216 2.07553 0.705015
217 2.0567 0.613711
218 0.103408 1.04158
219 0.323125 0.628092
220 0.447595 0.862741
221 0.50879 0.703937
222 -0.100521 0.588594
223 1.1351 0.599515
224 0.50423 0.757252
225 -0.131983 1.04192
226 -0.0847151 0.958008
227 0.468713 0.770277
228 -0.124421 0.710979
229 -0.999043 0.754188
230 0.557982 0.826292
231 0.157421 0.577437
232 0.462135 0.678121
233 0.198322 0.722447
234 1.0446 0.790536
235 -0.0767807 0.82038
236 0.436677 0.723786
237 1.66854 0.799882
238 0.529204 0.903736
239 1.62558 0.665151
240 -0.572169 0.624875
241 0.864752 0.728799
242 -0.210839 0.978231
243 -0.00208949 0.878105
244 0.790647 0.622558
245 -0.0441454 0.549972
246 0.511928 0.651793
247 -1.1553 0.67676
248 1.31504 0.684797
249 -0.356942 0.570137
250 -0.202762 0.737814
251 0.149309 0.596223
252 0.581881 0.720307
253 1.44117 0.882621
254 -1.5646 0.538538
255 -0.942403 0.879707
256 1.76203 0.822441
257 0.0958709 0.701017
258 0.364389 0.971244
259 0.940309 0.805149
260 0.598244 0.777315
261 -0.690829 0.770147
262 -0.236745 0.772017
263 0.394824 0.740088
264 1.33619 0.854633
265 0.565743 0.683853
266 -1.38731 0.710397
267 0.56116 0.726527
268 -0.932856 0.840346
269 0.865212 0.755101
270 -0.891192 0.791186
271 1.50369 0.805957
272 -0.206458 0.694362
273 -1.2325 0.820186
274 -0.520954 0.787717
275 0.00918607 0.956086
276 1.50648 0.651772
277 0.396663 0.767605
278 -0.416421 0.66365
279 0.397845 0.688913
280 1.29623 1.00658
281 1.394 0.861838
282 0.402737 0.820893
283 0.372376 0.824845
284 0.277952 0.566804
285 -0.0695891 0.584994
286 0.843437 0.863642
287 0.734849 0.727318
288 1.11144 0.809955
289 0.648239 0.735628
290 -0.775906 0.866335
291 2.52927 1.01931
292 -0.587409 0.920438
293 0.428157 0.748492
294 -1.0221 0.923005
295 0.425638 1.01701
296 0.723405 0.569504
297 0.0273426 0.750238
298 0.953359 0.983237
299 -0.308831 0.0033323
