0 -0.305699 0.00417163
1 0.160137 0.281087
2 0.489561 0.206741
3 0.462367 0.341467
4 0.856973 0.217899
5 0.560772 0.321264
6 0.866682 0.288381
7 0.612804 0.166405
8 0.386682 0.249832
9 0.139555 0.239577
10 0.464617 0.277773
11 0.585744 0.253977
12 0.533865 0.197202
13 0.0188621 0.235547
14 0.170656 0.190536
15 0.197479 0.198982
16 0.356733 0.220359
17 0.479319 0.239756
18 0.293927 0.200031
19 0.294772 0.235964
20 0.557343 0.270295
21 0.798963 0.216168
22 0.413476 0.230138
23 0.626889 0.197002
24 0.167171 0.223404
25 0.155136 0.17517
26 0.632881 0.218339
27 -0.0612874 0.18998
28 0.185273 0.213528
29 0.490419 0.213144
30 0.339378 0.166522
31 0.629575 0.181253
32 0.438693 0.194658
33 0.270527 0.206853
34 0.12609 0.169906
35 0.379796 0.212321
36 0.345465 0.171798
37 0.054429 0.220823
38 0.51377 0.204856
39 0.289929 0.133509
40 0.240551 0.194667
41 0.61829 0.222276
42 0.341154 0.23767
43 0.202651 0.14696
44 0.619372 0.15009
45 0.100162 0.182467
46 0.429388 0.158721
47 0.229374 0.180073
48 0.34774 0.149264
49 0.533634 0.18455
50 0.510351 0.188953
51 0.190201 0.194605
52 -0.245191 0.228205
53 0.558069 0.228664
54 0.167742 0.16071
55 0.278894 0.174824
56 0.42655 0.151257
57 0.348881 0.127485
58 0.219169 0.174136
59 0.175112 0.202786
60 0.420589 0.20199
61 0.262981 0.165592
62 0.656146 0.181234
63 0.370309 0.133965
64 0.399358 0.212469
65 0.591446 0.182503
66 0.179192 0.186112
67 0.522437 0.139161
68 0.456535 0.216806
69 0.55675 0.198543
70 0.250771 0.151238
71 0.3675 0.141597
72 0.227298 0.170201
73 0.343546 0.169198
74 -0.0447618 0.188587
75 0.203099 0.129056
76 0.37185 0.141814
77 0.089518 0.180455
78 0.154944 0.167358
79 0.275698 0.125273
80 0.115342 0.161179
81 0.41816 0.155622
82 0.419871 0.18561
83 0.291753 0.160778
84 0.374987 0.140078
85 0.0540336 0.180401
86 0.425871 0.154137
87 -0.108625 0.141357
88 0.221706 0.152925
89 0.460198 0.176744
90 0.382406 0.160069
91 0.0147153 0.163508
92 0.10965 0.153606
93 0.325347 0.180064
94 0.433967 0.145368
95 0.0681849 0.127243
96 0.475495 0.184129
97 0.310686 0.16186
98 0.61419 0.18287
99 0.327665 0.144291
100 0.413555 0.138902
101 0.389836 0.241772
102 0.152437 0.183105
103 0.466353 0.166824
104 0.156649 0.173381
105 0.253541 0.222652
106 0.24817 0.167197
107 0.438817 0.176801
108 0.470709 0.125803
109 0.375691 0.191092
110 0.143675 0.127791
111 0.0342972 0.122909
112 0.108605 0.166823
113 0.380902 0.14438
114 0.428546 0.154838
115 0.499771 0.149392
116 0.418721 0.190657
117 0.341439 0.158499
118 0.360128 0.155773
119 0.514737 0.183688
120 0.300647 0.171497
121 0.0247033 0.155006
122 0.368751 0.159839
123 0.523599 0.13497
124 0.397707 0.153414
125 0.183721 0.183828
126 0.605121 0.133033
127 0.116044 0.168048
128 0.153997 0.140433
129 0.489908 0.142137
130 0.180566 0.139873
131 0.232047 0.147962
132 0.29861 0.142673
133 0.426515 0.172677
134 0.616847 0.14404
135 0.0691186 0.170708
136 0.518901 0.139118
137 0.31068 0.154643
138 0.319095 0.138964
139 0.339069 0.177141
140 0.418866 0.176248
141 0.441043 0.17272
142 0.296187 0.137966
143 0.149266 0.179774
144 0.265181 0.137182
145 0.298972 0.114209
146 0.190424 0.159099
147 0.369645 0.176081
148 0.233379 0.158826
149 0.0234205 0.135249
150 0.37029 0.176492
151 0.00575495 0.156307
152 0.274192 0.167495
153 0.525688 0.185409
154 0.459622 0.121971
155 0.315162 0.128489
156 0.171553 0.157951
157 0.331621 0.151283
158 0.208008 0.153565
159 0.273649 0.14679
160 0.373345 0.149208
161 -0.0709629 0.135587
162 0.349206 0.115247
163 0.526481 0.19208
164 0.275646 0.141601
165 0.362504 0.148956
166 0.153378 0.181715
167 0.00453883 0.137925
168 0.317054 0.124503
169 0.175609 0.135757
170 0.498497 0.127264
171 0.172679 0.153933
172 0.585978 0.152328
173 0.100787 0.16146
174 0.526897 0.164095
175 0.297199 0.150855
176 0.22512 0.190429
177 0.483983 0.15552
178 0.104095 0.126751
179 0.128063 0.139092
180 0.461388 0.104248
181 0.171752 0.111315
182 0.663569 0.240477
183 0.439451 0.158129
184 0.32181 0.171938
185 0.607898 0.161838
186 0.259714 0.192048
187 0.13008 0.188424
188 0.493591 0.134347
189 0.192359 0.20752
190 0.440994 0.147482
191 0.143142 0.169375
192 0.321944 0.196235
193 0.396243 0.189644
194 0.0781302 0.155074
195 0.423133 0.17663
196 0.0229099 0.215503
197 0.208026 0.230823
198 0.508761 0.163556
199 0.432092 0.125916
200 0.00167291 0.129278
201 0.042829 0.150056
202 0.495968 0.198521
203 0.742977 0.16173
204 0.140993 0.198996
205 0.263964 0.140359
206 0.221387 0.157548
207 0.160214 0.149946
208 0.266196 0.192222
209 0.627405 0.159423
210 0.251651 0.155907
211 0.0864959 0.175559
212 0.491343 0.161382
213 -0.130931 0.146708
214 0.49763 0.133251
215 0.199365 0.162587
216 0.524411 0.198491
217 0.527928 0.162507
218 0.450272 0.240617
219 0.219338 0.156077
220 -0.0237294 0.143344
221 0.60465 0.174207
222 0.335411 0.152439
223 -0.029098 0.179401
224 0.357395 0.144662
225 0.191818 0.198624
226 0.342383 0.215124
227 0.378641 0.182618
228 0.262211 0.178246
229 0.267711 0.170626
230 0.282473 0.170462
231 0.329592 0.142458
232 0.115798 0.156381
233 0.303504 0.144669
234 0.247005 0.160984
235 0.652541 0.183408
236 0.2408 0.204422
237 0.468187 0.212747
238 0.569941 0.204243
239 0.422947 0.23531
240 0.276781 0.143985
241 0.620834 0.147186
242 0.335235 0.208937
243 0.287513 0.182695
244 0.279834 0.160517
245 0.191639 0.156108
246 0.399675 0.188089
247 0.179585 0.194057
248 0.59942 0.123731
249 0.237865 0.162078
250 0.384451 0.203045
251 0.312481 0.18718
252 0.285773 0.184486
253 0.411757 0.227535
254 0.00775969 0.161627
255 -0.148004 0.158224
256 0.335171 0.174646
257 0.238978 0.189811
258 0.256012 0.199443
259 0.519089 0.238186
260 0.38594 0.221662
261 0.379915 0.197665
262 0.393454 0.215395
263 0.457516 0.16661
264 0.645809 0.236913
265 0.479681 0.17822
266 -0.169292 0.127793
267 0.395085 0.225509
268 0.397525 0.241964
269 0.304116 0.23742
270 0.172901 0.138801
271 0.68873 0.20577
272 0.0511788 0.127521
273 0.337262 0.284939
274 0.229577 0.242128
275 0.497151 0.137954
276 0.734694 0.243397
277 0.496583 0.174496
278 0.159355 0.286471
279 0.23396 0.193373
280 0.496389 0.206023
281 0.476462 0.265334
282 0.137439 0.198982
283 0.0442668 0.225002
284 0.326752 0.151301
285 0.285754 0.249458
286 0.627233 0.174968
287 0.367204 0.221243
288 0.487381 0.22816
289 0.461105 0.243096
290 0.151928 0.209058
291 0.61176 0.207464
292 0.55064 0.244057
293 0.0687506 0.245787
294 0.157709 0.190235
295 -0.256167 0.24681
296 0.652863 0.272859
297 0.355568 0.250735
298 0.417291 0.321173
299 -0.297325 0.00306918
