0 -0.765358 0.00359733
1 -0.765403 0.00347821
2 -0.764744 0.00373856
3 -0.7658 0.00378472
4 -0.766773 0.00387994
5 -0.767669 0.00382577
6 -0.767104 0.00376444
7 -0.767638 0.00397077
8 -0.768164 0.00411905
9 -0.768429 0.00422437
10 -0.768837 0.00431851
11 -0.768685 0.00437592
12 -0.768366 0.00421733
13 -0.768435 0.00432164
14 -0.769272 0.00419888
15 -0.770517 0.00405342
16 -0.771758 0.00390102
17 -0.771969 0.00376965
18 -0.771181 0.00371804
19 -0.770987 0.00382459
20 -0.771509 0.00370478
21 -0.770851 0.0036402
22 -0.770917 0.00351723
23 -0.771231 0.003564
24 -0.770582 0.00369657
25 -0.770894 0.00382502
26 -0.771402 0.00375575
27 -0.771476 0.00366323
28 -0.770764 0.00370243
29 -0.770458 0.00355262
30 -0.770287 0.00360494
31 -0.769875 0.00369942
32 -0.77078 0.00390269
33 -0.770868 0.00409473
34 -0.771082 0.00408775
35 -0.770329 0.00398199
36 -0.770367 0.00392435
37 -0.769764 0.0039612
38 -0.770028 0.00368705
39 -0.770073 0.00366897
40 -0.770662 0.00352302
41 -0.770098 0.00359132
42 -0.771397 0.00357394
43 -0.771537 0.0036612
44 -0.771576 0.0034673
45 -0.771019 0.00334856
46 -0.770636 0.00338053
47 -0.771429 0.0032566
48 -0.771428 0.00320475
49 -0.772003 0.00320753
50 -0.771599 0.00339349
51 -0.770966 0.00332206
52 -0.771302 0.00338631
53 -0.771808 0.00352802
54 -0.771605 0.0034218
55 -0.771623 0.00347512
56 -0.772169 0.00352508
57 -0.771932 0.00348716
58 -0.771932 0.00345609
59 -0.773204 0.00335363
60 -0.772536 0.00326846
61 -0.772946 0.00322139
62 -0.772841 0.00334515
63 -0.77272 0.00345773
64 -0.773097 0.00365648
65 -0.773367 0.00347942
66 -0.77384 0.00331027
67 -0.773541 0.00319084
68 -0.773455 0.00308184
69 -0.773946 0.00311755
70 -0.773904 0.00315414
71 -0.773469 0.00317091
72 -0.773941 0.00314123
73 -0.774019 0.00323617
74 -0.773851 0.00343627
75 -0.774029 0.00330796
76 -0.773928 0.00353515
77 -0.773113 0.00341689
78 -0.772941 0.00339756
79 -0.773038 0.00339059
80 -0.774257 0.00346899
81 -0.77465 0.00346324
82 -0.774387 0.00350653
83 -0.774535 0.00342399
84 -0.774919 0.00352608
85 -0.774985 0.00352398
86 -0.774745 0.00359253
87 -0.77472 0.00339619
88 -0.774763 0.00335217
89 -0.775218 0.00329811
90 -0.775189 0.00326347
91 -0.775344 0.00333777
92 -0.775262 0.00329997
93 -0.774458 0.00322017
94 -0.775021 0.00310439
95 -0.775353 0.00303987
96 -0.776441 0.00296904
97 -0.776451 0.002952
98 -0.776439 0.00299211
99 -0.776298 0.00309956
100 -0.776688 0.00333847
101 -0.776691 0.0033304
102 -0.776553 0.00329038
103 -0.77647 0.00326585
104 -0.775514 0.00305115
105 -0.775681 0.00312533
106 -0.775783 0.0030923
107 -0.775258 0.00314985
108 -0.774691 0.0031037
109 -0.775464 0.00319016
110 -0.776016 0.00326439
111 -0.775915 0.00328349
112 -0.776501 0.00335063
113 -0.776742 0.00319717
114 -0.776138 0.00324433
115 -0.776417 0.0033759
116 -0.776442 0.00344255
117 -0.776866 0.00335815
118 -0.776031 0.00347107
119 -0.776319 0.00349117
120 -0.776395 0.00360879
121 -0.776774 0.0037759
122 -0.775871 0.00365134
123 -0.77607 0.00368556
124 -0.776381 0.00360815
125 -0.776375 0.00358795
126 -0.776153 0.00373073
127 -0.776024 0.00374065
128 -0.775665 0.00370667
129 -0.776219 0.0037329
130 -0.777026 0.00364663
131 -0.77761 0.00375568
132 -0.777908 0.00378614
133 -0.777914 0.00367738
134 -0.777634 0.00371013
135 -0.777777 0.00375914
136 -0.777722 0.00396077
137 -0.777712 0.00382175
138 -0.777516 0.00375116
139 -0.778194 0.00365596
140 -0.778436 0.00362513
141 -0.779018 0.00381641
142 -0.778219 0.00389866
143 -0.777842 0.0038962
144 -0.777723 0.00374775
145 -0.777781 0.00388033
146 -0.777937 0.00391475
147 -0.777834 0.00381464
148 -0.77796 0.00373932
149 -0.777744 0.00380173
150 -0.778077 0.00391995
151 -0.777392 0.00389714
152 -0.777731 0.00383574
153 -0.777104 0.00378273
154 -0.776866 0.00386893
155 -0.77639 0.00380774
156 -0.77598 0.00382956
157 -0.776335 0.00383869
158 -0.775822 0.0039403
159 -0.776215 0.00385169
160 -0.775358 0.00388718
161 -0.77533 0.00371624
162 -0.77593 0.00368251
163 -0.776683 0.00368523
164 -0.776682 0.00372988
165 -0.777058 0.00394689
166 -0.777008 0.00378042
167 -0.777122 0.00374713
168 -0.777145 0.00376888
169 -0.7772 0.00373765
170 -0.777953 0.00384925
171 -0.778032 0.00365164
172 -0.778601 0.00362566
173 -0.778182 0.00356318
174 -0.778598 0.00360874
175 -0.778329 0.00357464
176 -0.778627 0.00356978
177 -0.777989 0.00366874
178 -0.777403 0.00373435
179 -0.777317 0.0037738
180 -0.777432 0.0034918
181 -0.777352 0.00343322
182 -0.777183 0.00360376
183 -0.776858 0.00364346
184 -0.777378 0.00365975
185 -0.776822 0.00366274
186 -0.776066 0.00358489
187 -0.776462 0.00344334
188 -0.775893 0.00337199
189 -0.776337 0.00330492
190 -0.776305 0.00328977
191 -0.776907 0.00337065
192 -0.776462 0.00339316
193 -0.776551 0.00348219
194 -0.776471 0.00356355
195 -0.776481 0.0037614
196 -0.776925 0.00379361
197 -0.776794 0.00379502
198 -0.77655 0.00374826
199 -0.776747 0.00345732
200 -0.777231 0.00358932
201 -0.777519 0.00342887
202 -0.777491 0.00345484
203 -0.777809 0.00340956
204 -0.777333 0.00324722
205 -0.777032 0.00318515
206 -0.77674 0.0034407
207 -0.776676 0.0032831
208 -0.77603 0.00334003
209 -0.775659 0.00341787
210 -0.775421 0.00334695
211 -0.775456 0.00343163
212 -0.77567 0.00363099
213 -0.776035 0.00347392
214 -0.776469 0.00343657
215 -0.776389 0.0034178
216 -0.777019 0.00341269
217 -0.776153 0.00359443
218 -0.776313 0.00351481
219 -0.776386 0.00350851
220 -0.776056 0.00334788
221 -0.776054 0.0034316
222 -0.776753 0.00344585
223 -0.776529 0.00346998
224 -0.776706 0.00349804
225 -0.776326 0.00348283
226 -0.775711 0.00339498
227 -0.775155 0.00335892
228 -0.77455 0.00326322
229 -0.774499 0.00309021
230 -0.775028 0.00300556
231 -0.775191 0.00285384
232 -0.775176 0.00280594
233 -0.774987 0.00277969
234 -0.775018 0.00275289
235 -0.774554 0.00287146
236 -0.774705 0.00296565
237 -0.7747 0.00295751
238 -0.774997 0.00275321
239 -0.774579 0.00285531
240 -0.774401 0.00289496
241 -0.773924 0.00285727
242 -0.773473 0.00289228
243 -0.772686 0.00275839
244 -0.77301 0.00283186
245 -0.772701 0.00287832
246 -0.772796 0.00286383
247 -0.773067 0.0028122
248 -0.772868 0.00277189
249 -0.7736 0.00296535
250 -0.774026 0.00284108
251 -0.774187 0.00282127
252 -0.773076 0.00284671
253 -0.772617 0.00296324
254 -0.772607 0.0029819
255 -0.772083 0.00305853
256 -0.771939 0.00305481
257 -0.772362 0.00308125
258 -0.772218 0.00309218
259 -0.772529 0.00298023
260 -0.771823 0.00302973
261 -0.772111 0.00301968
262 -0.771904 0.00311807
263 -0.771331 0.00322039
264 -0.770975 0.00309106
265 -0.771367 0.00308834
266 -0.771614 0.00333657
267 -0.77203 0.00343787
268 -0.772405 0.00342439
269 -0.772494 0.00354281
270 -0.772657 0.00341703
271 -0.772403 0.00342557
272 -0.771683 0.00335018
273 -0.771036 0.00344709
274 -0.771546 0.00330092
275 -0.770609 0.00321054
276 -0.769853 0.00323127
277 -0.770225 0.00321485
278 -0.770545 0.00315296
279 -0.771126 0.00303349
280 -0.771684 0.00301237
281 -0.771075 0.00306062
282 -0.770297 0.00333738
283 -0.77061 0.00330552
284 -0.770362 0.00334587
285 -0.770722 0.0034143
286 -0.770673 0.00344647
287 -0.770273 0.00357341
288 -0.76952 0.00344828
289 -0.76969 0.00352724
290 -0.769578 0.00340586
291 -0.769469 0.0033891
292 -0.770188 0.00337264
293 -0.770099 0.00335542
294 -0.770179 0.00331217
295 -0.770052 0.00313682
296 -0.769879 0.00322598
297 -0.769346 0.00332527
298 -0.769484 0.00339854
299 -0.768385 0.00345872
